timestamp, ts, flux, flux_error, photon_index, photon_index_interval, fit_tolerance, fit_convergence
239716801, 3.55, 8.41e-08, 6.49e-08, 2.36, 0.65, 1e-08, 0
239976001, 2.23, 3.45e-08, 4.75e-08, 2.03, 0.75, 1e-08, 0
240494401, 4.77, 7.3e-09, 1.34e-08, 1.44, 0.77, 1e-08, 0
241012801, 4.78, 3.59e-08, 4.65e-08, 2.17, 0.72, 1e-08, 0
241272001, 3.18, 8.33e-09, 1.42e-08, 1.41, 0.68, 1e-08, 0
241790401, 3.89, 1.14e-07, 6.58e-08, 3.64, 3.4, 1e-08, 102
242049601, 2.41, 7.87e-08, 6.04e-08, 3.33, 1.11, 1e-08, 0
242568001, 1.69, 7.64e-08, 7.82e-07, 7.31, 4.04, 1e-08, 102
243345601, 1.84, 3.08e-08, 3.8e-08, 2.09, 0.71, 1e-08, 0
243604801, 2.74, 1.15e-07, 7.7e-08, 5.02, 3.86, 1e-08, 102
245419201, 1.91, 5.35e-08, 5.55e-08, 2.5, 0.81, 1e-08, 0
245678401, 8.35, 1.78e-07, 1.03e-07, 3.3, 2.56, 1e-08, 102
246196801, 2.87, 6.1e-08, 4.92e-08, 2.33, 0.49, 1e-08, 0
246715201, 7.15, 1.61e-07, 8.3e-08, 3.3, 2.69, 1e-08, 102
248788801, 4.11, 1.6e-07, 9.42e-08, 3.21, 0.74, 1e-08, 0
249307201, 2.63, 7.48e-09, 1.31e-08, 1.38, 0.74, 1e-08, 0
249566401, 1.35, 4.02e-09, 6.49e-09, 1.4, 0.74, 1e-08, 0
249825601, 8.1, 4.89e-08, 4.01e-08, 1.93, 0.4, 1e-08, 0
250084801, 1.01, 1.85e-08, 3.2e-08, 2.2, 0.89, 1e-08, 0
250344001, 7.66, 1.34e-08, 1.1e-08, 1.33, 0.38, 1e-08, 0
250603201, 8.4, 9.1e-08, 5.39e-08, 2.25, 0.38, 1e-08, 0
251121601, 4.74, 1.16e-07, 7.73e-07, 7.47, 2.64, 1e-08, 102
251640001, 2.92, 8.5e-08, 6.81e-08, 2.6, 0.7, 1e-08, 0
252158401, 1.18, 3.87e-08, 5e-08, 2.3, 0.72, 1e-08, 0
252936001, 1.61, 9.41e-08, 1.03e-06, 7.39, 4.3, 1e-08, 102
253713601, 1.18, 3.29e-09, 5.1e-09, 1.02, 0.74, 1e-08, 0
254232001, 1.56, 6.58e-08, 7.33e-08, 2.59, 1.12, 1e-08, 0
254750401, 8.32, 1.79e-07, 7.8e-08, 3.0, 0.47, 1e-08, 0
255009601, 1.46, 6e-08, 6.88e-08, 6.96, 21, 1e-08, 0
255268801, 10.13, 1.34e-07, 7.58e-08, 2.54, 0.45, 1e-08, 0
255528001, 2.42, 4.26e-08, 3.64e-08, 2.1, 0.45, 1e-08, 0
255787201, 6.82, 3.55e-08, 3.74e-08, 1.94, 0.51, 1e-08, 0
256046401, 3.06, 5.13e-08, 4.88e-08, 2.39, 0.61, 1e-08, 0
256305601, 8.51, 7.84e-08, 5.66e-08, 2.25, 0.43, 1e-08, 0
258897601, 6.69, 6.53e-08, 6.97e-08, 2.06, 0.53, 1e-08, 0
259156801, 3.86, 9.56e-08, 6.13e-08, 2.84, 0.58, 1e-08, 0
259934401, 10.93, 6.38e-08, 4.41e-08, 2.01, 0.37, 1e-08, 0
260193601, 2.02, 1.03e-08, 1.47e-08, 1.63, 0.62, 1e-08, 0
260452801, 8.76, 1.64e-07, 7.41e-08, 3.04, 0.59, 1e-08, 0
260971201, 7.56, 1.93e-07, 8.2e-08, 4.88, 2.35, 1e-08, 102
261748801, 1.09, 7.6e-08, 8.41e-08, 3.35, 1.38, 1e-08, 0
262008001, 1.45, 2.6e-08, 4.84e-08, 1.88, 0.86, 1e-08, 0
262785601, 2.65, 8.18e-08, 7.14e-08, 2.52, 0.75, 1e-08, 0
263044801, 1.77, 6.69e-08, 7.23e-08, 2.4, 0.73, 1e-08, 0
263563201, 23.17, 2.29e-08, 1.94e-08, 1.36, 0.37, 1e-08, 0
264340801, 7.85, 5.76e-08, 4.24e-08, 2.15, 0.42, 1e-08, 0
264600001, 1.36, 1.82e-08, 3.66e-08, 2.02, 0.93, 1e-08, 0
264859201, 5.17, 1.45e-07, 6.9e-08, 3.99, 2.87, 1e-08, 102
265118401, 3.56, 1.45e-08, 1.85e-08, 1.74, 0.56, 1e-08, 0
265636801, 4.46, 5.9e-08, 5.29e-08, 2.19, 0.5, 1e-08, 0
265896001, 6.7, 3.92e-09, 4.75e-09, 1.13, 0.63, 1e-08, 0
266414401, 2.58, 1.12e-07, 1.23e-06, 5.61, 2.2, 1e-08, 0
267192001, 1.13, 6.37e-08, 6.82e-08, 2.85, 0.79, 1e-08, 0
267710401, 2.28, 7.94e-08, 6.74e-08, 2.9, 0.92, 1e-08, 0
268488001, 2.06, 3.54e-08, 3.61e-08, 2.2, 0.59, 1e-08, 0
269265601, 15.33, 3.28e-08, 3.7e-08, 1.62, 0.48, 1e-08, 0
269524801, 6.86, 1.76e-07, 8.99e-08, 3.57, 2.66, 1e-08, 102
269784001, 5.24, 1.78e-08, 2.13e-08, 1.71, 0.52, 1e-08, 0
270302401, 7.69, 1.19e-07, 6.32e-08, 2.62, 0.43, 1e-08, 0
270561601, 13.82, 1.62e-07, 7.3e-08, 2.51, 0.36, 1e-08, 0
270820801, 6.67, 1.41e-07, 8.29e-08, 2.76, 0.61, 1e-08, 0
271080001, 5.61, 5.71e-08, 5.2e-08, 2.07, 0.53, 1e-08, 0
271339201, 5.5, 3.48e-08, 4.13e-08, 1.83, 0.54, 1e-08, 0
271598401, 1.25, 8.78e-08, 8.71e-08, 3.04, 2.22, 1e-08, 0
271857601, 5.75, 1.13e-07, 7.27e-08, 2.53, 0.53, 1e-08, 0
272116801, 11.02, 2.06e-08, 1.92e-08, 1.51, 0.42, 1e-08, 0
272376001, 3.04, 9.71e-08, 7.27e-08, 2.87, 0.83, 1e-08, 0
272635201, 9.28, 2.06e-07, 8.7e-08, 3.13, 0.5, 1e-08, 0
272894401, 3.5, 9.67e-08, 6.42e-08, 2.9, 0.67, 1e-08, 0
273153601, 1.57, 8.46e-08, 1.37e-07, 4.63, 1.49, 1e-08, 102
273412801, 4.74, 1.11e-07, 6.7e-08, 2.85, 0.61, 1e-08, 0
273672001, 12.26, 1.78e-07, 6.9e-08, 2.62, 0.35, 1e-08, 0
273931201, 5.8, 8.06e-08, 4.85e-08, 2.11, 0.34, 1e-08, 0
274708801, 7.05, 1.07e-07, 8.89e-08, 2.44, 0.55, 1e-08, 0
274968001, 18.41, 4.77e-08, 3.15e-08, 1.55, 0.29, 1e-08, 0
275486401, 8.74, 5.83e-08, 5.49e-08, 1.7, 0.44, 1e-08, 0
275745601, 2.58, 1.12e-07, 7.68e-08, 5.82, 3.97, 1e-08, 102
276004801, 7.62, 9.48e-08, 6.9e-08, 2.07, 0.47, 1e-08, 0
276264001, 11.96, 1.03e-07, 6.8e-08, 2.3, 0.42, 1e-08, 0
276523201, 7.91, 2.08e-07, 9.2e-08, 4.78, 2.41, 1e-08, 102
276782401, 2.96, 1.17e-07, 7.48e-08, 6.8, 3.6, 1e-08, 102
277041601, 1.58, 7.29e-08, 7.21e-08, 2.6, 0.91, 1e-08, 0
277300801, 5.63, 4.39e-08, 4.03e-08, 1.9, 0.46, 1e-08, 0
277560001, 4.5, 1.43e-07, 8.91e-08, 2.99, 0.79, 1e-08, 0
278078401, 12.93, 9.85e-08, 6.34e-08, 2.13, 0.36, 1e-08, 0
278337601, 7.22, 7.14e-08, 9.17e-08, 2.34, 0.77, 1e-08, 0
278856001, 7.78, 9.39e-08, 6e-08, 2.17, 0.39, 1e-08, 0
279115201, 18.39, 2.03e-07, 9.25e-08, 2.36, 0.31, 1e-08, 0
280152001, 34.94, 2.96e-07, 9.5e-08, 2.36, 0.28, 1e-08, 0
280411201, 5.07, 4.87e-08, 4.31e-08, 1.8, 0.45, 1e-08, 0
280670401, 2.52, 4.13e-08, 4.19e-08, 2.03, 0.52, 1e-08, 0
280929601, 22.37, 1.42e-07, 6.81e-08, 1.96, 0.3, 1e-08, 0
281188801, 33.62, 2.79e-07, 9.1e-08, 2.22, 0.24, 1e-08, 0
281448001, 10.26, 2.33e-07, 1.04e-07, 3.2, 1.32, 1e-08, 0
281707201, 3.59, 1.08e-07, 7.68e-08, 2.41, 0.48, 1e-08, 0
281966401, 12.2, 7.9e-08, 6.12e-08, 1.88, 0.37, 1e-08, 0
282225601, 9.87, 1.46e-07, 9.1e-08, 2.18, 0.4, 1e-08, 0
282744001, 32.57, 9.63e-08, 5.58e-08, 1.75, 0.29, 1e-08, 0
283003201, 5.84, 5.6e-08, 4.58e-08, 2.11, 0.45, 1e-08, 0
283780801, 4.42, 1.23e-07, 8.22e-08, 2.66, 0.54, 1e-08, 0
284040001, 1.95, 1.28e-07, 1.21e-07, 3.35, 4.86, 1e-08, 102
284299201, 16.01, 2.24e-07, 9.4e-08, 2.51, 0.34, 1e-08, 0
284558401, 9.54, 1.64e-07, 8.31e-08, 2.3, 0.36, 1e-08, 0
284817601, 36.6, 9.29e-08, 5.2e-08, 1.68, 0.29, 1e-08, 0
285076801, 6.19, 8.56e-08, 5.94e-08, 2.1, 0.46, 1e-08, 0
285336001, 26.43, 2.31e-07, 1.01e-07, 2.34, 0.35, 1e-08, 0
285595201, 16.78, 9.45e-08, 5.02e-08, 1.78, 0.28, 1e-08, 0
285854401, 6.39, 5.92e-08, 5.57e-08, 2.03, 0.53, 1e-08, 0
286113601, 16.18, 2.93e-07, 1.04e-07, 2.78, 0.46, 1e-08, 0
286372801, 6.31, 2.03e-07, 1.05e-07, 2.83, 0.58, 1e-08, 0
286632001, 2.69, 1.73e-07, 1.16e-07, 3.66, 3.91, 1e-08, 102
286891201, 11.57, 2.18e-07, 1.02e-07, 2.61, 0.41, 1e-08, 0
287150401, 3.17, 1.36e-07, 1.95e-07, 3.02, 5.81, 1e-08, 0
287409601, 4.81, 1.74e-07, 9.42e-08, 3.9, 3.11, 1e-08, 102
287668801, 6.82, 1.83e-07, 1.04e-07, 2.95, 1.33, 1e-08, 0
287928001, 14.51, 2.34e-07, 1.02e-07, 2.61, 0.38, 1e-08, 0
288446401, 2.75, 6.4e-08, 6.7e-08, 2.17, 0.55, 1e-08, 0
288964801, 1.08, 1.31e-08, 2.56e-08, 1.69, 0.83, 1e-08, 0
290001601, 2.1, 9.35e-09, 1.59e-08, 1.44, 0.75, 1e-08, 0
290520001, 4.17, 1.27e-07, 8.28e-08, 2.48, 0.49, 1e-08, 0
290779201, 1.11, 4.27e-08, 5.67e-08, 2.43, 0.89, 1e-08, 0
291297601, 23.13, 2.52e-08, 1.94e-08, 1.33, 0.35, 1e-08, 0
291556801, 1.44, 8.3e-08, 8.11e-08, 2.69, 0.63, 1e-08, 0
291816001, 4.28, 1.89e-07, 1e-07, 4.74, 3.04, 1e-08, 102
292075201, 17.92, 4.65e-08, 3.69e-08, 1.67, 0.36, 1e-08, 0
292334401, 3.16, 2.26e-07, 1.44e-07, 3.97, 3.7, 1e-08, 102
292593601, 1.46, 3.89e-08, 6.07e-08, 2.18, 0.8, 1e-08, 0
292852801, 2.64, 1.03e-08, 1.16e-08, 1.18, 0.53, 1e-08, 0
293371201, 9.44, 5.59e-08, 5.82e-08, 1.89, 0.54, 1e-08, 0
293630401, 7.49, 6.86e-08, 5.24e-08, 1.82, 0.38, 1e-08, 0
293889601, 5.19, 1.16e-07, 8.03e-08, 2.45, 0.58, 1e-08, 0
294148801, 2.76, 8.39e-08, 7.11e-08, 2.52, 0.73, 1e-08, 0
294667201, 1.84, 9.71e-08, 7.81e-08, 3.76, 4.74, 1e-08, 102
295444801, 3.85, 1.11e-07, 7.98e-08, 2.71, 0.54, 1e-08, 0
295704001, 3.21, 1.08e-07, 7.77e-08, 2.82, 0.66, 1e-08, 0
295963201, 6.16, 6.35e-08, 5.45e-08, 2.05, 0.48, 1e-08, 0
296740801, 1.75, 4.85e-08, 4.7e-08, 2.19, 0.5, 1e-08, 0
297000001, 1.56, 8.86e-08, 8.76e-08, 2.76, 0.81, 1e-08, 0
297259201, 3.56, 1.55e-08, 2.43e-08, 1.72, 0.79, 1e-08, 0
298036801, 1.02, 4.12e-08, 1.14e-07, 2.02, 1.57, 1e-08, 0
298814401, 15.55, 6.42e-08, 4.66e-08, 1.91, 0.38, 1e-08, 0
300628801, 1.79, 1.18e-07, 1.19e-07, 3.27, 3.23, 1e-08, 0
301147201, 8.65, 1.5e-07, 9.01e-08, 2.64, 0.45, 1e-08, 0
302184001, 5.04, 1.71e-08, 2.38e-08, 1.59, 0.55, 1e-08, 0
302443201, 8.21, 3.99e-09, 4.73e-09, 0.82, 0.73, 1e-08, 0
302702401, 1.17, 6.31e-08, 7.08e-08, 2.66, 0.82, 1e-08, 0
303998401, 3.24, 3.87e-08, 4.71e-08, 1.98, 0.62, 1e-08, 0
304516801, 2.53, 1.11e-07, 1.01e-07, 3.08, 4.51, 1e-08, 102
304776001, 2.89, 2.47e-08, 2.59e-08, 1.8, 0.55, 1e-08, 0
305553601, 4.57, 1.53e-07, 7.9e-08, 4.13, 3.05, 1e-08, 102
306590401, 5.06, 5.08e-09, 6.92e-09, 1.32, 0.68, 1e-08, 0
307627201, 2.53, 3.67e-09, 4.45e-09, 0.85, 0.67, 1e-08, 0
307886401, 1.8, 1.06e-08, 1.38e-08, 1.41, 0.55, 1e-08, 0
308145601, 1.44, 6.7e-08, 6.4e-08, 2.52, 0.79, 1e-08, 0
308404801, 9.85, 4.44e-09, 5.1e-09, 0.86, 0.71, 1e-08, 0
308923201, 1.93, 8.64e-08, 6.95e-08, 6.7, 4.47, 1e-08, 102
309182401, 1.42, 1.26e-08, 2.16e-08, 1.52, 0.76, 1e-08, 0
309441601, 4.74, 9.46e-08, 6.25e-08, 2.41, 0.47, 1e-08, 0
309960001, 3.31, 1.3e-07, 8.11e-08, 3.51, 3.72, 1e-08, 102
311256001, 11.6, 8.23e-08, 7.58e-08, 2.04, 0.47, 1e-08, 0
312033601, 2.18, 8.48e-08, 9.4e-08, 2.51, 0.85, 1e-08, 0
312552001, 7.08, 5.28e-09, 6.14e-09, 0.98, 0.63, 1e-08, 0
313070401, 3.55, 1.05e-07, 7.62e-08, 2.66, 0.88, 1e-08, 0
315662401, 4.88, 3.59e-09, 4.35e-09, 1.08, 0.63, 1e-08, 0
316958401, 1.24, 6.66e-08, 7.04e-08, 2.61, 0.73, 1e-08, 0
317476801, 4.77, 1.96e-07, 1.01e-07, 4.4, 2.87, 1e-08, 102
318513601, 1.62, 1.11e-07, 8.9e-08, 4.73, 4.79, 1e-08, 102
318772801, 1.23, 9.15e-08, 9.14e-08, 3.17, 1.25, 1e-08, 0
319291201, 4.34, 4.74e-08, 7.24e-08, 2.11, 0.87, 1e-08, 0
319809601, 3.14, 6.71e-09, 9.08e-09, 1.31, 0.61, 1e-08, 0
320068801, 2.53, 1.06e-07, 9.02e-08, 2.74, 0.87, 1e-08, 0
321364801, 4.8, 1.24e-07, 8.88e-08, 2.55, 0.65, 1e-08, 0
321624001, 1.35, 7.62e-08, 7.8e-08, 3.0, 1.13, 1e-08, 0
322401601, 1.77, 9.65e-08, 7.83e-08, 3.73, 4.75, 1e-08, 102
322920001, 5.86, 1.57e-07, 7.18e-08, 6.17, 2.51, 1e-08, 102
323438401, 1.28, 7.12e-08, 1.64e-07, 2.83, 6.9, 1e-08, 102
323697601, 1.61, 1.06e-07, 9.38e-08, 3.89, 4.93, 1e-08, 102
324216001, 7.32, 2.06e-07, 1.01e-07, 3.23, 0.77, 1e-08, 0
324734401, 2.99, 9.77e-08, 9.84e-08, 2.76, 0.96, 1e-08, 0
324993601, 5.61, 1.61e-07, 1.58e-07, 3.14, 3.43, 1e-08, 102
325512001, 2.25, 1.35e-08, 2.2e-08, 1.59, 0.67, 1e-08, 0
325771201, 2.86, 8.88e-08, 7.23e-08, 2.27, 0.58, 1e-08, 0
326289601, 2.08, 1.17e-07, 6.76e-07, 3.92, 1.21, 1e-08, 0
326548801, 2.27, 7.1e-08, 7.42e-08, 2.27, 0.78, 1e-08, 0
327067201, 3.19, 5.59e-08, 5.93e-08, 2.07, 0.66, 1e-08, 0
327326401, 2.32, 1.02e-07, 8.12e-08, 3.01, 4.72, 1e-08, 102
327585601, 4.52, 1.85e-07, 9.8e-08, 4.62, 3.09, 1e-08, 102
328104001, 4.56, 1.76e-07, 1.01e-07, 3.16, 0.62, 1e-08, 0
329140801, 3.51, 1.04e-07, 7.53e-08, 2.73, 0.65, 1e-08, 0
329400001, 1.13, 6.42e-08, 1.87e-07, 2.8, 5.88, 1e-08, 0
330177601, 2.24, 1.64e-07, 1.18e-07, 4.26, 4, 1e-08, 102
331473601, 2.1, 8.95e-08, 7.06e-08, 7.37, 0.31, 1e-08, 0
332769601, 1.37, 1.11e-07, 1e-07, 4.24, 5.28, 1e-08, 102
333028801, 1.88, 4.38e-08, 6.34e-08, 2.1, 0.75, 1e-08, 0
333547201, 2.72, 1.26e-07, 9.9e-08, 3.3, 4.14, 1e-08, 102
334324801, 2.06, 1.1e-07, 1.84e-07, 3.14, 5.32, 1e-08, 102
335880001, 1.64, 9.31e-08, 8.42e-08, 3.13, 0.97, 1e-08, 0
336657601, 8.5, 1.63e-07, 9.38e-08, 2.7, 0.57, 1e-08, 0
336916801, 1.98, 1.05e-07, 9.3e-08, 2.79, 1.79, 1e-08, 0
337176001, 1.01, 3.51e-08, 4.72e-08, 1.86, 0.57, 1e-08, 0
337435201, 1.74, 9.27e-08, 9.54e-08, 2.56, 0.8, 1e-08, 0
337694401, 1.2, 7.27e-08, 8.2e-08, 2.68, 0.92, 1e-08, 0
338212801, 1.81, 1.06e-07, 5.41e-07, 7.44, 2.01, 1e-08, 102
339508801, 2.24, 1.34e-07, 1.03e-07, 3.21, 0.74, 1e-08, 0
340027201, 2.42, 1.16e-07, 1.2e-07, 3.35, 4.68, 1e-08, 102
340545601, 2.57, 6.93e-08, 8.75e-08, 2.53, 0.91, 1e-08, 0
340804801, 2.45, 8.92e-08, 7.76e-08, 2.53, 0.63, 1e-08, 0
341064001, 4.55, 1.72e-07, 9.5e-08, 5.0, 3.02, 1e-08, 102
342100801, 3.37, 1.31e-07, 9.12e-08, 3.03, 1, 1e-08, 0
342878401, 3.15, 2.3e-08, 3.58e-08, 1.86, 0.74, 1e-08, 0
343656001, 1.45, 6.24e-08, 6.37e-08, 2.53, 0.63, 1e-08, 0
344433601, 15.31, 1.45e-08, 2.1e-08, 1.29, 0.64, 1e-08, 0
344692801, 5.94, 1.04e-07, 6.81e-08, 2.2, 0.41, 1e-08, 0
344952001, 1.89, 1.08e-07, 8.29e-08, 4.28, 4.52, 1e-08, 102
346248001, 1.58, 9.67e-08, 8.75e-08, 3.05, 1.26, 1e-08, 0
347025601, 5.92, 1.68e-07, 1.18e-07, 2.99, 1.37, 1e-08, 0
347284801, 6.22, 1.01e-07, 7.81e-08, 2.36, 0.49, 1e-08, 0
347803201, 3.83, 2.55e-08, 5.33e-08, 1.79, 0.87, 1e-08, 0
348321601, 2.54, 1.1e-08, 1.74e-08, 1.54, 0.68, 1e-08, 0
349358401, 1.6, 9.73e-08, 8.58e-08, 3.6, 1.25, 1e-08, 0
349617601, 3.42, 1.33e-07, 8.12e-08, 6.69, 3.41, 1e-08, 102
351950401, 9.44, 1.96e-07, 9e-08, 3.4, 2.46, 1e-08, 102
352209601, 1.89, 2.11e-08, 3.21e-08, 2.07, 0.75, 1e-08, 0
352468801, 2.94, 1.14e-07, 7.81e-08, 3.17, 3.96, 1e-08, 102
352987201, 19.76, 1.14e-08, 1.59e-08, 1.12, 0.68, 1e-08, 0
353246401, 3.48, 1.69e-08, 2.92e-08, 1.88, 0.82, 1e-08, 0
353505601, 1.92, 9.1e-08, 7.19e-08, 3.09, 4.9, 1e-08, 102
353764801, 1.92, 2.03e-08, 2.84e-08, 1.65, 0.58, 1e-08, 0
354024001, 3.38, 1.32e-07, 1.32e-07, 2.92, 4.12, 1e-08, 102
354283201, 1.61, 2.33e-08, 4e-08, 2.02, 0.84, 1e-08, 0
355579201, 2.39, 9.95e-08, 8.65e-08, 3.36, 4.6, 1e-08, 102
355838401, 6.55, 1.7e-07, 8.4e-08, 3.19, 0.65, 1e-08, 0
356097601, 2.88, 8.74e-08, 6.58e-08, 2.75, 0.59, 1e-08, 0
356616001, 11.28, 1.85e-07, 7.8e-08, 2.94, 0.44, 1e-08, 0
357134401, 5.36, 1.79e-07, 8.82e-08, 4.33, 2.86, 1e-08, 102
357393601, 8.32, 1.81e-07, 9.4e-08, 2.83, 0.58, 1e-08, 0
357652801, 1.72, 9.19e-08, 8.8e-08, 2.92, 1.47, 1e-08, 0
358430401, 2.65, 6.99e-08, 6.69e-08, 2.07, 0.51, 1e-08, 0
358948801, 3.54, 1.35e-07, 8.89e-08, 3.57, 1.08, 1e-08, 0
359467201, 2.32, 1.07e-07, 8e-08, 2.97, 1.41, 1e-08, 0
359726401, 9.19, 7.88e-09, 8.03e-09, 0.91, 0.55, 1e-08, 0
359985601, 1.04, 4.25e-08, 6.73e-08, 2.32, 0.89, 1e-08, 0
360244801, 3.89, 1.55e-07, 9.4e-08, 3.41, 0.91, 1e-08, 0
360504001, 2.42, 4.53e-08, 5.04e-08, 2.04, 0.56, 1e-08, 0
360763201, 7.32, 1.11e-08, 2.35e-08, 1.47, 0.89, 1e-08, 0
361800001, 3.67, 1.61e-07, 9.58e-08, 3.69, 3.41, 1e-08, 102
362318401, 15.05, 8.64e-08, 5.78e-08, 1.91, 0.35, 1e-08, 0
362577601, 3.05, 1.65e-07, 1.02e-07, 4.35, 3.69, 1e-08, 102
363096001, 1.17, 4.63e-08, 6.38e-08, 2.24, 0.77, 1e-08, 0
363873601, 3.82, 9.76e-08, 6.75e-08, 2.36, 0.52, 1e-08, 0
364132801, 4.22, 1.72e-07, 9.98e-08, 3.86, 3.27, 1e-08, 102
365169601, 2.71, 1.68e-07, 1.12e-07, 4.84, 3.7, 1e-08, 102
365947201, 2.51, 1.27e-07, 9.39e-08, 3.57, 4.21, 1e-08, 102
366206401, 2.73, 1.29e-07, 8.78e-08, 3.52, 4.09, 1e-08, 102
366465601, 1.97, 1.11e-07, 9.58e-08, 2.94, 0.83, 1e-08, 0
366724801, 9.66, 9.58e-08, 6.7e-08, 2.13, 0.41, 1e-08, 0
366984001, 4.97, 1.48e-07, 9.5e-08, 2.64, 0.54, 1e-08, 0
367502401, 6.6, 1.24e-07, 8.42e-08, 2.45, 0.51, 1e-08, 0
368539201, 11.37, 2.39e-07, 9.8e-08, 3.51, 0.79, 1e-08, 0
368798401, 4.47, 1.08e-07, 7.48e-08, 2.61, 0.56, 1e-08, 0
369835201, 8.17, 1.53e-07, 9.81e-08, 2.46, 0.47, 1e-08, 0
370872001, 1.28, 8.27e-08, 8.01e-08, 3.49, 5.82, 1e-08, 102
371390401, 3.56, 1.63e-07, 1.06e-07, 3.8, 3.57, 1e-08, 102
372427201, 5.88, 2.08e-07, 9.9e-08, 3.81, 2.73, 1e-08, 102
373464001, 8.01, 1.58e-07, 9.09e-08, 2.54, 0.53, 1e-08, 0
373723201, 3.18, 9.3e-08, 8.78e-08, 2.48, 0.71, 1e-08, 0
374500801, 3.89, 1.47e-07, 8.81e-08, 2.92, 0.77, 1e-08, 0
374760001, 1.64, 1.19e-07, 2.78e-06, 4.26, 4.9, 1e-08, 102
375019201, 1.89, 5.55e-08, 5.72e-08, 2.26, 0.56, 1e-08, 0
375278401, 5.86, 9.82e-08, 8.16e-08, 2.44, 0.56, 1e-08, 0
375796801, 2.16, 1.13e-07, 9.49e-08, 2.75, 0.72, 1e-08, 0
376056001, 11.87, 2.64e-07, 1.04e-07, 2.53, 0.32, 1e-08, 0
376315201, 3.29, 3.87e-08, 4.72e-08, 2.06, 0.62, 1e-08, 0
376574401, 1.49, 7.76e-08, 7.54e-08, 2.61, 0.72, 1e-08, 0
377352001, 10.71, 7.77e-08, 6.42e-08, 2.01, 0.47, 1e-08, 0
378388801, 1.5, 6.12e-08, 6.9e-08, 2.54, 0.83, 1e-08, 0
378648001, 1.2, 1.03e-07, 1.01e-07, 4.43, 5.54, 1e-08, 102
379166401, 1.1, 4.75e-08, 1.34e-07, 2.45, 2.11, 1e-08, 0
379684801, 2.12, 2.1e-08, 2.65e-08, 1.9, 0.57, 1e-08, 0
380462401, 1.49, 7.6e-08, 3.99e-07, 7.31, 2.07, 1e-08, 102
380980801, 2.05, 8e-08, 1.36e-07, 3.05, 5.63, 1e-08, 102
382276801, 2.54, 8.14e-08, 7.15e-08, 2.59, 0.66, 1e-08, 0
383054401, 6.92, 4e-08, 5.26e-08, 1.95, 0.6, 1e-08, 0
383313601, 1.18, 5.67e-08, 6.02e-08, 2.58, 0.9, 1e-08, 0
384091201, 3.75, 1.73e-07, 1.11e-07, 2.81, 0.79, 1e-08, 0
385128001, 2.94, 1.13e-07, 8.27e-08, 3.3, 4.12, 1e-08, 102
385387201, 2.13, 1.28e-07, 2.58e-06, 4.03, 4.21, 1e-08, 102
385646401, 1.99, 1.31e-07, 9.98e-08, 4.28, 4.32, 1e-08, 102
385905601, 1.53, 8.71e-08, 8.57e-08, 3.19, 5.7, 1e-08, 102
387201601, 1.2, 8.53e-08, 8.47e-08, 3.54, 5.71, 1e-08, 102
388238401, 2.6, 3.05e-08, 3.73e-08, 1.95, 0.6, 1e-08, 0
388497601, 3.62, 3.48e-08, 3.99e-08, 1.96, 0.57, 1e-08, 0
389275201, 1.16, 4.78e-08, 5.83e-08, 2.5, 0.8, 1e-08, 0
389534401, 6.82, 9.86e-08, 6.72e-08, 2.23, 0.39, 1e-08, 0
389793601, 1.87, 6.37e-08, 6.63e-08, 2.2, 0.57, 1e-08, 0
390312001, 12.88, 1.33e-07, 6.67e-08, 2.41, 0.33, 1e-08, 0
390571201, 1.55, 4.85e-08, 4.51e-08, 2.66, 0.89, 1e-08, 0
390830401, 3.58, 8.4e-08, 6.5e-08, 2.41, 0.58, 1e-08, 0
391348801, 2.73, 1.06e-07, 7.99e-08, 3.43, 4.3, 1e-08, 102
392385601, 10.29, 1.7e-08, 1.61e-08, 1.39, 0.44, 1e-08, 0
392644801, 2.2, 1.17e-07, 9.6e-08, 3.26, 4.64, 1e-08, 102
392904001, 1.65, 1.09e-07, 9.42e-08, 7.06, 4.7, 1e-08, 102
393163201, 5.13, 7.41e-08, 7.77e-08, 2.36, 0.73, 1e-08, 0
393422401, 2.57, 6.4e-08, 6.68e-08, 2.19, 0.55, 1e-08, 0
393681601, 11.08, 8.13e-08, 5.05e-08, 2.02, 0.35, 1e-08, 0
393940801, 5.92, 3.83e-08, 4.49e-08, 2.0, 0.53, 1e-08, 0
397569601, 1.07, 8.27e-08, 9.22e-08, 3.21, 1.14, 1e-08, 0
398088001, 2.33, 7.71e-08, 6.9e-08, 2.61, 0.68, 1e-08, 0
398347201, 7.98, 9.26e-08, 5.44e-08, 2.18, 0.38, 1e-08, 0
398606401, 2.04, 6.21e-08, 4.97e-08, 2.95, 0.72, 1e-08, 0
399902401, 2.93, 7.61e-08, 6.4e-08, 2.45, 0.6, 1e-08, 0
400420801, 2.9, 7.86e-08, 6.83e-08, 2.5, 0.67, 1e-08, 0
402235201, 1.26, 1e-07, 2.17e-07, 3.7, 2.22, 1e-08, 102
402494401, 6.64, 2e-07, 9.6e-08, 3.4, 2.75, 1e-08, 102
403272001, 3.33, 7.36e-08, 7.23e-08, 2.34, 0.73, 1e-08, 0
404568001, 1.91, 6.14e-08, 5.65e-08, 2.34, 0.53, 1e-08, 0
405086401, 2.54, 1.27e-07, 8.71e-08, 6.64, 3.76, 1e-08, 102
405604801, 1.89, 1.15e-07, 8.68e-08, 4.91, 4.48, 1e-08, 102
405864001, 6.6, 2.05e-07, 1.31e-07, 3.41, 2.89, 1e-08, 102
406641601, 4.37, 5.72e-08, 4.7e-08, 2.06, 0.43, 1e-08, 0
406900801, 6.91, 4.45e-09, 5.36e-09, 1.06, 0.63, 1e-08, 0
407678401, 3.17, 2.8e-09, 3.06e-09, 0.26, 0.84, 1e-08, 0
408456001, 8.55, 1.59e-07, 1.08e-07, 3.23, 2.61, 1e-08, 102
409233601, 3.31, 5.49e-08, 4.9e-08, 2.42, 0.57, 1e-08, 0
409492801, 3.35, 6.52e-08, 5.98e-08, 2.79, 1, 1e-08, 0
410011201, 1.23, 5.16e-08, 5.69e-07, 3.98, 2.31, 1e-08, 1
410270401, 6.47, 1.76e-08, 3.47e-08, 1.81, 0.81, 1e-08, 0
410529601, 1.38, 2.15e-08, 3.51e-08, 2.29, 0.98, 1e-08, 0
410788801, 2.07, 5.23e-08, 4.15e-08, 3.1, 0.96, 1e-08, 0
411307201, 5.51, 8.28e-09, 7.32e-09, 1.25, 0.37, 1e-08, 0
411566401, 7.42, 9.67e-08, 3.74e-08, 4.0, 2.36, 1e-08, 102
411825601, 1.34, 3.72e-08, 3.47e-08, 3.5, 1.12, 1e-08, 0
412862401, 7.92, 2.81e-07, 1.17e-07, 7.39, 2.24, 1e-08, 102
413121601, 14.0, 3.46e-08, 3.43e-08, 1.73, 0.47, 1e-08, 0
413640001, 4.78, 1.08e-07, 5.39e-08, 5.77, 2.79, 1e-08, 102
413899201, 5.12, 2.96e-09, 3.6e-09, 1.1, 0.62, 1e-08, 0
414158401, 8.43, 5.88e-08, 5.21e-08, 2.22, 0.47, 1e-08, 0
414417601, 2.61, 8.78e-08, 5.72e-08, 4.27, 3.79, 1e-08, 102
414676801, 9.95, 1.21e-07, 5.09e-08, 2.7, 0.38, 1e-08, 0
415713601, 2.98, 5.72e-09, 9.29e-09, 1.64, 0.71, 1e-08, 0
415972801, 4.3, 1.81e-09, 2.25e-09, 1.11, 0.63, 1e-08, 0
416232001, 1.51, 3.77e-08, 3.86e-08, 2.65, 0.97, 1e-08, 0
416491201, 4.27, 6.73e-08, 4.86e-08, 2.46, 0.49, 1e-08, 0
416750401, 2.52, 1.56e-08, 1.72e-08, 2.01, 0.59, 1e-08, 0
417009601, 8.24, 1.02e-07, 4.51e-08, 3.05, 0.56, 1e-08, 0
417268801, 10.92, 1.98e-09, 2.4e-09, 0.84, 0.73, 1e-08, 0
417787201, 2.97, 6.06e-08, 4.24e-08, 2.67, 0.55, 1e-08, 0
418305601, 2.81, 1.05e-07, 6.99e-08, 3.8, 3.96, 1e-08, 102
418824001, 2.15, 8.51e-08, 6.09e-08, 4.97, 4.05, 1e-08, 102
419083201, 13.49, 9.49e-08, 4.22e-08, 2.19, 0.32, 1e-08, 0
419342401, 10.6, 1.15e-07, 5.7e-08, 2.79, 0.47, 1e-08, 0
419860801, 2.85, 7.12e-08, 5.56e-08, 3.63, 3.92, 1e-08, 102
420897601, 5.66, 7.27e-08, 5.62e-08, 2.19, 0.45, 1e-08, 0
422193601, 2.06, 1.19e-07, 9.03e-08, 6.31, 4.32, 1e-08, 102
422452801, 2.15, 1.33e-07, 9.7e-08, 4.16, 4.22, 1e-08, 102
425304001, 1.77, 1.16e-07, 1.08e-07, 3.02, 1.38, 1e-08, 0
425563201, 3.37, 5.16e-08, 5.52e-08, 2.24, 0.65, 1e-08, 0
425822401, 8.02, 9.79e-08, 6.5e-08, 2.34, 0.45, 1e-08, 0
426081601, 2.2, 1.12e-07, 8.29e-08, 3.54, 4.41, 1e-08, 102
426600001, 1.66, 1.61e-08, 3.4e-08, 2.08, 1.11, 1e-08, 0
427118401, 3.32, 3.75e-08, 3.33e-08, 2.19, 0.49, 1e-08, 0
427636801, 3.84, 6.28e-08, 4.63e-08, 2.49, 0.53, 1e-08, 0
427896001, 2.54, 9.45e-08, 8.25e-08, 3.46, 4.52, 1e-08, 102
428155201, 3.63, 8.78e-08, 5.72e-08, 3.07, 0.79, 1e-08, 0
428414401, 6.01, 8.27e-08, 5.23e-08, 2.54, 0.55, 1e-08, 0
428673601, 1.58, 5.46e-08, 1.28e-06, 4.24, 4.8, 1e-08, 102
428932801, 3.17, 4.28e-08, 3.82e-08, 2.5, 0.71, 1e-08, 0
429451201, 2.08, 4.22e-08, 8.27e-08, 2.84, 5.66, 1e-08, 102
429710401, 10.5, 2.11e-08, 4.03e-08, 1.88, 0.77, 1e-08, 0
429969601, 2.39, 1.16e-08, 1.39e-08, 1.86, 0.54, 1e-08, 0
430228801, 1.06, 9.12e-09, 1.87e-08, 1.63, 0.89, 1e-08, 0
430488001, 1.06, 4.67e-08, 4.9e-08, 3.15, 1.09, 1e-08, 0
430747201, 9.74, 2.42e-08, 2.44e-08, 1.88, 0.5, 1e-08, 0
431006401, 5.64, 6.79e-08, 4.3e-08, 2.52, 0.54, 1e-08, 0
431265601, 5.28, 2.06e-08, 1.76e-08, 1.84, 0.42, 1e-08, 0
431784001, 1.32, 4.37e-08, 4.4e-08, 2.95, 1.9, 1e-08, 0
432043201, 1.35, 5.83e-08, 6.98e-08, 3.31, 5.76, 1e-08, 102
432302401, 1.11, 5.44e-08, 5.38e-08, 3.96, 5.67, 1e-08, 102
432561601, 2.39, 2.96e-08, 7.14e-08, 2.34, 1.51, 1e-08, 0
432820801, 2.17, 6.57e-08, 5.22e-08, 6.83, 4.2, 1e-08, 102
433080001, 6.03, 4.43e-09, 8.38e-09, 1.34, 0.8, 1e-08, 0
433857601, 4.53, 7.77e-08, 3.94e-08, 3.92, 3.05, 1e-08, 102
434376001, 6.14, 1.52e-08, 1.29e-08, 1.74, 0.42, 1e-08, 0
434635201, 3.97, 6.2e-08, 4.9e-08, 3.21, 3.68, 1e-08, 102
435153601, 3.87, 1.93e-09, 2.55e-09, 1.05, 0.67, 1e-08, 0
435931201, 2.96, 2.71e-08, 2.76e-08, 2.14, 0.58, 1e-08, 0
436449601, 1.24, 5.48e-08, 5.2e-08, 3.52, 5.64, 1e-08, 102
436968001, 2.76, 1.74e-08, 2.65e-08, 1.88, 0.69, 1e-08, 0
437227201, 2.15, 6.04e-08, 5.86e-08, 2.91, 1.92, 1e-08, 0
437486401, 3.13, 3.09e-08, 3.54e-08, 2.14, 0.56, 1e-08, 0
437745601, 3.95, 9.61e-08, 5.12e-08, 3.9, 3.18, 1e-08, 102
438004801, 1.79, 5.2e-08, 4.83e-07, 7.16, 3.67, 1e-08, 102
438264001, 6.39, 1.01e-07, 4.28e-08, 4.51, 2.48, 1e-08, 102
438782401, 27.96, 2.38e-09, 2.16e-09, 0.0, 0, 1e-08, 0
439819201, 9.77, 2.63e-07, 1.06e-07, 3.19, 0.57, 1e-08, 0
440078401, 2.31, 1.16e-07, 2.18e-07, 3.17, 5.07, 1e-08, 102
440856001, 3.71, 4.35e-08, 4.33e-08, 1.96, 0.48, 1e-08, 0
441115201, 1.45, 6.35e-08, 7.08e-08, 2.64, 0.99, 1e-08, 0
441633601, 1.31, 2.65e-08, 3.52e-08, 2.07, 0.68, 1e-08, 0
441892801, 3.12, 7.67e-08, 6.45e-08, 2.35, 0.62, 1e-08, 0
442411201, 2.96, 1.29e-07, 8.92e-08, 3.22, 0.92, 1e-08, 0
442670401, 10.61, 2.45e-07, 1.03e-07, 2.81, 0.42, 1e-08, 0
444484801, 1.4, 4.45e-08, 4.97e-08, 2.18, 0.6, 1e-08, 0
445003201, 1.56, 6.06e-09, 1.14e-08, 1.48, 0.86, 1e-08, 0
446817601, 6.93, 1.05e-08, 9.8e-09, 1.02, 0.46, 1e-08, 0
447076801, 1.91, 1.01e-07, 8.38e-08, 3.17, 4.88, 1e-08, 102
447595201, 3.21, 8.29e-08, 8.14e-08, 2.54, 0.87, 1e-08, 0
448891201, 3.26, 5.99e-08, 8.1e-08, 2.88, 4.47, 1e-08, 102
450446401, 7.24, 1.3e-07, 8e-08, 2.66, 0.57, 1e-08, 0
450705601, 1.18, 2.89e-08, 3.7e-08, 1.87, 0.59, 1e-08, 0
451483201, 12.71, 2.28e-08, 2.12e-08, 1.45, 0.41, 1e-08, 0
451742401, 2.76, 1.1e-07, 9.73e-07, 7.45, 3.48, 1e-08, 102
453556801, 4.6, 1.99e-08, 3.19e-08, 1.83, 0.75, 1e-08, 0
454334401, 1.3, 1.11e-07, 2.83e-06, 3.95, 5.42, 1e-08, 102
455371201, 4.04, 1.56e-07, 8.79e-08, 3.54, 3.33, 1e-08, 102
455889601, 3.27, 1.28e-07, 8.48e-08, 2.9, 0.61, 1e-08, 0
456148801, 3.5, 1.87e-07, 1.24e-07, 3.71, 3.65, 1e-08, 102
456926401, 6.71, 3.11e-09, 3.18e-09, 0.0, 0, 1e-08, 0
457704001, 3.99, 1.99e-07, 1.14e-07, 3.77, 3.19, 1e-08, 102
458222401, 1.13, 4.37e-08, 5.92e-08, 2.31, 0.77, 1e-08, 0
459259201, 6.02, 2.31e-07, 1.1e-07, 4.24, 2.69, 1e-08, 102
459777601, 10.41, 1.56e-07, 7.4e-08, 2.51, 0.43, 1e-08, 0
460296001, 2.12, 3.35e-08, 4.25e-08, 2.1, 0.66, 1e-08, 0
461073601, 2.72, 1.44e-07, 9.71e-08, 3.9, 3.99, 1e-08, 102
461332801, 4.25, 1.97e-07, 1.13e-07, 4.04, 3.19, 1e-08, 102
461851201, 1.18, 9.11e-09, 1.51e-08, 1.41, 0.7, 1e-08, 0
462369601, 6.44, 1.49e-08, 2.35e-08, 1.62, 0.69, 1e-08, 0
463147201, 3.91, 1.86e-07, 1.28e-07, 3.55, 3.46, 1e-08, 102
463924801, 1.86, 1.11e-07, 1e-07, 3.32, 1.45, 1e-08, 0
464443201, 1.14, 7.68e-08, 1.68e-07, 3.02, 7.02, 1e-08, 102
464702401, 10.69, 1.67e-08, 2.14e-08, 1.44, 0.6, 1e-08, 0
465220801, 3.96, 8.14e-08, 6.28e-08, 2.36, 0.52, 1e-08, 0
465480001, 9.56, 6e-09, 7.22e-09, 1.01, 0.62, 1e-08, 0
465739201, 7.36, 1.67e-07, 8.31e-08, 2.59, 0.42, 1e-08, 0
467035201, 7.67, 1.16e-07, 6.31e-08, 2.42, 0.43, 1e-08, 0
467294401, 3.38, 7.62e-08, 6.28e-08, 2.35, 0.52, 1e-08, 0
468331201, 3.69, 1.05e-08, 1.64e-08, 1.55, 0.72, 1e-08, 0
469108801, 1.1, 2e-08, 3.11e-08, 1.89, 0.75, 1e-08, 0
469627201, 2.96, 4.83e-09, 5.97e-09, 0.95, 0.63, 1e-08, 0
470923201, 5.42, 1.9e-07, 1.35e-07, 3.21, 3.21, 1e-08, 102
474292801, 1.16, 5.22e-08, 6.9e-08, 2.55, 0.97, 1e-08, 0
474552001, 4.67, 1.22e-07, 8.58e-08, 2.73, 0.64, 1e-08, 0
475329601, 3.25, 2.33e-08, 3.5e-08, 1.82, 0.66, 1e-08, 0
475848001, 5.62, 1.6e-07, 1.08e-07, 3.13, 3.11, 1e-08, 102
476366401, 2.37, 4.53e-09, 6.49e-09, 1.34, 0.69, 1e-08, 0
477403201, 5.22, 1.6e-07, 8.3e-08, 3.11, 1.61, 1e-08, 0
478440001, 1.48, 8.02e-08, 8.8e-08, 3.3, 5.74, 1e-08, 102
478699201, 5.05, 1.63e-07, 9.91e-08, 3.29, 3.23, 1e-08, 102
479217601, 1.03, 5.17e-08, 6.64e-08, 2.67, 0.91, 1e-08, 0
479736001, 1.86, 4.45e-09, 5.07e-09, 0.81, 0.8, 1e-08, 0
479995201, 3.07, 8.98e-09, 1.3e-08, 1.49, 0.61, 1e-08, 0
480513601, 7.93, 5.64e-09, 6.24e-09, 1.06, 0.53, 1e-08, 0
481032001, 6.08, 1.44e-07, 8.01e-08, 2.87, 0.55, 1e-08, 0
481291201, 4.97, 1.16e-08, 2e-08, 1.61, 0.77, 1e-08, 0
481550401, 2.51, 1.04e-07, 2.55e-07, 3.22, 5.42, 1e-08, 102
482846401, 4.36, 1.38e-07, 5.47e-07, 7.54, 1.56, 1e-08, 102
483364801, 4.92, 1.62e-07, 9.79e-08, 3.25, 3.31, 1e-08, 102
484142401, 4.11, 1.6e-07, 8.88e-08, 7.1, 3.11, 1e-08, 102
484920001, 1.35, 1.77e-08, 3.73e-08, 2.01, 0.97, 1e-08, 0
487252801, 3.14, 1.27e-07, 7.9e-08, 3.95, 3.74, 1e-08, 102
487512001, 10.3, 2.63e-08, 2.65e-08, 1.48, 0.43, 1e-08, 0
488030401, 8.13, 1.27e-07, 4.9e-08, 3.99, 2.34, 1e-08, 102
488548801, 4.4, 6.86e-08, 5.74e-08, 2.08, 0.46, 1e-08, 0
489844801, 2.32, 9.1e-08, 7.21e-08, 2.7, 0.84, 1e-08, 0
490363201, 1.09, 1.03e-07, 1.09e-07, 4.11, 5.89, 1e-08, 102
490622401, 5.13, 1.02e-07, 6.92e-08, 2.89, 0.78, 1e-08, 0
490881601, 1.1, 4.61e-08, 4.81e-08, 3.48, 1.53, 1e-08, 0
491140801, 1.65, 6.72e-08, 6.6e-08, 2.35, 0.73, 1e-08, 0
491400001, 3.24, 1.41e-08, 2.59e-08, 1.66, 0.83, 1e-08, 0
492436801, 2.65, 1.58e-07, 1.46e-06, 7.59, 3.62, 1e-08, 102
493732801, 1.33, 1.05e-07, 9.8e-08, 3.5, 5.49, 1e-08, 102
493992001, 2.54, 1.35e-07, 9.23e-08, 3.88, 3.99, 1e-08, 102
494251201, 8.73, 8.43e-08, 5.58e-08, 1.96, 0.34, 1e-08, 0
495028801, 2.49, 1.23e-07, 8.69e-08, 6.8, 3.94, 1e-08, 102
495288001, 4.0, 1.55e-07, 2.83e-07, 3.26, 4.24, 1e-08, 102
495806401, 2.12, 6.96e-08, 7.82e-08, 2.44, 0.69, 1e-08, 0
496065601, 6.93, 1.95e-07, 7.62e-07, 7.67, 1.54, 1e-08, 102
496584001, 7.78, 3.68e-08, 3.58e-08, 1.66, 0.44, 1e-08, 0
497102401, 3.51, 6.67e-08, 1.02e-07, 2.28, 1.36, 1e-08, 0
497361601, 1.25, 8.74e-08, 8.67e-08, 3.36, 6.03, 1e-08, 102
497620801, 2.38, 1.28e-07, 9.48e-08, 3.1, 0.73, 1e-08, 0
499435201, 3.91, 7.08e-08, 3.9e-08, 5.54, 3.09, 1e-08, 102
499694401, 1.64, 4.56e-08, 4.3e-07, 7.11, 3.72, 1e-08, 102
499953601, 1.85, 4.26e-08, 3.79e-08, 2.48, 0.65, 1e-08, 0
500212801, 2.7, 3.37e-08, 5.58e-08, 2.38, 1.04, 1e-08, 0
500472001, 2.33, 5.49e-09, 1.03e-08, 1.43, 0.82, 1e-08, 0
500731201, 1.96, 6.57e-08, 6.17e-07, 7.25, 3.71, 1e-08, 102
500990401, 5.21, 1.21e-07, 6.68e-08, 3.09, 0.82, 1e-08, 0
501508801, 1.08, 4.79e-08, 5.72e-08, 2.61, 0.79, 1e-08, 0
502027201, 5.08, 1.43e-08, 2.06e-08, 1.56, 0.67, 1e-08, 0
502545601, 2.43, 1.44e-07, 1.46e-07, 3.33, 4.5, 1e-08, 102
502804801, 4.83, 1.29e-08, 2.33e-08, 1.58, 0.78, 1e-08, 0
504100801, 2.95, 1.32e-07, 1.47e-07, 3.15, 3.16, 1e-08, 0
504619201, 1.78, 6.29e-08, 7.23e-08, 2.29, 0.71, 1e-08, 0
506174401, 5.36, 1.31e-07, 8.11e-08, 2.53, 0.49, 1e-08, 0
506692801, 2.37, 1.24e-07, 1.18e-06, 7.49, 3.76, 1e-08, 102
507211201, 2.22, 1.22e-07, 9.91e-08, 2.95, 1.72, 1e-08, 0
507470401, 6.45, 1.53e-08, 1.96e-08, 1.49, 0.57, 1e-08, 0
508248001, 9.3, 4.54e-08, 4.29e-08, 1.83, 0.5, 1e-08, 0
508507201, 11.19, 1.74e-08, 1.69e-08, 1.46, 0.45, 1e-08, 0
508766401, 1.51, 3.25e-08, 6.36e-08, 2.0, 1.19, 1e-08, 0
509284801, 2.3, 1.33e-07, 1.28e-06, 7.52, 3.81, 1e-08, 102
511099201, 2.23, 5.98e-08, 5.82e-08, 2.36, 0.64, 1e-08, 0
511617601, 1.72, 5.02e-08, 6.58e-08, 2.06, 0.73, 1e-08, 0
511876801, 1.02, 9e-08, 9.39e-08, 4.96, 5.71, 1e-08, 102
512136001, 9.37, 4.91e-08, 5e-08, 2.0, 0.51, 1e-08, 0
515246401, 15.64, 2.4e-07, 1.09e-07, 2.69, 0.54, 1e-08, 0
515764801, 1.62, 7.92e-08, 7.55e-08, 2.82, 1.71, 1e-08, 0
516801601, 1.69, 9.01e-09, 1.19e-08, 1.36, 0.57, 1e-08, 0
517579201, 2.32, 7.41e-08, 6.69e-08, 2.21, 0.55, 1e-08, 0
517838401, 4.61, 1.35e-07, 8.69e-08, 2.77, 0.52, 1e-08, 0
518875201, 6.93, 1.35e-07, 8.89e-08, 2.38, 0.52, 1e-08, 0
519134401, 3.11, 7.49e-08, 6.99e-08, 2.66, 0.77, 1e-08, 0
519393601, 2.39, 6.24e-08, 8.18e-08, 2.51, 1.22, 1e-08, 0
519652801, 11.88, 1.09e-07, 6.01e-08, 1.98, 0.32, 1e-08, 0
520430401, 3.36, 5.18e-08, 3.82e-08, 2.49, 0.5, 1e-08, 0
520948801, 3.42, 4.38e-08, 4.45e-08, 2.01, 0.49, 1e-08, 0
522244801, 1.93, 4.63e-08, 4.74e-08, 2.16, 0.6, 1e-08, 0
522504001, 2.52, 1.39e-07, 9.18e-08, 4.22, 3.97, 1e-08, 102
522763201, 3.99, 1.4e-07, 9.21e-08, 2.94, 0.69, 1e-08, 0
523540801, 9.77, 9.81e-08, 6.97e-08, 2.12, 0.45, 1e-08, 0
523800001, 10.33, 1.05e-07, 6.78e-08, 2.17, 0.41, 1e-08, 0
524059201, 16.73, 2.63e-07, 9.5e-08, 2.87, 0.41, 1e-08, 0
524318401, 7.24, 4.29e-08, 4.19e-08, 1.77, 0.47, 1e-08, 0
524577601, 4.77, 7.11e-08, 5.28e-08, 2.22, 0.5, 1e-08, 0
524836801, 20.0, 8.14e-08, 5.17e-08, 1.82, 0.33, 1e-08, 0
525096001, 2.22, 1.83e-08, 4.47e-08, 1.92, 1.21, 1e-08, 0
525355201, 7.58, 7.6e-08, 7.21e-08, 2.03, 0.48, 1e-08, 0
525614401, 11.99, 1.94e-07, 8.9e-08, 2.32, 0.33, 1e-08, 0
526132801, 1.55, 1.11e-08, 1.4e-08, 1.22, 0.49, 1e-08, 0
526392001, 1.21, 8.89e-08, 8.62e-08, 4.14, 5.59, 1e-08, 102
526910401, 15.61, 6.13e-08, 4.05e-08, 1.99, 0.35, 1e-08, 0
527169601, 11.57, 4.83e-08, 3.86e-08, 2.04, 0.42, 1e-08, 0
527428801, 4.75, 9.9e-08, 5.8e-08, 2.72, 0.57, 1e-08, 0
527688001, 2.48, 1.13e-07, 8.71e-08, 2.59, 0.55, 1e-08, 0
527947201, 4.14, 1.92e-07, 1.04e-07, 5.57, 3.09, 1e-08, 102
529243201, 1.91, 7.13e-08, 6.85e-08, 2.45, 0.72, 1e-08, 0
529761601, 2.27, 3.13e-08, 4.16e-08, 1.99, 0.58, 1e-08, 0
530020801, 3.59, 9.69e-08, 9.1e-08, 2.71, 0.96, 1e-08, 0
531057601, 1.39, 1.81e-08, 3.79e-08, 1.83, 0.98, 1e-08, 0
531316801, 2.29, 9.06e-08, 7.85e-08, 2.52, 0.65, 1e-08, 0
531576001, 9.26, 2.19e-07, 9.7e-08, 2.73, 0.42, 1e-08, 0
531835201, 4.96, 2.23e-07, 1.38e-07, 3.8, 3.03, 1e-08, 102
532612801, 1.26, 9.46e-08, 9.45e-08, 4.33, 7.14, 1e-08, 0
533131201, 14.44, 3.69e-09, 3.72e-09, 0.0, 0, 1e-08, 0
533390401, 1.48, 2.98e-08, 5.53e-08, 2.02, 0.99, 1e-08, 0
533649601, 3.6, 1.21e-07, 7.31e-08, 3.67, 3.67, 1e-08, 102
534427201, 5.47, 2.18e-07, 1.56e-07, 3.16, 3.12, 1e-08, 102
535723201, 5.82, 1.82e-07, 7.1e-07, 7.64, 1.53, 1e-08, 102
536241601, 6.65, 2.3e-07, 1.2e-07, 3.8, 2.61, 1e-08, 102
536500801, 2.72, 4.24e-08, 5.55e-08, 2.02, 0.65, 1e-08, 0
536760001, 4.4, 7.97e-08, 6.82e-08, 2.35, 0.56, 1e-08, 0
537019201, 2.29, 1.27e-07, 1e-07, 3.4, 4.4, 1e-08, 102
537278401, 17.94, 1.52e-07, 7.9e-08, 2.26, 0.37, 1e-08, 0
537796801, 6.4, 2.38e-08, 3.01e-08, 1.54, 0.65, 1e-08, 0
538056001, 1.36, 2.18e-08, 3.14e-08, 1.64, 0.74, 1e-08, 0
538574401, 10.81, 2.71e-07, 1.06e-07, 3.15, 0.51, 1e-08, 0
539352001, 1.48, 1.65e-07, 1.57e-07, 3.65, 5.33, 1e-08, 102
540129601, 7.32, 7.87e-08, 5.3e-08, 2.09, 0.39, 1e-08, 0
540907201, 1.46, 7.58e-08, 7.04e-08, 2.84, 1.81, 1e-08, 0
541425601, 2.3, 9.54e-08, 7.64e-08, 2.86, 0.77, 1e-08, 0
541944001, 4.57, 6.88e-08, 5.41e-08, 2.21, 0.49, 1e-08, 0
542203201, 2.11, 6.44e-08, 6.56e-08, 2.63, 0.92, 1e-08, 0
545313601, 2.05, 4.12e-08, 4.22e-08, 2.15, 0.58, 1e-08, 0
547387201, 10.39, 3.28e-09, 4.21e-09, 1.03, 0.64, 1e-08, 0
547646401, 4.38, 1.21e-07, 8.03e-08, 3.42, 3.3, 1e-08, 102
548164801, 3.29, 1.71e-07, 1.26e-07, 2.9, 0.85, 1e-08, 0
548942401, 4.09, 8.24e-08, 9.33e-08, 1.93, 0.59, 1e-08, 0
549201601, 1.2, 1.53e-07, 1.79e-07, 2.26, 0.7, 1e-08, 0
549979201, 3.65, 1.82e-07, 1.44e-07, 3.49, 3.74, 1e-08, 102
550238401, 3.62, 1.38e-07, 8.9e-08, 2.76, 0.51, 1e-08, 0
550497601, 2.37, 1.46e-08, 2.3e-08, 1.08, 0.76, 1e-08, 0
551016001, 2.48, 2.03e-07, 1.55e-07, 5.45, 4.52, 1e-08, 102
552312001, 1.26, 3.69e-07, 4.16e-07, 2.55, 0.92, 1e-08, 0
552571201, 4.22, 1.67e-07, 9e-08, 4.54, 3.05, 1e-08, 102
553608001, 1.79, 1.03e-07, 9.72e-08, 2.5, 0.64, 1e-08, 0
555422401, 4.61, 1.24e-07, 6.19e-08, 4.39, 2.93, 1e-08, 102
555681601, 3.0, 3.41e-08, 3.76e-08, 2.21, 0.56, 1e-08, 0
555940801, 1.32, 8.2e-09, 1.24e-08, 1.66, 0.67, 1e-08, 0
557236801, 3.22, 1.02e-07, 6.23e-08, 3.73, 3.7, 1e-08, 102
557496001, 7.63, 6.85e-09, 8.02e-09, 1.12, 0.56, 1e-08, 0
557755201, 3.76, 1.07e-07, 6.21e-08, 3.47, 3.46, 1e-08, 102
558273601, 1.44, 6.11e-08, 7.29e-08, 2.82, 5.9, 1e-08, 102
558792001, 5.54, 1.12e-07, 1.05e-07, 2.25, 0.58, 1e-08, 0
560606401, 2.66, 1.55e-07, 1.21e-07, 3.12, 1.56, 1e-08, 0
561902401, 5.64, 1.04e-07, 7.79e-08, 1.99, 0.37, 1e-08, 0
562161601, 6.95, 9.22e-08, 8.17e-08, 2.03, 0.49, 1e-08, 0
562420801, 4.09, 7.83e-09, 9.88e-09, 1.14, 0.63, 1e-08, 0
563198401, 2.09, 1.21e-07, 9.01e-08, 3.88, 4.4, 1e-08, 102
563457601, 2.05, 3.36e-08, 4.33e-08, 2.07, 0.64, 1e-08, 0
563976001, 6.81, 1.97e-07, 8.6e-08, 5.18, 2.47, 1e-08, 102
564235201, 3.06, 1.02e-08, 1.74e-08, 1.71, 0.77, 1e-08, 0
564494401, 3.56, 9.2e-08, 5.88e-08, 3.06, 0.69, 1e-08, 0
566308801, 5.1, 2.77e-08, 2.89e-08, 1.78, 0.44, 1e-08, 0
566568001, 13.9, 3.29e-08, 3.01e-08, 1.71, 0.44, 1e-08, 0
567086401, 1.15, 1.58e-08, 3.31e-08, 2.0, 1, 1e-08, 0
567345601, 4.17, 3.04e-07, 1.74e-07, 5.46, 3.19, 1e-08, 102
567604801, 3.96, 3.94e-08, 4.12e-08, 1.96, 0.53, 1e-08, 0
568900801, 2.46, 1.47e-08, 2.18e-08, 1.54, 0.71, 1e-08, 0
569160001, 5.24, 1.46e-07, 1.67e-07, 3.09, 3.65, 1e-08, 102
569419201, 1.85, 4.09e-08, 4.78e-08, 2.14, 0.66, 1e-08, 0
569678401, 2.29, 1.21e-07, 1.56e-07, 4.02, 2.02, 1e-08, 102
569937601, 1.46, 8.31e-08, 7.51e-08, 3.41, 5.53, 1e-08, 102
570715201, 7.29, 1.01e-07, 5.4e-08, 2.55, 0.42, 1e-08, 0
570974401, 4.64, 6.79e-08, 4.72e-08, 2.24, 0.45, 1e-08, 0
571752001, 10.19, 1.32e-07, 5.71e-08, 2.37, 0.35, 1e-08, 0
572011201, 4.98, 6.65e-08, 5.75e-08, 2.56, 0.64, 1e-08, 0
572270401, 3.8, 7.04e-09, 8.57e-09, 1.37, 0.53, 1e-08, 0
572529601, 2.06, 6.17e-08, 5.71e-08, 2.39, 0.58, 1e-08, 0
573048001, 4.67, 1.34e-07, 8.29e-08, 2.62, 0.65, 1e-08, 0
573825601, 8.36, 3.27e-08, 3.4e-08, 1.85, 0.53, 1e-08, 0
574084801, 2.92, 1.39e-07, 8.62e-08, 4.34, 3.66, 1e-08, 102
574344001, 12.14, 5.59e-08, 3.88e-08, 1.79, 0.36, 1e-08, 0
574603201, 9.9, 1.23e-07, 6e-08, 2.24, 0.34, 1e-08, 0
575380801, 4.64, 6.58e-08, 6.81e-08, 2.32, 0.62, 1e-08, 0
575899201, 2.71, 1.13e-07, 7.3e-08, 5.79, 3.76, 1e-08, 102
576158401, 5.53, 3.26e-08, 3.98e-08, 1.99, 0.63, 1e-08, 0
576417601, 1.45, 3.1e-08, 3.78e-08, 1.88, 0.59, 1e-08, 0
576676801, 1.76, 5.72e-08, 5.7e-08, 2.41, 0.65, 1e-08, 0
576936001, 2.5, 1.2e-07, 8.18e-08, 6.03, 3.83, 1e-08, 102
577195201, 3.3, 9.93e-08, 7.76e-08, 2.47, 0.58, 1e-08, 0
577713601, 13.12, 1.48e-07, 6.69e-08, 2.41, 0.34, 1e-08, 0
577972801, 23.96, 1.72e-07, 6.7e-08, 2.32, 0.3, 1e-08, 0
578232001, 14.78, 4.56e-09, 5.09e-09, 0.72, 0.76, 1e-08, 0
578750401, 1.64, 7.83e-08, 6.88e-08, 3.1, 5.44, 1e-08, 102
580305601, 8.15, 7.86e-08, 5.25e-08, 1.84, 0.33, 1e-08, 0
581601601, 2.17, 2.47e-07, 1.99e-07, 3.2, 0.78, 1e-08, 0
582379201, 1.22, 8.47e-08, 1.09e-07, 2.6, 1.01, 1e-08, 0
583675201, 1.84, 1.05e-07, 8.42e-08, 3.73, 4.75, 1e-08, 102
583934401, 4.81, 9.4e-09, 1.33e-08, 1.29, 0.62, 1e-08, 0
584971201, 2.91, 1.56e-07, 1.08e-07, 3.54, 3.87, 1e-08, 102
587044801, 2.55, 1.22e-07, 8.59e-08, 3.22, 4.3, 1e-08, 102
587822401, 1.46, 4.63e-08, 6.28e-08, 2.34, 0.88, 1e-08, 0
589118401, 3.76, 1.01e-07, 7.2e-08, 3.15, 2.26, 1e-08, 0
589377601, 2.22, 3.76e-08, 4.08e-08, 2.32, 0.69, 1e-08, 0
591451201, 2.64, 1.45e-08, 4.17e-08, 1.79, 1.23, 1e-08, 0
591710401, 1.59, 7.63e-08, 6.97e-08, 3.45, 5.33, 1e-08, 102
597672001, 2.82, 8.95e-08, 6.93e-08, 2.6, 0.64, 1e-08, 0
599486401, 5.06, 1.65e-08, 2.36e-08, 1.63, 0.62, 1e-08, 0
599745601, 5.18, 1.47e-07, 7.91e-08, 2.89, 0.51, 1e-08, 0
602337601, 6.9, 1.34e-07, 8.32e-08, 2.53, 0.49, 1e-08, 0
602596801, 2.16, 8.02e-08, 4.3e-07, 5.22, 1.09, 1e-08, 0
603115201, 1.19, 6.54e-08, 7.19e-07, 7.25, 4.34, 1e-08, 102
603892801, 5.97, 1.59e-07, 7.6e-08, 5.38, 2.65, 1e-08, 102
604670401, 1.23, 5.65e-08, 6.05e-08, 2.51, 0.67, 1e-08, 0
606225601, 1.5, 4.81e-08, 5.48e-08, 2.43, 0.78, 1e-08, 0
606744001, 2.38, 4.7e-08, 5.61e-08, 2.16, 0.71, 1e-08, 0
607003201, 3.28, 1.24e-07, 7.42e-08, 5.61, 3.48, 1e-08, 102
607521601, 2.28, 2.55e-08, 3.25e-08, 1.73, 0.58, 1e-08, 0
608299201, 6.84, 3.78e-09, 4.36e-09, 1.05, 0.61, 1e-08, 0
608558401, 3.55, 1.94e-08, 4.31e-08, 1.45, 0.94, 1e-08, 0
609076801, 1.62, 8.08e-08, 8.2e-08, 2.66, 0.79, 1e-08, 0
611150401, 2.32, 4.56e-08, 5.56e-08, 2.32, 0.8, 1e-08, 0
611409601, 1.52, 1.02e-08, 1.48e-08, 1.39, 0.65, 1e-08, 0
615816001, 3.38, 7.94e-08, 6.97e-08, 2.41, 0.64, 1e-08, 0
616075201, 2.27, 1.17e-07, 9.6e-08, 3.76, 4.55, 1e-08, 102
616852801, 3.42, 1.41e-07, 9.02e-08, 3.1, 0.75, 1e-08, 0
619963201, 1.5, 7.42e-08, 7.67e-08, 2.56, 1.09, 1e-08, 0
621000001, 5.07, 7.53e-08, 5.48e-08, 2.45, 0.46, 1e-08, 0
621259201, 7.9, 4.53e-09, 6.78e-09, 1.11, 0.73, 1e-08, 0
622814401, 6.96, 1.64e-07, 1.05e-07, 2.53, 0.47, 1e-08, 0
630072001, 1.76, 1.33e-07, 1.13e-07, 3.94, 4.77, 1e-08, 102
634219201, 8.9, 1.25e-07, 8.78e-08, 2.46, 0.53, 1e-08, 0
634478401, 5.3, 1.39e-07, 6.6e-08, 4.59, 2.8, 1e-08, 102
636292801, 3.33, 1.02e-07, 7.02e-08, 3.04, 0.83, 1e-08, 0
637848001, 4.64, 4.3e-08, 4.22e-08, 1.84, 0.49, 1e-08, 0
638366401, 1.15, 7.53e-08, 9.36e-07, 7.3, 4.91, 1e-08, 102
638625601, 19.16, 2.72e-07, 9e-08, 2.73, 0.36, 1e-08, 0
640180801, 1.89, 9.65e-08, 7.54e-08, 3.73, 4.65, 1e-08, 102
640440001, 1.5, 9.85e-08, 8.97e-08, 3.28, 1.14, 1e-08, 0
641217601, 9.51, 3.03e-07, 1.18e-07, 4.32, 2.17, 1e-08, 102
641736001, 3.06, 1.42e-08, 2.26e-08, 1.8, 0.7, 1e-08, 0
642254401, 7.89, 1.67e-07, 8.12e-08, 2.66, 0.56, 1e-08, 0
642513601, 2.98, 1.34e-07, 8.69e-08, 4.08, 3.75, 1e-08, 102
643032001, 9.58, 7.35e-08, 4.77e-08, 1.88, 0.36, 1e-08, 0
643291201, 1.91, 9.13e-08, 7.46e-08, 3.15, 5.04, 1e-08, 102
643809601, 1.95, 3.94e-08, 4.73e-08, 2.16, 0.67, 1e-08, 0
645364801, 3.9, 4.2e-07, 2.63e-07, 3.24, 0.73, 1e-08, 0
646660801, 3.76, 1.19e-07, 8.5e-08, 2.77, 0.66, 1e-08, 0
647179201, 4.18, 1.28e-07, 9.91e-07, 7.51, 3.05, 1e-08, 102
649252801, 1.64, 1.39e-08, 2.22e-08, 1.84, 0.76, 1e-08, 0
649512001, 1.54, 1.02e-07, 1.21e-07, 3.48, 5.61, 1e-08, 102
649771201, 4.96, 1.74e-07, 1.04e-07, 3.74, 3.23, 1e-08, 102
650548801, 2.15, 8.03e-09, 1.24e-08, 1.55, 0.72, 1e-08, 0
651326401, 1.25, 7.77e-08, 1.2e-07, 2.82, 6.64, 1e-08, 102
652622401, 2.77, 2.93e-08, 5.91e-08, 1.95, 0.91, 1e-08, 0
653659201, 2.44, 1.05e-07, 8.61e-08, 2.62, 0.78, 1e-08, 0
654955201, 1.46, 6.34e-08, 1.92e-06, 7.0, 5.93, 1e-08, 0
655473601, 9.02, 1.68e-08, 2.31e-08, 1.5, 0.57, 1e-08, 0
655732801, 4.09, 1.3e-07, 7.53e-08, 2.93, 0.79, 1e-08, 0
657288001, 2.26, 1.24e-07, 2.52e-07, 4.55, 0.4, 1e-08, 0
659102401, 1.66, 1.19e-07, 1.16e-07, 3.64, 5.02, 1e-08, 102
659620801, 2.36, 4.16e-09, 4.49e-09, 0.56, 0.69, 1e-08, 0
660398401, 4.81, 6.9e-09, 8.99e-09, 1.28, 0.64, 1e-08, 0
661176001, 2.2, 1.08e-07, 8.99e-08, 3.65, 4.6, 1e-08, 102
661694401, 6.01, 1.25e-07, 7.9e-08, 2.69, 0.66, 1e-08, 0
661953601, 3.82, 1.64e-07, 9.6e-08, 3.98, 3.36, 1e-08, 102
662472001, 1.15, 7.6e-08, 2.07e-06, 4.82, 5.48, 1e-08, 102
662990401, 4.4, 2.04e-07, 1.15e-07, 3.0, 0.58, 1e-08, 0
663508801, 14.68, 3.38e-07, 1.08e-07, 4.64, 1.77, 1e-08, 102
663768001, 4.25, 1.09e-08, 1.34e-08, 1.33, 0.57, 1e-08, 0
664286401, 8.01, 2.19e-08, 2.59e-08, 1.68, 0.52, 1e-08, 0
665582401, 2.32, 8.15e-08, 6.56e-08, 2.56, 0.6, 1e-08, 0
666360001, 10.64, 2.09e-07, 7.7e-08, 4.12, 2.14, 1e-08, 102
667137601, 3.57, 1.33e-08, 2.02e-08, 1.79, 0.75, 1e-08, 0
667396801, 3.02, 8.09e-08, 6.45e-07, 7.33, 3.16, 1e-08, 102
668433601, 6.7, 1.52e-07, 7.62e-08, 2.88, 0.54, 1e-08, 0
669211201, 3.03, 5.82e-08, 5.38e-08, 2.1, 0.48, 1e-08, 0
670507201, 1.38, 4.7e-08, 5.59e-08, 2.47, 0.79, 1e-08, 0
671284801, 5.17, 1.86e-07, 9.41e-08, 3.63, 2.9, 1e-08, 102
671544001, 2.3, 3.13e-08, 3.71e-08, 1.93, 0.54, 1e-08, 0
673358401, 1.73, 6.45e-08, 1.06e-07, 2.42, 1.07, 1e-08, 0
674136001, 4.83, 1.21e-07, 7.72e-08, 2.86, 0.61, 1e-08, 0
675172801, 2.7, 7.23e-08, 8.75e-08, 2.51, 1.05, 1e-08, 0
676209601, 2.28, 2.15e-08, 3.21e-08, 1.72, 0.65, 1e-08, 0
676468801, 1.96, 8.73e-08, 8.97e-08, 2.36, 0.69, 1e-08, 0
678024001, 8.84, 2.87e-07, 1.19e-07, 5.4, 2.24, 1e-08, 102
678542401, 3.02, 1.74e-08, 3.14e-08, 1.68, 0.81, 1e-08, 0
678801601, 6.23, 1.78e-07, 8.4e-08, 4.54, 2.74, 1e-08, 102
679320001, 7.32, 1.47e-08, 1.65e-08, 1.41, 0.51, 1e-08, 0
680356801, 2.75, 6.47e-08, 5.31e-08, 2.66, 0.55, 1e-08, 0
680875201, 5.24, 7.23e-08, 6.28e-08, 2.26, 0.49, 1e-08, 0
683208001, 9.8, 2.27e-07, 1.18e-07, 3.28, 2.5, 1e-08, 102
683467201, 3.25, 1.26e-07, 8.3e-08, 5.4, 3.61, 1e-08, 102
683726401, 3.59, 6.08e-08, 5.4e-08, 2.16, 0.47, 1e-08, 0
683985601, 1.47, 1.08e-07, 9.49e-08, 6.57, 4.78, 1e-08, 102
684504001, 3.39, 1.39e-07, 1.02e-07, 2.8, 0.67, 1e-08, 0
685281601, 3.07, 9.47e-08, 5.95e-08, 6.83, 3.65, 1e-08, 102
685540801, 4.51, 1.92e-07, 1.17e-07, 2.75, 0.59, 1e-08, 0
685800001, 1.24, 1.11e-07, 1e-08, 8.39, 0.58, 1e-08, 102
686318401, 1.91, 1.14e-08, 3.37e-08, 1.52, 1.17, 1e-08, 0
686577601, 4.95, 1.82e-07, 9.68e-08, 3.7, 3.05, 1e-08, 102
687096001, 1.24, 6.37e-08, 6.01e-08, 4.1, 5.6, 1e-08, 102
687614401, 1.02, 4.99e-08, 5.91e-08, 2.77, 1.35, 1e-08, 0
688651201, 2.87, 3.24e-08, 4.15e-08, 1.71, 0.62, 1e-08, 0
688910401, 5.46, 1.08e-08, 2.01e-08, 1.47, 0.82, 1e-08, 0
689428801, 1.68, 7.13e-08, 2.16e-08, 8.32, 0.25, 1e-08, 1
689947201, 2.46, 1.04e-07, 9.23e-08, 2.72, 0.73, 1e-08, 0
690724801, 1.12, 1.12e-08, 1.93e-08, 1.6, 0.74, 1e-08, 0
691243201, 5.84, 2.01e-07, 1.06e-07, 2.88, 0.55, 1e-08, 0
691502401, 4.01, 6.15e-08, 6.04e-08, 2.15, 0.59, 1e-08, 0
692020801, 5.85, 1.67e-07, 8.78e-08, 3.1, 0.88, 1e-08, 0
692280001, 1.84, 7.07e-08, 6.61e-08, 2.45, 0.58, 1e-08, 0
692798401, 6.53, 1.87e-07, 8.71e-08, 4.94, 2.63, 1e-08, 102
693316801, 1.71, 7.05e-08, 6.67e-08, 2.81, 0.85, 1e-08, 0
693835201, 1.93, 1.07e-07, 9.41e-08, 3.37, 1.26, 1e-08, 0
694094401, 3.37, 4.06e-08, 4.6e-08, 2.04, 0.69, 1e-08, 0
696168001, 10.32, 2.9e-07, 1.1e-07, 4.26, 2.17, 1e-08, 102
696686401, 4.65, 5.39e-08, 4.14e-08, 1.83, 0.38, 1e-08, 0
697204801, 5.52, 1.36e-07, 7.69e-08, 2.79, 0.56, 1e-08, 0
698500801, 7.4, 1.42e-07, 6.99e-08, 3.43, 2.67, 1e-08, 102
699019201, 8.49, 2.36e-08, 1.99e-08, 1.64, 0.4, 1e-08, 0
699278401, 4.46, 5.32e-08, 6.09e-08, 2.19, 0.69, 1e-08, 0
699796801, 2.3, 7.26e-08, 7.02e-08, 2.5, 0.63, 1e-08, 0
700315201, 3.3, 1.68e-08, 2.14e-08, 1.76, 0.61, 1e-08, 0
700574401, 2.32, 9.29e-08, 7.5e-08, 2.98, 3.32, 1e-08, 0
700833601, 2.09, 3.37e-08, 4.49e-08, 2.37, 0.77, 1e-08, 0
701352001, 3.64, 5.31e-09, 6.81e-09, 1.1, 0.65, 1e-08, 0
701611201, 3.12, 1.4e-07, 8.87e-08, 3.58, 3.68, 1e-08, 102
701870401, 2.56, 5.6e-08, 5.02e-08, 2.2, 0.54, 1e-08, 0
702388801, 1.96, 7.26e-08, 6.25e-08, 2.62, 0.59, 1e-08, 0
702648001, 7.39, 1.3e-07, 7.51e-08, 2.66, 0.53, 1e-08, 0
703684801, 3.33, 1.25e-07, 8.22e-08, 3.5, 1.16, 1e-08, 0
704721601, 6.47, 2.93e-07, 1.36e-07, 4.69, 2.57, 1e-08, 102
705499201, 17.73, 2.41e-09, 2.46e-09, 0.0, 0, 1e-08, 0
705758401, 4.34, 1.61e-07, 1.03e-07, 3.5, 3.3, 1e-08, 102
706276801, 2.37, 6.82e-09, 9.7e-09, 1.2, 0.63, 1e-08, 0
706795201, 1.53, 5.41e-08, 6.59e-08, 2.29, 1.04, 1e-08, 0
707572801, 2.33, 9.01e-09, 1.37e-08, 1.53, 0.69, 1e-08, 0
707832001, 12.53, 1.99e-07, 9.6e-08, 2.42, 0.37, 1e-08, 0
708609601, 4.14, 2.83e-08, 3.46e-08, 1.34, 0.53, 1e-08, 0
709128001, 1.75, 2.8e-07, 6.1e-06, 6.27, 4.28, 1e-08, 0
709387201, 1.92, 8.71e-08, 9.8e-08, 2.21, 0.71, 1e-08, 0
710683201, 3.61, 4.39e-08, 4.28e-08, 2.0, 0.51, 1e-08, 0
711720001, 1.25, 9.73e-09, 1.68e-08, 1.75, 0.84, 1e-08, 0
713275201, 3.9, 3.16e-09, 3.51e-09, 0.68, 0.7, 1e-08, 0
713534401, 3.77, 1.26e-07, 7.41e-08, 3.39, 3.53, 1e-08, 102
714052801, 1.12, 5.64e-08, 7.78e-08, 2.74, 1.03, 1e-08, 0
714312001, 1.7, 1.46e-07, 1.18e-07, 4.25, 4.59, 1e-08, 102
714571201, 1.02, 1.01e-07, 1.13e-07, 3.54, 5.94, 1e-08, 102
715348801, 5.96, 2.08e-07, 9.8e-08, 4.24, 2.65, 1e-08, 102
715867201, 1.19, 8.71e-08, 8.47e-08, 3.42, 5.79, 1e-08, 102
716385601, 5.58, 1.83e-07, 9.7e-08, 6.45, 0.61, 1e-08, 0
717940801, 2.58, 1.25e-07, 8.22e-08, 5.09, 3.85, 1e-08, 102
718718401, 10.06, 1.87e-07, 7.4e-08, 6.27, 0.35, 1e-08, 0
718977601, 4.09, 1.1e-07, 6.32e-08, 2.94, 0.92, 1e-08, 0
719236801, 3.79, 1.12e-07, 6.19e-08, 4.88, 3.2, 1e-08, 102
719496001, 3.15, 1.08e-07, 6.82e-08, 3.41, 3.78, 1e-08, 102
719755201, 2.08, 5.67e-08, 5.41e-08, 2.13, 0.51, 1e-08, 0
720532801, 40.37, 6.89e-09, 1.39e-08, 0.07, 8.53, 1e-08, 0
721310401, 7.89, 2.37e-08, 2.71e-08, 1.55, 0.47, 1e-08, 0
721569601, 5.77, 2.18e-07, 1.03e-07, 5.01, 2.71, 1e-08, 102
722606401, 6.81, 2.71e-07, 1.22e-07, 4.72, 2.55, 1e-08, 102
723384001, 12.58, 9.69e-08, 6.03e-08, 2.13, 0.34, 1e-08, 0
723643201, 9.94, 2.17e-07, 1.23e-07, 3.2, 2.35, 1e-08, 102
723902401, 9.55, 1.44e-07, 9.62e-08, 2.22, 0.44, 1e-08, 0
724680001, 6.74, 1.65e-07, 9.12e-08, 3.05, 1.47, 1e-08, 0
724939201, 5.42, 1.94e-07, 9.58e-08, 4.98, 2.81, 1e-08, 102
725198401, 1.32, 7.67e-08, 7.31e-08, 4.12, 5.47, 1e-08, 102
726753601, 3.61, 1.6e-07, 9.08e-08, 6.75, 3.23, 1e-08, 102
727531201, 2.92, 9.31e-08, 7.27e-08, 2.74, 0.71, 1e-08, 0
727790401, 7.15, 1.7e-07, 8.52e-08, 3.06, 0.7, 1e-08, 0
728827201, 7.34, 1.37e-08, 1.4e-08, 1.28, 0.47, 1e-08, 0
729345601, 5.44, 1.37e-07, 7.81e-08, 2.46, 0.41, 1e-08, 0
730123201, 1.67, 2.15e-08, 2.76e-08, 1.94, 0.6, 1e-08, 0
731160001, 4.57, 1.35e-07, 1.19e-07, 2.91, 2.23, 1e-08, 0
731678401, 4.27, 1.09e-08, 1.69e-08, 1.65, 0.7, 1e-08, 0
732196801, 8.85, 7.87e-09, 9.8e-09, 1.29, 0.54, 1e-08, 0
733233601, 6.71, 1.09e-07, 7.08e-08, 2.35, 0.47, 1e-08, 0
734011201, 1.38, 2.73e-08, 3.64e-08, 2.02, 0.69, 1e-08, 0
735048001, 13.13, 1.52e-07, 7.8e-08, 2.35, 0.37, 1e-08, 0
735825601, 1.96, 1.11e-07, 8.49e-08, 4.4, 4.36, 1e-08, 102
736862401, 1.49, 1.41e-07, 1.31e-07, 3.69, 5.26, 1e-08, 102
737380801, 7.7, 2.02e-07, 1.2e-07, 3.36, 2.59, 1e-08, 102
737899201, 1.69, 9.67e-08, 8.5e-08, 2.98, 0.9, 1e-08, 0
738158401, 2.76, 1.25e-07, 8.01e-08, 4.67, 3.76, 1e-08, 102
739195201, 8.2, 2.32e-07, 9.8e-08, 4.08, 2.42, 1e-08, 102
739972801, 3.43, 1.34e-07, 8.9e-08, 9.37, 2.89, 1e-08, 1
741787201, 1.51, 1.43e-07, 1.22e-07, 4.8, 4.85, 1e-08, 102
