timestamp, ts, flux_upper_limits, fit_tolerance, fit_convergence
239976001, 0.47, 7.87e-08, 1e-08, 0
240494401, 0.0, 3.99e-08, 1e-08, 102
240753601, 0.66, 7.35e-08, 1e-08, 102
241272001, 0.35, 7.39e-08, 1e-08, 0
242049601, 0.0, 5.14e-08, 1e-08, 102
242308801, 0.0, 5.19e-08, 1e-08, 102
242568001, 0.0, 5.46e-08, 1e-08, 102
242827201, 0.01, 7.08e-08, 1e-08, 0
243086401, 0.0, 4.88e-08, 1e-08, 102
243345601, 0.0, 5.32e-08, 1e-08, 102
243864001, 0.0, 6.15e-08, 1e-08, 102
244123201, 0.07, 7.87e-08, 1e-08, 0
244382401, 0.0, 7.77e-08, 1e-08, 102
244641601, 0.0, 7.35e-08, 1e-08, 102
244900801, 0.0, 7.52e-08, 1e-08, 102
245160001, 0.0, 5.87e-08, 1e-08, 102
245419201, 0.0, 6.31e-08, 1e-08, 102
245937601, 0.0, 5.82e-08, 1e-08, 0
246196801, 0.0, 5.63e-08, 1e-08, 102
246456001, 0.0, 5.21e-08, 1e-08, 102
246715201, 0.43, 7.07e-08, 1e-08, 102
247233601, 0.0, 6.75e-08, 1e-08, 102
248270401, 0.0, 5.04e-08, 1e-08, 102
249048001, 0.82, 8.59e-08, 1e-08, 0
249307201, 0.0, 5.31e-08, 1e-08, 102
249566401, 0.0, 5.78e-08, 1e-08, 102
250084801, 0.0, 5.09e-08, 1e-08, 102
250603201, 0.93, 8.96e-08, 1e-08, 0
250862401, 0.0, 5.64e-08, 1e-08, 102
251121601, 0.0, 3.59e-08, 1e-08, 102
251380801, 0.35, 6.47e-08, 1e-08, 102
251640001, 0.0, 5.52e-08, 1e-08, 102
252158401, 0.0, 6.6e-08, 1e-08, 0
252676801, 0.0, 5.99e-08, 1e-08, 102
252936001, 0.0, 5.09e-08, 1e-08, 102
253195201, 0.0, 4.93e-08, 1e-08, 0
253454401, 0.0, 7.82e-08, 1e-08, 102
253972801, 0.0, 4.54e-08, 1e-08, 102
254750401, 0.0, 9.08e-08, 1e-08, 102
255009601, 0.89, 8.17e-08, 1e-08, 102
255528001, 0.0, 6.8e-08, 1e-08, 0
255787201, 0.42, 6.59e-08, 1e-08, 102
256046401, 0.0, 6.43e-08, 1e-08, 102
256305601, 0.0, 4.93e-08, 1e-08, 102
256564801, 0.0, 5.08e-08, 1e-08, 102
257342401, 0.0, 6.96e-08, 1e-08, 102
257601601, 0.0, 8.57e-08, 1e-08, 102
257860801, 0.0, 6.32e-08, 1e-08, 102
258120001, 0.0, 6.52e-08, 1e-08, 102
258379201, 0.0, 8.73e-08, 1e-08, 102
258897601, 0.0, 8.27e-08, 1e-08, 102
259156801, 0.0, 7.14e-08, 1e-08, 102
259416001, 0.0, 4.14e-08, 1e-08, 102
259675201, 0.0, 6.72e-08, 1e-08, 102
259934401, 0.0, 6.68e-08, 1e-08, 102
260971201, 0.0, 5.51e-08, 1e-08, 102
261230401, 0.0, 6.83e-08, 1e-08, 102
261489601, 0.0, 8.18e-08, 1e-08, 102
261748801, 0.0, 3.39e-08, 1e-08, 102
262526401, 0.0, 4.58e-08, 1e-08, 102
262785601, 0.0, 7.05e-08, 1e-08, 102
263044801, 0.0, 7.31e-08, 1e-08, 102
263304001, 0.07, 9.38e-08, 1e-08, 0
263563201, 0.78, 1.09e-07, 1e-08, 0
264081601, 0.0, 5.98e-08, 1e-08, 102
264340801, 0.0, 6.54e-08, 1e-08, 0
264600001, 0.0, 5.48e-08, 1e-08, 102
265377601, 0.84, 7.73e-08, 1e-08, 0
266155201, 0.0, 5.86e-08, 1e-08, 102
266414401, 0.0, 6.05e-08, 1e-08, 102
266673601, 0.68, 8.41e-08, 1e-08, 0
266932801, 0.0, 4.25e-08, 1e-08, 102
267192001, 0.0, 6.16e-08, 1e-08, 102
267710401, 0.0, 7.79e-08, 1e-08, 102
268488001, 0.0, 4.83e-08, 1e-08, 0
269265601, 0.25, 6.41e-08, 1e-08, 0
269524801, 0.0, 4.95e-08, 1e-08, 0
269784001, 0.0, 4.11e-08, 1e-08, 102
270043201, 0.0, 4.59e-08, 1e-08, 102
270302401, 0.0, 3.4e-08, 1e-08, 102
270561601, 0.0, 4.86e-08, 1e-08, 102
270820801, 0.0, 7.49e-08, 1e-08, 102
271339201, 0.0, 5.82e-08, 1e-08, 102
271598401, 0.0, 9.45e-08, 1e-08, 102
271857601, 0.0, 7.08e-08, 1e-08, 102
272116801, 0.23, 8.96e-08, 1e-08, 102
272376001, 0.0, 8.55e-08, 1e-08, 102
272635201, 0.0, 7.48e-08, 1e-08, 102
272894401, 0.0, 9.12e-08, 1e-08, 102
273412801, 0.0, 6.17e-08, 1e-08, 102
274708801, 0.0, 3.95e-08, 1e-08, 0
274968001, 0.0, 3.46e-08, 1e-08, 102
275486401, 0.0, 6.86e-08, 1e-08, 102
275745601, 0.0, 8.15e-08, 1e-08, 0
277300801, 0.4, 1.43e-07, 1e-08, 102
277560001, 0.0, 1.28e-07, 1e-08, 102
278337601, 0.86, 1.15e-07, 1e-08, 0
278596801, 0.0, 4.62e-08, 1e-08, 0
278856001, 0.0, 5.06e-08, 1e-08, 102
279115201, 0.0, 3.36e-08, 1e-08, 102
279374401, 0.0, 5.01e-08, 1e-08, 102
280929601, 0.0, 9.32e-08, 1e-08, 102
281448001, 0.0, 1.21e-07, 1e-08, 102
282225601, 0.0, 8.54e-08, 1e-08, 102
282484801, 0.0, 1.19e-07, 1e-08, 102
282744001, 0.0, 6.78e-08, 1e-08, 102
283262401, 0.24, 7.45e-08, 1e-08, 0
284299201, 0.0, 6.76e-08, 1e-08, 102
284558401, 0.0, 4.2e-08, 1e-08, 102
285076801, 0.0, 8.67e-08, 1e-08, 102
285336001, 0.29, 1.14e-07, 1e-08, 0
285854401, 0.0, 9.17e-08, 1e-08, 102
286372801, 0.0, 8.58e-08, 1e-08, 102
287150401, 0.0, 5.79e-08, 1e-08, 102
287668801, 0.48, 7.59e-08, 1e-08, 102
287928001, 0.0, 5.76e-08, 1e-08, 102
288187201, 0.62, 5.9e-08, 1e-08, 102
288705601, 0.0, 6e-08, 1e-08, 102
288964801, 0.74, 7.54e-08, 1e-08, 0
289483201, 0.13, 6.33e-08, 1e-08, 0
289742401, 0.0, 6.58e-08, 1e-08, 102
290001601, 0.0, 1.05e-07, 1e-08, 102
290260801, 0.0, 6.56e-08, 1e-08, 102
290779201, 0.0, 1.16e-07, 1e-08, 102
291297601, 0.0, 8.85e-08, 1e-08, 102
291556801, 0.0, 7.62e-08, 1e-08, 102
291816001, 0.42, 8.37e-08, 1e-08, 0
292334401, 0.0, 1.23e-07, 1e-08, 102
292593601, 0.0, 4.87e-08, 1e-08, 0
292852801, 0.17, 6.33e-08, 1e-08, 0
293630401, 0.0, 4.63e-08, 1e-08, 102
293889601, 0.0, 5.81e-08, 1e-08, 102
294148801, 0.0, 4.8e-08, 1e-08, 102
294408001, 0.0, 6.15e-08, 1e-08, 102
294667201, 0.0, 8.09e-08, 1e-08, 102
294926401, 0.0, 6.83e-08, 1e-08, 102
295185601, 0.35, 9.76e-08, 1e-08, 0
295444801, 0.07, 8.51e-08, 1e-08, 0
295704001, 0.0, 8.27e-08, 1e-08, 102
295963201, 0.0, 8.65e-08, 1e-08, 102
296222401, 0.0, 7.56e-08, 1e-08, 102
296481601, 0.0, 6.13e-08, 1e-08, 102
296740801, 0.0, 6.87e-08, 1e-08, 102
297259201, 0.0, 4.73e-08, 1e-08, 0
297777601, 0.68, 6.44e-08, 1e-08, 0
298036801, 0.84, 6.36e-08, 1e-08, 102
298555201, 0.47, 7.65e-08, 1e-08, 0
298814401, 0.0, 5.28e-08, 1e-08, 102
299073601, 0.4, 8.42e-08, 1e-08, 0
299332801, 0.23, 9.61e-08, 1e-08, 102
299592001, 0.0, 9.48e-08, 1e-08, 102
299851201, 0.0, 8.01e-08, 1e-08, 102
300110401, 0.0, 7.88e-08, 1e-08, 0
300369601, 0.37, 1.11e-07, 1e-08, 0
300888001, 0.0, 6.78e-08, 1e-08, 102
301406401, 0.09, 8.74e-08, 1e-08, 0
301924801, 0.0, 3.56e-08, 1e-08, 102
302443201, 0.0, 5.45e-08, 1e-08, 102
302961601, 0.0, 4.3e-08, 1e-08, 102
303220801, 0.0, 5.17e-08, 1e-08, 102
303739201, 0.12, 9.11e-08, 1e-08, 102
304257601, 0.01, 8.62e-08, 1e-08, 102
304516801, 0.0, 9.71e-08, 1e-08, 102
304776001, 0.0, 1.03e-07, 1e-08, 102
305035201, 0.0, 8.57e-08, 1e-08, 102
305294401, 0.0, 7.44e-08, 1e-08, 0
305812801, 0.0, 5.98e-08, 1e-08, 102
306331201, 0.0, 6.48e-08, 1e-08, 102
306590401, 0.87, 8.12e-08, 1e-08, 0
306849601, 0.0, 4.76e-08, 1e-08, 102
307627201, 0.0, 4.69e-08, 1e-08, 102
307886401, 0.04, 7.28e-08, 1e-08, 0
308145601, 0.02, 1.05e-07, 1e-08, 0
308404801, 0.0, 9.05e-08, 1e-08, 102
308664001, 0.0, 1.04e-07, 1e-08, 102
308923201, 0.0, 6.5e-08, 1e-08, 102
309441601, 0.0, 7.79e-08, 1e-08, 102
309700801, 0.0, 1.03e-07, 1e-08, 102
309960001, 0.0, 6.33e-08, 1e-08, 102
310219201, 0.0, 1.03e-07, 1e-08, 102
310478401, 0.38, 1.15e-07, 1e-08, 0
310737601, 0.0, 6.22e-08, 1e-08, 102
310996801, 0.0, 5.29e-08, 1e-08, 0
311256001, 0.0, 4.34e-08, 1e-08, 102
311515201, 0.18, 6.52e-08, 1e-08, 0
311774401, 0.0, 4.52e-08, 1e-08, 0
312033601, 0.0, 4.37e-08, 1e-08, 102
312292801, 0.0, 5.85e-08, 1e-08, 102
312811201, 0.0, 6.13e-08, 1e-08, 0
313070401, 0.0, 8.58e-08, 1e-08, 102
313329601, 0.0, 8.02e-08, 1e-08, 102
313588801, 0.0, 7.64e-08, 1e-08, 102
313848001, 0.07, 1.26e-07, 1e-08, 0
314107201, 0.0, 9.34e-08, 1e-08, 102
314625601, 0.0, 8.3e-08, 1e-08, 102
315662401, 0.6, 6.22e-08, 1e-08, 102
315921601, 0.35, 5.3e-08, 1e-08, 102
316180801, 0.0, 5.6e-08, 1e-08, 102
316699201, 0.0, 5.19e-08, 1e-08, 102
316958401, 0.0, 4.83e-08, 1e-08, 102
317217601, 0.0, 4.79e-08, 1e-08, 102
317736001, 0.0, 8.47e-08, 1e-08, 102
317995201, 0.64, 1.38e-07, 1e-08, 0
318254401, 0.0, 9.88e-08, 1e-08, 102
318513601, 0.0, 7.29e-08, 1e-08, 102
318772801, 0.0, 1.22e-07, 1e-08, 102
319032001, 0.0, 9.36e-08, 1e-08, 102
319291201, 0.0, 6.84e-08, 1e-08, 102
319550401, 0.1, 1.06e-07, 1e-08, 102
319809601, 0.0, 5.86e-08, 1e-08, 102
320068801, 0.0, 4.51e-08, 1e-08, 102
320328001, 0.0, 3.69e-08, 1e-08, 102
321105601, 0.7, 7.96e-08, 1e-08, 0
321364801, 0.0, 6.53e-08, 1e-08, 102
321883201, 0.0, 5.84e-08, 1e-08, 102
322142401, 0.0, 8.59e-08, 1e-08, 102
322920001, 0.0, 2.03e-07, 1e-08, 0
323438401, 0.0, 1.03e-07, 1e-08, 102
323956801, 0.0, 7.73e-08, 1e-08, 102
324475201, 0.0, 1.18e-06, 1e-08, 0
324734401, 0.01, 1.89e-07, 1e-08, 0
324993601, 0.0, 5.23e-08, 1e-08, 102
325512001, 0.0, 3.55e-08, 1e-08, 102
326030401, 0.0, 5.9e-08, 1e-08, 102
326548801, 0.0, 4.36e-08, 1e-08, 102
326808001, 0.15, 7.95e-08, 1e-08, 0
327067201, 0.0, 6.37e-08, 1e-08, 102
327326401, 0.0, 7.82e-08, 1e-08, 102
327844801, 0.0, 9.81e-08, 1e-08, 102
328104001, 0.0, 6.82e-08, 1e-08, 102
328363201, 0.0, 7.06e-08, 1e-08, 102
328622401, 0.0, 4.73e-08, 1e-08, 102
328881601, 0.0, 7.5e-08, 1e-08, 102
329140801, 0.0, 6.19e-08, 1e-08, 102
329400001, 0.0, 4.6e-08, 1e-08, 102
329659201, 0.0, 4.53e-08, 1e-08, 102
329918401, 0.82, 6.33e-08, 1e-08, 102
330177601, 0.93, 7.06e-08, 1e-08, 0
330436801, 0.55, 6.42e-08, 1e-08, 0
330696001, 0.05, 7.15e-08, 1e-08, 102
330955201, 0.0, 4.89e-08, 1e-08, 102
331214401, 0.0, 7.77e-08, 1e-08, 102
331473601, 0.0, 9.15e-08, 1e-08, 102
331732801, 0.51, 1.59e-07, 1e-08, 0
331992001, 0.0, 1.12e-07, 1e-08, 102
333028801, 0.0, 1.26e-07, 1e-08, 102
333288001, 0.0, 6.89e-08, 1e-08, 102
333806401, 0.0, 7.89e-08, 1e-08, 102
334324801, 0.0, 3.58e-08, 1e-08, 102
334843201, 0.0, 4.25e-08, 1e-08, 0
335361601, 0.88, 8.21e-08, 1e-08, 0
335620801, 0.0, 4.65e-08, 1e-08, 102
335880001, 0.0, 7.99e-08, 1e-08, 102
336398401, 0.0, 8.3e-08, 1e-08, 102
336657601, 0.0, 1.15e-07, 1e-08, 102
336916801, 0.0, 1.24e-07, 1e-08, 102
337435201, 0.38, 1.02e-07, 1e-08, 0
337694401, 0.0, 1.13e-07, 1e-08, 0
337953601, 0.34, 1e-07, 1e-08, 0
338990401, 0.0, 4.86e-08, 1e-08, 102
339249601, 0.0, 5.47e-08, 1e-08, 102
339508801, 0.21, 7.07e-08, 1e-08, 0
340027201, 0.0, 6.66e-08, 1e-08, 102
340286401, 0.0, 5.55e-08, 1e-08, 102
340545601, 0.18, 9.44e-08, 1e-08, 102
341064001, 0.0, 8.61e-08, 1e-08, 102
341323201, 0.0, 8.74e-08, 1e-08, 102
341582401, 0.0, 9.05e-08, 1e-08, 102
341841601, 0.39, 1.2e-07, 1e-08, 0
342360001, 0.0, 8.93e-08, 1e-08, 102
342619201, 0.0, 6.62e-08, 1e-08, 102
343656001, 0.0, 5.69e-08, 1e-08, 102
343915201, 0.83, 6.03e-08, 1e-08, 102
344174401, 0.59, 7.71e-08, 1e-08, 0
344433601, 0.0, 4.05e-08, 1e-08, 102
344692801, 0.0, 6.23e-08, 1e-08, 102
344952001, 0.0, 5.73e-08, 1e-08, 102
345211201, 0.0, 4.22e-08, 1e-08, 102
345470401, 0.16, 8.16e-08, 1e-08, 0
345729601, 0.0, 6.31e-08, 1e-08, 102
346248001, 0.0, 8.9e-08, 1e-08, 102
346507201, 0.0, 8.16e-08, 1e-08, 102
346766401, 0.2, 1.09e-07, 1e-08, 102
347284801, 0.54, 8.74e-08, 1e-08, 102
347544001, 0.0, 5.63e-08, 1e-08, 102
347803201, 0.0, 4.45e-08, 1e-08, 102
348062401, 0.59, 7.25e-08, 1e-08, 0
348321601, 0.0, 3.45e-08, 1e-08, 102
348580801, 0.0, 5.55e-08, 1e-08, 102
348840001, 0.0, 3.7e-08, 1e-08, 102
349358401, 0.0, 4.12e-08, 1e-08, 102
350136001, 0.45, 1.05e-07, 1e-08, 0
350395201, 0.0, 9.94e-08, 1e-08, 102
350654401, 0.0, 6.21e-08, 1e-08, 102
350913601, 0.0, 6.65e-08, 1e-08, 102
351172801, 0.0, 9.6e-08, 1e-08, 102
351432001, 0.32, 1.04e-07, 1e-08, 102
351691201, 0.0, 9.86e-08, 1e-08, 102
351950401, 0.94, 7.79e-08, 1e-08, 0
352209601, 0.0, 5.58e-08, 1e-08, 102
352728001, 0.55, 7.18e-08, 1e-08, 102
352987201, 0.0, 1.12e-07, 1e-08, 102
353246401, 0.0, 4.45e-08, 1e-08, 102
353505601, 0.58, 5.47e-08, 1e-08, 102
354024001, 0.0, 6.17e-08, 1e-08, 102
354283201, 0.0, 6.3e-08, 1e-08, 102
354542401, 0.0, 9.07e-08, 1e-08, 102
354801601, 0.0, 9.84e-08, 1e-08, 102
355060801, 0.0, 8.66e-08, 1e-08, 102
355320001, 0.0, 6.38e-08, 1e-08, 102
355838401, 0.0, 9.67e-08, 1e-08, 0
356097601, 0.12, 1.33e-07, 1e-08, 0
357134401, 0.77, 8.79e-08, 1e-08, 0
357393601, 0.0, 4.54e-08, 1e-08, 102
357652801, 0.0, 5.6e-08, 1e-08, 102
358689601, 0.0, 7.14e-08, 1e-08, 102
358948801, 0.0, 6.7e-08, 1e-08, 102
359467201, 0.7, 1.08e-07, 1e-08, 0
359726401, 0.0, 1.01e-07, 1e-08, 0
360244801, 0.0, 1.04e-07, 1e-08, 102
360504001, 0.0, 9.6e-08, 1e-08, 0
360763201, 0.0, 8.58e-08, 1e-08, 102
361281601, 0.26, 7.53e-08, 1e-08, 0
361540801, 0.0, 5.8e-08, 1e-08, 102
361800001, 0.0, 5.39e-08, 1e-08, 102
362059201, 0.63, 7.85e-08, 1e-08, 102
362318401, 0.0, 4.44e-08, 1e-08, 102
362577601, 0.0, 4.22e-08, 1e-08, 102
362836801, 0.0, 6.07e-08, 1e-08, 102
363355201, 0.0, 1.19e-07, 1e-08, 102
363614401, 0.04, 9.41e-08, 1e-08, 0
363873601, 0.0, 1.39e-07, 1e-08, 102
364392001, 0.0, 7.94e-08, 1e-08, 102
364651201, 0.0, 6.62e-08, 1e-08, 102
365169601, 0.0, 8.36e-08, 1e-08, 102
365428801, 0.0, 7.58e-08, 1e-08, 102
365688001, 0.0, 7.75e-08, 1e-08, 102
365947201, 0.28, 6.62e-08, 1e-08, 102
366206401, 0.0, 5.52e-08, 1e-08, 0
366465601, 0.0, 5.62e-08, 1e-08, 102
366724801, 0.0, 4.33e-08, 1e-08, 102
366984001, 0.0, 5.14e-08, 1e-08, 102
367243201, 0.0, 4.57e-08, 1e-08, 102
367502401, 0.0, 4.12e-08, 1e-08, 102
367761601, 0.0, 7.17e-08, 1e-08, 102
368020801, 0.0, 7.62e-08, 1e-08, 102
368280001, 0.0, 6.68e-08, 1e-08, 102
368539201, 0.0, 6.52e-08, 1e-08, 102
368798401, 0.0, 8.77e-08, 1e-08, 102
369057601, 0.0, 9.89e-08, 1e-08, 102
369316801, 0.0, 7.34e-08, 1e-08, 102
369576001, 0.0, 8.88e-08, 1e-08, 102
369835201, 0.0, 8.57e-08, 1e-08, 0
370094401, 0.01, 1.33e-07, 1e-08, 0
370353601, 0.0, -1.0, 1e-08, 0
370872001, 0.0, 4.89e-08, 1e-08, 102
371131201, 0.0, 3.47e-08, 1e-08, 102
371390401, 0.0, 4.6e-08, 1e-08, 102
371649601, 0.72, 6.32e-08, 1e-08, 102
372168001, 0.0, 5.01e-08, 1e-08, 102
372427201, 0.0, 6.4e-08, 1e-08, 102
372945601, 0.0, 8.41e-08, 1e-08, 102
373204801, 0.0, 6.9e-08, 1e-08, 102
373464001, 0.0, 7.58e-08, 1e-08, 102
374500801, 0.0, 6.41e-08, 1e-08, 102
374760001, 0.0, 6.8e-08, 1e-08, 102
375019201, 0.0, 6.09e-08, 1e-08, 102
375537601, 0.0, 6.3e-08, 1e-08, 102
375796801, 0.0, 4.56e-08, 1e-08, 0
376056001, 0.32, 7.57e-08, 1e-08, 0
376315201, 0.0, 4.82e-08, 1e-08, 102
376574401, 0.0, 4.69e-08, 1e-08, 102
376833601, 0.02, 7.34e-08, 1e-08, 0
377092801, 0.0, 5.99e-08, 1e-08, 102
377352001, 0.0, 7.62e-08, 1e-08, 102
377611201, 0.0, 1.11e-07, 1e-08, 102
378129601, 0.63, 1.17e-07, 1e-08, 0
378388801, 0.22, 8.89e-08, 1e-08, 102
378648001, 0.0, 8.42e-08, 1e-08, 102
378907201, 0.0, 8.41e-08, 1e-08, 0
379684801, 0.0, 5.01e-08, 1e-08, 0
380203201, 0.75, 9.49e-08, 1e-08, 0
380721601, 0.12, 6.85e-08, 1e-08, 0
381240001, 0.0, 4.94e-08, 1e-08, 102
381499201, 0.0, 6.01e-08, 1e-08, 102
381758401, 0.0, 5.42e-08, 1e-08, 102
382017601, 0.0, 7.4e-08, 1e-08, 0
382276801, 0.0, 7.92e-08, 1e-08, 102
382795201, 0.0, 1.18e-07, 1e-08, 102
383313601, 0.0, 6.93e-08, 1e-08, 102
383832001, 0.0, 1.12e-07, 1e-08, 102
384091201, 0.0, 9.15e-08, 1e-08, 102
384350401, 0.0, 4.27e-07, 1e-08, 0
384609601, 0.0, 5.49e-08, 1e-08, 0
384868801, 0.43, 4.56e-08, 1e-08, 0
385387201, 0.0, 5.42e-08, 1e-08, 102
385646401, 0.0, 4.84e-08, 1e-08, 102
385905601, 0.0, 5.45e-08, 1e-08, 102
386683201, 0.0, 1.04e-07, 1e-08, 102
386942401, 0.0, 8.39e-08, 1e-08, 102
387201601, 0.0, 7.22e-08, 1e-08, 102
387460801, 0.0, 1.05e-07, 1e-08, 102
387720001, 0.0, 9.57e-08, 1e-08, 102
387979201, 0.0, 9.74e-08, 1e-08, 0
388238401, 0.0, 1.2e-07, 1e-08, 102
388497601, 0.16, 1.01e-07, 1e-08, 0
388756801, 0.0, 7.38e-08, 1e-08, 102
389016001, 0.31, 9.17e-08, 1e-08, 0
389275201, 0.24, 8.12e-08, 1e-08, 102
389793601, 0.0, 4.68e-08, 1e-08, 102
390052801, 0.0, 3.94e-08, 1e-08, 102
390312001, 0.0, 9.25e-08, 1e-08, 102
390830401, 0.0, 5.78e-08, 1e-08, 102
391348801, 0.0, 8.68e-08, 1e-08, 102
391608001, 0.0, 9.03e-08, 1e-08, 102
391867201, 0.0, 7.18e-08, 1e-08, 102
392126401, 0.0, 8.69e-08, 1e-08, 102
392385601, 0.2, 9.36e-08, 1e-08, 0
392644801, 0.51, 1.09e-07, 1e-08, 102
392904001, 0.0, 1.14e-07, 1e-08, 102
393940801, 0.0, 5.62e-08, 1e-08, 0
394459201, 0.6, 6.52e-08, 1e-08, 102
394718401, 0.0, 5.62e-08, 1e-08, 102
395236801, 0.24, 6.45e-08, 1e-08, 0
395755201, 0.0, 5.87e-08, 1e-08, 102
396014401, 0.0, 1.01e-07, 1e-08, 102
396273601, 0.0, 7.73e-08, 1e-08, 102
396532801, 0.0, 1.26e-07, 1e-08, 102
396792001, 0.0, 8.16e-08, 1e-08, 102
397310401, 0.0, 9.84e-08, 1e-08, 0
397828801, 0.0, 6.25e-08, 1e-08, 102
398088001, 0.0, 8.33e-08, 1e-08, 102
398347201, 0.0, 6.05e-08, 1e-08, 102
398606401, 0.24, 8.36e-08, 1e-08, 0
398865601, 0.0, 3.87e-08, 1e-08, 102
399384001, 0.0, 3.93e-08, 1e-08, 102
399902401, 0.38, 7.12e-08, 1e-08, 0
400420801, 0.02, 9.38e-08, 1e-08, 0
400680001, 0.0, 6.5e-08, 1e-08, 102
401198401, 0.07, 8.57e-08, 1e-08, 0
401716801, 0.39, 9.98e-08, 1e-08, 0
401976001, 0.0, 1.16e-07, 1e-08, 102
402235201, 0.0, 8.87e-08, 1e-08, 0
402753601, 0.0, 6.34e-08, 1e-08, 102
403272001, 0.0, 5.53e-08, 1e-08, 102
403531201, 0.0, 5.8e-08, 1e-08, 102
404049601, 0.0, 2.35e-07, 1e-08, 102
404308801, 0.02, 6.41e-08, 1e-08, 0
404827201, 0.0, 4.31e-08, 1e-08, 102
405086401, 0.0, 8.41e-08, 1e-08, 102
405604801, 0.28, 8.4e-08, 1e-08, 0
406123201, 0.4, 1.27e-07, 1e-08, 0
406382401, 0.0, 7.33e-08, 1e-08, 102
406641601, 0.0, 6.14e-08, 1e-08, 102
406900801, 0.0, 9.85e-08, 1e-08, 102
407419201, 0.0, 3.77e-08, 1e-08, 102
407678401, 0.0, 5.12e-08, 1e-08, 102
407937601, 0.0, 6.21e-08, 1e-08, 102
408196801, 0.84, 3.88e-08, 1e-08, 102
408456001, 0.0, 4.13e-08, 1e-08, 102
409233601, 0.0, 7.14e-08, 1e-08, 102
409492801, 0.0, 1.04e-07, 1e-08, 102
409752001, 0.0, 1.22e-07, 1e-08, 102
410011201, 0.45, 1.31e-07, 1e-08, 0
410270401, 0.0, 1.06e-07, 1e-08, 102
410529601, 0.22, 1.45e-07, 1e-08, 0
410788801, 0.05, 1.09e-07, 1e-08, 0
411307201, 0.0, 6.54e-08, 1e-08, 102
411566401, 0.0, 1.05e-07, 1e-08, 0
412084801, 0.0, 5.94e-08, 1e-08, 102
413380801, 0.0, 7.92e-08, 1e-08, 102
413640001, 0.0, 9.67e-08, 1e-08, 102
413899201, 0.0, 5.14e-08, 1e-08, 102
414417601, 0.0, 1.01e-07, 1e-08, 102
414676801, 0.0, 8.88e-08, 1e-08, 102
415972801, 0.0, 1.15e-07, 1e-08, 102
416232001, 0.0, 1.43e-07, 1e-08, 102
416750401, 0.03, 9.98e-08, 1e-08, 0
417268801, 0.55, 8.94e-08, 1e-08, 0
417528001, 0.69, 7.9e-08, 1e-08, 0
417787201, 0.0, 6.97e-08, 1e-08, 102
418046401, 0.0, 3.91e-08, 1e-08, 102
418305601, 0.0, 4.34e-08, 1e-08, 102
418564801, 0.23, 9.15e-08, 1e-08, 102
418824001, 0.0, 9.43e-08, 1e-08, 102
419083201, 0.0, 1.08e-07, 1e-08, 102
419342401, 0.0, 9.55e-08, 1e-08, 102
419601601, 0.0, 9.55e-08, 1e-08, 0
420120001, 0.0, 1.15e-07, 1e-08, 102
420638401, 0.0, 1.1e-07, 1e-08, 102
420897601, 0.75, 8.14e-08, 1e-08, 0
421156801, 0.0, 7.83e-08, 1e-08, 102
421416001, 0.19, 5.61e-08, 1e-08, 102
421675201, 0.0, 5.53e-08, 1e-08, 102
421934401, 0.64, 7.18e-08, 1e-08, 102
422193601, 0.12, 4.87e-08, 1e-08, 102
422452801, 0.9, 8.04e-08, 1e-08, 0
422712001, 0.0, 5.81e-08, 1e-08, 102
422971201, 0.54, 5.76e-08, 1e-08, 0
423230401, 0.0, 5.73e-08, 1e-08, 102
424008001, 0.0, 5.1e-08, 1e-08, 102
424267201, 0.0, 3.84e-08, 1e-08, 102
424526401, 0.0, 4.57e-08, 1e-08, 102
424785601, 0.0, 4.11e-08, 1e-08, 102
425044801, 0.0, 1e-07, 1e-08, 102
425563201, 0.0, 5.52e-08, 1e-08, 102
426081601, 0.0, 5.91e-08, 1e-08, 102
426340801, 0.0, 5.33e-08, 1e-08, 102
426600001, 0.92, 7.7e-08, 1e-08, 0
426859201, 0.0, 6.39e-08, 1e-08, 102
427118401, 0.22, 8.21e-08, 1e-08, 0
427377601, 0.06, 7.88e-08, 1e-08, 0
427896001, 0.14, 8.48e-08, 1e-08, 102
428414401, 0.0, 1.01e-07, 1e-08, 102
428932801, 0.0, 8.96e-08, 1e-08, 0
429192001, 0.0, 1.07e-07, 1e-08, 102
429451201, 0.0, 1.21e-07, 1e-08, 102
429710401, 0.0, 9.65e-08, 1e-08, 102
429969601, 0.0, 1.42e-07, 1e-08, 102
430747201, 0.0, 5.61e-08, 1e-08, 102
431265601, 0.0, 7.25e-08, 1e-08, 102
431524801, 0.0, 5.09e-08, 1e-08, 102
432043201, 0.0, 5.67e-08, 1e-08, 0
432302401, 0.0, 8.19e-08, 1e-08, 102
432820801, 0.0, 1.22e-07, 1e-08, 102
433080001, 0.0, 8.84e-08, 1e-08, 102
433339201, 0.05, 1.14e-07, 1e-08, 0
433598401, 0.0, 1.32e-07, 1e-08, 102
433857601, 0.54, 1.49e-07, 1e-08, 0
434116801, 0.0, 1.13e-07, 1e-08, 102
434376001, 0.31, 1.48e-07, 1e-08, 0
434635201, 0.0, 7.89e-08, 1e-08, 102
435412801, 0.0, 6.25e-08, 1e-08, 102
435672001, 0.0, 6.12e-08, 1e-08, 0
436190401, 0.0, 7.8e-08, 1e-08, 102
436708801, 0.0, 7.43e-08, 1e-08, 102
436968001, 0.0, 9.64e-08, 1e-08, 102
437486401, 0.46, 1.61e-07, 1e-08, 0
437745601, 0.29, 1.41e-07, 1e-08, 0
438264001, 0.0, 9.16e-08, 1e-08, 102
438523201, 0.0, 6.79e-08, 1e-08, 102
438782401, 0.0, 6.52e-08, 1e-08, 102
439041601, 0.0, 8.33e-08, 1e-08, 102
439300801, 0.0, 1.03e-07, 1e-08, 102
439819201, 0.0, 4.45e-08, 1e-08, 102
440337601, 0.0, 5.11e-08, 1e-08, 102
440596801, 0.0, 3.83e-08, 1e-08, 102
440856001, 0.27, 5.8e-08, 1e-08, 0
441115201, 0.29, 5.8e-08, 1e-08, 102
441374401, 0.49, 6.04e-08, 1e-08, 0
441633601, 0.0, 6.25e-08, 1e-08, 102
441892801, 0.0, 7.37e-08, 1e-08, 0
442152001, 0.0, 7.35e-08, 1e-08, 102
442411201, 0.93, 9.87e-08, 1e-08, 102
443448001, 0.0, 9.34e-08, 1e-08, 102
443707201, 0.0, 7.02e-08, 1e-08, 102
443966401, 0.0, 8.02e-08, 1e-08, 102
444225601, 0.0, 7.48e-08, 1e-08, 102
444484801, 0.04, 7.5e-08, 1e-08, 0
444744001, 0.56, 6.35e-08, 1e-08, 102
446040001, 0.0, 6.31e-08, 1e-08, 102
446299201, 0.0, 6.58e-08, 1e-08, 102
446558401, 0.0, 1.15e-07, 1e-08, 102
447076801, 0.0, 8.75e-08, 1e-08, 0
447336001, 0.7, 9.74e-08, 1e-08, 0
447595201, 0.0, 1.15e-07, 1e-08, 102
448632001, 0.0, 7.68e-08, 1e-08, 0
448891201, 0.81, 1.01e-07, 1e-08, 0
449150401, 0.0, 7.25e-08, 1e-08, 102
449668801, 0.09, 6.96e-08, 1e-08, 0
449928001, 0.72, 4.41e-08, 1e-08, 0
450446401, 0.0, 4.73e-08, 1e-08, 102
450705601, 0.51, 8e-08, 1e-08, 0
450964801, 0.03, 9.51e-08, 1e-08, 0
451224001, 0.0, 1.06e-07, 1e-08, 102
451483201, 0.07, 9e-08, 1e-08, 0
451742401, 0.0, 7.68e-08, 1e-08, 0
452001601, 0.0, 1.17e-07, 1e-08, 102
452520001, 0.57, 1.15e-07, 1e-08, 0
452779201, 0.53, 1.19e-07, 1e-08, 0
453038401, 0.0, 7.08e-08, 1e-08, 102
454075201, 0.0, 3.52e-08, 1e-08, 102
454334401, 0.0, 4.5e-08, 1e-08, 102
454852801, 0.0, 5.92e-08, 1e-08, 102
455112001, 0.76, 8.77e-08, 1e-08, 102
455371201, 0.0, 6.44e-08, 1e-08, 102
455889601, 0.0, 6.88e-08, 1e-08, 102
456148801, 0.0, 2.91e-08, 1e-08, 102
456408001, 0.0, 3.31e-08, 1e-08, 102
456667201, 0.02, 4.72e-08, 1e-08, 0
457185601, 0.0, 7.75e-08, 1e-08, 0
457444801, 0.0, 8.11e-08, 1e-08, 102
457704001, 0.0, 6.4e-08, 1e-08, 102
458222401, 0.0, 4.65e-08, 1e-08, 0
458740801, 0.0, 3.61e-08, 1e-08, 102
459000001, 0.77, 5.5e-08, 1e-08, 102
459259201, 0.52, 6.38e-08, 1e-08, 0
459518401, 0.0, 6.82e-08, 1e-08, 102
460036801, 0.45, 9.95e-08, 1e-08, 0
460296001, 0.0, 6.98e-08, 1e-08, 102
460555201, 0.0, 9.49e-08, 1e-08, 0
460814401, 0.0, 1.2e-07, 1e-08, 102
461073601, 0.14, 1.09e-07, 1e-08, 0
461332801, 0.0, 6.45e-08, 1e-08, 102
461592001, 0.0, 9.04e-08, 1e-08, 102
461851201, 0.0, 7.17e-08, 1e-08, 102
462110401, 0.75, 1.19e-07, 1e-08, 0
462369601, 0.0, 5.03e-08, 1e-08, 102
462628801, 0.0, 3.63e-08, 1e-08, 102
462888001, 0.05, 6.84e-08, 1e-08, 0
463147201, 0.0, 4.01e-08, 1e-08, 102
463665601, 0.0, 3.65e-08, 1e-08, 102
463924801, 0.0, 5.39e-08, 1e-08, 102
464184001, 0.62, 8.48e-08, 1e-08, 0
464443201, 0.0, 8.29e-08, 1e-08, 102
464702401, 0.0, 5.52e-08, 1e-08, 102
464961601, 0.0, 1.17e-07, 1e-08, 102
465220801, 0.0, 5.56e-08, 1e-08, 102
465739201, 0.0, 1.11e-07, 1e-08, 102
465998401, 0.0, 6.61e-08, 1e-08, 102
466516801, 0.0, 8.3e-08, 1e-08, 102
466776001, 0.0, 5.93e-08, 1e-08, 102
467553601, 0.83, 5.81e-08, 1e-08, 0
468849601, 0.0, 4.66e-08, 1e-08, 0
469368001, 0.0, 8.73e-08, 1e-08, 102
469886401, 0.0, 9.89e-08, 1e-08, 102
470145601, 0.01, 7.52e-08, 1e-08, 102
470404801, 0.0, 9.44e-08, 1e-08, 102
470923201, 0.0, 8.68e-08, 1e-08, 102
471182401, 0.0, 7.16e-08, 1e-08, 102
471960001, 0.76, 6.99e-08, 1e-08, 102
472219201, 0.0, 4.61e-08, 1e-08, 102
472478401, 0.0, 4.88e-08, 1e-08, 102
473515201, 0.36, 8.01e-08, 1e-08, 0
473774401, 0.59, 9.01e-08, 1e-08, 102
474033601, 0.0, 6.74e-08, 1e-08, 102
474292801, 0.0, 1.56e-07, 1e-08, 102
474552001, 0.0, 6.93e-08, 1e-08, 102
475329601, 0.0, 5.87e-08, 1e-08, 102
475588801, 0.0, 6.05e-08, 1e-08, 102
475848001, 0.87, 9.55e-08, 1e-08, 0
476107201, 0.0, 6.72e-08, 1e-08, 102
476625601, 0.0, 6.07e-08, 1e-08, 102
476884801, 0.0, 4.53e-08, 1e-08, 102
477403201, 0.43, 5.98e-08, 1e-08, 102
478440001, 0.0, 5.61e-08, 1e-08, 102
478699201, 0.06, 8.56e-08, 1e-08, 0
478958401, 0.35, 1.09e-07, 1e-08, 102
479217601, 0.0, 6.7e-08, 1e-08, 0
479736001, 0.0, 7.85e-08, 1e-08, 102
479995201, 0.0, 9.81e-08, 1e-08, 102
480254401, 0.0, 8.62e-08, 1e-08, 102
480513601, 0.0, 6.01e-08, 1e-08, 102
480772801, 0.08, 7.21e-08, 1e-08, 0
481032001, 0.0, 5.46e-08, 1e-08, 102
481291201, 0.0, 4.91e-08, 1e-08, 102
481550401, 0.0, 6.14e-08, 1e-08, 102
481809601, 0.0, 3.5e-08, 1e-08, 102
482068801, 0.0, 5.38e-08, 1e-08, 102
482328001, 0.0, 3.92e-08, 1e-08, 102
482587201, 0.0, 5.3e-08, 1e-08, 102
482846401, 0.0, 9.49e-08, 1e-08, 102
483364801, 0.0, 1e-07, 1e-08, 102
483624001, 0.0, 8.09e-08, 1e-08, 102
483883201, 0.0, 1.07e-07, 1e-08, 102
484142401, 0.0, 1.06e-07, 1e-08, 102
484401601, 0.91, 1.38e-07, 1e-08, 0
484660801, 0.0, 8.89e-08, 1e-08, 102
484920001, 0.0, 8.52e-08, 1e-08, 102
485179201, 0.09, 8.85e-08, 1e-08, 0
485438401, 0.36, 8.32e-08, 1e-08, 0
485697601, 0.0, 6.18e-08, 1e-08, 102
485956801, 0.0, 4.8e-08, 1e-08, 102
486734401, 0.34, 5.6e-08, 1e-08, 0
486993601, 0.0, 4.95e-08, 1e-08, 102
487252801, 0.0, 7.66e-08, 1e-08, 102
487512001, 0.04, 9.67e-08, 1e-08, 0
487771201, 0.0, 9.12e-08, 1e-08, 102
488030401, 0.0, 8.17e-08, 1e-08, 102
488289601, 0.0, 1.08e-07, 1e-08, 102
488548801, 0.35, 1.51e-07, 1e-08, 102
489067201, 0.0, 1.03e-07, 1e-08, 102
489326401, 0.07, 1.07e-07, 1e-08, 0
489585601, 0.0, 9.04e-08, 1e-08, 102
489844801, 0.0, 4.97e-08, 1e-08, 102
490622401, 0.0, 7.36e-08, 1e-08, 102
490881601, 0.0, 4.78e-08, 1e-08, 0
491400001, 0.58, 7.27e-08, 1e-08, 0
491659201, 0.0, 4e-08, 1e-08, 102
491918401, 0.0, 2.9e-08, 1e-08, 102
492436801, 0.0, 6.35e-08, 1e-08, 0
492696001, 0.0, 1.07e-07, 1e-08, 102
492955201, 0.0, 1.17e-07, 1e-08, 102
493214401, 0.0, 9.75e-08, 1e-08, 102
493473601, 0.12, 9.68e-08, 1e-08, 102
493732801, 0.0, 1.04e-07, 1e-08, 102
493992001, 0.0, 9.04e-08, 1e-08, 102
494251201, 0.71, 1.05e-07, 1e-08, 0
494510401, 0.0, 5.63e-08, 1e-08, 102
494769601, 0.0, 4e-08, 1e-08, 102
495028801, 0.0, 3.91e-08, 1e-08, 102
495288001, 0.01, 7.13e-08, 1e-08, 0
495547201, 0.23, 5.43e-08, 1e-08, 0
495806401, 0.58, 7.11e-08, 1e-08, 0
496065601, 0.73, 5.83e-08, 1e-08, 0
496324801, 0.62, 6.53e-08, 1e-08, 0
496584001, 0.01, 8.08e-08, 1e-08, 102
496843201, 0.0, 3.89e-08, 1e-08, 102
497102401, 0.0, 5.39e-08, 1e-08, 102
497361601, 0.28, 1.98e-07, 1e-08, 0
497880001, 0.0, 1.03e-07, 1e-08, 102
498139201, 0.81, 1.85e-07, 1e-08, 0
498657601, 0.0, 9.51e-08, 1e-08, 102
498916801, 0.0, 1.01e-07, 1e-08, 102
499176001, 0.0, 6.19e-08, 1e-08, 0
499435201, 0.11, 7.07e-08, 1e-08, 0
499694401, 0.0, 6.52e-08, 1e-08, 102
499953601, 0.0, 4.68e-08, 1e-08, 102
500212801, 0.0, 5.89e-08, 1e-08, 102
500472001, 0.0, 5.45e-08, 1e-08, 102
500731201, 0.0, 8.47e-08, 1e-08, 102
500990401, 0.0, 9.84e-08, 1e-08, 102
501249601, 0.0, 5.37e-08, 1e-08, 0
501508801, 0.22, 9.61e-08, 1e-08, 0
501768001, 0.01, 8.83e-08, 1e-08, 102
502027201, 0.0, 8.7e-08, 1e-08, 102
502286401, 0.0, 7.74e-08, 1e-08, 102
502545601, 0.0, 9.7e-08, 1e-08, 102
502804801, 0.0, 9.65e-08, 1e-08, 102
503064001, 0.0, 8.37e-08, 1e-08, 102
503323201, 0.39, 7.87e-08, 1e-08, 0
503841601, 0.0, 4.86e-08, 1e-08, 102
504100801, 0.0, 6.17e-08, 1e-08, 102
504360001, 0.73, 8e-08, 1e-08, 0
504619201, 0.0, 6.21e-08, 1e-08, 102
504878401, 0.0, 5.44e-08, 1e-08, 102
505396801, 0.0, 5.8e-08, 1e-08, 102
505656001, 0.01, 7.59e-08, 1e-08, 102
505915201, 0.59, 1.1e-07, 1e-08, 0
506174401, 0.0, 1.02e-07, 1e-08, 102
506433601, 0.0, 8.92e-08, 1e-08, 102
506692801, 0.48, 1.59e-07, 1e-08, 0
506952001, 0.0, 9.19e-08, 1e-08, 102
507211201, 0.0, 1.03e-07, 1e-08, 102
507470401, 0.0, 9.17e-08, 1e-08, 102
507729601, 0.0, 5.35e-08, 1e-08, 102
507988801, 0.0, 5.95e-08, 1e-08, 102
508248001, 0.0, 5.02e-08, 1e-08, 102
508507201, 0.0, 5.04e-08, 1e-08, 102
508766401, 0.66, 6.01e-08, 1e-08, 0
509025601, 0.0, 5.31e-08, 1e-08, 102
509284801, 0.0, 5.09e-08, 1e-08, 102
509803201, 0.0, 6.1e-08, 1e-08, 102
510062401, 0.0, 6.28e-08, 1e-08, 102
510321601, 0.0, 7.02e-08, 1e-08, 0
510840001, 0.08, 1.15e-07, 1e-08, 0
511617601, 0.0, 1.03e-07, 1e-08, 102
511876801, 0.0, 8.31e-08, 1e-08, 102
512654401, 0.0, 7.38e-08, 1e-08, 102
512913601, 0.0, 3.86e-08, 1e-08, 102
513172801, 0.0, 3.3e-08, 1e-08, 102
513432001, 0.0, 2.62e-08, 1e-08, 102
513950401, 0.0, 5.6e-08, 1e-08, 102
514209601, 0.05, 6.62e-08, 1e-08, 0
514468801, 0.05, 7.34e-08, 1e-08, 0
514728001, 0.0, 6.73e-08, 1e-08, 102
514987201, 0.0, 7.46e-08, 1e-08, 102
515505601, 0.0, 9.15e-08, 1e-08, 102
515764801, 0.0, 7.46e-08, 1e-08, 102
516024001, 0.0, 1.18e-07, 1e-08, 102
516283201, 0.91, 9.9e-08, 1e-08, 102
516542401, 0.0, 1.07e-07, 1e-08, 102
516801601, 0.0, 8.44e-08, 1e-08, 102
517060801, 0.0, 7.36e-08, 1e-08, 102
517320001, 0.0, 7.09e-08, 1e-08, 102
517838401, 0.0, 4.95e-08, 1e-08, 102
518097601, 0.0, 3.85e-08, 1e-08, 102
518356801, 0.0, 3.5e-08, 1e-08, 102
518875201, 0.0, 6.02e-08, 1e-08, 102
519134401, 0.0, 4.52e-08, 1e-08, 102
519393601, 0.0, 7.09e-08, 1e-08, 102
519652801, 0.0, 9.6e-08, 1e-08, 102
519912001, 0.0, 9.62e-08, 1e-08, 102
520171201, 0.0, 1.18e-07, 1e-08, 102
520430401, 0.18, 1.43e-07, 1e-08, 0
520689601, 0.0, 1.23e-07, 1e-08, 102
520948801, 0.26, 1.12e-07, 1e-08, 0
521467201, 0.0, 6.66e-08, 1e-08, 102
521726401, 0.0, 5.35e-08, 1e-08, 102
521985601, 0.0, 5.73e-08, 1e-08, 102
522244801, 0.0, 4.3e-08, 1e-08, 0
523022401, 0.0, 4.64e-08, 1e-08, 102
523281601, 0.0, 4.63e-08, 1e-08, 102
523800001, 0.0, 6.68e-08, 1e-08, 0
524318401, 0.74, 1.18e-07, 1e-08, 0
524577601, 0.0, 9.32e-08, 1e-08, 102
524836801, 0.0, 8.22e-08, 1e-08, 102
525096001, 0.0, 9.53e-08, 1e-08, 102
525614401, 0.0, 8.74e-08, 1e-08, 102
525873601, 0.0, 7.98e-08, 1e-08, 102
526132801, 0.0, 7.44e-08, 1e-08, 102
526392001, 0.0, 5.56e-08, 1e-08, 102
526651201, 0.0, 7.42e-08, 1e-08, 102
526910401, 0.8, 6.87e-08, 1e-08, 102
527169601, 0.0, 5.97e-08, 1e-08, 0
527947201, 0.31, 7.91e-08, 1e-08, 102
528724801, 0.0, 1.03e-07, 1e-08, 102
529243201, 0.0, 1.05e-07, 1e-08, 102
529502401, 0.0, 1.02e-07, 1e-08, 102
529761601, 0.0, 9.25e-08, 1e-08, 102
530020801, 0.0, 8.45e-08, 1e-08, 102
530280001, 0.0, 1.12e-07, 1e-08, 102
530539201, 0.0, 6.68e-08, 1e-08, 102
530798401, 0.0, 6.56e-08, 1e-08, 102
531057601, 0.27, 8.97e-08, 1e-08, 0
531576001, 0.0, 4.3e-08, 1e-08, 102
531835201, 0.0, 3.88e-08, 1e-08, 102
532094401, 0.0, 4.99e-08, 1e-08, 102
532353601, 0.0, 6.43e-08, 1e-08, 102
532612801, 0.0, 4.88e-08, 1e-08, 102
532872001, 0.0, 6.68e-08, 1e-08, 102
533390401, 0.0, 6.54e-08, 1e-08, 102
533649601, 0.0, 6.8e-08, 1e-08, 102
533908801, 0.0, 8.86e-08, 1e-08, 102
534168001, 0.16, 8.18e-08, 1e-08, 102
534427201, 0.0, 9e-08, 1e-08, 102
534686401, 0.0, 9.89e-08, 1e-08, 0
534945601, 0.0, 5.71e-08, 1e-08, 102
535204801, 0.0, 6.1e-08, 1e-08, 102
535464001, 0.0, 4.37e-08, 1e-08, 102
535723201, 0.0, 4.3e-08, 1e-08, 102
535982401, 0.0, 4.47e-08, 1e-08, 0
536241601, 0.0, 4.4e-08, 1e-08, 102
536500801, 0.08, 6.39e-08, 1e-08, 0
536760001, 0.0, 3.32e-08, 1e-08, 102
537019201, 0.0, 4.67e-08, 1e-08, 102
537278401, 0.0, 3.99e-08, 1e-08, 102
537796801, 0.0, 5.34e-08, 1e-08, 102
538056001, 0.0, 3.93e-08, 1e-08, 102
538315201, 0.0, 3.54e-08, 1e-08, 102
538833601, 0.0, 7.89e-08, 1e-08, 102
539092801, 0.0, 4.17e-08, 1e-08, 102
539352001, 0.0, 4.29e-08, 1e-08, 102
539611201, 0.0, 3.18e-08, 1e-08, 102
539870401, 0.0, 6.38e-08, 1e-08, 102
540129601, 0.0, 6.92e-08, 1e-08, 102
540388801, 0.0, 7.4e-08, 1e-08, 102
540907201, 0.0, 5.46e-08, 1e-08, 102
541166401, 0.0, 3.1e-08, 1e-08, 102
541425601, 0.0, 6.18e-08, 1e-08, 102
541684801, 0.0, 4.64e-08, 1e-08, 102
541944001, 0.04, 6.55e-08, 1e-08, 0
542462401, 0.0, 1.06e-07, 1e-08, 0
542721601, 0.0, 1.63e-07, 1e-08, 102
542980801, 0.0, 3.3e-06, 1e-08, 102
544795201, 0.0, 4.11e-08, 1e-08, 102
545054401, 0.07, 4.39e-08, 1e-08, 102
545832001, 0.0, 2.15e-08, 1e-08, 102
546609601, 0.0, 4.56e-08, 1e-08, 102
546868801, 0.08, 1.3e-07, 1e-08, 0
547128001, 0.0, 1.1e-07, 1e-08, 102
547387201, 0.0, 8.36e-08, 1e-08, 0
547905601, 0.0, 9.4e-08, 1e-08, 102
548424001, 0.93, 1.49e-07, 1e-08, 0
548683201, 0.0, 8.32e-08, 1e-08, 102
548942401, 0.0, 9.19e-08, 1e-08, 102
549201601, 0.02, 1e-07, 1e-08, 102
549460801, 0.0, 6.15e-08, 1e-08, 102
549979201, 0.0, 6.98e-08, 1e-08, 0
550756801, 0.03, 4.17e-08, 1e-08, 0
551275201, 0.0, 6.22e-07, 1e-08, 102
551534401, 0.0, 2.86e-07, 1e-08, 102
551793601, 0.46, 1e-07, 1e-08, 0
552052801, 0.0, 9.2e-08, 1e-08, 0
552312001, 0.0, 1.13e-07, 1e-08, 102
553348801, 0.0, 7.66e-08, 1e-08, 102
553608001, 0.0, 4.22e-08, 1e-08, 102
553867201, 0.0, 4.31e-08, 1e-08, 102
554126401, 0.0, 3.87e-08, 1e-08, 102
554385601, 0.0, 3.83e-08, 1e-08, 102
554644801, 0.0, 2.89e-08, 1e-08, 102
555681601, 0.0, 2.65e-06, 1e-08, 102
555940801, 0.0, 2.71e-07, 1e-08, 102
556200001, 0.0, 5.76e-08, 1e-08, 102
556459201, 0.0, 6.9e-08, 1e-08, 102
556718401, 0.0, 7.35e-08, 1e-08, 102
556977601, 0.0, 6.99e-08, 1e-08, 102
557236801, 0.0, 1.15e-07, 1e-08, 102
557496001, 0.0, 7.85e-08, 1e-08, 102
558014401, 0.17, 6.58e-08, 1e-08, 102
558273601, 0.85, 6.05e-08, 1e-08, 0
558532801, 0.0, 7.26e-08, 1e-08, 102
560088001, 0.0, -1.0, 1e-08, 101
560347201, 0.0, 9.49e-07, 1e-08, 102
561384001, 0.0, 1.12e-07, 1e-08, 102
561643201, 0.0, 8.7e-08, 1e-08, 102
561902401, 0.07, 1.12e-07, 1e-08, 0
562161601, 0.0, 9.28e-08, 1e-08, 102
562680001, 0.0, 1.78e-07, 1e-08, 102
562939201, 0.0, 9.54e-08, 1e-08, 102
563198401, 0.0, 1.1e-07, 1e-08, 102
563457601, 0.0, 6.93e-08, 1e-08, 102
563716801, 0.37, 8.93e-08, 1e-08, 0
563976001, 0.55, 1.05e-07, 1e-08, 0
564235201, 0.0, 1.23e-07, 1e-08, 102
564753601, 0.0, 6.97e-06, 1e-08, 102
565012801, 0.0, 6.11e-08, 1e-08, 102
565272001, 0.0, 6.53e-08, 1e-08, 102
565531201, 0.0, 5.66e-08, 1e-08, 102
565790401, 0.0, 7.94e-08, 1e-08, 102
566049601, 0.0, 7.96e-08, 1e-08, 102
566308801, 0.0, 1.12e-07, 1e-08, 102
566568001, 0.0, 6.72e-08, 1e-08, 102
566827201, 0.0, 6.3e-08, 1e-08, 102
567086401, 0.53, 7.14e-08, 1e-08, 0
567345601, 0.0, 3.84e-08, 1e-08, 102
567604801, 0.0, 3.82e-08, 1e-08, 102
567864001, 0.17, 5.82e-08, 1e-08, 0
568123201, 0.0, 3.98e-08, 1e-08, 102
568900801, 0.96, 6.78e-08, 1e-08, 102
569678401, 0.0, 8.4e-08, 1e-08, 102
569937601, 0.33, 1.04e-07, 1e-08, 102
570456001, 0.0, 6.5e-08, 1e-08, 102
570715201, 0.0, 8.28e-08, 1e-08, 102
571233601, 0.0, 7.21e-08, 1e-08, 102
572011201, 0.12, 5.26e-08, 1e-08, 0
572529601, 0.0, 4.38e-08, 1e-08, 102
572788801, 0.0, 4.38e-08, 1e-08, 102
573048001, 0.0, 3.76e-08, 1e-08, 102
573825601, 0.0, 5.14e-08, 1e-08, 102
574084801, 0.27, 7.17e-08, 1e-08, 102
574344001, 0.05, 9.28e-08, 1e-08, 0
574603201, 0.01, 9.21e-08, 1e-08, 102
574862401, 0.0, 8.5e-08, 1e-08, 102
575121601, 0.0, 1.03e-07, 1e-08, 102
575380801, 0.0, 1.44e-07, 1e-08, 102
575640001, 0.06, 1.29e-07, 1e-08, 0
575899201, 0.24, 1.46e-07, 1e-08, 0
576158401, 0.08, 1.1e-07, 1e-08, 0
576417601, 0.76, 1.38e-07, 1e-08, 0
576676801, 0.0, 8.28e-08, 1e-08, 102
576936001, 0.0, 1.04e-06, 1e-08, 102
577195201, 0.0, 1.36e-06, 1e-08, 102
577454401, 0.0, 5.39e-07, 1e-08, 102
577713601, 0.0, 1.4e-06, 1e-08, 102
577972801, 0.0, 1.33e-07, 1e-08, 102
578232001, 0.0, 4.31e-08, 1e-08, 102
579009601, 0.0, 8.39e-08, 1e-08, 102
579528001, 0.0, 7.67e-08, 1e-08, 102
579787201, 0.0, 9.82e-08, 1e-08, 102
580046401, 0.0, 9.2e-08, 1e-08, 102
580305601, 0.0, 8.86e-08, 1e-08, 102
580564801, 0.0, 8.83e-08, 1e-08, 102
580824001, 0.59, 1.24e-07, 1e-08, 0
581083201, 0.33, 1.35e-07, 1e-08, 0
581342401, 0.0, 6.48e-08, 1e-08, 102
581601601, 0.47, 6.33e-08, 1e-08, 102
582379201, 0.0, 4.1e-08, 1e-08, 102
582638401, 0.0, 3.29e-08, 1e-08, 102
582897601, 0.5, 6.03e-08, 1e-08, 102
583156801, 0.42, 1.02e-07, 1e-08, 0
583934401, 0.0, 1.02e-07, 1e-08, 102
584193601, 0.0, 1.13e-07, 1e-08, 102
584712001, 0.0, 8.56e-08, 1e-08, 102
584971201, 0.0, 8.63e-08, 1e-08, 102
585489601, 0.0, 5.57e-08, 1e-08, 102
585748801, 0.0, 3.2e-08, 1e-08, 102
586267201, 0.0, 3.9e-08, 1e-08, 102
586526401, 0.0, 4.59e-08, 1e-08, 102
587044801, 0.0, 5.82e-08, 1e-08, 102
587563201, 0.0, 5.79e-08, 1e-08, 102
587822401, 0.0, 7.22e-08, 1e-08, 102
588081601, 0.47, 1.08e-07, 1e-08, 102
588340801, 0.0, 5.18e-08, 1e-08, 102
588600001, 0.0, 1.08e-07, 1e-08, 0
588859201, 0.0, 8.61e-08, 1e-08, 102
589118401, 0.36, 8.99e-08, 1e-08, 102
589377601, 0.0, 9.84e-08, 1e-08, 102
589636801, 0.04, 6.46e-08, 1e-08, 0
589896001, 0.0, 7.44e-08, 1e-08, 0
590414401, 0.0, 7.91e-08, 1e-08, 102
590673601, 0.0, 4.6e-08, 1e-08, 102
590932801, 0.0, 5.55e-08, 1e-08, 102
591710401, 0.0, 9.61e-08, 1e-08, 102
591969601, 0.0, 5.82e-08, 1e-08, 102
592228801, 0.58, 7.12e-08, 1e-08, 0
592488001, 0.0, 6.13e-08, 1e-08, 102
592747201, 0.12, 1.05e-07, 1e-08, 102
593006401, 0.0, 8.4e-08, 1e-08, 102
593265601, 0.0, 1.21e-07, 1e-08, 102
593524801, 0.0, 9.93e-08, 1e-08, 102
593784001, 0.0, 9.7e-08, 1e-08, 102
594043201, 0.0, 6.64e-08, 1e-08, 102
594561601, 0.33, 1.18e-07, 1e-08, 0
595339201, 0.0, 8.64e-08, 1e-08, 102
595598401, 0.0, 7.71e-08, 1e-08, 102
595857601, 0.0, 5.4e-08, 1e-08, 102
596116801, 0.06, 6.94e-08, 1e-08, 102
596894401, 0.0, 4.83e-08, 1e-08, 102
597153601, 0.0, 7.73e-08, 1e-08, 102
598190401, 0.0, 1.08e-07, 1e-08, 102
598449601, 0.37, 8.49e-08, 1e-08, 102
598708801, 0.0, 6.58e-08, 1e-08, 102
598968001, 0.0, 5.76e-08, 1e-08, 102
599227201, 0.0, 5.48e-08, 1e-08, 102
599486401, 0.0, 5.49e-08, 1e-08, 102
599745601, 0.0, 3.42e-08, 1e-08, 102
600004801, 0.0, 4.25e-08, 1e-08, 102
600264001, 0.0, 3.71e-08, 1e-08, 102
600523201, 0.0, 5.88e-08, 1e-08, 102
600782401, 0.54, 6.13e-08, 1e-08, 102
601300801, 0.0, 6.41e-08, 1e-08, 102
601560001, 0.18, 9.11e-08, 1e-08, 0
601819201, 0.0, 7.99e-08, 1e-08, 102
602078401, 0.0, 9.46e-08, 1e-08, 102
602337601, 0.0, 7.3e-08, 1e-08, 0
602596801, 0.0, 8.36e-08, 1e-08, 102
602856001, 0.11, 1.01e-07, 1e-08, 0
603115201, 0.06, 9.75e-08, 1e-08, 0
603374401, 0.42, 9.82e-08, 1e-08, 0
603633601, 0.0, 4.72e-08, 1e-08, 102
603892801, 0.39, 8.27e-08, 1e-08, 102
604152001, 0.0, 6.4e-08, 1e-08, 102
604411201, 0.67, 6.47e-08, 1e-08, 102
604670401, 0.0, 5.54e-08, 1e-08, 102
605448001, 0.0, 5.14e-08, 1e-08, 102
605707201, 0.15, 6.48e-08, 1e-08, 0
605966401, 0.0, 5.63e-08, 1e-08, 102
606225601, 0.03, 8.45e-08, 1e-08, 0
606484801, 0.0, 8.11e-08, 1e-08, 102
606744001, 0.0, 1.16e-07, 1e-08, 102
607003201, 0.0, 1.5e-07, 1e-08, 102
607262401, 0.0, 1.59e-07, 1e-08, 102
607521601, 0.0, 1.15e-07, 1e-08, 102
608040001, 0.0, 8.38e-08, 1e-08, 102
608299201, 0.74, 1.2e-07, 1e-08, 102
608558401, 0.0, 7.12e-08, 1e-08, 102
608817601, 0.0, 5.23e-07, 1e-08, 102
609336001, 0.0, 3.47e-07, 1e-08, 102
609595201, 0.32, 7.05e-07, 1e-08, 0
609854401, 0.0, 5.13e-07, 1e-08, 102
610113601, 0.97, 7.77e-08, 1e-08, 102
610372801, 0.09, 6.07e-08, 1e-08, 102
610632001, 0.0, 4.52e-08, 1e-08, 102
610891201, 0.0, 5.61e-08, 1e-08, 102
611150401, 0.0, 7.08e-08, 1e-08, 102
611409601, 0.0, 8.96e-08, 1e-08, 102
611668801, 0.0, 9.1e-08, 1e-08, 0
612446401, 0.0, 8.8e-08, 1e-08, 102
612705601, 0.0, 7.37e-08, 1e-08, 102
613224001, 0.3, 8.92e-08, 1e-08, 0
613483201, 0.0, 5.8e-08, 1e-08, 102
613742401, 0.45, 7.39e-08, 1e-08, 0
614001601, 0.69, 6.62e-08, 1e-08, 0
614520001, 0.0, 3.91e-08, 1e-08, 102
614779201, 0.31, 6.44e-08, 1e-08, 102
615297601, 0.23, 9.86e-08, 1e-08, 0
615556801, 0.0, 7.03e-08, 1e-08, 102
615816001, 0.0, 9.03e-08, 1e-08, 102
616075201, 0.0, 1.38e-07, 1e-08, 102
616334401, 0.0, 8.63e-08, 1e-08, 102
616593601, 0.0, 6.87e-08, 1e-08, 102
616852801, 0.0, 4.85e-08, 1e-08, 102
617112001, 0.0, 5.8e-08, 1e-08, 102
617371201, 0.0, 5.28e-08, 1e-08, 102
617630401, 0.0, 4.69e-08, 1e-08, 102
618148801, 0.0, 4.95e-08, 1e-08, 102
618408001, 0.0, 5.68e-08, 1e-08, 102
618667201, 0.0, 4.75e-08, 1e-08, 102
618926401, 0.0, 5.86e-08, 1e-08, 102
619185601, 0.0, 5.97e-08, 1e-08, 102
619444801, 0.0, 5.92e-08, 1e-08, 102
619704001, 0.0, 9.08e-08, 1e-08, 102
619963201, 0.91, 1.25e-07, 1e-08, 0
620222401, 0.0, 7.13e-08, 1e-08, 102
620481601, 0.22, 1.21e-07, 1e-08, 0
620740801, 0.0, 6.42e-08, 1e-08, 102
621518401, 0.0, 7.38e-08, 1e-08, 102
621777601, 0.0, 9.41e-08, 1e-08, 102
622036801, 0.0, 8.05e-08, 1e-08, 102
622296001, 0.43, 8.59e-08, 1e-08, 0
622555201, 0.0, 6.79e-08, 1e-08, 102
622814401, 0.0, 5.27e-08, 1e-08, 102
623073601, 0.0, 5.23e-06, 1e-08, 102
623851201, 0.0, 6.4e-08, 1e-08, 102
624110401, 0.47, 8.12e-08, 1e-08, 102
624369601, 0.0, 5.02e-08, 1e-08, 102
624628801, 0.93, 1.21e-07, 1e-08, 102
625147201, 0.0, 8.66e-08, 1e-08, 102
625406401, 0.38, 1.39e-07, 1e-08, 0
625665601, 0.0, 8.8e-08, 1e-08, 102
626184001, 0.0, 8.17e-08, 1e-08, 0
626443201, 0.0, 8.39e-08, 1e-08, 102
626702401, 0.0, 8.03e-08, 1e-08, 0
626961601, 0.0, 7.66e-08, 1e-08, 102
627220801, 0.36, 9.27e-08, 1e-08, 0
627739201, 0.83, 1.12e-07, 1e-08, 0
627998401, 0.0, 5.43e-08, 1e-08, 102
628257601, 0.0, 6.17e-08, 1e-08, 102
628516801, 0.0, 3.53e-08, 1e-08, 102
628776001, 0.0, 6.41e-08, 1e-08, 0
629035201, 0.0, 5.55e-08, 1e-08, 102
629294401, 0.0, 5.08e-08, 1e-08, 102
629553601, 0.03, 6.79e-08, 1e-08, 0
630331201, 0.0, 6.46e-08, 1e-08, 102
630590401, 0.0, 5.26e-08, 1e-08, 102
630849601, 0.0, 5.62e-08, 1e-08, 0
631108801, 0.0, 4.98e-08, 1e-08, 102
631368001, 0.0, 5.63e-08, 1e-08, 102
631627201, 0.0, 4.2e-08, 1e-08, 102
631886401, 0.0, 3.76e-08, 1e-08, 102
632404801, 0.0, 4.57e-08, 1e-08, 102
632664001, 0.0, 3.61e-08, 1e-08, 102
632923201, 0.0, 5.12e-08, 1e-08, 102
633182401, 0.0, 4.5e-08, 1e-08, 0
633441601, 0.0, 5.9e-08, 1e-08, 102
633700801, 0.0, 8.75e-08, 1e-08, 102
633960001, 0.0, 6.53e-08, 1e-08, 102
634219201, 0.0, 7.3e-08, 1e-08, 0
634478401, 0.0, 8.39e-08, 1e-08, 102
635256001, 0.0, 8.78e-08, 1e-08, 102
635515201, 0.0, 6.01e-08, 1e-08, 102
635774401, 0.0, 6.06e-08, 1e-08, 102
636033601, 0.0, 4.94e-08, 1e-08, 102
636292801, 0.23, 7.17e-08, 1e-08, 0
636552001, 0.0, 5.39e-08, 1e-08, 0
636811201, 0.0, 5.1e-08, 1e-08, 102
637070401, 0.0, 3.35e-08, 1e-08, 102
637588801, 0.0, 5.17e-08, 1e-08, 102
637848001, 0.0, 6.27e-08, 1e-08, 102
638107201, 0.0, 7.56e-08, 1e-08, 102
638366401, 0.0, 9.39e-08, 1e-08, 102
638625601, 0.0, 1.35e-07, 1e-08, 102
639144001, 0.0, 1.6e-07, 1e-08, 102
639403201, 0.0, 1.05e-07, 1e-08, 102
639662401, 0.6, 1.49e-07, 1e-08, 0
640180801, 0.0, 7.18e-08, 1e-08, 0
640440001, 0.0, 7.8e-08, 1e-08, 102
640699201, 0.0, 3.42e-07, 1e-08, 102
640958401, 0.98, 6.81e-07, 1e-08, 0
641217601, 0.0, 2.24e-07, 1e-08, 102
641476801, 0.0, 1.82e-07, 1e-08, 0
641736001, 0.0, 2.23e-07, 1e-08, 102
641995201, 0.0, 7.32e-08, 1e-08, 102
642254401, 0.0, 5.87e-08, 1e-08, 102
642513601, 0.0, 7.69e-08, 1e-08, 0
642772801, 0.0, 8.73e-08, 1e-08, 102
643032001, 0.18, 1.11e-07, 1e-08, 0
643291201, 0.0, 9.64e-08, 1e-08, 102
643809601, 0.0, 8.72e-08, 1e-08, 102
644068801, 0.0, 1.11e-07, 1e-08, 102
644328001, 0.97, 1.3e-07, 1e-08, 0
644587201, 0.41, 9.77e-08, 1e-08, 0
645883201, 0.13, 5.43e-08, 1e-08, 0
646142401, 0.0, 4.92e-08, 1e-08, 102
646660801, 0.0, 5.8e-08, 1e-08, 102
647179201, 0.0, 6.39e-08, 1e-08, 102
648216001, 0.0, 8.89e-08, 1e-08, 102
649252801, 0.14, 6.03e-08, 1e-08, 0
649771201, 0.0, 4.44e-08, 1e-08, 102
650030401, 0.0, 4.72e-08, 1e-08, 102
650289601, 0.39, 6.98e-08, 1e-08, 0
650548801, 0.0, 6.22e-08, 1e-08, 0
651067201, 0.0, 4.43e-08, 1e-08, 102
651326401, 0.6, 9.13e-08, 1e-08, 0
651585601, 0.53, 8.74e-08, 1e-08, 0
652363201, 0.0, 9.18e-08, 1e-08, 0
652622401, 0.0, 1.38e-07, 1e-08, 0
652881601, 0.0, 6.57e-08, 1e-08, 102
653140801, 0.0, 7.69e-08, 1e-08, 102
653400001, 0.19, 7.55e-08, 1e-08, 0
653659201, 0.01, 1.35e-07, 1e-08, 0
653918401, 0.0, 7.21e-08, 1e-08, 102
654177601, 0.18, 1.07e-07, 1e-08, 0
654696001, 0.0, 7.52e-08, 1e-08, 102
654955201, 0.0, 7.18e-07, 1e-08, 102
655214401, 0.0, 1.22e-06, 1e-08, 102
655473601, 0.0, 5.43e-06, 1e-08, 0
655992001, 0.0, 6.82e-08, 1e-08, 102
656251201, 0.0, 8.06e-08, 1e-08, 102
656510401, 0.0, 7.12e-08, 1e-08, 102
656769601, 0.0, 7.99e-08, 1e-08, 102
657028801, 0.0, 8.25e-08, 1e-08, 102
657288001, 0.0, 7.76e-08, 1e-08, 102
657547201, 0.13, 8.72e-08, 1e-08, 0
657806401, 0.5, 1.05e-07, 1e-08, 0
658065601, 0.0, 7.02e-08, 1e-08, 102
658324801, 0.0, 7.88e-08, 1e-08, 102
658584001, 0.0, 7.66e-08, 1e-08, 102
658843201, 0.0, 7.52e-08, 1e-08, 0
659102401, 0.0, 4.23e-08, 1e-08, 102
659361601, 0.0, 6.24e-08, 1e-08, 102
660139201, 0.0, 4.81e-08, 1e-08, 102
660916801, 0.2, 8.51e-08, 1e-08, 0
661176001, 0.03, 8.69e-08, 1e-08, 102
661694401, 0.41, 9.02e-08, 1e-08, 102
661953601, 0.0, 8.81e-08, 1e-08, 102
662212801, 0.0, 4.18e-08, 1e-08, 102
662472001, 0.95, 1.02e-07, 1e-08, 0
662731201, 0.0, 6.35e-08, 1e-08, 102
663508801, 0.54, 6.16e-08, 1e-08, 0
663768001, 0.4, 4.83e-08, 1e-08, 102
664286401, 0.42, 6.24e-08, 1e-08, 102
664545601, 0.0, 3.93e-08, 1e-08, 102
664804801, 0.0, 5.53e-08, 1e-08, 102
665064001, 0.94, 5.68e-08, 1e-08, 0
665323201, 0.0, 4.03e-08, 1e-08, 102
665582401, 0.0, 6.07e-08, 1e-08, 102
665841601, 0.0, 7.18e-08, 1e-08, 102
666100801, 0.0, 9.39e-08, 1e-08, 0
666360001, 0.0, 8.45e-08, 1e-08, 102
666619201, 0.0, 7.37e-08, 1e-08, 0
666878401, 0.0, 9.93e-08, 1e-08, 102
667137601, 0.0, 7.18e-08, 1e-08, 102
667396801, 0.0, 5.98e-08, 1e-08, 102
667656001, 0.0, 7.94e-08, 1e-08, 102
667915201, 0.41, 9.66e-08, 1e-08, 102
668174401, 0.0, 5.69e-08, 1e-08, 102
668692801, 0.32, 6.89e-08, 1e-08, 0
669211201, 0.0, 6.72e-08, 1e-08, 102
669470401, 0.0, 4.33e-08, 1e-08, 102
669729601, 0.0, 5.81e-08, 1e-08, 102
669988801, 0.03, 7.8e-08, 1e-08, 0
670248001, 0.0, 7.36e-08, 1e-08, 102
670507201, 0.91, 1.09e-07, 1e-08, 102
670766401, 0.29, 1.4e-07, 1e-08, 102
671025601, 0.0, 1.46e-07, 1e-08, 102
671284801, 0.0, 1.09e-07, 1e-08, 102
671544001, 0.0, 7.18e-08, 1e-08, 102
671803201, 0.0, 1.09e-07, 1e-08, 102
672321601, 0.0, 6.97e-08, 1e-08, 102
672840001, 0.0, 1.98e-07, 1e-08, 102
673099201, 0.0, 1.5e-07, 1e-08, 102
673358401, 0.37, 1.55e-07, 1e-08, 0
673617601, 0.0, 1.38e-07, 1e-08, 102
673876801, 0.0, 6.21e-08, 1e-08, 102
674395201, 0.24, 7.99e-08, 1e-08, 0
674654401, 0.25, 8.51e-08, 1e-08, 102
674913601, 0.0, 5.95e-08, 1e-08, 102
675172801, 0.0, 9.2e-08, 1e-08, 102
675432001, 0.0, 7.86e-08, 1e-08, 102
675691201, 0.0, 9.45e-08, 1e-08, 102
675950401, 0.0, 9.65e-08, 1e-08, 0
676209601, 0.21, 7.91e-08, 1e-08, 0
676468801, 0.05, 9.17e-08, 1e-08, 0
676728001, 0.0, 7.09e-08, 1e-08, 102
676987201, 0.0, 5.97e-08, 1e-08, 102
677505601, 0.0, 4.04e-08, 1e-08, 0
678283201, 0.0, 5.21e-08, 1e-08, 102
678801601, 0.0, 6.64e-08, 1e-08, 102
679060801, 0.61, 8.7e-08, 1e-08, 102
679838401, 0.0, 8.84e-08, 1e-08, 102
680097601, 0.0, 9.6e-08, 1e-08, 102
680356801, 0.0, 4.67e-08, 1e-08, 102
680616001, 0.04, 6.92e-08, 1e-08, 0
680875201, 0.0, 5.01e-08, 1e-08, 102
681652801, 0.11, 4.94e-08, 1e-08, 0
681912001, 0.0, 6.16e-08, 1e-08, 0
682948801, 0.99, 6.66e-08, 1e-08, 0
683467201, 0.0, 6.03e-08, 1e-08, 102
683726401, 0.0, 6.12e-08, 1e-08, 101
683985601, 0.0, 8.08e-08, 1e-08, 102
684504001, 0.0, 1.02e-07, 1e-08, 102
684763201, 0.52, 1.17e-07, 1e-08, 0
685022401, 0.0, 6.77e-08, 1e-08, 101
685281601, 0.01, 8.91e-08, 1e-08, 0
685540801, 0.0, 1.14e-07, 1e-08, 102
686059201, 0.0, 5.41e-08, 1e-08, 101
686836801, 0.0, 4.2e-07, 1e-08, 0
687096001, 0.21, 3.59e-07, 1e-08, 0
687355201, 0.0, 2.84e-07, 1e-08, 102
687614401, 0.56, 1.11e-07, 1e-08, 0
687873601, 0.68, 5.92e-08, 1e-08, 0
688132801, 0.0, 4.79e-08, 1e-08, 101
688392001, 0.0, 8.18e-08, 1e-08, 101
688651201, 0.0, 8.66e-08, 1e-08, 102
689169601, 0.0, 1.09e-07, 1e-08, 102
689428801, 0.0, 8.16e-08, 1e-08, 102
689688001, 0.64, 7.28e-08, 1e-08, 102
690206401, 0.0, 7.74e-08, 1e-08, 102
690984001, 0.28, 7.61e-08, 1e-08, 0
691243201, 0.0, 5.51e-08, 1e-08, 102
691502401, 0.0, 4.95e-08, 1e-08, 102
691761601, 0.0, 5.69e-08, 1e-08, 101
692280001, 0.0, 3.8e-08, 1e-08, 102
692539201, 0.0, 5.29e-08, 1e-08, 102
692798401, 0.0, 4.78e-08, 1e-08, 102
693057601, 0.52, 6.78e-08, 1e-08, 102
693316801, 0.0, 6.91e-08, 1e-08, 101
694353601, 0.0, 5.89e-08, 1e-08, 102
694612801, 0.0, 6.63e-08, 1e-08, 101
694872001, 0.0, 6.3e-08, 1e-08, 0
695649601, 0.0, 3.34e-08, 1e-08, 102
695908801, 0.56, 6.88e-08, 1e-08, 0
696168001, 0.0, 5.29e-08, 1e-08, 0
696427201, 0.0, 3.83e-08, 1e-08, 101
696686401, 0.09, 6.04e-08, 1e-08, 0
697204801, 0.02, 6.98e-08, 1e-08, 0
697464001, 0.26, 6.9e-08, 1e-08, 102
697723201, 0.0, 7.64e-08, 1e-08, 102
697982401, 0.0, 5.78e-08, 1e-08, 102
698241601, 0.0, 8.97e-08, 1e-08, 0
698760001, 0.0, 9.66e-08, 1e-08, 101
699019201, 0.15, 1.16e-07, 1e-08, 0
699537601, 0.01, 9.01e-08, 1e-08, 0
699796801, 0.0, 7.04e-08, 1e-08, 102
700056001, 0.0, 7.99e-08, 1e-08, 102
700315201, 0.86, 7e-08, 1e-08, 102
700574401, 0.24, 6.79e-08, 1e-08, 0
700833601, 0.0, 8.54e-08, 1e-08, 102
701611201, 0.29, 5.86e-08, 1e-08, 102
702129601, 0.0, 6.7e-08, 1e-08, 102
702648001, 0.33, 1.13e-07, 1e-08, 102
702907201, 0.11, 1.53e-07, 1e-08, 102
703166401, 0.0, 8.7e-08, 1e-08, 101
703425601, 0.02, 1.06e-07, 1e-08, 0
703684801, 0.98, 1.42e-07, 1e-08, 0
704462401, 0.0, 2.15e-07, 1e-08, 102
704721601, 0.0, 2.15e-07, 1e-08, 0
704980801, 0.0, 1.6e-07, 1e-08, 102
705240001, 0.05, 1.93e-07, 1e-08, 0
705499201, 0.0, 1.34e-07, 1e-08, 102
705758401, 0.0, 5.02e-08, 1e-08, 102
706276801, 0.1, 6.42e-08, 1e-08, 0
706536001, 0.0, 7.58e-08, 1e-08, 101
706795201, 0.0, 6.3e-08, 1e-08, 102
707054401, 0.0, 9.68e-08, 1e-08, 101
707832001, 0.0, 1.36e-07, 1e-08, 102
708350401, 0.0, 5.64e-08, 1e-08, 102
708609601, 0.01, 7.85e-08, 1e-08, 102
708868801, 0.0, 5.77e-08, 1e-08, 102
709128001, 0.0, 4.55e-08, 1e-08, 102
709387201, 0.0, 4.29e-08, 1e-08, 102
709646401, 0.0, 3.46e-08, 1e-08, 102
709905601, 0.0, 5.1e-08, 1e-08, 102
710942401, 0.01, 7.95e-08, 1e-08, 102
711201601, 0.0, 5.55e-08, 1e-08, 101
711460801, 0.0, 9.9e-08, 1e-08, 101
711720001, 0.91, 1.15e-07, 1e-08, 0
712238401, 0.0, 5.31e-08, 1e-08, 101
712497601, 0.4, 8.12e-08, 1e-08, 102
712756801, 0.42, 7.41e-08, 1e-08, 102
713275201, 0.09, 5.88e-08, 1e-08, 0
713534401, 0.0, 4.46e-08, 1e-08, 101
713793601, 0.68, 7.1e-08, 1e-08, 102
714052801, 0.0, 7.02e-08, 1e-08, 0
714312001, 0.91, 6.41e-08, 1e-08, 0
714571201, 0.0, 4.57e-08, 1e-08, 102
714830401, 0.0, 4.28e-08, 1e-08, 102
715348801, 0.0, 7.21e-08, 1e-08, 101
715608001, 0.5, 7.83e-08, 1e-08, 0
715867201, 0.0, 8.61e-08, 1e-08, 102
716126401, 0.0, 8.63e-08, 1e-08, 101
716644801, 0.0, 7.72e-08, 1e-08, 102
716904001, 0.0, 6.25e-08, 1e-08, 101
717940801, 0.0, 9.02e-08, 1e-08, 102
718459201, 0.0, 1.12e-07, 1e-08, 102
718718401, 0.0, 2.6e-07, 1e-08, 102
718977601, 0.0, 2.13e-07, 1e-08, 102
719236801, 0.0, 3.79e-07, 1e-08, 102
719496001, 0.0, 5.67e-08, 1e-08, 102
719755201, 0.0, 5.68e-08, 1e-08, 102
720014401, 0.51, 8.29e-08, 1e-08, 0
720273601, 0.82, 1.1e-07, 1e-08, 102
720792001, 0.0, 5.39e-08, 1e-08, 102
721051201, 0.0, 7.92e-08, 1e-08, 102
721828801, 0.0, 8.7e-08, 1e-08, 102
722347201, 0.0, 6.57e-08, 1e-08, 102
722606401, 0.32, 7.28e-08, 1e-08, 0
723124801, 0.19, 7.16e-08, 1e-08, 0
723643201, 0.0, 3.58e-08, 1e-08, 102
723902401, 0.15, 6.02e-08, 1e-08, 0
724161601, 0.0, 4.93e-08, 1e-08, 102
724420801, 0.14, 6.86e-08, 1e-08, 0
725457601, 0.34, 9.16e-08, 1e-08, 0
725716801, 0.0, 1.33e-07, 1e-08, 102
726235201, 0.18, 7.73e-08, 1e-08, 102
726494401, 0.0, 4.47e-08, 1e-08, 102
726753601, 0.38, 7.33e-08, 1e-08, 0
727012801, 0.14, 6.3e-08, 1e-08, 0
727272001, 0.95, 4.59e-08, 1e-08, 102
727790401, 0.0, 4.51e-08, 1e-08, 101
728049601, 0.83, 7.22e-08, 1e-08, 0
728308801, 0.0, 4.24e-08, 1e-08, 102
729086401, 0.72, 8.64e-08, 1e-08, 0
729604801, 0.0, 5.85e-08, 1e-08, 102
729864001, 0.0, 6.35e-08, 1e-08, 101
731419201, 0.0, 5.13e-08, 1e-08, 101
731678401, 0.22, 9.45e-08, 1e-08, 0
732456001, 0.0, 7.33e-08, 1e-08, 102
732715201, 0.0, 0.000104, 1e-08, 102
733233601, 0.52, 7.87e-08, 1e-08, 102
733752001, 0.0, 6.98e-08, 1e-08, 101
734011201, 0.0, 7.28e-08, 1e-08, 101
734529601, 0.0, 1.33e-07, 1e-08, 101
735048001, 0.0, 1.13e-07, 1e-08, 102
735307201, 0.0, 1.03e-07, 1e-08, 102
735566401, 0.0, 6.41e-08, 1e-08, 101
735825601, 0.02, 1.02e-07, 1e-08, 0
736084801, 0.0, 1.09e-07, 1e-08, 101
736344001, 0.0, 1.53e-07, 1e-08, 102
736603201, 0.04, 1.61e-07, 1e-08, 0
736862401, 0.0, 1.07e-07, 1e-08, 101
737121601, 0.0, 8.78e-08, 1e-08, 101
737899201, 0.0, 4.98e-08, 1e-08, 102
738158401, 0.15, 7.35e-08, 1e-08, 0
738676801, 0.0, 7.9e-08, 1e-08, 101
738936001, 0.0, 9.39e-08, 1e-08, 101
739454401, 0.0, 7.95e-08, 1e-08, 102
739713601, 0.0, 1.16e-07, 1e-08, 102
740491201, 0.0, 6.98e-08, 1e-08, 102
741009601, 0.0, 3.46e-08, 1e-08, 102
741268801, 0.0, 7.07e-08, 1e-08, 102
741528001, 0.05, 5.73e-08, 1e-08, 102
741787201, 0.0, 4.93e-08, 1e-08, 101
