timestamp, ts, flux_upper_limits, fit_tolerance, fit_convergence
239889601, 0.0, 3.97e-08, 1e-08, 102
241704001, 0.38, 4.5e-08, 1e-08, 0
244728001, 0.0, 3.51e-08, 1e-08, 102
245332801, 0.01, 4.54e-08, 1e-08, 0
247147201, 0.0, 2.67e-08, 1e-08, 102
251985601, 0.0, 2.13e-08, 1e-08, 102
252590401, 0.0, 3.32e-08, 1e-08, 102
258638401, 0.0, 5.87e-08, 1e-08, 102
262872001, 0.49, 5.33e-08, 1e-08, 0
265291201, 0.11, 2.96e-08, 1e-08, 0
265896001, 0.86, 3.43e-08, 1e-08, 102
267710401, 0.65, 5.25e-08, 1e-08, 0
268315201, 0.16, 4.72e-08, 1e-08, 0
271944001, 0.0, 3.81e-08, 1e-08, 102
273758401, 0.0, 3.92e-08, 1e-08, 102
274363201, 0.77, 4.35e-08, 1e-08, 102
274968001, 0.0, 4.29e-08, 1e-08, 0
276782401, 0.12, 4.02e-08, 1e-08, 0
277387201, 0.95, 4.89e-08, 1e-08, 0
279806401, 0.0, 3.84e-08, 1e-08, 0
284644801, 0.01, 3.48e-08, 1e-08, 102
285854401, 0.0, 2.94e-08, 1e-08, 102
287668801, 0.0, 3.58e-08, 1e-08, 102
288273601, 0.0, 4.67e-08, 1e-08, 102
290088001, 0.0, 3.69e-08, 1e-08, 0
291297601, 0.87, 4.93e-08, 1e-08, 0
293112001, 0.0, 2.74e-08, 1e-08, 102
294321601, 0.01, 3.17e-08, 1e-08, 102
294926401, 0.0, 2.73e-08, 1e-08, 102
296740801, 0.0, 2.97e-08, 1e-08, 0
297950401, 0.88, 5.41e-08, 1e-08, 0
298555201, 0.37, 4.6e-08, 1e-08, 0
302184001, 0.54, 4.87e-08, 1e-08, 0
302788801, 0.62, 5.51e-08, 1e-08, 0
303393601, 0.0, 4.62e-08, 1e-08, 102
303998401, 0.13, 4.02e-08, 1e-08, 1
304603201, 0.02, 4.22e-08, 1e-08, 0
308232001, 0.0, 2.48e-08, 1e-08, 102
308836801, 0.01, 4.27e-08, 1e-08, 0
310046401, 0.69, 5.22e-08, 1e-08, 0
313070401, 0.0, 4.17e-08, 1e-08, 0
313675201, 0.15, 4.01e-08, 1e-08, 102
319723201, 0.0, 3.13e-08, 1e-08, 0
320328001, 0.2, 5.48e-08, 1e-08, 0
320932801, 0.81, 6.82e-08, 1e-08, 0
322747201, 0.0, 3.77e-08, 1e-08, 0
325166401, 0.19, 4.97e-08, 1e-08, 102
325771201, 0.0, 3.78e-08, 1e-08, 102
326980801, 0.0, 2.74e-08, 1e-08, 102
333028801, 0.0, 2.6e-08, 1e-08, 102
334843201, 0.0, 2.55e-08, 1e-08, 102
336052801, 0.18, 5.95e-08, 1e-08, 0
337262401, 0.0, 2.77e-08, 1e-08, 102
338472001, 0.82, 4.82e-08, 1e-08, 0
339681601, 0.0, 3.56e-08, 1e-08, 0
340286401, 0.6, 4.84e-08, 1e-08, 102
340891201, 0.07, 4.54e-08, 1e-08, 102
341496001, 0.54, 3.56e-08, 1e-08, 102
342100801, 0.71, 4.44e-08, 1e-08, 102
342705601, 0.0, 3.71e-08, 1e-08, 1
346939201, 0.64, 5.29e-08, 1e-08, 102
354801601, 0.0, 2.7e-08, 1e-08, 0
356011201, 0.58, 4.04e-08, 1e-08, 0
357825601, 0.66, 4.14e-08, 1e-08, 0
359640001, 0.3, 3.87e-08, 1e-08, 102
362059201, 0.9, 5.97e-08, 1e-08, 102
362664001, 0.0, 4.66e-08, 1e-08, 102
365083201, 0.38, 3.44e-08, 1e-08, 102
368712001, 0.75, 5.97e-08, 1e-08, 0
375364801, 0.13, 4.26e-08, 1e-08, 0
376574401, 0.0, 3.43e-08, 1e-08, 0
379598401, 0.0, 3.8e-08, 1e-08, 1
380203201, 0.45, 6.92e-08, 1e-08, 0
393508801, 0.0, 2.95e-08, 1e-08, 102
395928001, 0.38, 4.65e-08, 1e-08, 0
403790401, 0.07, 5.21e-08, 1e-08, 0
409233601, 0.0, 5.14e-08, 1e-08, 102
415281601, 0.0, 5.89e-08, 1e-08, 0
418910401, 0.37, 6.71e-08, 1e-08, 0
421329601, 0.01, 3.4e-08, 1e-08, 0
422539201, 0.02, 4.79e-08, 1e-08, 0
423144001, 0.0, 4.27e-08, 1e-08, 102
423748801, 0.0, 4.12e-08, 1e-08, 102
424353601, 0.08, 5.78e-08, 1e-08, 102
424958401, 0.02, 4.58e-08, 1e-08, 0
425563201, 0.0, 4.18e-08, 1e-08, 102
426168001, 0.0, 3.88e-08, 1e-08, 102
427377601, 0.0, 4.05e-08, 1e-08, 0
428587201, 0.0, 3.94e-08, 1e-08, 102
429192001, 0.01, 5.93e-08, 1e-08, 0
429796801, 0.0, 4.36e-08, 1e-08, 102
432820801, 0.0, 4e-08, 1e-08, 0
434030401, 0.35, 5.64e-08, 1e-08, 0
435844801, 0.0, 3.69e-08, 1e-08, 1
437054401, 0.0, 4.21e-08, 1e-08, 102
437659201, 0.02, 4.84e-08, 1e-08, 0
438264001, 0.03, 4.57e-08, 1e-08, 0
439473601, 0.0, 3.97e-08, 1e-08, 102
441892801, 0.0, 3.34e-08, 1e-08, 102
442497601, 0.96, 4.72e-08, 1e-08, 0
443102401, 0.77, 5.89e-08, 1e-08, 102
443707201, 0.0, 2.84e-08, 1e-08, 0
446126401, 0.84, 4.83e-08, 1e-08, 102
446731201, 0.52, 5.41e-08, 1e-08, 0
448545601, 0.0, 5.3e-08, 1e-08, 102
449150401, 0.02, 4.12e-08, 1e-08, 102
449755201, 0.0, 4.49e-08, 1e-08, 102
453384001, 0.0, 3.01e-08, 1e-08, 102
454593601, 0.61, 5.2e-08, 1e-08, 102
457012801, 0.0, 3.6e-08, 1e-08, 0
458827201, 0.59, 5.8e-08, 1e-08, 0
459432001, 0.06, 4.01e-08, 1e-08, 102
460641601, 0.0, 3.89e-08, 1e-08, 0
463060801, 0.29, 3.74e-08, 1e-08, 0
463665601, 0.0, 3.66e-08, 1e-08, 0
464270401, 0.0, 2.66e-08, 1e-08, 0
464875201, 0.0, 2.84e-08, 1e-08, 102
465480001, 0.0, 2.55e-08, 1e-08, 0
467294401, 0.0, 4.17e-08, 1e-08, 102
468504001, 0.0, 2.59e-08, 1e-08, 102
469108801, 0.0, 2.77e-08, 1e-08, 102
470318401, 0.0, 2.15e-08, 1e-08, 102
472132801, 0.02, 3.89e-08, 1e-08, 0
473947201, 0.95, 6.61e-08, 1e-08, 0
474552001, 0.76, 5.12e-08, 1e-08, 0
475761601, 0.45, 4.26e-08, 1e-08, 0
477576001, 0.94, 3.83e-08, 1e-08, 102
478180801, 0.0, 4.11e-08, 1e-08, 102
479995201, 0.8, 3.76e-08, 1e-08, 0
480600001, 0.85, 5.08e-08, 1e-08, 0
481204801, 0.0, 4.25e-08, 1e-08, 102
482414401, 0.0, 2.79e-08, 1e-08, 102
483019201, 0.41, 4.24e-08, 1e-08, 0
485438401, 0.0, 3.21e-08, 1e-08, 102
486043201, 0.63, 5.31e-08, 1e-08, 0
487252801, 0.0, 3.46e-08, 1e-08, 0
487857601, 0.29, 4.84e-08, 1e-08, 102
489672001, 0.84, 5.49e-08, 1e-08, 0
493300801, 0.0, 3.2e-08, 1e-08, 102
495115201, 0.23, 3.48e-08, 1e-08, 102
495720001, 0.0, 3.77e-08, 1e-08, 0
496324801, 0.0, 3.1e-08, 1e-08, 102
497534401, 0.0, 4.54e-08, 1e-08, 0
498744001, 0.87, 6.67e-08, 1e-08, 0
499348801, 0.0, 4.26e-08, 1e-08, 0
501163201, 0.0, 3.5e-08, 1e-08, 102
501768001, 0.0, 2.75e-08, 1e-08, 102
502372801, 0.19, 4.31e-08, 1e-08, 0
503582401, 0.04, 4.71e-08, 1e-08, 102
505396801, 0.0, 4.13e-08, 1e-08, 102
506001601, 0.48, 5.88e-08, 1e-08, 0
506606401, 0.0, 3.8e-08, 1e-08, 102
507211201, 0.0, 4.05e-08, 1e-08, 102
509025601, 0.0, 4.33e-08, 1e-08, 102
509630401, 0.11, 6.2e-08, 1e-08, 0
511444801, 0.32, 3.66e-08, 1e-08, 0
512049601, 0.0, 3.72e-08, 1e-08, 0
512654401, 0.6, 5.26e-08, 1e-08, 102
513259201, 0.13, 2.05e-08, 1e-08, 0
513864001, 0.27, 4.86e-08, 1e-08, 0
514468801, 0.0, 3.5e-08, 1e-08, 0
515678401, 0.0, 3.7e-08, 1e-08, 102
516283201, 0.13, 4.75e-08, 1e-08, 0
517492801, 0.0, 3.97e-08, 1e-08, 102
518097601, 0.0, 4.11e-08, 1e-08, 102
518702401, 0.0, 3.12e-08, 1e-08, 102
519307201, 0.2, 5.18e-08, 1e-08, 0
519912001, 0.0, 4.45e-08, 1e-08, 102
520516801, 0.04, 3.85e-08, 1e-08, 0
521726401, 0.0, 3.53e-08, 1e-08, 0
525355201, 0.83, 4.17e-08, 1e-08, 0
525960001, 0.0, 3.6e-08, 1e-08, 102
526564801, 0.0, 2.97e-08, 1e-08, 0
527774401, 0.02, 4.03e-08, 1e-08, 0
528379201, 0.0, 3.58e-08, 1e-08, 0
529588801, 0.0, 2.62e-08, 1e-08, 102
530193601, 0.83, 4.5e-08, 1e-08, 0
531403201, 0.26, 3.63e-08, 1e-08, 0
532008001, 0.0, 2.46e-08, 1e-08, 102
532612801, 0.0, 3.33e-08, 1e-08, 102
533822401, 0.33, 4.4e-08, 1e-08, 0
534427201, 0.09, 4.24e-08, 1e-08, 102
535636801, 0.36, 4.01e-08, 1e-08, 0
536846401, 0.0, 2.89e-08, 1e-08, 102
537451201, 0.66, 4.62e-08, 1e-08, 0
538660801, 0.44, 3.45e-08, 1e-08, 102
539265601, 0.0, 5.59e-08, 1e-08, 102
539870401, 0.55, 4.73e-08, 1e-08, 102
541080001, 0.0, 3.11e-08, 1e-08, 0
541684801, 0.72, 6.49e-08, 1e-08, 0
542289601, 0.0, 3.38e-08, 1e-08, 0
544708801, 0.0, 3.08e-07, 1e-08, 102
545313601, 0.4, 8.08e-08, 1e-08, 0
546523201, 0.0, 4.31e-08, 1e-08, 102
547128001, 0.69, 3.65e-08, 1e-08, 0
547732801, 0.84, 2.79e-08, 1e-08, 0
548337601, 0.0, 7.86e-08, 1e-08, 102
549547201, 0.48, 4.18e-08, 1e-08, 0
550152001, 0.0, 3.22e-08, 1e-08, 102
551966401, 0.0, 8.68e-07, 1e-08, 102
555595201, 0.0, 3.09e-08, 1e-08, 102
556200001, 0.0, 6.21e-08, 1e-08, 102
558014401, 0.0, 1.9e-05, 1e-08, 102
559828801, 0.8, 6.62e-08, 1e-08, 0
560433601, 0.08, 4.53e-08, 1e-08, 0
561038401, 0.0, 4.79e-07, 1e-08, 102
562852801, 0.25, 3.46e-08, 1e-08, 0
563457601, 0.85, 2.66e-08, 1e-08, 0
565272001, 0.0, 3.27e-08, 1e-08, 102
567086401, 0.0, 3.7e-08, 1e-08, 102
567691201, 0.34, 5.29e-08, 1e-08, 102
568296001, 0.0, 3.21e-08, 1e-08, 102
568900801, 0.0, 2.39e-08, 1e-08, 102
570110401, 0.43, 3.38e-08, 1e-08, 0
571320001, 0.0, 4.21e-07, 1e-08, 0
571924801, 0.0, 5.88e-07, 1e-08, 102
572529601, 0.0, 2.8e-08, 1e-08, 0
573134401, 0.0, 4.51e-08, 1e-08, 102
573739201, 0.78, 6.92e-08, 1e-08, 0
574948801, 0.0, 3.64e-08, 1e-08, 102
575553601, 0.0, 2.03e-08, 1e-08, 0
576763201, 0.14, 2.83e-08, 1e-08, 0
577368001, 0.26, 4.07e-08, 1e-08, 0
577972801, 0.29, 5.32e-08, 1e-08, 0
580996801, 0.0, 2.62e-08, 1e-08, 102
581601601, 0.0, 3.03e-08, 1e-08, 102
582206401, 0.63, 5.55e-08, 1e-08, 102
582811201, 0.2, 5.08e-08, 1e-08, 102
584625601, 0.18, 5.36e-08, 1e-08, 0
585230401, 0.04, 5.21e-08, 1e-08, 0
586440001, 0.0, 4.71e-08, 1e-08, 0
587649601, 0.35, 6.23e-08, 1e-08, 0
588254401, 0.0, 3.66e-08, 1e-08, 102
588859201, 0.0, 1.02e-07, 1e-08, 102
590068801, 0.32, 4.65e-08, 1e-08, 0
590673601, 0.1, 4.19e-08, 1e-08, 102
591278401, 0.27, 2.38e-08, 1e-08, 0
591883201, 0.96, 5.2e-08, 1e-08, 102
593092801, 0.0, 3.46e-08, 1e-08, 102
593697601, 0.0, 3.69e-08, 1e-08, 102
595512001, 0.0, 2.9e-08, 1e-08, 102
596721601, 0.14, 4.28e-08, 1e-08, 0
597326401, 0.0, 2.96e-08, 1e-08, 0
597931201, 0.25, 3.24e-08, 1e-08, 0
599140801, 0.18, 3.78e-08, 1e-08, 0
599745601, 0.21, 5.49e-08, 1e-08, 102
601560001, 0.76, 4.78e-08, 1e-08, 102
602164801, 0.89, 4.57e-08, 1e-08, 102
602769601, 0.0, 1.8e-06, 1e-08, 102
603374401, 0.0, 1.15e-06, 1e-08, 0
603979201, 0.0, 4.74e-08, 1e-08, 102
604584001, 0.3, 5.32e-08, 1e-08, 0
605188801, 0.97, 6.71e-08, 1e-08, 0
607003201, 0.45, 5.04e-08, 1e-08, 0
607608001, 0.0, 3.33e-08, 1e-08, 102
608817601, 0.0, 2.23e-08, 1e-08, 0
610027201, 0.02, 4.41e-08, 1e-08, 0
610632001, 0.25, 5.83e-08, 1e-08, 0
611236801, 0.98, 4.67e-08, 1e-08, 102
612446401, 0.0, 2.57e-08, 1e-08, 102
613051201, 0.48, 3.93e-08, 1e-08, 102
613656001, 0.21, 3.1e-08, 1e-08, 0
614260801, 0.13, 4.58e-08, 1e-08, 0
614865601, 0.0, 3.4e-08, 1e-08, 0
616075201, 0.66, 4.56e-08, 1e-08, 0
616680001, 0.29, 6.68e-08, 1e-08, 0
617284801, 0.75, 7.71e-08, 1e-08, 0
617889601, 0.59, 8.25e-08, 1e-08, 0
620913601, 0.0, 1.77e-07, 1e-08, 0
621518401, 0.0, 8.19e-08, 1e-08, 0
622123201, 0.0, 3.66e-08, 1e-08, 0
622728001, 0.0, 2.71e-08, 1e-08, 102
624542401, 0.12, 4.24e-08, 1e-08, 0
625752001, 0.0, 3.47e-08, 1e-08, 102
626961601, 0.5, 3.13e-08, 1e-08, 102
627566401, 0.01, 3.23e-08, 1e-08, 102
628171201, 0.0, 3.1e-08, 1e-08, 0
628776001, 0.0, 2.92e-08, 1e-08, 0
630590401, 0.31, 4.85e-08, 1e-08, 0
631195201, 0.0, 4.25e-08, 1e-08, 102
631800001, 0.0, 4.81e-08, 1e-08, 0
633009601, 0.98, 5.26e-08, 1e-08, 0
633614401, 0.0, 4.44e-08, 1e-08, 102
634824001, 0.0, 4.33e-06, 1e-08, 102
635428801, 0.0, 4.49e-06, 1e-08, 102
636638401, 0.44, 5.32e-08, 1e-08, 102
637243201, 0.52, 6.39e-08, 1e-08, 0
640267201, 0.22, 3.48e-08, 1e-08, 0
640872001, 0.32, 3.41e-08, 1e-08, 0
641476801, 0.26, 3.62e-08, 1e-08, 0
642686401, 0.0, 2.58e-08, 1e-08, 102
643291201, 0.0, 2.69e-08, 1e-08, 102
643896001, 0.0, 2.74e-08, 1e-08, 102
645710401, 0.0, 2.99e-08, 1e-08, 102
646315201, 0.0, 3.05e-08, 1e-08, 102
648129601, 0.0, 3.24e-08, 1e-08, 0
648734401, 0.0, 7.53e-08, 1e-08, 0
649339201, 0.06, 5.24e-08, 1e-08, 102
649944001, 0.94, 6.52e-08, 1e-08, 102
650548801, 0.0, 4.05e-08, 1e-08, 0
651758401, 0.0, 3.89e-08, 1e-08, 102
652363201, 0.0, 3.79e-08, 1e-08, 102
652968001, 0.0, 2.49e-07, 1e-08, 102
653572801, 0.04, 5.13e-08, 1e-08, 0
654782401, 0.01, 3.36e-08, 1e-08, 0
655387201, 0.0, 2.21e-08, 1e-08, 102
655992001, 0.0, 3.87e-08, 1e-08, 102
656596801, 0.02, 4.06e-08, 1e-08, 0
657201601, 0.03, 3.54e-08, 1e-08, 0
657806401, 0.0, 2.91e-08, 1e-08, 0
659016001, 0.0, 2.1e-08, 1e-08, 102
659620801, 0.0, 2.43e-08, 1e-08, 0
660225601, 0.0, 2.14e-08, 1e-08, 102
660830401, 0.0, 3.29e-08, 1e-08, 0
661435201, 0.15, 2.29e-08, 1e-08, 0
662040001, 0.0, 3.46e-08, 1e-08, 102
662644801, 0.88, 5.84e-08, 1e-08, 102
663854401, 0.98, 9.12e-08, 1e-08, 0
664459201, 0.0, 2.5e-08, 1e-08, 102
665668801, 0.0, 3.83e-08, 1e-08, 102
666878401, 0.0, -1.0, 1e-08, 101
667483201, 0.0, 8.04e-08, 1e-08, 102
668088001, 0.0, 2.46e-08, 1e-08, 1
668692801, 0.0, 4.95e-08, 1e-08, 102
669297601, 0.0, 4.21e-08, 1e-08, 0
670507201, 0.84, 5.65e-08, 1e-08, 102
671112001, 0.41, 3.98e-08, 1e-08, 102
671716801, 0.0, 3.1e-08, 1e-08, 0
672321601, 0.0, 3.32e-08, 1e-08, 102
673531201, 0.0, 2.53e-08, 1e-08, 0
674136001, 0.05, 5.88e-08, 1e-08, 0
674740801, 0.0, 3.56e-08, 1e-08, 102
675345601, 0.0, 3.52e-08, 1e-08, 0
675950401, 0.36, 3.76e-08, 1e-08, 0
676555201, 0.0, 2.78e-08, 1e-08, 102
678369601, 0.07, 5.01e-08, 1e-08, 0
680184001, 0.0, 4.55e-08, 1e-08, 102
680788801, 0.01, 7.65e-08, 1e-08, 0
682603201, 0.08, 3.7e-08, 1e-08, 0
683208001, 0.0, 4.4e-08, 1e-08, 101
683812801, 0.0, 3.55e-08, 1e-08, 102
684417601, 0.0, 4.36e-08, 1e-08, 102
685022401, 0.04, 1.48e-07, 1e-08, 0
685627201, 0.17, 4.83e-08, 1e-08, 0
686836801, 0.08, 2.62e-08, 1e-08, 0
687441601, 0.0, 2.51e-08, 1e-08, 101
688046401, 0.0, 3.27e-08, 1e-08, 101
688651201, 0.0, 2.96e-08, 1e-08, 101
689256001, 0.0, 2.66e-08, 1e-08, 101
690465601, 0.03, 2.92e-08, 1e-08, 0
691675201, 0.0, 2.35e-08, 1e-08, 101
692280001, 0.77, 2.85e-08, 1e-08, 0
694699201, 0.0, 5.21e-08, 1e-08, 101
695304001, 0.0, 6.84e-08, 1e-08, 101
695908801, 0.0, 4.45e-08, 1e-08, 101
696513601, 0.47, 4.87e-08, 1e-08, 0
698328001, 0.0, 6.38e-08, 1e-08, 101
698932801, 0.0, -1.0, 1e-08, 101
699537601, 0.0, 4.12e-08, 1e-08, 101
700142401, 0.0, 4.23e-08, 1e-08, 101
700747201, 0.01, 4.65e-08, 1e-08, 0
701352001, 0.0, 4.37e-08, 1e-08, 0
701956801, 0.08, 4.88e-08, 1e-08, 102
704376001, 0.0, 2.22e-08, 1e-08, 101
706795201, 0.0, 4.69e-08, 1e-08, 102
708004801, 0.84, 5e-08, 1e-08, 0
708609601, 0.0, 2.22e-08, 1e-08, 101
711028801, 0.79, 4.39e-08, 1e-08, 102
711633601, 0.0, 2.63e-08, 1e-08, 101
712238401, 0.46, 7.18e-08, 1e-08, 102
712843201, 0.12, 7.37e-08, 1e-08, 0
713448001, 0.0, 9.58e-08, 1e-08, 101
714052801, 0.0, 3.71e-08, 1e-08, 101
714657601, 0.0, 3.66e-08, 1e-08, 101
715867201, 0.0, 4.64e-08, 1e-08, 101
716472001, 0.87, 6e-08, 1e-08, 0
717076801, 0.0, 6.56e-08, 1e-08, 102
717681601, 0.0, 3.32e-08, 1e-08, 101
718286401, 0.0, 4.26e-08, 1e-08, 101
718891201, 0.84, 3.79e-08, 1e-08, 0
720705601, 0.0, 2.49e-08, 1e-08, 102
721310401, 0.0, 2.43e-08, 1e-08, 101
722520001, 0.88, 3.26e-08, 1e-08, 0
723729601, 0.32, 4.44e-08, 1e-08, 0
724939201, 0.0, 3.15e-08, 1e-08, 102
726148801, 0.0, 3.64e-08, 1e-08, 101
729777601, 0.0, 2.49e-08, 1e-08, 101
730382401, 0.0, 1.25e-06, 1e-08, 101
733406401, 0.06, 5.73e-08, 1e-08, 0
734011201, 0.92, 4.91e-08, 1e-08, 0
734616001, 0.38, 4.39e-08, 1e-08, 102
735220801, 0.0, 2.07e-08, 1e-08, 101
736430401, 0.0, 2.28e-08, 1e-08, 101
737035201, 0.54, 4.13e-08, 1e-08, 0
738244801, 0.68, 4.52e-08, 1e-08, 0
738849601, 0.97, 3.81e-08, 1e-08, 0
739454401, 0.0, 3.82e-08, 1e-08, 102
740059201, 0.22, 3.33e-08, 1e-08, 0
