timestamp, ts, flux, flux_error, photon_index, photon_index_interval, fit_tolerance, fit_convergence
240753601, 5.33, 5.94e-08, 4.17e-08, 2.71, 0.63, 1e-08, 0
241012801, 1.34, 4.83e-08, 4.88e-08, 3.55, 5.93, 1e-08, 102
241272001, 2.7, 3.6e-09, 4.8e-09, 1.08, 0.74, 1e-08, 0
241790401, 6.25, 1.88e-08, 2.97e-08, 1.74, 0.82, 1e-08, 0
242827201, 8.71, 7.76e-09, 1.39e-08, 1.17, 1.04, 1e-08, 0
243345601, 2.27, 3.67e-08, 4.03e-08, 2.42, 0.79, 1e-08, 0
243864001, 9.53, 6.67e-08, 4.05e-08, 2.24, 0.47, 1e-08, 0
244123201, 1.06, 5.2e-08, 5.89e-08, 5.0, 0, 1e-08, 0
245160001, 8.2, 1.33e-07, 9.92e-08, 3.79, 2.77, 1e-08, 102
245419201, 5.41, 1.26e-08, 1.19e-08, 1.46, 0.51, 1e-08, 0
245678401, 5.12, 1.09e-07, 5.6e-08, 3.94, 3.03, 1e-08, 102
245937601, 2.92, 8.67e-08, 6.02e-08, 4.97, 2.26, 1e-08, 0
246456001, 1.1, 4.67e-08, 5.14e-08, 3.56, 6.72, 1e-08, 102
246715201, 2.53, 4.08e-08, 3.8e-08, 2.72, 0.77, 1e-08, 0
247233601, 5.72, 1.22e-08, 1.67e-08, 1.32, 0.77, 1e-08, 0
248529601, 9.51, 2.59e-09, 2.63e-09, 0.47, 0.68, 1e-08, 0
249048001, 1.85, 5.36e-08, 1.67e-07, 3.52, 0.73, 1e-08, 0
250084801, 5.5, 1.03e-07, 5.92e-08, 4.11, 3.05, 1e-08, 102
250862401, 9.02, 3.93e-08, 2.97e-08, 2.18, 0.56, 1e-08, 0
251121601, 2.67, 3.57e-08, 3.68e-08, 2.1, 0.65, 1e-08, 0
251380801, 1.43, 1.25e-08, 2.31e-08, 2.19, 1.2, 1e-08, 0
251899201, 2.04, 3.67e-08, 3.88e-08, 2.48, 0.97, 1e-08, 0
252158401, 1.18, 5.72e-08, 6.9e-08, 5.0, 0, 1e-08, 0
255787201, 3.13, 7.32e-09, 9.8e-09, 1.58, 0.79, 1e-08, 0
256824001, 2.61, 5.83e-08, 5.38e-08, 2.98, 0.95, 1e-08, 0
257342401, 18.33, 7.8e-09, 6.38e-09, 0.92, 0.52, 1e-08, 0
258379201, 2.64, 8.32e-08, 6.37e-08, 5.0, 0, 1e-08, 0
258897601, 2.52, 7.67e-08, 1.42e-07, 3.33, 5.29, 1e-08, 102
259934401, 5.85, 1.75e-08, 2.79e-08, 1.89, 0.89, 1e-08, 0
260193601, 1.36, 2.23e-08, 3.02e-08, 2.27, 0.84, 1e-08, 0
260971201, 3.37, 6.13e-08, 5.58e-08, 2.44, 0.65, 1e-08, 0
262267201, 1.36, 3.08e-08, 3.54e-08, 2.74, 1.14, 1e-08, 0
262526401, 2.07, 4.13e-09, 5.89e-09, 1.39, 0.8, 1e-08, 0
265636801, 1.53, 1.54e-08, 2.14e-08, 1.85, 0.82, 1e-08, 0
266155201, 7.43, 6.21e-09, 8.8e-09, 1.13, 0.85, 1e-08, 0
266414401, 2.23, 6.94e-08, 7.65e-08, 3.67, 2.46, 1e-08, 102
266673601, 5.34, 1.26e-07, 6.8e-08, 4.19, 2.96, 1e-08, 102
267192001, 3.18, 3.83e-08, 3.28e-08, 2.56, 0.64, 1e-08, 0
267969601, 2.73, 6.25e-08, 1.08e-07, 3.1, 5, 1e-08, 102
269006401, 7.08, 9.88e-09, 1.36e-08, 1.4, 0.72, 1e-08, 0
269524801, 5.58, 4.1e-09, 4.79e-09, 0.84, 0.76, 1e-08, 0
269784001, 5.82, 1.39e-07, 1.92e-06, 3.85, 2.92, 1e-08, 102
270302401, 7.28, 8.69e-08, 5.3e-08, 2.56, 0.57, 1e-08, 0
270561601, 6.3, 3.99e-08, 3.47e-08, 2.0, 0.58, 1e-08, 0
270820801, 6.74, 4.36e-09, 4.87e-09, 1.0, 0.71, 1e-08, 0
271339201, 3.84, 9.09e-08, 5.79e-08, 5.0, 0, 1e-08, 0
271598401, 7.67, 2.79e-09, 2.85e-09, 0.68, 0.65, 1e-08, 0
272116801, 10.09, 8.51e-08, 5.1e-08, 2.6, 0.52, 1e-08, 0
272635201, 1.5, 5.02e-08, 5.29e-08, 3.64, 5.78, 1e-08, 102
272894401, 1.2, 2.01e-08, 2.67e-08, 2.19, 0.79, 1e-08, 0
273153601, 10.1, 6.52e-08, 3.89e-08, 2.16, 0.42, 1e-08, 0
273412801, 16.7, 4.54e-09, 3.61e-09, 0.61, 0.5, 1e-08, 0
273931201, 15.47, 5.41e-08, 5.52e-08, 1.95, 0.63, 1e-08, 0
274449601, 1.63, 5.51e-08, 7.58e-08, 3.3, 1.44, 1e-08, 0
275227201, 1.55, 2.14e-08, 2.45e-08, 2.2, 0.88, 1e-08, 0
276004801, 9.17, 3.88e-08, 3.88e-08, 1.97, 0.61, 1e-08, 0
276264001, 2.61, 2.88e-08, 3.25e-08, 2.03, 0.69, 1e-08, 0
276523201, 2.72, 1.11e-07, 9.28e-08, 5.0, 0, 1e-08, 0
276782401, 3.85, 3.73e-08, 3.13e-08, 2.13, 0.6, 1e-08, 0
277041601, 6.94, 1.48e-07, 9.39e-08, 3.45, 3.05, 1e-08, 102
277560001, 6.07, 8.73e-09, 8.06e-09, 1.28, 0.55, 1e-08, 0
277819201, 3.81, 1.26e-07, 7.92e-08, 5.0, 0, 1e-08, 0
279374401, 9.56, 6.08e-09, 7.83e-09, 1.06, 0.78, 1e-08, 0
279633601, 3.78, 9.97e-08, 6.54e-08, 3.28, 1.1, 1e-08, 0
279892801, 11.86, 1.11e-08, 9.58e-09, 1.24, 0.53, 1e-08, 0
280152001, 1.53, 1.4e-08, 1.94e-08, 2.12, 0.84, 1e-08, 0
280929601, 1.26, 1.78e-08, 2.67e-08, 1.9, 1.01, 1e-08, 0
281188801, 5.71, 7.04e-08, 5.05e-08, 2.46, 0.54, 1e-08, 0
283262401, 2.33, 8.63e-08, 6.95e-08, 3.34, 0.99, 1e-08, 0
283521601, 1.74, 7.15e-08, 6.56e-08, 4.53, 4.45, 1e-08, 0
283780801, 7.47, 4.51e-09, 5.15e-09, 0.86, 0.75, 1e-08, 0
284299201, 2.64, 7.82e-09, 1.09e-08, 1.61, 0.8, 1e-08, 0
284817601, 5.19, 7.66e-09, 1.11e-08, 1.33, 0.76, 1e-08, 0
285336001, 3.97, 4.22e-08, 3.59e-08, 1.95, 0.54, 1e-08, 0
285595201, 1.22, 1.79e-08, 3.09e-08, 2.17, 1.01, 1e-08, 0
285854401, 4.99, 1.08e-07, 9.61e-08, 2.98, 1.98, 1e-08, 0
286113601, 2.47, 4.38e-09, 6.52e-09, 1.02, 0.86, 1e-08, 0
286372801, 13.55, 9.31e-09, 8.47e-09, 1.21, 0.55, 1e-08, 0
286632001, 5.89, 4.73e-08, 5.67e-08, 2.33, 0.74, 1e-08, 0
287409601, 2.5, 2.18e-08, 2.2e-08, 1.58, 0.57, 1e-08, 0
287928001, 6.58, 4.99e-09, 6.23e-09, 0.9, 0.82, 1e-08, 0
288187201, 14.47, 2.34e-08, 1.75e-08, 1.39, 0.41, 1e-08, 0
289224001, 8.21, 5.4e-08, 7.19e-08, 2.37, 0.84, 1e-08, 0
289483201, 6.58, 3.18e-08, 2.83e-08, 1.91, 0.55, 1e-08, 0
290520001, 9.34, 3.3e-08, 2.7e-08, 1.82, 0.46, 1e-08, 0
290779201, 16.22, 6.76e-09, 6.14e-09, 0.48, 0.67, 1e-08, 0
291038401, 3.63, 4.19e-09, 5.03e-09, 1.04, 0.72, 1e-08, 0
291297601, 22.8, 2.28e-08, 2.07e-08, 1.33, 0.5, 1e-08, 0
291556801, 3.86, 1.08e-07, 8.3e-08, 2.98, 0.81, 1e-08, 0
291816001, 4.4, 7.26e-08, 8.73e-08, 2.49, 0.86, 1e-08, 0
292075201, 1.14, 6.3e-08, 7.49e-08, 5.0, 0, 1e-08, 0
292334401, 3.86, 3.98e-09, 4.61e-09, 1.44, 0.7, 1e-08, 0
292852801, 1.56, 1.05e-08, 1.49e-08, 1.56, 0.78, 1e-08, 0
293630401, 1.01, 3.48e-08, 4.96e-08, 2.83, 2.14, 1e-08, 0
293889601, 2.04, 6.34e-08, 6.98e-08, 3.02, 1.23, 1e-08, 0
294148801, 2.12, 2.86e-08, 5.83e-08, 2.28, 1.3, 1e-08, 0
295444801, 14.89, 2.71e-09, 2.85e-09, 0.12, 1.13, 1e-08, 0
295704001, 5.46, 3.54e-09, 4.23e-09, 0.94, 0.75, 1e-08, 0
295963201, 4.86, 1.62e-08, 1.7e-08, 1.67, 0.62, 1e-08, 0
296481601, 4.08, 1.32e-08, 1.56e-08, 1.65, 0.68, 1e-08, 0
297259201, 4.57, 7.73e-08, 8.27e-08, 2.88, 1.14, 1e-08, 0
297518401, 20.39, 1.3e-08, 1.18e-08, 1.15, 0.52, 1e-08, 0
298036801, 18.68, 4.91e-08, 4.75e-08, 1.96, 0.61, 1e-08, 0
298814401, 1.49, 6.25e-08, 6.67e-08, 5.0, 0, 1e-08, 0
299073601, 4.85, 7.94e-09, 1.07e-08, 1.23, 0.72, 1e-08, 0
299592001, 4.51, 1.12e-07, 7.9e-08, 3.68, 3.67, 1e-08, 102
299851201, 1.85, 5.77e-09, 8.76e-09, 1.51, 0.87, 1e-08, 0
300628801, 3.14, 1.04e-07, 1.13e-07, 3.38, 4.32, 1e-08, 102
300888001, 9.31, 5.18e-08, 4.68e-08, 1.93, 0.53, 1e-08, 0
301147201, 11.22, 4.02e-09, 4.26e-09, 0.65, 0.7, 1e-08, 0
301406401, 13.22, 5.52e-08, 4.02e-08, 1.89, 0.45, 1e-08, 0
301665601, 2.59, 2.25e-08, 2.47e-08, 1.85, 0.69, 1e-08, 0
301924801, 15.52, 4.36e-08, 3.11e-08, 1.86, 0.44, 1e-08, 0
302184001, 15.91, 7.38e-08, 4.63e-08, 2.26, 0.47, 1e-08, 0
302443201, 28.99, 1.23e-07, 5.69e-08, 2.44, 0.38, 1e-08, 0
302702401, 16.27, 3.41e-09, 3.46e-09, 0.0, 0, 1e-08, 0
302961601, 11.98, 5.14e-09, 5.44e-09, 0.7, 0.66, 1e-08, 0
303220801, 6.66, 3.61e-08, 3.07e-08, 2.15, 0.6, 1e-08, 0
303480001, 14.69, 9.39e-08, 5.61e-08, 2.2, 0.42, 1e-08, 0
304516801, 1.31, 1.92e-08, 3.4e-08, 2.33, 1.16, 1e-08, 0
305035201, 1.48, 2.81e-08, 4.72e-08, 2.36, 1.14, 1e-08, 0
305294401, 6.26, 5.93e-08, 5.76e-08, 2.37, 0.67, 1e-08, 0
305553601, 1.56, 3.34e-08, 5.6e-08, 2.26, 1.03, 1e-08, 0
305812801, 4.58, 2.5e-08, 3.36e-08, 2.12, 0.79, 1e-08, 0
306590401, 8.2, 3.73e-08, 3.8e-08, 2.03, 0.64, 1e-08, 0
307368001, 8.55, 8.74e-09, 8.19e-09, 1.05, 0.57, 1e-08, 0
307627201, 3.33, 3.19e-08, 3.94e-08, 1.98, 0.84, 1e-08, 0
308664001, 2.93, 6.78e-08, 1.17e-07, 2.92, 1.77, 1e-08, 0
308923201, 1.09, 5.87e-08, 9.73e-08, 3.39, 6.74, 1e-08, 102
309182401, 2.44, 6.8e-09, 1.19e-08, 1.71, 1.03, 1e-08, 0
309441601, 3.58, 1.11e-07, 7.39e-08, 3.8, 3.68, 1e-08, 102
310478401, 8.0, 6.3e-08, 5.31e-08, 2.64, 0.67, 1e-08, 0
310737601, 1.7, 1.2e-08, 1.36e-08, 1.46, 0.6, 1e-08, 0
310996801, 9.72, 4.13e-09, 4.63e-09, 0.79, 0.75, 1e-08, 0
312033601, 3.59, 6.36e-08, 5.03e-08, 2.62, 0.58, 1e-08, 0
312292801, 1.61, 8.01e-09, 9.98e-09, 1.39, 0.63, 1e-08, 0
312552001, 1.61, 5.13e-08, 5.04e-08, 2.83, 1.07, 1e-08, 0
313070401, 3.64, 1.06e-07, 3e-08, 4.29, 2, 1e-08, 102
313329601, 7.67, 1.29e-07, 1.08e-07, 3.67, 3.15, 1e-08, 102
313588801, 2.33, 7.87e-08, 9.14e-08, 3.41, 4.9, 1e-08, 102
315921601, 6.68, 5.58e-09, 6.02e-09, 0.93, 0.66, 1e-08, 0
316180801, 3.16, 3.95e-08, 3.13e-08, 1.9, 0.46, 1e-08, 0
316958401, 1.34, 1.92e-08, 2.58e-08, 1.81, 0.71, 1e-08, 0
318772801, 4.83, 2e-08, 2.35e-08, 1.87, 0.7, 1e-08, 0
319291201, 11.0, 6.9e-08, 5.6e-08, 2.07, 0.52, 1e-08, 0
319550401, 1.83, 3.95e-08, 3.97e-08, 2.49, 0.69, 1e-08, 0
319809601, 6.17, 1.04e-08, 1.25e-08, 1.25, 0.64, 1e-08, 0
320328001, 14.65, 3.82e-09, 7.38e-09, 0.06, 5.33, 1e-08, 102
320587201, 2.03, 1.48e-08, 1.72e-08, 1.79, 0.67, 1e-08, 0
320846401, 12.66, 1.64e-08, 1.43e-08, 1.34, 0.5, 1e-08, 0
321105601, 1.2, 1.76e-08, 2.48e-08, 1.91, 0.8, 1e-08, 0
321883201, 1.12, 4.2e-09, 6.22e-09, 1.21, 0.8, 1e-08, 0
322660801, 20.07, 2.18e-08, 1.8e-08, 1.5, 0.44, 1e-08, 0
322920001, 21.28, 1.39e-08, 9.79e-09, 1.33, 0.39, 1e-08, 0
323179201, 20.35, 1.41e-08, 1e-08, 1.05, 0.43, 1e-08, 0
323438401, 1.81, 1.76e-08, 2.18e-08, 2.07, 0.73, 1e-08, 0
323697601, 5.34, 3.34e-08, 3.16e-08, 1.86, 0.58, 1e-08, 0
324216001, 23.0, 4.39e-08, 3.47e-08, 1.61, 0.44, 1e-08, 0
324734401, 13.2, 5.27e-08, 4.09e-08, 1.93, 0.52, 1e-08, 0
325252801, 5.36, 3.15e-08, 2.99e-08, 2.14, 0.62, 1e-08, 0
325512001, 15.9, 6.85e-08, 3.64e-08, 2.0, 0.36, 1e-08, 0
325771201, 1.18, 2.44e-08, 3.32e-08, 2.49, 0.93, 1e-08, 0
326030401, 13.31, 2.52e-08, 2.17e-08, 1.58, 0.48, 1e-08, 0
326289601, 17.77, 2.42e-08, 2.15e-08, 1.5, 0.51, 1e-08, 0
326808001, 25.86, 1.78e-08, 1.06e-08, 1.09, 0.35, 1e-08, 0
327067201, 12.01, 2.59e-08, 3.41e-08, 1.77, 0.74, 1e-08, 0
327326401, 11.25, 5.21e-08, 3.28e-08, 1.93, 0.43, 1e-08, 0
327585601, 5.44, 5.79e-08, 4.79e-08, 2.47, 0.69, 1e-08, 0
328104001, 15.23, 4.06e-08, 2.6e-08, 1.77, 0.37, 1e-08, 0
328363201, 9.69, 2.34e-08, 2.43e-08, 1.52, 0.58, 1e-08, 0
328622401, 13.69, 1.19e-08, 9.4e-09, 1.16, 0.45, 1e-08, 0
329400001, 5.58, 5.96e-08, 4.26e-08, 2.65, 0.6, 1e-08, 0
329918401, 2.21, 8.27e-09, 1.29e-08, 1.57, 0.85, 1e-08, 0
330177601, 1.38, 1.74e-08, 2.2e-08, 2.04, 0.75, 1e-08, 0
330436801, 8.14, 3.63e-08, 3.35e-08, 1.91, 0.56, 1e-08, 0
330696001, 6.57, 4.35e-08, 3.9e-08, 2.05, 0.55, 1e-08, 0
331732801, 18.53, 2.28e-08, 2.21e-08, 1.56, 0.55, 1e-08, 0
331992001, 8.9, 1.55e-07, 9.41e-08, 3.57, 2.66, 1e-08, 102
332251201, 1.03, 2.61e-08, 3.17e-08, 2.4, 0.77, 1e-08, 0
332510401, 8.18, 2.5e-08, 2.39e-08, 1.73, 0.56, 1e-08, 0
333028801, 13.33, 2.4e-08, 2.17e-08, 1.6, 0.44, 1e-08, 0
333547201, 1.83, 4.52e-08, 4.51e-08, 2.53, 0.78, 1e-08, 0
333806401, 14.34, 1.37e-07, 6.79e-08, 2.84, 0.53, 1e-08, 0
334065601, 10.85, 7.69e-08, 5e-08, 2.25, 0.48, 1e-08, 0
334324801, 1.58, 1.13e-08, 1.7e-08, 1.82, 0.98, 1e-08, 0
335102401, 2.36, 3.8e-08, 3.29e-08, 2.19, 0.53, 1e-08, 0
335880001, 1.37, 7.51e-08, 1.8e-07, 3.65, 6.24, 1e-08, 102
337953601, 2.15, 1.66e-08, 2.04e-08, 1.47, 0.75, 1e-08, 0
338212801, 4.1, 1.21e-07, 1.09e-07, 3.69, 3.76, 1e-08, 102
338472001, 1.95, 4.2e-08, 4.49e-08, 2.83, 0.97, 1e-08, 0
338990401, 2.77, 3.56e-08, 4.54e-08, 2.2, 0.91, 1e-08, 0
339249601, 5.82, 2.56e-08, 2.42e-08, 1.61, 0.56, 1e-08, 0
341064001, 14.17, 7.22e-08, 6.49e-08, 2.22, 0.55, 1e-08, 0
341841601, 3.8, 9.92e-08, 7.99e-08, 5.0, 0, 1e-08, 0
342100801, 9.42, 1.09e-07, 6.49e-08, 2.8, 0.54, 1e-08, 0
342878401, 2.49, 2.34e-08, 2.66e-08, 1.9, 0.6, 1e-08, 0
343396801, 2.33, 5.96e-09, 7.96e-09, 1.55, 0.86, 1e-08, 0
343915201, 6.11, 1.16e-07, 6.09e-08, 3.19, 0.66, 1e-08, 0
344174401, 1.16, 1.2e-08, 1.85e-08, 1.87, 0.87, 1e-08, 0
345470401, 1.41, 5.73e-08, 6.26e-08, 2.84, 0.88, 1e-08, 0
345988801, 5.3, 1.12e-07, 7.37e-08, 2.93, 0.7, 1e-08, 0
346507201, 1.01, 3.45e-09, 5.6e-09, 1.23, 0.89, 1e-08, 0
347544001, 6.43, 1.01e-07, 7.58e-08, 2.68, 0.62, 1e-08, 0
347803201, 10.98, 1.77e-07, 7.3e-08, 3.25, 0.52, 1e-08, 0
349099201, 2.14, 2.2e-08, 3.24e-08, 2.14, 0.91, 1e-08, 0
349358401, 8.47, 4.66e-09, 5.33e-09, 0.85, 0.76, 1e-08, 0
350136001, 1.33, 6.7e-08, 7.89e-08, 3.56, 6.02, 1e-08, 102
350395201, 4.98, 5.06e-08, 3.82e-08, 2.33, 0.53, 1e-08, 0
350913601, 1.67, 3e-09, 4.01e-09, 0.75, 0.84, 1e-08, 0
351432001, 2.9, 5.21e-08, 4.91e-08, 2.29, 0.77, 1e-08, 0
351691201, 1.6, 6.25e-08, 5.88e-08, 3.03, 0.89, 1e-08, 0
351950401, 2.13, 3.89e-08, 5.52e-08, 2.33, 1, 1e-08, 0
352209601, 8.01, 1.55e-07, 7.98e-08, 3.25, 0.66, 1e-08, 0
352468801, 3.53, 8.39e-08, 6.23e-08, 2.94, 0.75, 1e-08, 0
352987201, 3.04, 1.96e-08, 2e-08, 1.94, 0.65, 1e-08, 0
353505601, 9.82, 5.61e-09, 6.87e-09, 1.0, 0.74, 1e-08, 0
353764801, 3.43, 9.12e-09, 1.21e-08, 1.5, 0.78, 1e-08, 0
355060801, 2.24, 8.12e-08, 7.46e-08, 3.06, 1.46, 1e-08, 0
355320001, 1.54, 6.68e-08, 6.95e-08, 3.88, 5.65, 1e-08, 102
356097601, 2.04, 5.76e-08, 5.45e-08, 2.71, 0.7, 1e-08, 0
356875201, 2.1, 7.62e-08, 6.85e-08, 4.44, 4.82, 1e-08, 102
357134401, 4.1, 4.49e-08, 4.08e-08, 2.4, 0.73, 1e-08, 0
358689601, 2.93, 6.86e-08, 6.33e-08, 2.95, 0.91, 1e-08, 0
358948801, 2.38, 1.42e-08, 1.6e-08, 1.68, 0.65, 1e-08, 0
359467201, 1.74, 2.13e-08, 2.41e-08, 2.03, 0.69, 1e-08, 0
359985601, 3.39, 3.73e-08, 4.31e-08, 2.43, 0.79, 1e-08, 0
360244801, 5.79, 4.49e-08, 4.82e-08, 2.43, 0.79, 1e-08, 0
363355201, 3.12, 1.29e-08, 1.96e-08, 1.46, 0.92, 1e-08, 0
363614401, 1.46, 2.62e-08, 3.27e-08, 2.54, 0.88, 1e-08, 0
364392001, 1.11, 1.42e-08, 1.85e-08, 1.87, 0.78, 1e-08, 0
364910401, 5.04, 9.43e-08, 5.86e-08, 2.98, 0.64, 1e-08, 0
366984001, 1.38, 5.31e-08, 6.19e-08, 3.03, 1.45, 1e-08, 0
368539201, 2.33, 3.28e-08, 3.08e-08, 2.17, 0.61, 1e-08, 0
370612801, 3.4, 2.32e-08, 2.78e-08, 2.41, 0.77, 1e-08, 0
371908801, 2.67, 7.34e-08, 6.26e-08, 3.67, 4.57, 1e-08, 102
375019201, 11.88, 4.08e-09, 4.32e-09, 0.63, 0.69, 1e-08, 0
375278401, 3.36, 1.15e-07, 8.2e-08, 3.39, 1.31, 1e-08, 0
376056001, 2.9, 2.85e-08, 2.47e-08, 1.77, 0.48, 1e-08, 0
376315201, 4.12, 1.02e-07, 6.08e-08, 4.39, 3.37, 1e-08, 102
379684801, 4.67, 8.26e-08, 6.96e-08, 2.8, 0.71, 1e-08, 0
380721601, 1.04, 5.83e-08, 7.07e-08, 5.0, 0, 1e-08, 0
380980801, 11.68, 1.98e-08, 2.02e-08, 1.49, 0.59, 1e-08, 0
381499201, 2.96, 6.07e-08, 5.11e-08, 2.73, 0.73, 1e-08, 0
382536001, 1.65, 3.19e-09, 4.2e-09, 0.67, 0.81, 1e-08, 0
382795201, 4.63, 5.63e-09, 7.28e-09, 1.14, 0.74, 1e-08, 0
383572801, 6.1, 1.6e-07, 1.08e-07, 5.0, 0, 1e-08, 0
384350401, 10.36, 9.35e-08, 5.97e-08, 2.1, 0.41, 1e-08, 0
386424001, 3.32, 4.11e-09, 4.78e-09, 0.42, 0.92, 1e-08, 0
386683201, 2.09, 1.69e-08, 2.87e-08, 1.59, 0.93, 1e-08, 0
387201601, 3.23, 1.09e-07, 6.8e-08, 4.61, 3.69, 1e-08, 102
388497601, 9.91, 5.36e-08, 3.52e-08, 2.03, 0.43, 1e-08, 0
389016001, 1.0, NaN, NaN, NaN, NaN, 1e-08, 0
389793601, 1.94, 4.39e-08, 4.14e-08, 2.76, 0.82, 1e-08, 0
390052801, 2.61, 7.46e-09, 1.04e-08, 1.5, 0.85, 1e-08, 0
391867201, 1.06, 1.39e-08, 2.43e-08, 2.33, 1.15, 1e-08, 0
392126401, 3.6, 8.01e-08, 6e-08, 2.64, 0.55, 1e-08, 0
393163201, 6.36, 2.03e-07, 9.65e-08, 4.53, 2.62, 1e-08, 102
393681601, 6.41, 7.21e-08, 5.41e-08, 2.59, 0.64, 1e-08, 0
393940801, 1.43, 3.3e-08, 5.27e-08, 2.82, 1.31, 1e-08, 0
394459201, 1.56, 2.26e-08, 3.67e-08, 2.14, 0.97, 1e-08, 0
395236801, 12.56, 4.5e-09, 5.01e-09, 0.73, 0.78, 1e-08, 0
396532801, 3.28, 8.82e-09, 1.33e-08, 1.58, 0.8, 1e-08, 0
397310401, 11.95, 2.41e-07, 9.4e-08, 4.4, 0.93, 1e-08, 0
397828801, 1.9, 7.97e-08, 3.36e-07, 3.56, 0.95, 1e-08, 0
398347201, 1.25, 3.99e-08, 4.46e-08, 3.14, 1.55, 1e-08, 0
398606401, 2.35, 2.63e-09, 3.3e-09, 0.86, 0.74, 1e-08, 0
399643201, 2.34, 2.03e-08, 2.2e-08, 1.78, 0.6, 1e-08, 0
400420801, 2.59, 5.07e-08, 5.14e-08, 2.5, 0.71, 1e-08, 0
400680001, 1.02, 3.08e-08, 4.71e-08, 2.4, 0.96, 1e-08, 0
401457601, 2.01, 7.82e-08, 7.19e-08, 3.19, 1.97, 1e-08, 0
402494401, 1.23, 6.79e-08, 8.13e-08, 5.0, 0, 1e-08, 0
403012801, 3.44, 1.82e-08, 2.48e-08, 1.66, 0.72, 1e-08, 0
403272001, 2.81, 5.97e-08, 4.71e-08, 2.67, 0.66, 1e-08, 0
403790401, 12.59, 5.89e-09, 6.31e-09, 0.71, 0.67, 1e-08, 0
404827201, 1.02, 2.16e-08, 3.69e-08, 2.51, 1.21, 1e-08, 0
405086401, 2.32, 1.01e-07, 9.22e-08, 5.0, 0, 1e-08, 0
405345601, 3.11, 7.2e-08, 6.3e-08, 2.72, 0.76, 1e-08, 0
405604801, 3.71, 9.76e-09, 9.84e-09, 0.85, 0.62, 1e-08, 0
406900801, 1.66, 1.12e-08, 1.92e-08, 1.84, 1.4, 1e-08, 0
408456001, 2.62, 1.76e-07, 1.64e-07, 5.0, 0, 1e-08, 0
411307201, 2.65, 1.23e-07, 9.69e-08, 3.19, 1.08, 1e-08, 0
412344001, 7.59, 2.56e-09, 3.11e-09, 0.97, 0.77, 1e-08, 0
412603201, 3.47, 6.67e-08, 4.83e-08, 3.68, 3.82, 1e-08, 102
413121601, 10.92, 1.78e-09, 1.8e-09, 0.1, 0.98, 1e-08, 0
414676801, 1.31, 5.7e-08, 7.11e-08, 2.48, 0.84, 1e-08, 0
415713601, 3.18, 1.22e-07, 9.58e-08, 3.37, 1.15, 1e-08, 0
417268801, 6.61, 5.12e-08, 5.35e-08, 1.89, 0.67, 1e-08, 0
417528001, 4.7, 3.97e-08, 3.74e-08, 1.55, 0.56, 1e-08, 0
417787201, 2.1, 2.53e-08, 3.17e-08, 1.36, 0.71, 1e-08, 0
418564801, 3.81, 3.04e-08, 3.67e-08, 2.01, 0.79, 1e-08, 0
418824001, 2.83, 4.42e-08, 5.66e-08, 2.26, 0.87, 1e-08, 0
419083201, 4.47, 1.42e-07, 1.75e-07, 3.14, 4.31, 1e-08, 102
420897601, 3.61, 3.33e-08, 3.85e-08, 2.28, 0.71, 1e-08, 0
421156801, 14.71, 5.36e-09, 4.58e-09, 0.45, 0.58, 1e-08, 0
421416001, 2.68, 3.56e-08, 4.33e-08, 2.26, 1.16, 1e-08, 0
422193601, 4.04, 1.13e-08, 1.38e-08, 1.59, 0.69, 1e-08, 0
422712001, 2.14, 5.1e-08, 5.92e-08, 2.81, 1.34, 1e-08, 0
423489601, 4.95, 2.62e-08, 2.45e-08, 1.64, 0.52, 1e-08, 0
423748801, 4.61, 1.36e-07, 9.91e-08, 5.0, 0, 1e-08, 0
424008001, 1.67, 3.74e-08, 4.81e-08, 2.47, 1, 1e-08, 0
424785601, 3.54, 9.07e-09, 1.1e-08, 1.38, 0.63, 1e-08, 0
425044801, 1.47, 3.6e-08, 4.52e-08, 2.65, 0.9, 1e-08, 0
426081601, 2.1, 3.51e-08, 4.43e-08, 2.37, 1.06, 1e-08, 0
426859201, 14.72, 4.26e-07, 1.64e-07, 5.0, 0, 1e-08, 0
428155201, 3.67, 7.94e-08, 6.85e-08, 3.0, 0.9, 1e-08, 0
430488001, 5.41, 2.2e-07, 1.33e-07, 4.89, 6.21, 1e-08, 0
430747201, 6.65, 1.42e-08, 1.64e-08, 1.28, 0.66, 1e-08, 0
431265601, 2.3, 1.4e-07, 1.44e-07, 3.94, 5.02, 1e-08, 102
433080001, 13.03, 2.69e-08, 2.23e-08, 1.31, 0.48, 1e-08, 0
433339201, 7.31, 1.68e-08, 1.94e-08, 1.39, 0.65, 1e-08, 0
433598401, 1.05, 9.5e-08, 1.22e-07, 5.0, 0, 1e-08, 0
434116801, 1.05, 8.71e-08, 1.14e-07, 5.0, 0, 1e-08, 0
434894401, 9.57, 1.27e-08, 1.45e-08, 0.58, 0.91, 1e-08, 0
435412801, 2.54, 3.16e-08, 4.52e-08, 1.72, 0.83, 1e-08, 0
436190401, 1.86, 7.18e-08, 7.4e-08, 2.9, 1.09, 1e-08, 0
436968001, 7.98, 6.06e-09, 8.64e-09, 0.0, 0, 1e-08, 0
437486401, 1.94, 9.59e-08, 1.01e-07, 2.9, 0.93, 1e-08, 0
437745601, 3.64, 9.19e-08, 7.8e-08, 2.55, 0.66, 1e-08, 0
438004801, 12.72, 7.95e-09, 9.88e-09, 0.83, 0.88, 1e-08, 0
439041601, 5.26, 9.05e-09, 1.05e-08, 1.18, 0.74, 1e-08, 0
439560001, 3.03, 6.63e-08, 5.95e-08, 2.73, 0.71, 1e-08, 0
440337601, 4.58, 4.41e-08, 3.92e-08, 2.41, 0.64, 1e-08, 0
441374401, 10.09, 4.54e-09, 4.99e-09, 0.82, 0.7, 1e-08, 0
441633601, 1.96, 6.69e-08, 6e-08, 2.81, 0.73, 1e-08, 0
442411201, 6.52, 6.25e-08, 4.76e-08, 2.26, 0.57, 1e-08, 0
442929601, 1.1, 1.05e-08, 2.16e-08, 2.16, 1.29, 1e-08, 0
443188801, 2.22, 6.38e-08, 5.2e-08, 2.84, 0.83, 1e-08, 0
443707201, 4.35, 9.37e-08, 6.25e-08, 2.85, 0.69, 1e-08, 0
444225601, 6.18, 1.22e-07, 6.49e-08, 3.26, 1.14, 1e-08, 0
444484801, 1.03, 3.63e-08, 5.04e-08, 3.19, 1.34, 1e-08, 0
444744001, 2.23, 2.05e-08, 2.98e-08, 2.33, 1.07, 1e-08, 0
445003201, 6.64, 6.91e-08, 5.28e-08, 2.34, 0.63, 1e-08, 0
445262401, 1.12, 5.06e-08, 5.96e-08, 5.0, 0, 1e-08, 0
446558401, 8.44, 1.97e-07, 1.02e-07, 5.0, 0, 1e-08, 0
446817601, 5.93, 1.25e-08, 1.14e-08, 1.37, 0.52, 1e-08, 0
448891201, 1.49, 1.35e-07, 1.82e-07, 3.14, 1.53, 1e-08, 0
449668801, 5.57, 4.95e-08, 5.16e-08, 1.68, 0.6, 1e-08, 0
450187201, 3.41, 6.01e-08, 4.46e-08, 2.57, 0.6, 1e-08, 0
452779201, 1.25, 5.05e-08, 8.28e-08, 3.68, 2.55, 1e-08, 102
453816001, 2.33, 7.49e-08, 1.56e-06, 3.69, 4.55, 1e-08, 102
454075201, 5.11, 9.81e-08, 5.77e-08, 3.46, 1.6, 1e-08, 0
454593601, 2.09, 3.17e-08, 3.18e-08, 2.4, 0.74, 1e-08, 0
455112001, 5.68, 9.01e-08, 5.67e-08, 2.9, 0.77, 1e-08, 0
455371201, 3.41, 8.08e-08, 7.53e-08, 3.47, 1.83, 1e-08, 0
457704001, 1.64, 6.97e-08, 6.42e-08, 5.0, 0, 1e-08, 0
458481601, 2.92, 7.2e-08, 5.63e-08, 3.24, 0.85, 1e-08, 0
459000001, 1.28, 5.01e-08, 9.68e-08, 3.4, 6.91, 1e-08, 102
459259201, 12.24, 3.5e-09, 3.57e-09, 0.56, 0.68, 1e-08, 0
459777601, 8.46, 6.21e-08, 3.89e-08, 2.06, 0.42, 1e-08, 0
461592001, 1.35, 2.95e-08, 5.81e-08, 2.63, 1.43, 1e-08, 0
464443201, 1.95, 6.86e-08, 8.36e-08, 3.51, 5.5, 1e-08, 102
465998401, 5.4, 1.93e-07, 1.05e-07, 4.97, 0.41, 1e-08, 0
466516801, 4.07, 1.44e-07, 2.24e-06, 4.48, 3.25, 1e-08, 102
467035201, 3.41, 4.83e-08, 1.15e-07, 2.71, 2.2, 1e-08, 0
467812801, 1.71, 4e-09, 5.24e-09, 1.06, 0.74, 1e-08, 0
468331201, 3.47, 3.69e-08, 3.19e-08, 2.04, 0.55, 1e-08, 0
468590401, 3.78, 6.28e-09, 7.84e-09, 1.43, 0.75, 1e-08, 0
469108801, 1.63, 3.13e-08, 3.59e-08, 2.16, 0.7, 1e-08, 0
469627201, 3.63, 4.1e-09, 5.76e-09, 0.69, 1, 1e-08, 0
472737601, 1.51, 4.7e-08, 4.78e-08, 2.7, 0.76, 1e-08, 0
473515201, 6.57, 9.15e-08, 6.44e-08, 2.57, 0.57, 1e-08, 0
474292801, 9.66, 5.5e-09, 5.7e-09, 0.73, 0.66, 1e-08, 0
474811201, 5.33, 7.77e-08, 6.31e-08, 2.81, 0.72, 1e-08, 0
475329601, 1.3, 8.44e-09, 1.43e-08, 1.68, 0.94, 1e-08, 0
475848001, 2.13, 3.83e-08, 4.64e-08, 2.63, 0.8, 1e-08, 0
477921601, 3.14, 3.33e-08, 3.77e-08, 2.26, 0.72, 1e-08, 0
478180801, 1.55, 5.22e-08, 5.3e-08, 3.03, 1.13, 1e-08, 0
478699201, 2.79, 1.09e-07, 8.58e-08, 3.41, 1.44, 1e-08, 0
479217601, 3.4, 1.08e-07, 7.32e-08, 5.0, 0, 1e-08, 0
479476801, 1.6, 6.74e-09, 9.85e-09, 1.51, 0.81, 1e-08, 0
479736001, 7.06, 3.21e-08, 3.01e-08, 1.82, 0.54, 1e-08, 0
479995201, 6.74, 5.1e-09, 6.79e-09, 1.03, 0.79, 1e-08, 0
480772801, 5.16, 4.37e-08, 4.01e-08, 2.15, 0.79, 1e-08, 0
481550401, 11.03, 2.54e-08, 1.91e-08, 1.63, 0.47, 1e-08, 0
482846401, 8.98, 1.26e-07, 7.51e-08, 3.05, 0.63, 1e-08, 0
483883201, 1.96, 9.41e-08, 9.2e-08, 5.0, 0, 1e-08, 0
484142401, 6.58, 1.38e-07, 1.81e-06, 4.06, 2.82, 1e-08, 102
484920001, 1.39, 8.33e-09, 1.69e-08, 1.81, 1.22, 1e-08, 0
485697601, 1.8, 3.15e-09, 4.05e-09, 0.73, 0.79, 1e-08, 0
487512001, 2.66, 8.48e-09, 1.55e-08, 1.69, 1.03, 1e-08, 0
488030401, 2.5, 3.71e-08, 4.4e-08, 1.93, 0.7, 1e-08, 0
489585601, 1.14, 4.5e-08, 5.69e-08, 3.05, 1.95, 1e-08, 0
490104001, 3.86, 4.88e-09, 5.91e-09, 1.12, 0.75, 1e-08, 0
490622401, 1.91, 5.79e-09, 7.19e-09, 0.27, 0.97, 1e-08, 0
490881601, 2.75, 4.07e-08, 4.27e-08, 1.96, 0.75, 1e-08, 0
491918401, 3.88, 4.94e-08, 5.96e-08, 1.72, 0.77, 1e-08, 0
492955201, 2.38, 2.33e-08, 2.81e-08, 1.93, 0.72, 1e-08, 0
495028801, 5.93, 1.22e-08, 1.62e-08, 1.57, 0.73, 1e-08, 0
495547201, 3.14, 4.69e-08, 4.38e-08, 2.51, 0.77, 1e-08, 0
495806401, 2.41, 5.82e-08, 4.97e-08, 2.81, 1.01, 1e-08, 0
496584001, 7.15, 2.27e-08, 2.37e-08, 1.94, 0.7, 1e-08, 0
498657601, 5.15, 2.99e-08, 2.93e-08, 1.75, 0.53, 1e-08, 0
499176001, 5.02, 3.93e-08, 4.85e-08, 1.88, 0.74, 1e-08, 0
500472001, 1.91, 1.22e-07, 2.7e-06, 4.16, 4.82, 1e-08, 102
501249601, 4.64, 8.76e-08, 8.93e-08, 3.03, 1.87, 1e-08, 0
502804801, 2.57, 4.85e-08, 5.23e-08, 2.4, 0.83, 1e-08, 0
504360001, 1.6, 1.35e-08, 1.84e-08, 1.67, 0.69, 1e-08, 0
504878401, 1.94, 1.81e-08, 1.73e-08, 2.23, 0.73, 1e-08, 0
505396801, 2.82, 3.47e-08, 3.17e-08, 2.28, 0.64, 1e-08, 0
506952001, 2.75, 2.94e-08, 2.76e-08, 2.05, 0.55, 1e-08, 0
507729601, 2.88, 4.9e-09, 6.82e-09, 1.17, 0.79, 1e-08, 0
508248001, 3.36, 1.14e-08, 1.27e-08, 1.44, 0.62, 1e-08, 0
508507201, 1.03, 1.2e-08, 2.24e-08, 1.67, 0.93, 1e-08, 0
508766401, 1.68, 4.08e-08, 4.17e-08, 2.89, 0.87, 1e-08, 0
509544001, 2.6, 8.9e-08, 7.3e-08, 4.2, 4.21, 1e-08, 102
510840001, 10.88, 5.91e-09, 6.48e-09, 0.76, 0.7, 1e-08, 0
513691201, 6.37, 1.3e-07, 9.1e-08, 5.0, 0, 1e-08, 0
515246401, 1.05, 5.07e-08, 1.72e-07, 3.23, 8.07, 1e-08, 102
516024001, 3.67, 1.04e-07, 8.62e-08, 3.55, 3.81, 1e-08, 102
517838401, 2.28, 2.09e-08, 2.52e-08, 2.27, 0.82, 1e-08, 0
519134401, 2.68, 6.66e-08, 6.54e-08, 3.07, 1, 1e-08, 0
520430401, 2.93, 1.83e-07, 1.57e-07, 3.1, 1.12, 1e-08, 0
521208001, 3.51, 7.21e-08, 2.38e-07, 2.85, 5.69, 1e-08, 102
521726401, 3.82, 8.72e-09, 1.32e-08, 1.65, 0.92, 1e-08, 0
522504001, 2.17, 7.36e-08, 5.66e-08, 3.84, 4.71, 1e-08, 102
524318401, 6.5, 4.07e-08, 3.26e-08, 1.98, 0.46, 1e-08, 0
524577601, 1.05, 5.12e-08, 6.3e-08, 3.27, 6.84, 1e-08, 102
525096001, 4.84, 7.82e-08, 5.16e-08, 2.65, 0.63, 1e-08, 0
525355201, 1.66, 7.07e-08, 6.71e-08, 3.42, 2.39, 1e-08, 0
526132801, 2.53, 2.14e-08, 2.43e-08, 1.96, 0.64, 1e-08, 0
527169601, 2.06, 5.75e-08, 6.56e-08, 2.1, 0.69, 1e-08, 0
527428801, 4.32, 1.33e-07, 8.48e-08, 3.94, 3.72, 1e-08, 102
527688001, 13.07, 1.43e-07, 5.89e-08, 3.09, 0.5, 1e-08, 0
527947201, 4.21, 5.08e-08, 4.3e-08, 2.52, 0.66, 1e-08, 0
531576001, 2.07, 4.9e-08, 5.19e-08, 2.64, 1.25, 1e-08, 0
532353601, 2.9, 8.1e-08, 5.92e-08, 4.78, 3.9, 1e-08, 0
532612801, 4.35, 1.23e-08, 1.28e-08, 1.51, 0.66, 1e-08, 0
533390401, 1.62, 6.57e-08, 7.02e-08, 2.89, 1.28, 1e-08, 0
533908801, 1.7, 2.21e-08, 2.6e-08, 1.88, 0.69, 1e-08, 0
534686401, 3.28, 9.59e-08, 9.32e-08, 3.79, 4.25, 1e-08, 102
534945601, 3.58, 2.33e-08, 2.66e-08, 1.69, 0.63, 1e-08, 0
535204801, 4.34, 4.6e-08, 3.67e-08, 2.16, 0.59, 1e-08, 0
535723201, 2.35, 5.03e-08, 4.77e-08, 2.33, 0.68, 1e-08, 0
535982401, 6.65, 1.95e-08, 1.98e-08, 1.59, 0.61, 1e-08, 0
536500801, 1.13, 4.24e-08, 4.61e-08, 2.87, 1.15, 1e-08, 0
537019201, 3.26, 5.73e-08, 4.27e-08, 2.7, 0.62, 1e-08, 0
537537601, 1.9, 3.81e-08, 4.19e-08, 2.53, 0.78, 1e-08, 0
538315201, 9.08, 1.63e-07, 1e-07, 3.24, 1.11, 1e-08, 0
540129601, 3.06, 5.34e-08, 5.59e-08, 2.34, 0.68, 1e-08, 0
540907201, 4.47, 8.38e-09, 1.16e-08, 1.4, 0.82, 1e-08, 0
541166401, 8.33, 3.63e-09, 3.68e-09, 0.35, 0.73, 1e-08, 0
541684801, 3.69, 1.01e-07, 6.51e-08, 4.81, 1.42, 1e-08, 0
542980801, 2.66, 4.53e-07, 4.92e-07, 3.26, 1.37, 1e-08, 0
544536001, 5.22, 1.91e-08, 1.99e-08, 0.36, 0.77, 1e-08, 0
547128001, 1.8, 6.97e-08, 5.41e-08, 4.63, 4.77, 1e-08, 102
547387201, 7.27, 1.36e-08, 1.41e-08, 1.55, 0.61, 1e-08, 0
547646401, 3.23, 7.39e-08, 6.12e-08, 2.2, 0.58, 1e-08, 0
548164801, 5.25, 6.17e-08, 4.12e-08, 2.64, 0.53, 1e-08, 0
549460801, 4.63, 9.35e-08, 6.14e-08, 5.0, 0, 1e-08, 0
553348801, 1.78, 1.51e-08, 2.14e-08, 1.98, 0.81, 1e-08, 0
554904001, 4.8, 7.6e-09, 8.61e-09, 1.42, 0.64, 1e-08, 0
555940801, 1.4, 5.28e-08, 5.5e-08, 5.0, 0, 1e-08, 0
556200001, 1.15, 2.6e-08, 5.79e-08, 1.74, 1.41, 1e-08, 0
556459201, 5.57, 1.33e-07, 8.78e-08, 3.28, 0.84, 1e-08, 0
556718401, 5.48, 5.63e-08, 4.1e-08, 2.38, 0.63, 1e-08, 0
557236801, 1.61, 1.26e-07, 1.41e-07, 5.0, 0, 1e-08, 0
557496001, 7.35, 3.15e-07, 2e-07, 4.19, 0.2, 1e-08, 0
557755201, 5.2, 1.8e-07, 1.37e-07, 5.0, 0, 1e-08, 0
558532801, 1.3, 1.3e-08, 2.16e-08, 2.1, 1.2, 1e-08, 0
561902401, 1.04, 1.9e-08, 2.98e-08, 2.57, 1.02, 1e-08, 0
563716801, 2.24, 8.24e-08, 7.25e-08, 3.04, 0.86, 1e-08, 0
564494401, 6.33, 3.96e-08, 3.32e-08, 2.43, 0.61, 1e-08, 0
564753601, 7.87, 5.12e-08, 3.13e-08, 2.29, 0.46, 1e-08, 0
565012801, 3.86, 3.2e-09, 3.52e-09, 0.52, 0.73, 1e-08, 0
565272001, 7.42, 4.51e-09, 5.29e-09, 0.84, 0.77, 1e-08, 0
565531201, 21.03, 1.13e-08, 1.05e-08, 1.09, 0.56, 1e-08, 0
566049601, 4.3, 1.29e-07, 1.2e-07, 3.61, 3.32, 1e-08, 0
566568001, 5.87, 3.63e-09, 4.79e-09, 0.91, 0.79, 1e-08, 0
567345601, 3.7, 6.77e-09, 1.29e-08, 1.4, 1, 1e-08, 0
567604801, 1.09, 1.88e-08, 2.42e-08, 2.19, 0.8, 1e-08, 0
568641601, 3.35, 8.37e-08, 6.64e-08, 5.0, 0, 1e-08, 0
569678401, 3.26, 9.91e-08, 7.81e-08, 4.12, 3.98, 1e-08, 102
570196801, 2.55, 3.29e-08, 4.67e-08, 2.57, 1.15, 1e-08, 0
571233601, 7.85, 3.45e-08, 3.88e-08, 2.04, 0.68, 1e-08, 0
571492801, 4.5, 1.23e-07, 6.72e-08, 4.57, 3.13, 1e-08, 102
573566401, 6.66, 6.98e-08, 4.92e-08, 2.4, 0.51, 1e-08, 0
574084801, 2.1, 5.38e-08, 1.03e-07, 3.23, 6.18, 1e-08, 102
574344001, 1.61, 4.16e-08, 5.06e-08, 2.49, 0.89, 1e-08, 0
574603201, 2.93, 1.14e-07, 7.39e-08, 4.44, 3.86, 1e-08, 102
574862401, 4.0, 1.1e-07, 7.77e-08, 3.11, 0.69, 1e-08, 0
575121601, 6.56, 1.86e-08, 2.77e-08, 1.43, 0.78, 1e-08, 0
576936001, 12.0, 1.53e-08, 1.55e-08, 1.18, 0.54, 1e-08, 0
577454401, 1.46, 5.17e-08, 9.04e-08, 2.08, 1.52, 1e-08, 0
577713601, 2.72, 9.36e-08, 8.66e-08, 2.45, 0.67, 1e-08, 0
579009601, 2.2, 9.22e-08, 7.58e-08, 5.0, 0, 1e-08, 0
579528001, 1.84, 2.39e-08, 3.99e-08, 2.26, 1.15, 1e-08, 0
580305601, 5.55, 1.26e-07, 7.09e-08, 5.0, 0, 1e-08, 0
581601601, 7.29, 7.15e-08, 4.05e-08, 2.64, 0.45, 1e-08, 0
584193601, 4.54, 5.14e-08, 3.87e-08, 2.58, 0.59, 1e-08, 0
584452801, 9.58, 1.15e-07, 6.72e-08, 2.87, 0.6, 1e-08, 0
586008001, 9.89, 7.08e-09, 6.82e-09, 1.14, 0.54, 1e-08, 0
586267201, 11.42, 1.12e-08, 1.55e-08, 1.09, 0.75, 1e-08, 0
586785601, 4.17, 6.39e-08, 5.1e-08, 2.66, 0.73, 1e-08, 0
588081601, 3.3, 1.1e-07, 7.7e-08, 3.73, 3.87, 1e-08, 102
588340801, 1.0, 3.65e-08, 4.67e-08, 2.51, 0.78, 1e-08, 0
588600001, 9.84, 9.74e-08, 6.85e-08, 2.52, 0.52, 1e-08, 0
589377601, 19.42, 5.36e-09, 5.36e-09, 0.0, 0, 1e-08, 0
591710401, 1.67, 1.15e-07, 1.12e-07, 5.0, 0, 1e-08, 0
592228801, 1.32, 3.1e-08, 4.24e-08, 2.35, 0.97, 1e-08, 0
593006401, 2.25, 8.46e-08, 6.95e-08, 3.31, 1.2, 1e-08, 0
593265601, 4.4, 1.04e-07, 1.37e-07, 3.13, 4.22, 1e-08, 0
594043201, 4.66, 8.86e-09, 1.14e-08, 1.44, 0.68, 1e-08, 0
594302401, 7.77, 1.74e-07, 9.99e-08, 3.5, 1.14, 1e-08, 0
594561601, 3.24, 8.95e-08, 6.85e-08, 2.96, 0.8, 1e-08, 0
595598401, 2.36, 6.98e-08, 6.43e-08, 2.91, 1.3, 1e-08, 0
596116801, 2.6, 2.88e-08, 4.71e-08, 2.35, 1.1, 1e-08, 0
596376001, 8.83, 4.65e-08, 5.05e-08, 2.08, 0.83, 1e-08, 0
597412801, 1.89, 8.5e-09, 1.33e-08, 1.71, 0.91, 1e-08, 0
597931201, 8.46, 1.86e-07, 8.1e-08, 4.51, 2.42, 1e-08, 102
599745601, 5.67, 4.08e-09, 4.2e-09, 1.02, 0.61, 1e-08, 0
600264001, 3.11, 9.81e-09, 1.64e-08, 1.59, 0.93, 1e-08, 0
602596801, 3.24, 1.71e-08, 1.96e-08, 2.01, 0.8, 1e-08, 0
603115201, 2.24, 6.96e-09, 1.12e-08, 1.58, 0.92, 1e-08, 0
604411201, 1.6, 6.5e-08, 5.81e-08, 3.01, 2.09, 1e-08, 0
604929601, 9.04, 2.38e-08, 2.26e-08, 1.72, 0.57, 1e-08, 0
607003201, 3.2, 1.1e-07, 2.1e-07, 3.17, 4.82, 1e-08, 102
607780801, 5.08, 2.81e-09, 2.92e-09, 0.19, 0.87, 1e-08, 0
608299201, 3.81, 1.32e-07, 2.16e-06, 4.76, 3.38, 1e-08, 102
609336001, 2.55, 1.29e-07, 1.19e-07, 5.0, 0, 1e-08, 0
610113601, 1.25, 2.54e-08, 3.62e-08, 2.35, 0.93, 1e-08, 0
610372801, 1.9, 6.5e-09, 1.05e-08, 1.48, 0.94, 1e-08, 0
611150401, 2.88, 3.77e-08, 3.31e-08, 2.12, 0.53, 1e-08, 0
611409601, 1.81, 2.61e-08, 3.15e-08, 2.26, 0.79, 1e-08, 0
612705601, 1.63, 6.48e-09, 1.33e-08, 1.78, 1.2, 1e-08, 0
613224001, 3.06, 9.51e-09, 1.13e-08, 1.87, 0.69, 1e-08, 0
613483201, 2.38, 5.88e-08, 4.44e-08, 3.84, 4.43, 1e-08, 102
614001601, 4.33, 3.92e-08, 3.36e-08, 2.3, 0.72, 1e-08, 0
616334401, 2.35, 3.06e-08, 3.09e-08, 2.08, 0.58, 1e-08, 0
616593601, 3.41, 9.24e-08, 7.63e-08, 5.0, 0, 1e-08, 0
616852801, 5.02, 8.05e-08, 5.44e-08, 2.71, 0.67, 1e-08, 0
617889601, 3.67, 7.03e-08, 5.78e-08, 3.39, 3.97, 1e-08, 102
618926401, 3.44, 8.37e-08, 7.11e-08, 3.51, 4.2, 1e-08, 102
619963201, 4.92, 2.88e-08, 3.07e-08, 1.94, 0.69, 1e-08, 0
620481601, 5.23, 1.27e-08, 2.23e-08, 1.28, 0.87, 1e-08, 0
621259201, 1.56, 1.46e-07, 1.61e-07, 3.98, 5.41, 1e-08, 102
622036801, 3.31, 1.1e-08, 1.66e-08, 1.67, 0.87, 1e-08, 0
622296001, 3.56, 6.25e-09, 9.74e-09, 1.3, 0.93, 1e-08, 0
624110401, 2.85, 1.05e-08, 1.19e-08, 1.5, 0.65, 1e-08, 0
624628801, 1.19, 1.34e-08, 1.84e-08, 1.52, 0.67, 1e-08, 0
625147201, 1.78, 1.3e-08, 1.72e-08, 1.72, 0.72, 1e-08, 0
625406401, 5.82, 4.36e-08, 3.22e-08, 1.99, 0.46, 1e-08, 0
626443201, 1.66, 6.83e-09, 1.13e-08, 1.62, 0.97, 1e-08, 0
626961601, 6.78, 1.92e-07, 9.7e-08, 5.0, 0, 1e-08, 0
627220801, 7.25, 5.83e-09, 6.38e-09, 0.93, 0.66, 1e-08, 0
627739201, 1.16, 2.73e-08, 3.59e-08, 2.28, 0.85, 1e-08, 0
629035201, 7.05, 8.05e-09, 9.95e-09, 0.94, 0.7, 1e-08, 0
629294401, 2.46, 1.63e-08, 2.72e-08, 1.42, 0.79, 1e-08, 0
629812801, 2.67, 1.08e-07, 9e-08, 5.0, 0, 1e-08, 0
630590401, 1.64, 3.05e-08, 4.17e-08, 2.75, 1.21, 1e-08, 0
630849601, 1.82, 3.2e-09, 4.57e-09, 1.24, 0.81, 1e-08, 0
634996801, 1.62, 2.37e-08, 3.41e-08, 2.36, 0.93, 1e-08, 0
635774401, 2.98, 2.49e-08, 2.9e-08, 1.95, 0.68, 1e-08, 0
637070401, 5.27, 4.46e-08, 3.52e-08, 2.31, 0.59, 1e-08, 0
637588801, 2.64, 7.68e-08, 6.7e-08, 3.05, 0.89, 1e-08, 0
637848001, 8.27, 1.35e-07, 6.49e-08, 3.32, 0.65, 1e-08, 0
638107201, 5.18, 1.35e-07, 1e-07, 5.0, 0, 1e-08, 0
638366401, 1.04, 2.95e-08, 3.85e-08, 2.15, 0.89, 1e-08, 0
639662401, 3.79, 4.44e-08, 3.53e-08, 2.18, 0.54, 1e-08, 0
640699201, 3.34, 9.84e-08, 3.01e-07, 4.01, 0.68, 1e-08, 0
641217601, 2.89, 8.47e-08, 6.62e-08, 2.82, 0.71, 1e-08, 0
643032001, 1.74, 2.61e-08, 2.77e-08, 2.2, 0.74, 1e-08, 0
643550401, 2.25, 6.29e-08, 5.03e-08, 3.19, 0.84, 1e-08, 0
644587201, 5.62, 1.19e-08, 1.05e-08, 1.66, 0.52, 1e-08, 0
645105601, 2.35, 5.27e-09, 6.92e-09, 1.6, 0.77, 1e-08, 0
645624001, 1.23, 6.36e-09, 8.85e-09, 1.41, 0.65, 1e-08, 0
645883201, 9.16, 8.18e-09, 1.05e-08, 1.26, 0.61, 1e-08, 0
646401601, 1.66, 4.12e-08, 4.47e-08, 2.68, 0.84, 1e-08, 0
646920001, 20.1, 1.39e-08, 1.43e-08, 1.07, 0.57, 1e-08, 0
647179201, 1.41, 1.18e-08, 1.78e-08, 1.82, 0.93, 1e-08, 0
648734401, 4.03, 4.39e-09, 5.79e-09, 0.98, 0.82, 1e-08, 0
650548801, 1.52, 6.29e-08, 9.12e-08, 3.75, 6.01, 1e-08, 102
652104001, 2.52, 4.96e-08, 4.35e-08, 2.66, 0.73, 1e-08, 0
652363201, 17.12, 3.38e-09, 4.55e-09, 0.0, 0, 1e-08, 0
653400001, 1.29, 4.79e-08, 5.61e-08, 2.2, 0.79, 1e-08, 0
653659201, 1.33, 6.63e-08, 8.27e-08, 5.0, 0, 1e-08, 0
655992001, 3.63, 4.22e-08, 3.56e-08, 2.28, 0.59, 1e-08, 0
657288001, 1.36, 4.34e-08, 4.92e-08, 2.91, 1.42, 1e-08, 0
658584001, 6.48, 1.83e-07, 1.21e-07, 5.0, 0, 1e-08, 0
659620801, 3.35, 1.07e-08, 1.16e-08, 1.63, 0.69, 1e-08, 0
660398401, 1.9, 1.72e-08, 1.8e-08, 1.74, 0.58, 1e-08, 0
662212801, 4.99, 4.75e-09, 5.35e-09, 1.25, 0.68, 1e-08, 0
662472001, 3.8, 4.22e-08, 3.03e-08, 2.03, 0.44, 1e-08, 0
662731201, 4.45, 3.11e-08, 3.26e-08, 2.29, 0.71, 1e-08, 0
662990401, 4.64, 8.04e-09, 8.48e-09, 1.39, 0.58, 1e-08, 0
663249601, 4.59, 8.11e-08, 5.49e-08, 3.44, 3.54, 1e-08, 102
663508801, 1.06, 1.8e-09, 5.73e-09, 0.53, 0.78, 1e-08, 0
664027201, 2.08, 1.87e-08, 2.56e-08, 1.94, 0.76, 1e-08, 0
664286401, 4.26, 1.56e-08, 2.06e-08, 1.67, 0.74, 1e-08, 0
665841601, 2.94, 2.73e-08, 2.68e-08, 2.08, 0.66, 1e-08, 0
666619201, 5.04, 2.14e-08, 2.48e-08, 1.72, 0.61, 1e-08, 0
666878401, 2.08, 8.2e-08, 1.68e-07, 3.39, 5.51, 1e-08, 102
667915201, 4.45, 8.13e-08, 6.36e-08, 2.75, 0.88, 1e-08, 0
668433601, 2.13, 8.81e-09, 1.36e-08, 1.71, 0.91, 1e-08, 0
668692801, 1.23, 1.95e-08, 2.89e-08, 2.46, 1.07, 1e-08, 0
668952001, 5.22, 4.76e-08, 3.84e-08, 2.23, 0.65, 1e-08, 0
669729601, 3.19, 3.68e-09, 4.11e-09, 0.59, 0.73, 1e-08, 0
669988801, 9.1, 4.57e-08, 4.88e-08, 1.96, 0.69, 1e-08, 0
671544001, 3.47, 6.82e-09, 1.03e-08, 1.54, 0.86, 1e-08, 0
672321601, 2.73, 8.49e-08, 6.03e-08, 4.88, 4.16, 1e-08, 102
672580801, 2.25, 2.88e-08, 2.93e-08, 2.37, 0.66, 1e-08, 0
674136001, 8.07, 1.29e-07, 7.61e-08, 3.23, 0.92, 1e-08, 0
674395201, 9.16, 4.27e-09, 4.73e-09, 0.92, 0.72, 1e-08, 0
675432001, 4.14, 3.08e-09, 3.29e-09, 0.5, 0.69, 1e-08, 0
675691201, 1.11, 2.87e-08, 3.66e-08, 2.66, 1.01, 1e-08, 0
675950401, 1.04, 4.83e-08, 4.82e-08, 4.53, 6.31, 1e-08, 102
676468801, 4.87, 8.71e-08, 4.57e-08, 4.11, 3.18, 1e-08, 102
677505601, 3.74, 4.22e-08, 3.44e-08, 2.63, 0.62, 1e-08, 0
679060801, 2.23, 4.07e-08, 3.66e-08, 2.55, 0.7, 1e-08, 0
679320001, 7.3, 5.86e-08, 3.83e-08, 2.16, 0.48, 1e-08, 0
680875201, 6.3, 4.37e-09, 5.35e-09, 0.94, 0.77, 1e-08, 0
681652801, 1.35, 4.39e-08, 5.04e-08, 3.5, 6.09, 1e-08, 102
682171201, 1.12, 3.91e-08, 4.43e-08, 2.88, 1.09, 1e-08, 0
682948801, 2.18, 1.17e-08, 1.62e-08, 1.94, 0.91, 1e-08, 0
683208001, 3.24, 3.88e-09, 4.35e-09, 0.84, 0.7, 1e-08, 0
683467201, 5.23, 3.88e-09, 4.07e-09, 0.69, 0.68, 1e-08, 0
683985601, 11.61, 3.77e-09, 3.93e-09, 0.44, 0.82, 1e-08, 0
684504001, 11.31, 2.46e-08, 1.92e-08, 1.44, 0.46, 1e-08, 0
686318401, 10.26, 1.65e-08, 1.73e-08, 1.44, 0.6, 1e-08, 0
688651201, 1.56, 3.18e-08, 4.19e-08, 2.37, 0.8, 1e-08, 0
689169601, 11.59, 1.42e-08, 1.83e-08, 1.36, 0.66, 1e-08, 0
689688001, 2.33, 2.36e-08, 4.25e-08, 2.27, 1.16, 1e-08, 0
690206401, 1.71, 4.16e-08, 4.1e-08, 2.64, 0.74, 1e-08, 0
690724801, 2.31, 7.57e-08, 6.44e-08, 3.7, 4.56, 1e-08, 102
690984001, 1.82, 2.27e-08, 2.57e-08, 2.34, 0.72, 1e-08, 0
691243201, 1.54, 4.6e-08, 1.11e-07, 3.0, 6.96, 1e-08, 102
691502401, 9.5, 3.25e-09, 3.43e-09, 0.66, 0.73, 1e-08, 0
692280001, 20.55, 4.99e-08, 2.8e-08, 1.7, 0.35, 1e-08, 0
692539201, 9.22, 3.44e-08, 2.9e-08, 1.87, 0.48, 1e-08, 0
693057601, 1.71, 7.77e-09, 1.23e-08, 1.79, 0.96, 1e-08, 0
694353601, 6.11, 2.03e-08, 1.93e-08, 2.0, 0.56, 1e-08, 0
694612801, 5.83, 5.77e-08, 4.06e-08, 2.41, 0.57, 1e-08, 0
696427201, 4.85, 8.25e-08, 6.56e-08, 3.43, 2.69, 1e-08, 0
696945601, 1.51, 3.53e-08, 4.02e-08, 2.84, 0.89, 1e-08, 0
697204801, 6.57, 1.95e-08, 1.98e-08, 1.59, 0.55, 1e-08, 0
698241601, 3.98, 5.42e-08, 4.43e-08, 2.4, 0.63, 1e-08, 0
699278401, 3.13, 1.27e-07, 9.11e-08, 5.0, 0, 1e-08, 0
699796801, 2.94, 3.32e-09, 3.67e-09, 0.38, 0.73, 1e-08, 0
700315201, 3.88, 3.08e-08, 3.24e-08, 2.22, 0.7, 1e-08, 0
701352001, 8.17, 8.84e-08, 5.87e-08, 2.34, 0.52, 1e-08, 0
701611201, 6.03, 1.35e-07, 9.98e-08, 4.03, 3.14, 1e-08, 102
701870401, 1.39, 6.11e-08, 6.2e-08, 5.0, 0, 1e-08, 0
702129601, 2.8, 1.63e-08, 2.18e-08, 1.9, 0.8, 1e-08, 0
702907201, 2.14, 7.02e-09, 1.07e-08, 1.67, 0.93, 1e-08, 0
703425601, 5.6, 1.52e-07, 9.69e-08, 5.0, 0, 1e-08, 0
703684801, 7.18, 1.94e-08, 2.33e-08, 1.73, 0.65, 1e-08, 0
703944001, 2.4, 6.96e-08, 6.05e-08, 3.05, 0.78, 1e-08, 0
704721601, 14.07, 4.79e-08, 4.48e-08, 2.06, 0.62, 1e-08, 0
705758401, 1.3, 5.31e-08, 6.07e-08, 5.0, 0, 1e-08, 0
706017601, 2.99, 1.65e-08, 1.9e-08, 1.69, 0.63, 1e-08, 0
706276801, 6.48, 8.88e-08, 5.13e-08, 2.66, 0.54, 1e-08, 0
706536001, 1.5, 1.27e-08, 1.89e-08, 1.61, 0.89, 1e-08, 0
708091201, 8.25, 1.44e-08, 1.12e-08, 1.43, 0.44, 1e-08, 0
708350401, 5.61, 3.52e-08, 2.99e-08, 2.29, 0.66, 1e-08, 0
709387201, 2.59, 1.44e-08, 1.35e-08, 1.74, 0.53, 1e-08, 0
710942401, 2.08, 6.22e-08, 5.18e-08, 4.92, 4.67, 1e-08, 102
711720001, 2.52, 5.86e-08, 4.74e-08, 2.88, 0.66, 1e-08, 0
712497601, 4.18, 9.94e-08, 7.68e-08, 3.58, 3.78, 1e-08, 102
712756801, 1.14, 6.87e-08, 7.14e-08, 3.71, 5.97, 1e-08, 102
713016001, 3.33, 2.26e-08, 2.64e-08, 1.67, 0.67, 1e-08, 0
714052801, 3.55, 1e-07, 6.42e-08, 4.36, 1.36, 1e-08, 0
715089601, 2.88, 2.05e-08, 2.06e-08, 1.88, 0.61, 1e-08, 0
717681601, 1.32, 1.05e-08, 1.92e-08, 1.78, 0.97, 1e-08, 0
717940801, 4.36, 9.85e-09, 1.52e-08, 1.54, 0.87, 1e-08, 0
719236801, 4.01, 4.57e-08, 5.1e-08, 0.98, 0.72, 1e-08, 0
719496001, 1.57, 7.8e-08, 7.53e-08, 3.43, 2.18, 1e-08, 0
720014401, 2.84, 8.44e-08, 6.16e-08, 3.66, 0.95, 1e-08, 0
721569601, 7.43, 5.73e-08, 5.07e-08, 2.26, 0.59, 1e-08, 0
721828801, 2.11, 1.07e-07, 8.19e-08, 4.38, 4.41, 1e-08, 102
722606401, 1.37, 3.45e-08, 4.48e-08, 2.4, 1.08, 1e-08, 0
723902401, 1.97, 1.89e-08, 2.66e-08, 2.23, 0.98, 1e-08, 0
725457601, 1.19, 8.02e-09, 1.49e-08, 2.04, 1.23, 1e-08, 0
725716801, 1.32, 8.24e-08, 9.65e-08, 5.0, 0, 1e-08, 0
726235201, 4.4, 9.52e-08, 5.58e-08, 5.0, 0, 1e-08, 0
727012801, 1.5, 5.64e-08, 6.16e-08, 5.0, 0, 1e-08, 0
727531201, 3.47, 1.18e-08, 1.55e-08, 1.59, 0.69, 1e-08, 0
728308801, 1.94, 7.04e-08, 5.94e-08, 3.88, 4.88, 1e-08, 102
729604801, 3.39, 2.93e-09, 3.17e-09, 0.19, 0.84, 1e-08, 0
730382401, 5.74, 4.17e-08, 4.64e-08, 2.28, 0.75, 1e-08, 0
731160001, 1.05, 5.57e-09, 1.17e-08, 1.38, 1.07, 1e-08, 0
731678401, 1.58, 4.86e-09, 7.15e-09, 1.38, 0.85, 1e-08, 0
732196801, 2.6, 8.71e-08, 6.21e-08, 3.66, 4.2, 1e-08, 102
732974401, 1.04, 1.4e-07, 1.7e-07, 5.0, 0, 1e-08, 0
734529601, 8.21, 1.63e-07, 8.2e-08, 3.05, 0.54, 1e-08, 0
734788801, 2.03, 4.41e-08, 4.43e-08, 2.5, 0.68, 1e-08, 0
735307201, 3.75, 1.52e-08, 1.65e-08, 1.42, 0.66, 1e-08, 0
735566401, 3.23, 1.12e-07, 8.79e-08, 5.0, 0, 1e-08, 0
735825601, 3.04, 1.14e-07, 7.98e-08, 4.19, 3.89, 1e-08, 102
736084801, 2.46, 1.79e-08, 2.36e-08, 1.88, 0.82, 1e-08, 0
736344001, 1.24, 4.74e-08, 1.9e-07, 3.64, 7.74, 1e-08, 102
737640001, 4.51, 5.08e-09, 5.81e-09, 0.8, 0.66, 1e-08, 0
738676801, 6.11, 6.64e-09, 8.18e-09, 1.18, 0.67, 1e-08, 0
738936001, 2.4, 1.82e-08, 2.73e-08, 2.01, 0.92, 1e-08, 0
741528001, 4.94, 1.07e-07, 6.92e-08, 5.0, 0, 1e-08, 0
