timestamp, ts, flux, flux_error, photon_index, photon_index_interval, fit_tolerance, fit_convergence
239716801, 2.25, 1.84e-08, 3.74e-08, 1.93, 0.91, 1e-08, 0
240494401, 1.32, 5.61e-08, 5.71e-08, 3.98, 7.06, 1e-08, 102
240753601, 2.76, 7.36e-08, 5.25e-08, 2.75, 0.61, 1e-08, 0
242568001, 1.45, 1.51e-08, 2.5e-08, 1.93, 0.83, 1e-08, 0
243086401, 1.23, 6.01e-08, 6.49e-08, 2.7, 0.95, 1e-08, 0
244382401, 13.43, 8.83e-08, 4.87e-08, 2.05, 0.33, 1e-08, 0
244641601, 13.24, 1.53e-07, 6.4e-08, 2.82, 0.52, 1e-08, 0
244900801, 4.45, 8.21e-08, 4.97e-08, 2.59, 0.44, 1e-08, 0
245419201, 4.01, 9.05e-08, 5.25e-08, 8.84, 4.02, 1e-08, 102
245678401, 6.52, 1.34e-07, 6.49e-08, 3.59, 0.88, 1e-08, 0
246974401, 6.99, 1.53e-07, 7.38e-08, 3.26, 0.78, 1e-08, 0
247492801, 7.58, 1.31e-07, 6.78e-08, 2.7, 0.52, 1e-08, 0
249566401, 7.33, 8.96e-08, 5.26e-08, 2.76, 0.59, 1e-08, 0
249825601, 1.41, 1.82e-08, 2.39e-08, 2.02, 0.62, 1e-08, 0
250603201, 3.18, 9.3e-08, 5.92e-08, 4.69, 4.59, 1e-08, 102
251640001, 1.77, 6.19e-08, 5.71e-08, 3.06, 1.01, 1e-08, 0
251899201, 3.22, 1.05e-07, 8.91e-08, 3.09, 3.32, 1e-08, 0
252676801, 6.59, 1.59e-07, 7.79e-08, 5.99, 3.35, 1e-08, 102
252936001, 14.92, 2.08e-07, 7.4e-08, 5.2, 2.48, 1e-08, 102
253454401, 1.94, 5.16e-08, 4.76e-08, 2.77, 0.87, 1e-08, 0
253713601, 5.14, 1.24e-07, 6.59e-08, 6.39, 3.53, 1e-08, 102
254232001, 5.44, 1.29e-07, 6.58e-08, 3.93, 3.68, 1e-08, 102
255009601, 8.0, 1.5e-07, 6.58e-08, 3.61, 0.81, 1e-08, 0
255787201, 1.6, 7.64e-08, 6.97e-08, 3.37, 0.99, 1e-08, 0
256564801, 4.1, 1.4e-07, 8.48e-08, 4.0, 4.29, 1e-08, 102
257601601, 7.79, 1.27e-07, 7.01e-08, 2.69, 0.57, 1e-08, 0
258897601, 1.83, 9.54e-08, 8.14e-08, 4.6, 5.92, 1e-08, 102
259156801, 5.38, 1.39e-07, 7.32e-08, 4.15, 1.11, 1e-08, 0
259416001, 8.51, 1.94e-07, 8.15e-08, 4.15, 1.21, 1e-08, 0
259675201, 7.82, 1.65e-07, 7.89e-08, 3.71, 5.85, 1e-08, 0
262008001, 1.37, 8.47e-08, 8.24e-08, 4.04, 2.29, 1e-08, 0
262785601, 10.1, 2.42e-08, 1.8e-08, 1.63, 0.36, 1e-08, 0
263304001, 4.44, 1.52e-07, 9.31e-08, 3.9, 2.37, 1e-08, 0
264600001, 15.46, 1.59e-07, 5.99e-08, 2.62, 0.36, 1e-08, 0
265636801, 2.31, 9.5e-08, 7.32e-08, 3.68, 2.52, 1e-08, 0
266155201, 5.58, 1.17e-07, 7.23e-08, 3.02, 0.94, 1e-08, 0
266673601, 5.05, 7.94e-08, 6.38e-08, 2.45, 0.61, 1e-08, 0
266932801, 5.61, 1.31e-07, 7e-08, 3.24, 0.68, 1e-08, 0
267192001, 7.34, 1.38e-07, 6.72e-08, 3.25, 0.74, 1e-08, 0
267451201, 6.03, 5.85e-08, 4.11e-08, 2.2, 0.45, 1e-08, 0
267969601, 3.74, 6.3e-08, 4.7e-08, 2.58, 0.58, 1e-08, 0
269006401, 6.2, 9.12e-08, 5.49e-08, 2.5, 0.48, 1e-08, 0
269784001, 3.99, 1.1e-07, 6.79e-08, 3.3, 1.07, 1e-08, 0
270302401, 5.94, 1.51e-07, 7.78e-08, 6.41, 3.54, 1e-08, 102
270820801, 2.55, 9.49e-08, 7.81e-08, 3.39, 1.68, 1e-08, 0
272376001, 3.4, 1.16e-07, 7.32e-08, 4.98, 4.39, 1e-08, 102
272635201, 1.11, 6.41e-08, 5.85e-07, 4.72, 2.34, 1e-08, 0
272894401, 1.08, 5.78e-08, 6.72e-08, 3.26, 1.7, 1e-08, 0
273412801, 1.68, 7.92e-08, 6.88e-08, 3.76, 1.27, 1e-08, 0
273672001, 2.37, 8.6e-08, 6.31e-08, 8.36, 5.18, 1e-08, 102
274190401, 2.43, 8.94e-08, 7.06e-08, 3.01, 0.87, 1e-08, 0
274708801, 4.07, 1.07e-07, 6.32e-08, 3.5, 2.62, 1e-08, 0
275227201, 3.14, 1.12e-07, 7.61e-08, 3.76, 1, 1e-08, 0
275745601, 3.77, 1.42e-07, 8.62e-08, 5.07, 4.11, 1e-08, 102
276004801, 1.5, 9.19e-09, 1.62e-08, 1.56, 0.84, 1e-08, 0
276264001, 4.79, 9.05e-08, 6.85e-08, 2.39, 0.72, 1e-08, 0
277041601, 2.26, 3.43e-08, 3.76e-08, 2.06, 0.56, 1e-08, 0
277560001, 2.32, 1.96e-08, 2.61e-08, 1.81, 0.56, 1e-08, 0
278078401, 3.38, 1.28e-07, 8.08e-08, 4.89, 4.32, 1e-08, 102
278596801, 3.08, 5.73e-08, 6.59e-08, 2.21, 0.8, 1e-08, 0
280411201, 1.89, 3.82e-09, 4.99e-09, 0.94, 0.66, 1e-08, 0
280670401, 1.74, 1.86e-08, 2.42e-08, 1.94, 0.68, 1e-08, 0
280929601, 3.66, 1.21e-07, 7.6e-08, 3.59, 1.11, 1e-08, 0
281966401, 5.02, 6.24e-08, 4.67e-08, 2.12, 0.42, 1e-08, 0
283262401, 2.98, 1.15e-07, 8.1e-08, 4.35, 4.85, 1e-08, 102
283780801, 1.99, 4.72e-08, 4.36e-08, 2.29, 0.58, 1e-08, 0
284299201, 5.54, 8.61e-08, 6.11e-08, 2.33, 0.54, 1e-08, 0
284558401, 3.59, 1.15e-07, 8.91e-08, 3.41, 1.69, 1e-08, 0
284817601, 3.06, 1.1e-08, 1.67e-08, 1.62, 0.68, 1e-08, 0
286372801, 5.79, 4.64e-09, 6.14e-09, 0.94, 0.71, 1e-08, 0
287668801, 3.08, 1.23e-07, 8.38e-08, 4.24, 5.01, 1e-08, 102
288187201, 1.43, 2.31e-08, 4.19e-08, 2.0, 0.94, 1e-08, 0
290260801, 4.16, 1.33e-07, 8.5e-08, 2.83, 0.61, 1e-08, 0
291556801, 2.06, 1.11e-07, 9.03e-08, 4.03, 1.59, 1e-08, 0
292334401, 5.65, 7.45e-08, 3.95e-08, 3.22, 0.65, 1e-08, 0
292852801, 2.07, 9.81e-08, 8.09e-08, 3.21, 1.01, 1e-08, 0
293630401, 1.24, 6.07e-08, 6.14e-08, 3.55, 1.5, 1e-08, 0
293889601, 4.78, 8.35e-08, 6.33e-08, 2.69, 0.71, 1e-08, 0
294926401, 1.58, 6.09e-08, 5.61e-08, 7.9, 6.37, 1e-08, 102
295704001, 4.55, 1.4e-07, 1.18e-07, 3.25, 4.51, 1e-08, 102
295963201, 7.14, 9.45e-08, 7.47e-08, 2.31, 0.61, 1e-08, 0
296222401, 8.27, 1.68e-07, 7.32e-08, 9.59, 0.22, 1e-08, 0
296481601, 4.41, 1.45e-07, 8.72e-08, 3.67, 1.06, 1e-08, 0
296740801, 1.22, 1.78e-08, 2.53e-08, 2.13, 0.79, 1e-08, 0
297259201, 2.08, 5.63e-08, 5.68e-08, 2.57, 0.8, 1e-08, 0
297518401, 3.12, 5.38e-08, 5.94e-08, 2.48, 0.8, 1e-08, 0
298036801, 2.0, 8.18e-08, 6.8e-08, 3.72, 6.15, 1e-08, 102
299073601, 5.85, 1.14e-07, 6.42e-08, 2.38, 0.51, 1e-08, 0
299332801, 4.16, 8.3e-08, 9.1e-08, 2.58, 1.01, 1e-08, 0
299592001, 5.13, 5.56e-08, 4.43e-08, 1.81, 0.4, 1e-08, 0
300110401, 2.05, 8.1e-08, 7.3e-08, 2.52, 0.67, 1e-08, 0
300369601, 1.86, 9.84e-08, 8.14e-08, 4.51, 6.1, 1e-08, 102
301924801, 1.87, 4.52e-08, 4.94e-08, 2.36, 0.67, 1e-08, 0
302184001, 2.87, 5.11e-08, 5.09e-08, 2.15, 0.58, 1e-08, 0
302443201, 28.4, 2.65e-07, 8.7e-08, 2.55, 0.31, 1e-08, 0
302702401, 31.67, 2.52e-07, 7.8e-08, 2.52, 0.29, 1e-08, 0
302961601, 23.52, 1.75e-07, 6.7e-08, 2.33, 0.29, 1e-08, 0
303220801, 13.57, 1.42e-07, 6.52e-08, 2.41, 0.38, 1e-08, 0
303480001, 11.39, 1.61e-07, 7.28e-08, 2.71, 0.44, 1e-08, 0
303739201, 1.16, 5.56e-08, 6.84e-08, 3.42, 1.83, 1e-08, 0
304257601, 18.02, 2.12e-07, 8.7e-08, 2.56, 0.38, 1e-08, 0
304516801, 3.43, 5.16e-08, 5.54e-08, 2.36, 0.69, 1e-08, 0
305035201, 1.2, 6.84e-08, 7.77e-08, 3.06, 1.59, 1e-08, 0
305294401, 3.52, 4.21e-08, 4.72e-08, 2.0, 0.56, 1e-08, 0
305553601, 3.19, 1.19e-07, 8.01e-08, 3.43, 2.98, 1e-08, 0
305812801, 1.32, 4.07e-08, 6.05e-08, 2.15, 0.78, 1e-08, 0
306072001, 1.1, 3.07e-08, 4.98e-08, 2.13, 0.84, 1e-08, 0
306590401, 2.32, 1.01e-07, 7.38e-08, 6.76, 5, 1e-08, 102
306849601, 5.88, 1.58e-07, 8.18e-08, 3.01, 0.66, 1e-08, 0
307108801, 2.72, 3e-08, 5.58e-08, 1.96, 1, 1e-08, 0
307368001, 3.15, 1.01e-07, 7.83e-08, 3.1, 0.92, 1e-08, 0
308145601, 4.41, 1.27e-07, 7.89e-08, 3.22, 3.17, 1e-08, 0
308404801, 2.78, 4.1e-08, 4.12e-08, 1.97, 0.52, 1e-08, 0
308664001, 2.1, 9.84e-08, 7.58e-08, 6.8, 5.47, 1e-08, 102
308923201, 6.51, 1.34e-08, 2.14e-08, 1.68, 0.7, 1e-08, 0
309182401, 1.13, 9.53e-09, 1.63e-08, 1.65, 0.73, 1e-08, 0
309441601, 5.07, 1.48e-07, 7.88e-08, 3.32, 0.77, 1e-08, 0
309700801, 3.1, 6.12e-08, 7.29e-08, 2.6, 0.92, 1e-08, 0
310478401, 1.1, 6.05e-08, 6.77e-08, 3.26, 0.99, 1e-08, 0
311256001, 2.1, 5.36e-08, 6.03e-08, 2.64, 0.82, 1e-08, 0
312033601, 1.79, 1.21e-08, 1.52e-08, 1.58, 0.55, 1e-08, 0
312552001, 6.18, 9.33e-08, 6.09e-08, 2.5, 0.52, 1e-08, 0
313070401, 4.7, 4.85e-08, 3.7e-08, 2.04, 0.44, 1e-08, 0
313329601, 13.97, 3.52e-08, 2.54e-08, 1.64, 0.36, 1e-08, 0
313588801, 4.99, 1.19e-07, 7.19e-08, 2.66, 0.5, 1e-08, 0
313848001, 13.18, 4.23e-08, 2.73e-08, 1.54, 0.3, 1e-08, 0
314107201, 1.12, 7.54e-08, 7.56e-08, 4.33, 7.55, 1e-08, 102
314884801, 6.45, 3.72e-08, 3.19e-08, 1.85, 0.42, 1e-08, 0
315144001, 10.21, 1.36e-07, 7.59e-08, 2.45, 0.42, 1e-08, 0
315921601, 1.43, 4.36e-08, 5.47e-08, 2.47, 0.89, 1e-08, 0
316180801, 1.72, 8.53e-08, 7.17e-08, 4.98, 6.05, 1e-08, 102
317217601, 4.35, 1.39e-07, 7.71e-08, 3.71, 4.17, 1e-08, 102
317476801, 2.01, 1.05e-07, 8.8e-08, 3.57, 2.3, 1e-08, 0
317736001, 3.12, 1.15e-07, 8.5e-08, 2.83, 0.74, 1e-08, 0
319291201, 1.23, 1.06e-07, 1.17e-07, 4.29, 7.54, 1e-08, 102
319550401, 1.52, 9.22e-08, 8.68e-08, 4.13, 2.35, 1e-08, 0
320587201, 4.8, 1.38e-07, 7.83e-08, 3.12, 0.72, 1e-08, 0
321364801, 5.93, 1.56e-07, 1.08e-06, 9.56, 3.41, 1e-08, 102
321624001, 3.28, 2.35e-08, 3.41e-08, 1.89, 0.74, 1e-08, 0
322142401, 6.63, 2.49e-08, 2.79e-08, 1.83, 0.53, 1e-08, 0
322401601, 8.34, 2.04e-07, 8.7e-08, 5.58, 3.01, 1e-08, 102
323438401, 6.5, 1.73e-07, 8.58e-08, 3.07, 0.62, 1e-08, 0
323697601, 7.49, 8.46e-08, 5.92e-08, 2.3, 0.47, 1e-08, 0
323956801, 2.46, 8.82e-08, 6.67e-08, 4.57, 5.35, 1e-08, 102
324216001, 25.8, 7.22e-08, 3.69e-08, 1.78, 0.27, 1e-08, 0
324475201, 2.59, 1.8e-07, 1.94e-06, 9.62, 5.32, 1e-08, 102
324734401, 7.64, 1.44e-08, 1.33e-08, 1.44, 0.44, 1e-08, 0
324993601, 5.45, 9.3e-08, 6.19e-08, 2.55, 0.51, 1e-08, 0
325252801, 4.72, 8.62e-08, 5.99e-08, 2.63, 0.73, 1e-08, 0
325512001, 4.65, 8.39e-08, 5.53e-08, 2.73, 0.57, 1e-08, 0
325771201, 13.0, 2.25e-07, 9.7e-08, 3.61, 2.71, 1e-08, 102
326030401, 7.61, 1.57e-07, 6.88e-08, 5.5, 3.37, 1e-08, 102
326289601, 1.5, 6.29e-08, 5.93e-08, 3.02, 1.15, 1e-08, 0
326548801, 3.51, 1.18e-07, 7.38e-08, 4.87, 4.37, 1e-08, 102
326808001, 14.22, 1.37e-07, 6.29e-08, 2.47, 0.41, 1e-08, 0
327326401, 1.02, 6.14e-08, 6.86e-08, 4.11, 7.97, 1e-08, 102
327844801, 8.85, 1.61e-07, 9.11e-08, 3.03, 0.74, 1e-08, 0
328104001, 3.64, 1.05e-07, 7.1e-08, 2.9, 0.66, 1e-08, 0
328363201, 4.27, 4.92e-08, 4.55e-08, 2.35, 0.59, 1e-08, 0
328622401, 5.33, 3.84e-08, 3.57e-08, 1.93, 0.49, 1e-08, 0
329400001, 3.06, 4.57e-08, 4.85e-08, 2.3, 0.65, 1e-08, 0
329659201, 3.85, 1.31e-07, 3.68e-06, 6.99, 6.96, 1e-08, 0
330955201, 2.31, 7.99e-08, 6.02e-08, 7.7, 5.3, 1e-08, 102
331214401, 1.1, 5.11e-08, 7.16e-07, 9.02, 6.94, 1e-08, 102
331473601, 2.79, 8.9e-08, 6.28e-08, 7.0, 4.9, 1e-08, 102
331732801, 6.46, 1.08e-08, 1.45e-08, 1.36, 0.57, 1e-08, 0
331992001, 3.51, 1.04e-07, 7.58e-08, 3.22, 0.82, 1e-08, 0
332251201, 2.97, 1.47e-07, 9.8e-08, 4.48, 4.53, 1e-08, 102
332510401, 5.22, 1.18e-07, 6.51e-08, 8.04, 3.84, 1e-08, 102
333028801, 3.81, 9.7e-08, 8.19e-08, 2.79, 0.76, 1e-08, 0
334584001, 4.41, 7.78e-08, 5.75e-08, 2.39, 0.53, 1e-08, 0
335102401, 1.64, 6.81e-08, 5.79e-08, 9.01, 5.99, 1e-08, 102
337435201, 11.27, 3.32e-07, 1.33e-07, 8.94, 2.61, 1e-08, 102
337694401, 3.69, 6.88e-08, 5.2e-08, 2.35, 0.46, 1e-08, 0
338212801, 4.21, 2.82e-08, 3.08e-08, 1.66, 0.51, 1e-08, 0
338472001, 3.15, 6.3e-08, 6.11e-08, 2.3, 0.67, 1e-08, 0
338731201, 5.16, 1.64e-07, 9.29e-08, 3.43, 0.83, 1e-08, 0
338990401, 4.69, 5.51e-08, 4.02e-08, 2.15, 0.43, 1e-08, 0
339249601, 2.49, 7.25e-08, 5.67e-08, 2.37, 0.53, 1e-08, 0
339508801, 1.8, 6.89e-08, 6.22e-08, 2.89, 0.84, 1e-08, 0
339768001, 8.49, 1.29e-07, 6.51e-08, 2.78, 0.56, 1e-08, 0
340286401, 13.58, 7.81e-08, 4.37e-08, 2.06, 0.34, 1e-08, 0
340804801, 4.06, 1.27e-07, 7.88e-08, 3.17, 0.78, 1e-08, 0
341064001, 4.02, 1.63e-07, 1.03e-07, 4.87, 4.1, 1e-08, 102
341582401, 5.59, 1.72e-07, 9.2e-08, 3.13, 0.85, 1e-08, 0
341841601, 8.72, 2.55e-07, 2.84e-06, 5.71, 2.82, 1e-08, 102
342360001, 6.48, 9.91e-08, 6.67e-08, 2.35, 0.51, 1e-08, 0
342619201, 18.63, 3.29e-07, 1.08e-07, 3.47, 0.52, 1e-08, 0
342878401, 3.61, 1.54e-07, 1.02e-07, 5.12, 4.25, 1e-08, 102
344952001, 7.11, 1.22e-08, 1.24e-08, 1.27, 0.5, 1e-08, 0
345211201, 2.13, 7.7e-08, 6.58e-08, 3.68, 6.28, 1e-08, 102
345470401, 2.4, 9.09e-08, 6.61e-08, 6.31, 5.21, 1e-08, 102
346248001, 3.79, 1.27e-07, 8.22e-08, 3.2, 0.97, 1e-08, 0
347284801, 1.35, 8.82e-08, 9.38e-08, 3.78, 1.64, 1e-08, 0
347803201, 9.73, 2.32e-07, 9.6e-08, 4.97, 2.83, 1e-08, 102
348580801, 10.49, 1.63e-07, 6.62e-08, 7.98, 2.83, 1e-08, 102
349099201, 3.85, 9.49e-08, 7.49e-08, 2.81, 0.76, 1e-08, 0
349358401, 3.23, 8.4e-08, 6.3e-08, 2.89, 1.56, 1e-08, 0
349876801, 4.18, 1.56e-08, 1.89e-08, 1.52, 0.62, 1e-08, 0
350395201, 12.7, 2.96e-07, 1.07e-07, 6.21, 2.43, 1e-08, 102
350654401, 2.35, 1.29e-07, 9.81e-08, 4.29, 5.28, 1e-08, 102
351172801, 14.05, 4.81e-08, 3.99e-08, 1.78, 0.42, 1e-08, 0
351432001, 1.55, 9.97e-08, 9.55e-08, 3.57, 1.13, 1e-08, 0
351691201, 2.93, 4.14e-08, 3.99e-08, 2.3, 0.64, 1e-08, 0
351950401, 1.93, 8.1e-08, 6.69e-08, 6.8, 5.73, 1e-08, 102
352209601, 31.67, 1.84e-07, 6.6e-08, 2.12, 0.25, 1e-08, 0
352728001, 6.85, 3e-08, 3.4e-08, 1.71, 0.51, 1e-08, 0
352987201, 3.0, 9.28e-08, 6.21e-08, 6.12, 4.43, 1e-08, 102
353246401, 2.78, 4.63e-08, 4.37e-08, 2.29, 0.62, 1e-08, 0
353764801, 9.4, 1.81e-07, 8e-08, 6.39, 2.85, 1e-08, 102
354024001, 1.56, 7.21e-08, 6.87e-08, 3.24, 1.37, 1e-08, 0
354283201, 1.81, 4.36e-08, 5.23e-08, 2.52, 0.8, 1e-08, 0
354801601, 13.44, 2.48e-07, 9.5e-08, 3.05, 0.49, 1e-08, 0
355060801, 2.5, 1.1e-07, 8.92e-08, 3.42, 1.04, 1e-08, 0
355579201, 1.41, 5.6e-08, 6.3e-08, 2.73, 1.04, 1e-08, 0
355838401, 2.71, 1.08e-07, 7.68e-08, 4.34, 5.01, 1e-08, 102
356097601, 1.29, 7.68e-08, 7.64e-08, 6.26, 6.66, 1e-08, 102
356616001, 4.87, 7.16e-08, 5.44e-08, 2.12, 0.48, 1e-08, 0
357134401, 5.8, 4.55e-08, 3.86e-08, 1.86, 0.43, 1e-08, 0
358171201, 2.47, 8.03e-08, 7.39e-07, 9.24, 4.56, 1e-08, 102
359467201, 16.3, 2.27e-07, 7.4e-08, 4.53, 2.33, 1e-08, 102
360763201, 4.47, 5.37e-08, 4.93e-08, 2.14, 0.62, 1e-08, 0
361540801, 5.9, 1.48e-07, 7.59e-08, 7.4, 3.43, 1e-08, 102
362577601, 3.92, 1.04e-07, 6.71e-08, 3.73, 1.03, 1e-08, 0
362836801, 6.05, 1.41e-07, 8.8e-08, 3.23, 1.72, 1e-08, 0
363096001, 4.1, 1.16e-07, 7.3e-08, 2.79, 0.65, 1e-08, 0
363355201, 1.83, 8.36e-08, 8.25e-08, 5.22, 6.2, 1e-08, 102
364132801, 1.18, 7.05e-08, 7.46e-08, 3.15, 1.45, 1e-08, 0
364392001, 4.15, 1.35e-07, 8.22e-08, 3.95, 1.2, 1e-08, 0
365169601, 2.11, 1.77e-08, 3.05e-08, 1.91, 0.8, 1e-08, 0
366465601, 6.66, 1.83e-07, 8.8e-08, 5.16, 3.29, 1e-08, 102
366724801, 13.13, 2.17e-07, 7.8e-08, 3.25, 0.52, 1e-08, 0
367502401, 1.81, 4.16e-08, 5.77e-08, 2.65, 0.98, 1e-08, 0
368280001, 5.29, 6.96e-08, 5.35e-08, 2.41, 0.58, 1e-08, 0
368798401, 5.29, 1.74e-07, 9.9e-08, 3.35, 1.03, 1e-08, 0
369576001, 2.86, 1.62e-08, 2.1e-08, 1.57, 0.55, 1e-08, 0
370094401, 4.79, 1.51e-07, 1.16e-07, 3.12, 1.3, 1e-08, 0
370612801, 1.51, 8.12e-09, 1.31e-08, 1.66, 0.7, 1e-08, 0
370872001, 1.62, 4.3e-08, 4.99e-08, 2.4, 0.75, 1e-08, 0
371908801, 3.15, 9.74e-08, 6.47e-08, 5.06, 4.66, 1e-08, 102
372427201, 6.37, 1.72e-07, 8.19e-08, 6.34, 3.3, 1e-08, 102
373464001, 1.01, 3.62e-08, 5.37e-08, 2.51, 0.94, 1e-08, 0
374500801, 4.61, 4.55e-08, 5.13e-08, 1.8, 0.52, 1e-08, 0
375019201, 12.04, 2.27e-07, 9.6e-08, 2.69, 0.42, 1e-08, 0
375278401, 20.51, 6.64e-08, 4.56e-08, 1.71, 0.32, 1e-08, 0
375537601, 8.49, 3.64e-09, 6.09e-09, 0.11, 3.99, 1e-08, 102
375796801, 5.33, 6.47e-08, 4.65e-08, 2.22, 0.47, 1e-08, 0
376833601, 14.15, 4.25e-08, 2.94e-08, 1.55, 0.33, 1e-08, 0
377092801, 4.79, 8.57e-08, 6.85e-08, 2.57, 0.63, 1e-08, 0
377352001, 15.08, 4.18e-09, 5.51e-09, 0.75, 0.98, 1e-08, 0
377611201, 6.06, 1.5e-07, 7.71e-08, 4.61, 3.67, 1e-08, 102
378648001, 1.31, 9.33e-08, 8.98e-08, 8.47, 6.5, 1e-08, 102
379166401, 3.32, 2.31e-08, 2.49e-08, 1.88, 0.54, 1e-08, 0
380203201, 4.2, 9.4e-08, 7e-08, 2.51, 0.74, 1e-08, 0
380462401, 4.81, 4.63e-08, 5.48e-08, 2.26, 0.71, 1e-08, 0
382017601, 2.09, 5.55e-08, 6.05e-07, 9.06, 5.4, 1e-08, 102
382276801, 1.62, 8.35e-08, 7.16e-08, 9.26, 0.42, 1e-08, 0
383313601, 6.75, 1.88e-07, 9.58e-08, 3.64, 1.18, 1e-08, 0
383832001, 1.11, 7.24e-08, 7.44e-08, 4.74, 7.49, 1e-08, 102
384868801, 1.27, 5.76e-08, 6.44e-08, 2.76, 0.99, 1e-08, 0
385905601, 1.34, 1.63e-08, 2.48e-08, 1.9, 0.74, 1e-08, 0
386942401, 4.26, 1.43e-07, 9.29e-08, 3.67, 4.35, 1e-08, 102
388238401, 5.75, 1.65e-07, 8.31e-08, 5.5, 3.42, 1e-08, 102
389275201, 5.31, 1.59e-07, 8.73e-08, 3.28, 0.74, 1e-08, 0
391867201, 2.46, 1.12e-07, 8.99e-08, 3.2, 1.07, 1e-08, 0
392644801, 1.89, 1.16e-07, 8.99e-08, 6.61, 5.44, 1e-08, 102
393681601, 3.08, 1.12e-07, 7.8e-08, 7.92, 4.75, 1e-08, 102
394200001, 2.27, 8.99e-08, 7.02e-08, 5.17, 5.41, 1e-08, 102
394459201, 9.39, 1.82e-07, 7.8e-08, 6.42, 2.92, 1e-08, 102
394718401, 3.31, 8.02e-08, 5.87e-08, 5.95, 4.78, 1e-08, 102
394977601, 3.25, 1.28e-07, 8.42e-08, 4.13, 1.37, 1e-08, 0
395236801, 6.75, 1.5e-07, 7.23e-08, 7.87, 3.34, 1e-08, 102
396014401, 6.31, 1.56e-07, 7.81e-08, 3.45, 0.82, 1e-08, 0
396792001, 7.34, 7.65e-09, 9.94e-09, 1.06, 0.6, 1e-08, 0
397310401, 5.13, 2.07e-07, 1.13e-07, 3.4, 1.74, 1e-08, 0
397828801, 8.16, 2.34e-07, 1.04e-07, 7.08, 2.93, 1e-08, 102
398606401, 1.43, 8.39e-09, 1.55e-08, 2.06, 0.9, 1e-08, 0
400161601, 2.47, 6.29e-08, 5.58e-08, 2.84, 0.93, 1e-08, 0
401198401, 1.98, 7.61e-08, 7.71e-08, 2.81, 1.21, 1e-08, 0
403012801, 5.05, 1.51e-07, 8.29e-08, 3.36, 0.78, 1e-08, 0
403272001, 1.33, 6.83e-08, 9.28e-08, 3.87, 7.78, 1e-08, 102
404827201, 2.12, 1.02e-07, 1.55e-06, 7.53, 3.74, 1e-08, 0
405086401, 6.07, 1.64e-07, 8.09e-08, 4.14, 1.36, 1e-08, 0
405864001, 1.52, 9.56e-08, 8.62e-08, 4.35, 6.45, 1e-08, 102
407419201, 1.42, 3.82e-08, 5.57e-08, 2.33, 0.9, 1e-08, 0
409233601, 1.03, 4.11e-08, 6.09e-08, 2.27, 0.81, 1e-08, 0
410529601, 1.3, 1.46e-07, 1.68e-07, 3.18, 1.36, 1e-08, 0
410788801, 1.07, 1.39e-07, 1.64e-07, 3.72, 2.53, 1e-08, 0
412344001, 2.14, 5.8e-08, 5.92e-08, 2.57, 1.06, 1e-08, 0
415195201, 5.68, 1.79e-07, 9.49e-08, 5.6, 3.57, 1e-08, 102
415454401, 2.59, 2.56e-07, 1.83e-07, 8.54, 5.33, 1e-08, 102
416491201, 1.67, 6.97e-08, 7.05e-08, 2.64, 0.84, 1e-08, 0
417268801, 4.81, 4.83e-08, 4.21e-08, 2.25, 0.54, 1e-08, 0
417528001, 1.9, 8.97e-08, 7.31e-08, 5.14, 5.56, 1e-08, 102
419083201, 5.37, 2.5e-07, 1.58e-07, 3.04, 0.76, 1e-08, 0
419342401, 1.54, 1.88e-08, 2.92e-08, 1.71, 0.76, 1e-08, 0
419860801, 1.24, 7.66e-08, 8.86e-08, 2.27, 0.75, 1e-08, 0
420120001, 1.26, 6.08e-08, 6.49e-08, 3.58, 1.23, 1e-08, 0
420379201, 2.55, 8.84e-08, 6.97e-08, 3.33, 1.04, 1e-08, 0
420638401, 1.67, 4.27e-08, 5.1e-08, 2.38, 0.71, 1e-08, 0
421156801, 4.7, 1.38e-07, 7.29e-08, 5.91, 3.8, 1e-08, 102
421934401, 5.78, 1.17e-07, 6.58e-08, 2.76, 0.55, 1e-08, 0
423748801, 5.47, 2.27e-07, 1.16e-07, 4.49, 3.61, 1e-08, 102
424785601, 7.08, 5.6e-08, 5.12e-08, 2.17, 0.5, 1e-08, 0
425563201, 7.31, 2.05e-07, 1.17e-07, 3.6, 3.56, 1e-08, 102
426600001, 6.9, 1.01e-08, 1.18e-08, 1.36, 0.54, 1e-08, 0
428932801, 2.65, 2.37e-07, 1.91e-07, 3.24, 1.46, 1e-08, 0
429969601, 4.4, 1.83e-07, 1.23e-07, 2.77, 0.59, 1e-08, 0
431524801, 1.15, 6.08e-08, 7.34e-08, 2.46, 0.87, 1e-08, 0
432302401, 3.24, 1.96e-07, 1.34e-07, 6.09, 4.65, 1e-08, 102
432820801, 1.26, 1.06e-07, 1.23e-07, 3.33, 1.84, 1e-08, 0
433339201, 3.79, 2.72e-07, 1.88e-07, 6.5, 4.56, 1e-08, 102
434116801, 9.81, 4.46e-07, 1.89e-07, 6.71, 3.01, 1e-08, 102
434894401, 3.0, 1.57e-07, 1.05e-07, 3.79, 4.74, 1e-08, 102
435153601, 1.44, 6.94e-08, 6.86e-08, 5.41, 6.26, 1e-08, 102
435412801, 4.16, 3.39e-08, 3.41e-08, 2.21, 0.56, 1e-08, 0
435931201, 5.22, 1.22e-07, 7.52e-08, 2.67, 0.52, 1e-08, 0
436449601, 2.35, 2.83e-08, 3.15e-08, 1.79, 0.54, 1e-08, 0
437227201, 4.35, 5.9e-08, 6.88e-08, 2.05, 0.64, 1e-08, 0
438264001, 3.59, 1.53e-07, 1.23e-07, 2.15, 0.46, 1e-08, 0
440596801, 3.49, 3.76e-08, 2.94e-08, 1.83, 0.4, 1e-08, 0
441374401, 1.15, 5.5e-08, 6.93e-08, 3.78, 7.52, 1e-08, 102
441892801, 2.75, 6.52e-08, 5.88e-08, 2.48, 0.66, 1e-08, 0
442929601, 3.45, 1.35e-07, 8.7e-08, 3.54, 1.18, 1e-08, 0
443448001, 4.08, 1.83e-07, 1.14e-07, 6.37, 4.06, 1e-08, 102
443966401, 5.37, 8.76e-08, 5.96e-08, 2.33, 0.5, 1e-08, 0
444225601, 3.42, 1.27e-07, 8.5e-08, 3.45, 0.98, 1e-08, 0
446817601, 1.02, 4.95e-08, 7.55e-08, 2.69, 1.41, 1e-08, 0
447076801, 1.96, 4.5e-08, 4.67e-08, 2.03, 0.49, 1e-08, 0
447854401, 1.87, 1.15e-07, 9.61e-08, 4.85, 5.47, 1e-08, 102
449668801, 2.0, 1.27e-07, 1.09e-07, 4.03, 5.94, 1e-08, 102
450705601, 8.32, 1.66e-07, 7.72e-08, 3.77, 1.06, 1e-08, 0
452001601, 2.93, 1.05e-07, 7.29e-08, 6.07, 4.7, 1e-08, 102
453038401, 1.23, 1.38e-08, 2.39e-08, 1.89, 0.83, 1e-08, 0
453816001, 1.81, 7.95e-08, 6.67e-08, 4.01, 6.18, 1e-08, 102
454852801, 10.58, 1.84e-07, 7.6e-08, 3.12, 0.84, 1e-08, 0
455630401, 2.11, 3.41e-08, 3.73e-08, 2.12, 0.7, 1e-08, 0
455889601, 2.22, 8.25e-08, 6.84e-08, 3.52, 0.98, 1e-08, 0
457444801, 2.79, 1.08e-07, 7.71e-08, 4.97, 5, 1e-08, 102
459259201, 1.15, 6.44e-08, 7.48e-08, 5.32, 7.14, 1e-08, 102
459777601, 2.2, 9.22e-08, 8.09e-08, 4.45, 5.56, 1e-08, 102
461073601, 2.4, 1.23e-07, 9.18e-08, 4.64, 5.15, 1e-08, 102
461851201, 1.66, 1.06e-07, 1.03e-07, 3.93, 2.51, 1e-08, 0
462369601, 1.46, 8.68e-08, 8.34e-08, 3.24, 1.25, 1e-08, 0
464702401, 4.14, 8.63e-08, 6.77e-08, 2.42, 0.52, 1e-08, 0
465220801, 4.55, 1.73e-07, 9.71e-08, 3.81, 0.98, 1e-08, 0
466257601, 8.46, 2.68e-07, 1.15e-07, 4.86, 1.31, 1e-08, 0
467035201, 2.34, 1.08e-07, 8.89e-08, 5.06, 5.23, 1e-08, 102
467294401, 1.42, 7.79e-08, 7.29e-08, 6.54, 6.42, 1e-08, 102
469368001, 1.48, 7.48e-08, 9.64e-08, 3.58, 7.62, 1e-08, 102
469886401, 2.35, 3.18e-08, 5.35e-08, 2.0, 0.79, 1e-08, 0
470145601, 3.59, 1.54e-07, 1.01e-07, 3.86, 1.09, 1e-08, 0
470664001, 1.33, 8.23e-08, 8.26e-08, 3.59, 7.56, 1e-08, 102
471700801, 1.24, 1.01e-07, 1.03e-07, 4.0, 7.11, 1e-08, 102
472996801, 8.88, 1.65e-07, 7.39e-08, 4.26, 1.2, 1e-08, 0
474292801, 4.65, 1.57e-07, 9.61e-08, 3.6, 0.88, 1e-08, 0
475848001, 3.28, 3.13e-08, 3.24e-08, 1.84, 0.48, 1e-08, 0
476366401, 2.51, 7.66e-08, 6.96e-08, 2.47, 0.67, 1e-08, 0
476884801, 1.09, 6.34e-08, 6.97e-08, 3.89, 7.84, 1e-08, 102
477144001, 2.48, 1.62e-08, 2.36e-08, 1.92, 0.74, 1e-08, 0
477921601, 2.08, 9.68e-09, 1.39e-08, 1.62, 0.67, 1e-08, 0
478440001, 1.44, 3.58e-09, 5.14e-09, 0.7, 0.89, 1e-08, 0
479476801, 2.61, 1.29e-07, 9.22e-08, 3.69, 0.93, 1e-08, 0
480513601, 4.41, 1.37e-07, 1e-07, 3.48, 2.03, 1e-08, 0
481809601, 2.25, 6.39e-08, 5.8e-08, 2.66, 0.71, 1e-08, 0
482328001, 3.34, 1.05e-07, 6.7e-08, 9.36, 0.32, 1e-08, 0
482587201, 6.53, 1.41e-07, 7.02e-08, 3.19, 0.74, 1e-08, 0
483105601, 1.95, 1.14e-08, 1.72e-08, 1.44, 0.67, 1e-08, 0
484142401, 2.66, 3.15e-08, 3.35e-08, 1.99, 0.54, 1e-08, 0
484401601, 2.74, 9.44e-08, 1.3e-07, 7.71, 1.95, 1e-08, 102
485697601, 1.49, 8.47e-08, 7.52e-08, 3.98, 6.7, 1e-08, 102
485956801, 4.13, 1.61e-08, 1.88e-08, 1.69, 0.56, 1e-08, 0
486216001, 12.36, 1.1e-07, 5.79e-08, 2.37, 0.41, 1e-08, 0
486475201, 1.67, 6.11e-08, 5.88e-08, 2.51, 0.83, 1e-08, 0
489326401, 2.68, 1.84e-08, 4.86e-08, 1.74, 1.07, 1e-08, 0
490622401, 2.56, 1.22e-07, 9.2e-08, 3.04, 0.91, 1e-08, 0
491918401, 1.49, 2.28e-07, 3.06e-07, 2.28, 1.06, 1e-08, 0
492955201, 2.02, 2.38e-09, 2.86e-09, 0.1, 1.31, 1e-08, 0
494510401, 9.03, 2.26e-07, 9.4e-08, 4.96, 2.93, 1e-08, 102
494769601, 2.76, 6.91e-08, 6.16e-08, 2.55, 0.71, 1e-08, 0
495028801, 1.79, 6.48e-08, 6.02e-08, 2.77, 0.76, 1e-08, 0
495288001, 3.06, 9.23e-08, 6.47e-08, 3.48, 1.28, 1e-08, 0
497361601, 1.9, 7.73e-09, 1.15e-08, 1.31, 0.65, 1e-08, 0
497620801, 4.43, 1.5e-07, 8.99e-08, 3.06, 0.67, 1e-08, 0
499953601, 8.21, 1.79e-07, 8.48e-08, 3.13, 0.93, 1e-08, 0
500212801, 2.48, 6.07e-09, 8.84e-09, 1.32, 0.69, 1e-08, 0
500731201, 2.88, 1.73e-07, 1.26e-07, 3.12, 0.84, 1e-08, 0
500990401, 1.03, 6.53e-08, 8.48e-08, 3.25, 1.44, 1e-08, 0
501508801, 9.11, 8.71e-08, 5.38e-08, 2.09, 0.37, 1e-08, 0
502286401, 2.43, 6.55e-08, 6.35e-08, 2.49, 0.74, 1e-08, 0
502545601, 4.97, 6.48e-08, 6e-08, 2.31, 0.57, 1e-08, 0
503323201, 1.44, 9.34e-08, 1.01e-07, 2.95, 1.07, 1e-08, 0
503841601, 5.65, 4.05e-08, 2.63e-08, 2.15, 0.4, 1e-08, 0
504100801, 1.53, 5.22e-08, 5.07e-08, 6.54, 6.21, 1e-08, 102
504619201, 6.75, 8.92e-08, 5.17e-08, 2.47, 0.52, 1e-08, 0
504878401, 1.45, 8.06e-09, 1.06e-08, 1.65, 0.54, 1e-08, 0
505137601, 8.81, 3.01e-09, 3.97e-09, 0.86, 0.81, 1e-08, 0
505656001, 2.49, 1.08e-08, 1.37e-08, 1.53, 0.58, 1e-08, 0
505915201, 1.21, 6.5e-08, 6.9e-08, 3.44, 1.67, 1e-08, 0
506174401, 11.51, 4.01e-09, 4.68e-09, 0.84, 0.7, 1e-08, 0
506433601, 9.27, 4.53e-08, 5.26e-08, 1.99, 0.59, 1e-08, 0
507729601, 1.9, 7.4e-08, 7e-08, 2.71, 0.72, 1e-08, 0
510062401, 3.58, 7.07e-09, 1.06e-08, 1.33, 0.69, 1e-08, 0
510580801, 2.16, 9.12e-08, 7.88e-08, 3.2, 1.21, 1e-08, 0
510840001, 1.92, 4.29e-09, 6.01e-09, 1.11, 0.68, 1e-08, 0
511099201, 1.2, 7.99e-08, 9.41e-08, 3.34, 2, 1e-08, 0
511617601, 3.9, 1.76e-07, 1.05e-07, 4.76, 4.18, 1e-08, 102
511876801, 2.49, 1.14e-07, 7.92e-08, 8.82, 5.02, 1e-08, 102
514209601, 4.03, 1.11e-07, 6.59e-08, 6.91, 4.18, 1e-08, 102
514468801, 4.93, 3.27e-08, 3.26e-08, 1.94, 0.54, 1e-08, 0
514987201, 6.75, 1.43e-07, 6.67e-08, 7.73, 3.26, 1e-08, 102
516024001, 1.04, 2.74e-08, 4.85e-08, 2.25, 0.91, 1e-08, 0
516542401, 1.49, 7.46e-08, 6.56e-08, 8.34, 6.35, 1e-08, 102
517579201, 1.01, 3.25e-08, 4.03e-08, 2.36, 0.77, 1e-08, 0
518097601, 4.74, 6.88e-08, 5.14e-08, 2.29, 0.52, 1e-08, 0
518356801, 3.71, 2.56e-08, 2.31e-08, 1.71, 0.44, 1e-08, 0
520171201, 2.36, 8.51e-08, 6.8e-08, 2.94, 0.91, 1e-08, 0
521467201, 1.25, 5.95e-08, 7.92e-08, 2.71, 1.06, 1e-08, 0
522504001, 5.34, 1.25e-07, 7.02e-08, 5.28, 3.76, 1e-08, 102
522763201, 1.4, 5.62e-08, 6e-08, 3.24, 1.38, 1e-08, 0
524577601, 1.4, 6.95e-08, 8.04e-08, 3.32, 1.76, 1e-08, 0
525355201, 1.98, 8.59e-08, 7.63e-08, 3.1, 0.83, 1e-08, 0
525873601, 1.5, 1.01e-07, 9.59e-08, 3.94, 1.43, 1e-08, 0
527688001, 1.01, 4.85e-08, 5.74e-08, 3.07, 1.09, 1e-08, 0
528206401, 1.25, 5.32e-08, 5.27e-08, 6.85, 7.08, 1e-08, 102
528465601, 2.37, 5.76e-08, 5.07e-08, 2.66, 0.68, 1e-08, 0
529243201, 1.86, 9.87e-09, 1.7e-08, 1.61, 0.75, 1e-08, 0
529502401, 2.67, 9.33e-08, 7.87e-08, 3.0, 0.77, 1e-08, 0
532872001, 4.8, 1.24e-07, 6.9e-08, 3.33, 0.77, 1e-08, 0
533390401, 2.43, 8.53e-08, 6.86e-08, 2.86, 0.72, 1e-08, 0
533649601, 1.77, 2.89e-09, 3.64e-09, 0.53, 0.85, 1e-08, 0
534945601, 1.95, 9.63e-08, 7.99e-08, 6.69, 5.91, 1e-08, 102
535723201, 2.22, 1.08e-07, 8.8e-08, 4.13, 5.99, 1e-08, 102
536241601, 2.09, 4.69e-08, 5.61e-08, 2.62, 0.9, 1e-08, 0
536500801, 5.29, 1.27e-07, 6.92e-08, 3.58, 0.94, 1e-08, 0
538574401, 6.47, 8.95e-08, 7.34e-08, 2.19, 0.5, 1e-08, 0
538833601, 1.92, 8.33e-08, 7.26e-08, 2.82, 0.62, 1e-08, 0
539611201, 2.6, 1.18e-07, 8.88e-08, 4.33, 2.26, 1e-08, 0
541166401, 1.48, 1.81e-08, 2.3e-08, 1.73, 0.55, 1e-08, 0
541425601, 8.4, 1.9e-07, 8.35e-08, 3.76, 0.93, 1e-08, 0
544536001, 1.65, 1e-07, 1.44e-07, 2.3, 0.82, 1e-08, 0
544795201, 1.87, 4.41e-08, 4.97e-08, 1.85, 0.6, 1e-08, 0
545054401, 1.95, 1.93e-07, 2.94e-07, 2.42, 1.07, 1e-08, 0
547905601, 6.57, 1.4e-07, 7.32e-08, 2.73, 0.57, 1e-08, 0
548683201, 4.1, 9.1e-08, 1.51e-06, 8.9, 4.08, 1e-08, 102
549720001, 1.48, 1.49e-08, 1.73e-08, 1.79, 0.54, 1e-08, 0
549979201, 1.27, 4.28e-08, 4.24e-08, 7.85, 6.79, 1e-08, 102
552052801, 1.77, 1.72e-07, 1.56e-07, 3.68, 1.55, 1e-08, 0
552312001, 1.3, 6.92e-08, 7.46e-08, 3.19, 1.45, 1e-08, 0
552571201, 6.53, 1.66e-07, 8.3e-08, 3.61, 0.79, 1e-08, 0
552830401, 2.83, 1.04e-07, 1.71e-07, 4.86, 2.4, 1e-08, 102
553089601, 6.37, 1.73e-07, 1.17e-06, 9.61, 3.33, 1e-08, 102
554126401, 6.37, 1.16e-07, 5.6e-08, 4.18, 3.43, 1e-08, 102
555681601, 8.65, 1.15e-07, 4.68e-08, 8.03, 2.75, 1e-08, 102
555940801, 4.51, 6.97e-08, 4.34e-08, 2.72, 0.5, 1e-08, 0
556459201, 5.31, 4.79e-07, 2.74e-07, 4.5, 2.11, 1e-08, 0
557496001, 6.89, 2.6e-07, 1.29e-07, 6.76, 3.3, 1e-08, 102
558014401, 1.8, 7.52e-08, 8.04e-07, 9.21, 5.29, 1e-08, 102
558792001, 1.62, 4.51e-08, 4.26e-08, 2.96, 1.26, 1e-08, 0
559051201, 2.26, 1.26e-08, 1.59e-08, 1.87, 0.63, 1e-08, 0
560347201, 2.37, 5.18e-08, 4.74e-07, 9.03, 4.53, 1e-08, 102
560865601, 1.47, 2.29e-07, 2.91e-07, 3.14, 1.2, 1e-08, 0
561384001, 3.84, 1.3e-07, 9.62e-08, 2.91, 0.73, 1e-08, 0
562161601, 1.22, 7.26e-08, 7.73e-08, 3.54, 1.12, 1e-08, 0
562420801, 7.42, 2.18e-07, 1.13e-07, 3.41, 0.87, 1e-08, 0
562680001, 6.14, 1.49e-07, 9.19e-08, 2.96, 1.63, 1e-08, 0
563198401, 1.56, 2.13e-08, 3.41e-08, 2.12, 0.96, 1e-08, 0
564235201, 8.35, 1.02e-07, 5.89e-07, 9.35, 2.85, 1e-08, 102
565012801, 3.27, 2.78e-08, 2.81e-08, 1.91, 0.53, 1e-08, 0
566308801, 3.51, 1.46e-07, 1.01e-07, 3.46, 0.97, 1e-08, 0
566568001, 3.94, 9.74e-08, 5.56e-08, 6.51, 4, 1e-08, 102
567864001, 2.93, 1.69e-08, 1.67e-08, 1.86, 0.48, 1e-08, 0
568123201, 3.74, 5.35e-08, 3.65e-08, 2.72, 0.67, 1e-08, 0
568900801, 7.2, 1.42e-07, 6.41e-08, 6.48, 3.45, 1e-08, 102
569678401, 3.33, 9.96e-08, 6.83e-08, 3.37, 0.93, 1e-08, 0
570456001, 8.88, 1.79e-07, 7.6e-08, 3.58, 0.75, 1e-08, 0
570715201, 8.25, 1.5e-07, 7.3e-08, 3.15, 0.59, 1e-08, 0
570974401, 2.89, 1.05e-07, 7.42e-08, 3.22, 0.85, 1e-08, 0
571492801, 6.16, 1.25e-08, 1.88e-08, 1.66, 0.64, 1e-08, 0
571752001, 5.65, 1.34e-07, 7.38e-08, 3.32, 0.65, 1e-08, 0
572529601, 6.09, 4.23e-08, 2.94e-08, 1.64, 0.33, 1e-08, 0
572788801, 2.59, 7.25e-08, 5.57e-08, 3.16, 0.98, 1e-08, 0
573825601, 2.04, 3.06e-08, 3.56e-08, 2.1, 0.67, 1e-08, 0
574084801, 3.79, 1.01e-07, 6.69e-08, 6.69, 4.41, 1e-08, 102
574344001, 1.06, 4.03e-08, 5.66e-07, 8.91, 6.96, 1e-08, 102
574603201, 4.43, 1.06e-07, 6.6e-08, 2.79, 0.66, 1e-08, 0
575899201, 2.32, 7.88e-08, 7.09e-08, 3.09, 1.4, 1e-08, 0
576158401, 3.16, 1.03e-07, 7.02e-08, 3.21, 0.75, 1e-08, 0
576936001, 1.9, 4.67e-08, 4.77e-08, 2.58, 0.74, 1e-08, 0
577454401, 4.3, 9.53e-08, 5.95e-08, 2.95, 0.63, 1e-08, 0
577972801, 6.64, 6.88e-08, 4.82e-08, 2.29, 0.47, 1e-08, 0
579528001, 8.77, 1.59e-07, 9.4e-07, 9.56, 2.92, 1e-08, 102
579787201, 2.65, 7.52e-08, 5.77e-08, 3.58, 1.3, 1e-08, 0
580046401, 3.09, 8.22e-08, 5.96e-08, 2.97, 0.64, 1e-08, 0
582120001, 2.65, 5.73e-08, 4.05e-08, 8.18, 4.94, 1e-08, 102
583156801, 6.16, 8.59e-08, 5.74e-08, 2.55, 0.57, 1e-08, 0
583416001, 3.79, 8.8e-08, 5.89e-08, 7.24, 4.45, 1e-08, 102
584971201, 2.54, 1.35e-07, 1.02e-07, 4.82, 4.97, 1e-08, 102
585230401, 2.13, 5.48e-08, 5.23e-08, 2.26, 0.55, 1e-08, 0
586267201, 1.34, 4.75e-08, 5.77e-08, 2.5, 0.85, 1e-08, 0
586785601, 1.97, 6.66e-08, 5.93e-08, 3.55, 1.99, 1e-08, 0
589896001, 1.98, 1.1e-07, 2.5e-06, 4.61, 5.89, 1e-08, 102
590155201, 2.43, 1.02e-07, 8.2e-08, 3.56, 1.11, 1e-08, 0
590414401, 3.91, 2.9e-08, 3.77e-08, 1.86, 0.75, 1e-08, 0
591451201, 3.53, 1.68e-07, 1.43e-07, 2.95, 0.85, 1e-08, 0
591969601, 4.75, 4.04e-08, 3.18e-08, 1.96, 0.43, 1e-08, 0
593265601, 6.09, 5.62e-08, 4.87e-08, 1.96, 0.47, 1e-08, 0
593784001, 1.69, 3.81e-08, 6.01e-08, 2.28, 0.85, 1e-08, 0
594561601, 5.78, 1.41e-07, 7.62e-08, 3.74, 0.97, 1e-08, 0
596894401, 9.01, 4.84e-09, 5.25e-09, 0.67, 0.72, 1e-08, 0
597153601, 4.49, 6.99e-09, 8.4e-09, 1.34, 0.57, 1e-08, 0
597412801, 1.8, 7.46e-08, 6.82e-08, 3.73, 2.11, 1e-08, 0
597672001, 2.64, 9.38e-08, 7.04e-08, 3.72, 1.67, 1e-08, 0
598190401, 1.06, 8.2e-08, 9.38e-08, 3.51, 1.6, 1e-08, 0
598449601, 6.22, 1.25e-07, 6.41e-08, 3.26, 0.96, 1e-08, 0
598968001, 2.74, 1.46e-08, 1.9e-08, 1.9, 0.67, 1e-08, 0
599745601, 2.86, 6.34e-08, 4.77e-08, 4.62, 4.91, 1e-08, 102
600264001, 4.42, 5.63e-09, 7.46e-09, 1.3, 0.64, 1e-08, 0
601041601, 2.29, 8.17e-08, 6.52e-08, 3.68, 1.04, 1e-08, 0
601300801, 1.95, 6.43e-08, 5.68e-08, 2.91, 0.86, 1e-08, 0
601819201, 1.61, 7.28e-08, 6.53e-08, 4.13, 6.67, 1e-08, 102
602596801, 1.7, 3.6e-08, 4.06e-08, 2.42, 0.73, 1e-08, 0
603374401, 1.14, 1.86e-08, 2.96e-08, 1.96, 0.77, 1e-08, 0
605188801, 5.26, 9.5e-08, 5.99e-08, 2.5, 0.53, 1e-08, 0
605707201, 6.33, 1.5e-07, 7.92e-08, 3.14, 0.7, 1e-08, 0
605966401, 1.44, 4.95e-08, 4.98e-08, 2.4, 0.75, 1e-08, 0
606225601, 3.53, 1.11e-07, 7.28e-08, 4.62, 4.49, 1e-08, 102
606484801, 5.07, 1.27e-07, 7.18e-08, 3.65, 1.86, 1e-08, 0
607521601, 3.34, 9.7e-08, 8.98e-07, 9.33, 4.58, 1e-08, 102
607780801, 8.01, 1.37e-07, 7.51e-08, 2.82, 0.66, 1e-08, 0
608040001, 3.29, 1.03e-07, 6.82e-08, 3.58, 5.03, 1e-08, 102
608558401, 2.76, 1.04e-07, 7.39e-08, 6.17, 4.89, 1e-08, 102
608817601, 2.43, 7.34e-08, 5.65e-08, 3.98, 1.57, 1e-08, 0
609595201, 1.68, 5.05e-08, 5.23e-08, 2.92, 1, 1e-08, 0
610891201, 2.28, 7.68e-08, 5.72e-08, 6.08, 5.28, 1e-08, 102
611150401, 5.73, 1.24e-07, 6.79e-08, 9.36, 3.59, 1e-08, 102
612446401, 5.06, 7.91e-08, 5.86e-08, 2.72, 0.61, 1e-08, 0
612705601, 1.56, 6.26e-08, 5.86e-08, 3.39, 1.03, 1e-08, 0
613742401, 1.72, 6.25e-08, 5.95e-08, 4.6, 5.8, 1e-08, 102
615297601, 2.03, 7.24e-08, 6.08e-08, 6.07, 5.5, 1e-08, 102
615556801, 3.76, 1.12e-07, 7.39e-08, 4.02, 4.62, 1e-08, 102
615816001, 4.64, 1.17e-07, 6.7e-08, 4.48, 4.13, 1e-08, 102
616852801, 4.8, 1.76e-07, 1.04e-07, 9.61, 0.29, 1e-08, 0
617371201, 4.18, 1.41e-07, 8.99e-08, 3.2, 0.92, 1e-08, 0
617889601, 2.16, 1.14e-08, 1.35e-08, 1.61, 0.5, 1e-08, 0
620222401, 4.92, 1.43e-07, 8.3e-08, 3.75, 1.29, 1e-08, 0
620481601, 1.39, 8.14e-08, 8.14e-08, 3.31, 2.16, 1e-08, 0
621777601, 1.98, 9e-08, 7.5e-08, 9.29, 0.41, 1e-08, 0
623851201, 5.34, 1.05e-08, 1.46e-08, 1.33, 0.62, 1e-08, 0
624110401, 8.37, 1.64e-07, 7.2e-08, 4.62, 3.08, 1e-08, 102
624628801, 4.47, 1.16e-07, 7.18e-08, 3.97, 4.23, 1e-08, 102
624888001, 2.76, 8.39e-08, 6.61e-08, 2.94, 0.73, 1e-08, 0
625147201, 1.41, 5.59e-08, 5.91e-08, 2.64, 0.84, 1e-08, 0
625406401, 3.62, 1.07e-07, 8.89e-08, 2.91, 0.82, 1e-08, 0
625924801, 3.54, 1.25e-07, 9.39e-08, 3.26, 1.12, 1e-08, 0
626443201, 3.6, 1.16e-07, 7.82e-08, 3.1, 0.67, 1e-08, 0
626702401, 4.49, 4.22e-09, 4.99e-09, 0.97, 0.59, 1e-08, 0
627998401, 2.41, 6.27e-08, 5.11e-08, 2.96, 0.72, 1e-08, 0
628516801, 3.82, 1.09e-07, 6.9e-08, 3.53, 4.64, 1e-08, 102
629553601, 5.44, 1.74e-07, 9.4e-08, 3.64, 1.17, 1e-08, 0
630590401, 6.92, 1.27e-07, 6.08e-08, 7.62, 3.2, 1e-08, 102
630849601, 1.17, 4.71e-08, 4.73e-08, 6.08, 7.01, 1e-08, 102
631108801, 2.31, 7.55e-08, 5.65e-08, 5.09, 5.18, 1e-08, 102
631627201, 9.05, 1.4e-07, 7.8e-08, 3.38, 2.61, 1e-08, 0
633700801, 3.78, 1.02e-07, 7.08e-08, 5.53, 4.45, 1e-08, 102
634219201, 2.01, 8.57e-08, 7.44e-08, 3.09, 1.14, 1e-08, 0
634737601, 1.22, 6.49e-08, 6.9e-08, 3.31, 1.51, 1e-08, 0
635256001, 4.28, 1.71e-07, 9.8e-08, 4.7, 3.86, 1e-08, 102
636033601, 3.08, 1.19e-07, 8.93e-08, 3.81, 5.18, 1e-08, 102
636292801, 1.58, 5.71e-08, 5.99e-08, 2.87, 0.95, 1e-08, 0
637848001, 1.47, 2.92e-08, 3.58e-08, 2.3, 0.71, 1e-08, 0
639662401, 6.83, 1.55e-07, 7.6e-08, 6.83, 3.32, 1e-08, 102
640180801, 2.72, 9.63e-08, 9.16e-08, 3.62, 5.55, 1e-08, 102
640699201, 1.28, 5.23e-08, 5.16e-08, 4.12, 7.07, 1e-08, 102
641217601, 3.29, 7.96e-08, 2.32e-07, 9.14, 0.74, 1e-08, 0
641476801, 6.69, 1.62e-08, 1.26e-08, 1.45, 0.36, 1e-08, 0
642772801, 4.78, 8.17e-08, 5.92e-08, 2.62, 0.71, 1e-08, 0
643032001, 3.66, 8.42e-08, 7.13e-07, 9.26, 4.2, 1e-08, 102
643550401, 11.26, 1.99e-08, 2.51e-08, 1.62, 0.52, 1e-08, 0
644587201, 2.02, 5.17e-08, 4.7e-08, 2.97, 0.84, 1e-08, 0
645364801, 1.24, 5.13e-08, 4.99e-08, 3.94, 7.28, 1e-08, 102
646142401, 9.68, 1.65e-07, 7.28e-08, 3.38, 1.13, 1e-08, 0
646401601, 2.13, 1.96e-08, 3.09e-08, 2.05, 0.91, 1e-08, 0
646660801, 1.85, 1.49e-08, 2.02e-08, 1.6, 0.58, 1e-08, 0
648216001, 2.81, 1.12e-07, 8.21e-08, 3.91, 1.45, 1e-08, 0
648993601, 3.75, 1.75e-07, 1.14e-07, 4.29, 1.29, 1e-08, 0
649252801, 1.01, 5.35e-08, 6.27e-08, 2.6, 0.89, 1e-08, 0
650548801, 3.36, 7.7e-08, 6.29e-08, 3.23, 1.19, 1e-08, 0
651067201, 5.49, 1.13e-07, 6.28e-08, 4.88, 3.86, 1e-08, 102
651585601, 1.2, 7.88e-09, 1.57e-08, 1.47, 0.81, 1e-08, 0
651844801, 3.61, 1.01e-07, 6.98e-08, 3.16, 1.54, 1e-08, 0
652363201, 2.96, 1.34e-07, 9.51e-08, 4.33, 4.93, 1e-08, 102
652881601, 1.93, 9.12e-08, 7.18e-08, 5.48, 5.73, 1e-08, 102
653140801, 1.92, 6.61e-08, 5.96e-08, 2.51, 0.63, 1e-08, 0
653659201, 2.22, 1.22e-07, 9.82e-08, 4.43, 5.53, 1e-08, 102
654177601, 2.2, 1.07e-07, 2.29e-06, 4.99, 5.49, 1e-08, 102
656251201, 2.61, 8.99e-08, 6.51e-08, 4.07, 5.29, 1e-08, 102
656769601, 2.81, 9.62e-08, 7.5e-08, 3.63, 5.46, 1e-08, 102
657028801, 1.31, 7.3e-08, 7.39e-08, 3.39, 2.57, 1e-08, 0
657547201, 8.61, 1.88e-07, 1.33e-06, 9.64, 3.49, 1e-08, 102
658584001, 9.16, 1.55e-07, 7.31e-08, 3.82, 3.05, 1e-08, 102
659361601, 1.12, 4.07e-09, 9.34e-09, 1.29, 0.86, 1e-08, 0
659620801, 1.39, 4.57e-08, 4.6e-08, 3.57, 7.13, 1e-08, 102
660398401, 3.54, 9.83e-08, 6.26e-08, 4.72, 4.59, 1e-08, 102
661435201, 7.31, 1.12e-07, 6.5e-08, 2.58, 0.5, 1e-08, 0
661694401, 2.66, 1.23e-07, 8.48e-08, 8.36, 4.78, 1e-08, 102
661953601, 1.6, 2.85e-08, 4.58e-08, 2.09, 0.84, 1e-08, 0
662472001, 1.96, 3.2e-08, 4.27e-08, 2.42, 1.04, 1e-08, 0
662731201, 3.28, 8.95e-08, 7.75e-08, 3.88, 5.04, 1e-08, 102
663249601, 1.35, 4.27e-08, 5.48e-08, 2.71, 1.34, 1e-08, 0
663768001, 5.87, 2.45e-09, 2.78e-09, 0.96, 0.61, 1e-08, 0
664027201, 2.58, 8.78e-08, 6.42e-08, 4.24, 5.15, 1e-08, 102
665582401, 1.77, 7.82e-08, 6.68e-08, 5.87, 5.86, 1e-08, 102
666100801, 10.82, 1.98e-07, 8.5e-08, 7.18, 2.84, 1e-08, 102
666360001, 8.2, 1.82e-07, 8e-08, 6.23, 2.99, 1e-08, 102
666878401, 3.13, 8.83e-08, 6.65e-08, 2.82, 0.6, 1e-08, 0
667137601, 1.03, 3.37e-08, 5.1e-08, 2.29, 0.93, 1e-08, 0
668692801, 5.22, 9.35e-08, 5.72e-08, 2.39, 0.5, 1e-08, 0
668952001, 8.37, 1.6e-07, 7.11e-08, 5.29, 3.03, 1e-08, 102
669729601, 8.73, 1.5e-07, 6.8e-08, 6.67, 3.02, 1e-08, 102
671544001, 2.49, 7.91e-08, 6.4e-08, 3.05, 1.04, 1e-08, 0
671803201, 22.81, 3.02e-08, 3.26e-08, 1.56, 0.47, 1e-08, 0
672062401, 1.95, 6.93e-08, 5.98e-08, 3.07, 0.89, 1e-08, 0
672321601, 9.27, 1.16e-07, 6.7e-08, 2.51, 0.46, 1e-08, 0
672580801, 6.13, 9.04e-08, 4.97e-08, 3.31, 2.54, 1e-08, 0
672840001, 18.68, 6.13e-09, 6.38e-09, 0.96, 0.56, 1e-08, 0
673358401, 3.73, 3.58e-08, 3.02e-08, 2.17, 0.54, 1e-08, 0
673617601, 7.72, 7.84e-08, 4.48e-08, 2.35, 0.46, 1e-08, 0
673876801, 3.93, 8.03e-08, 5.37e-08, 2.86, 0.7, 1e-08, 0
674395201, 1.88, 7.1e-08, 6.21e-08, 3.12, 0.84, 1e-08, 0
674654401, 3.09, 7.56e-08, 5.76e-08, 5.03, 4.88, 1e-08, 102
674913601, 2.86, 4.48e-08, 4.57e-08, 2.24, 0.67, 1e-08, 0
675432001, 2.17, 5.69e-08, 5.81e-07, 9.07, 5.06, 1e-08, 102
675691201, 2.31, 7.03e-09, 1.08e-08, 1.39, 0.7, 1e-08, 0
675950401, 8.02, 1.51e-07, 7.28e-08, 3.71, 2.53, 1e-08, 0
676468801, 3.5, 8.38e-08, 5.74e-08, 3.6, 5.04, 1e-08, 102
677764801, 5.26, 7.42e-09, 9.49e-09, 1.41, 0.55, 1e-08, 0
678542401, 2.91, 9.19e-08, 6.43e-08, 4.01, 4.94, 1e-08, 102
678801601, 4.04, 7.56e-08, 1.08e-07, 9.21, 0.71, 1e-08, 0
679060801, 3.75, 9.89e-08, 6.63e-08, 3.37, 1.44, 1e-08, 0
680097601, 3.28, 1.33e-07, 8.97e-08, 3.47, 0.83, 1e-08, 0
680356801, 3.82, 9.4e-08, 6.79e-08, 2.64, 0.66, 1e-08, 0
680616001, 2.12, 4.7e-08, 5.3e-08, 2.15, 0.6, 1e-08, 0
681134401, 2.48, 1.38e-08, 2.73e-08, 1.74, 0.97, 1e-08, 0
682171201, 2.85, 8.49e-08, 6.42e-08, 2.95, 0.88, 1e-08, 0
682430401, 2.61, 9.93e-08, 7.2e-08, 5.04, 5, 1e-08, 102
683208001, 7.14, 5.91e-08, 3.93e-08, 2.18, 0.43, 1e-08, 0
683467201, 7.82, 1.32e-07, 6.41e-08, 3.38, 0.74, 1e-08, 0
684763201, 1.97, 2.19e-08, 4.69e-08, 2.24, 1.2, 1e-08, 0
685022401, 1.98, 1.08e-07, 9.08e-08, 4.26, 5.93, 1e-08, 102
685281601, 2.32, 2.9e-08, 8.29e-08, 2.01, 1.43, 1e-08, 0
685540801, 1.71, 9.58e-08, 8.75e-08, 3.33, 1.39, 1e-08, 0
685800001, 4.93, 7.59e-08, 5.01e-08, 2.34, 0.43, 1e-08, 0
686318401, 8.51, 1.23e-07, 6.88e-08, 2.44, 0.5, 1e-08, 0
687873601, 9.52, 9.7e-08, 5.39e-08, 2.26, 0.4, 1e-08, 0
688392001, 1.28, 6.46e-08, 6.53e-08, 4.65, 7.06, 1e-08, 102
688910401, 11.24, 1.7e-07, 8.41e-08, 2.51, 0.48, 1e-08, 0
689169601, 50.02, 2.21e-07, 7.3e-08, 2.05, 0.21, 1e-08, 0
689428801, 4.16, 1.3e-07, 9.38e-08, 2.86, 0.85, 1e-08, 0
689688001, 1.26, 1.91e-08, 3.66e-08, 2.18, 1.06, 1e-08, 0
689947201, 4.13, 1.57e-07, 9.82e-08, 3.64, 3.81, 1e-08, 0
690465601, 2.03, 4.57e-08, 4.71e-08, 2.89, 1, 1e-08, 0
690724801, 2.97, 2.17e-08, 2.3e-08, 1.91, 0.55, 1e-08, 0
691243201, 15.72, 1.76e-07, 6e-08, 4.63, 2.29, 1e-08, 102
691502401, 1.73, 4.13e-08, 3.79e-08, 2.71, 0.71, 1e-08, 0
691761601, 2.09, 5.85e-08, 4.76e-08, 4.47, 5.6, 1e-08, 102
692020801, 4.19, 1.02e-07, 9.88e-07, 7.13, 2.41, 1e-08, 0
692280001, 2.98, 8.36e-08, 6.12e-08, 2.98, 0.93, 1e-08, 0
694094401, 1.07, 5.88e-08, 6.73e-08, 3.8, 1.47, 1e-08, 0
694872001, 3.75, 9.6e-09, 1.75e-08, 1.61, 0.79, 1e-08, 0
695390401, 10.66, 1.67e-07, 6.3e-08, 3.47, 0.81, 1e-08, 0
697723201, 1.82, 1.01e-08, 1.64e-08, 1.76, 0.81, 1e-08, 0
698760001, 1.8, 9.05e-08, 7.64e-08, 4.84, 5.83, 1e-08, 102
700574401, 1.53, 6.56e-08, 6.14e-08, 5.15, 6.38, 1e-08, 102
701870401, 4.68, 9.76e-08, 5.92e-08, 2.62, 0.49, 1e-08, 0
702907201, 10.16, 4.78e-08, 3.82e-08, 1.84, 0.41, 1e-08, 0
703684801, 1.83, 7.52e-08, 6.57e-08, 3.17, 1.01, 1e-08, 0
704980801, 12.81, 1.9e-07, 6.6e-08, 4.41, 2.46, 1e-08, 102
706017601, 2.96, 7.88e-08, 6.02e-08, 2.87, 0.84, 1e-08, 0
708609601, 4.07, 6.23e-08, 5.07e-08, 2.44, 0.59, 1e-08, 0
708868801, 3.46, 2.05e-08, 2.22e-08, 2.01, 0.59, 1e-08, 0
709387201, 49.3, 1.06e-07, 3.9e-08, 1.9, 0.21, 1e-08, 0
709646401, 47.42, 1.25e-07, 3.4e-08, 2.09, 0.19, 1e-08, 0
710683201, 15.56, 1.46e-07, 6.19e-08, 2.36, 0.35, 1e-08, 0
711201601, 14.38, 1.17e-07, 5.61e-08, 2.33, 0.38, 1e-08, 0
711720001, 11.4, 9.84e-08, 5.36e-08, 2.18, 0.34, 1e-08, 0
711979201, 2.57, 5.91e-08, 7.3e-08, 2.46, 0.93, 1e-08, 0
712238401, 1.29, 5.78e-08, 6.63e-08, 2.73, 0.94, 1e-08, 0
712497601, 1.51, 4.96e-08, 5.44e-08, 2.39, 0.8, 1e-08, 0
712756801, 1.07, 6.88e-08, 8.33e-08, 2.96, 1.21, 1e-08, 0
713016001, 1.49, 5.29e-08, 6.23e-08, 2.34, 0.66, 1e-08, 0
713275201, 1.06, 5.73e-08, 6.69e-08, 2.98, 0.9, 1e-08, 0
714052801, 11.93, 1.18e-07, 5.42e-08, 2.24, 0.33, 1e-08, 0
715348801, 7.23, 7.81e-08, 4.4e-08, 2.02, 0.37, 1e-08, 0
715867201, 8.98, 1.77e-07, 7.5e-08, 3.62, 0.81, 1e-08, 0
716644801, 1.06, 5.55e-08, 6.42e-08, 6.6, 7.63, 1e-08, 102
717681601, 1.9, 8.15e-08, 7.17e-08, 3.44, 1.9, 1e-08, 0
717940801, 2.76, 7.71e-08, 6.58e-08, 2.65, 0.6, 1e-08, 0
719496001, 3.31, 9.07e-08, 6.4e-08, 3.04, 0.97, 1e-08, 0
721051201, 3.59, 1.23e-07, 8.11e-08, 3.89, 1.3, 1e-08, 0
721310401, 2.36, 8.23e-08, 7.06e-08, 2.95, 0.81, 1e-08, 0
721569601, 1.14, 6.67e-08, 7.55e-08, 5.96, 7.12, 1e-08, 102
722347201, 1.12, 4.5e-08, 5.09e-08, 7.25, 0.83, 1e-08, 0
723902401, 3.39, 9.52e-08, 5.98e-08, 6.21, 4.44, 1e-08, 102
724161601, 1.03, 5.13e-08, 5.87e-08, 3.36, 1.24, 1e-08, 0
724420801, 6.04, 1.34e-07, 7.1e-08, 3.21, 0.68, 1e-08, 0
724680001, 10.23, 1.92e-07, 7.9e-08, 4.98, 2.72, 1e-08, 102
725198401, 2.04, 8.5e-08, 7.09e-08, 6.15, 5.6, 1e-08, 102
726494401, 3.13, 7.89e-08, 5.51e-08, 4.39, 4.84, 1e-08, 102
726753601, 1.65, 6.36e-08, 6.04e-08, 7.35, 0.75, 1e-08, 0
727012801, 6.43, 1.14e-07, 5.89e-08, 3.14, 0.71, 1e-08, 0
728049601, 1.16, 2.91e-08, 3.73e-08, 2.39, 0.79, 1e-08, 0
729604801, 4.6, 2.72e-08, 2.61e-08, 1.87, 0.55, 1e-08, 0
731160001, 1.89, 7.74e-08, 6.75e-08, 3.71, 1.94, 1e-08, 0
731419201, 4.81, 1.87e-07, 1.04e-07, 4.25, 3.8, 1e-08, 102
732196801, 5.47, 1.01e-07, 6.52e-08, 2.66, 0.51, 1e-08, 0
732715201, 5.12, 1.48e-07, 1.58e-07, 2.86, 1.02, 1e-08, 0
732974401, 3.05, 1.42e-07, 1.01e-07, 4.49, 4.73, 1e-08, 102
734529601, 9.01, 9.16e-08, 5.55e-08, 2.2, 0.42, 1e-08, 0
734788801, 3.11, 1.02e-07, 7.18e-08, 2.77, 0.78, 1e-08, 0
735566401, 9.98, 6.69e-08, 4.89e-08, 2.16, 0.41, 1e-08, 0
736084801, 2.97, 6.49e-08, 5.19e-08, 3.1, 0.96, 1e-08, 0
736862401, 5.52, 7.76e-08, 4.46e-08, 2.79, 0.62, 1e-08, 0
737121601, 1.59, 5.58e-08, 4.74e-08, 6.78, 5.87, 1e-08, 102
737380801, 3.2, 7.81e-08, 5.29e-08, 4.1, 4.68, 1e-08, 102
738158401, 2.92, 7.57e-09, 1.23e-08, 1.48, 0.76, 1e-08, 0
738417601, 3.55, 8.51e-08, 5.78e-08, 3.34, 1.83, 1e-08, 0
739454401, 2.13, 7.52e-08, 6.26e-08, 2.95, 0.76, 1e-08, 0
739972801, 1.19, 5.39e-08, 5.62e-08, 4.57, 7.18, 1e-08, 102
740232001, 10.98, 1.72e-07, 6.9e-08, 5.32, 2.71, 1e-08, 102
740750401, 2.94, 4.57e-08, 3.54e-08, 2.46, 0.52, 1e-08, 0
741787201, 3.2, 1.02e-07, 6.71e-08, 5.0, 4.61, 1e-08, 102
