timestamp, ts, flux, flux_error, photon_index, photon_index_interval, fit_tolerance, fit_convergence
239976001, 1.2, 3.74e-08, 3.82e-08, 2.48, 0, 1e-08, 0
241531201, 1.43, 4.3e-08, 4.29e-08, 2.48, 0, 1e-08, 0
241790401, 1.39, 3.95e-08, 4.05e-08, 2.48, 0, 1e-08, 0
242827201, 8.64, 9.11e-08, 4.18e-08, 2.48, 0, 1e-08, 0
243086401, 9.57, 8.99e-08, 4.09e-08, 2.48, 0, 1e-08, 0
243604801, 2.12, 2.75e-08, 2.61e-08, 2.48, 0, 1e-08, 0
243864001, 1.24, 3.82e-08, 3.85e-08, 2.48, 0, 1e-08, 0
244123201, 3.63, 4.85e-08, 3.26e-08, 2.48, 0, 1e-08, 0
244641601, 4.95, 4.9e-08, 3.1e-08, 2.48, 0, 1e-08, 0
245419201, 4.57, 3.41e-08, 2.88e-08, 2.48, 0, 1e-08, 0
245678401, 6.16, 7.08e-08, 4.05e-08, 2.48, 0, 1e-08, 0
246196801, 3.28, 7.81e-08, 5.11e-08, 2.48, 0, 1e-08, 0
246456001, 8.11, 1.29e-07, 5.62e-08, 2.48, 0, 1e-08, 0
247233601, 8.86, 1.1e-07, 5.02e-08, 2.48, 0, 1e-08, 0
247492801, 37.23, 1.78e-07, 5.2e-08, 2.48, 0, 1e-08, 0
247752001, 4.91, 5.19e-08, 3.17e-08, 2.48, 0, 1e-08, 0
248529601, 2.78, 4.92e-08, 3.49e-08, 2.48, 0, 1e-08, 0
248788801, 33.89, 1.43e-07, 4.1e-08, 2.48, 0, 1e-08, 0
249048001, 12.74, 5.84e-08, 2.96e-08, 2.48, 0, 1e-08, 0
249307201, 2.16, 3.59e-08, 3.06e-08, 2.48, 0, 1e-08, 0
249566401, 5.78, 8.14e-08, 4.24e-08, 2.48, 0, 1e-08, 0
250603201, 2.76, 6.24e-08, 4.59e-08, 2.48, 0, 1e-08, 0
252158401, 4.08, 3.51e-08, 2.56e-08, 2.48, 0, 1e-08, 0
252417601, 4.16, 4.94e-08, 3.25e-08, 2.48, 0, 1e-08, 0
252676801, 2.65, 3.54e-08, 3.09e-08, 2.48, 0, 1e-08, 0
252936001, 7.95, 7.91e-08, 3.79e-08, 2.48, 0, 1e-08, 0
253454401, 2.61, 2.96e-08, 2.67e-08, 2.48, 0, 1e-08, 0
253972801, 9.25, 7.16e-08, 3.42e-08, 2.48, 0, 1e-08, 0
254232001, 1.96, 4.09e-08, 3.44e-08, 2.48, 0, 1e-08, 0
254491201, 1.49, 4.16e-08, 3.89e-08, 2.48, 0, 1e-08, 0
255009601, 4.69, 6.97e-08, 4.13e-08, 2.48, 0, 1e-08, 0
257083201, 13.08, 1.04e-07, 4.31e-08, 2.48, 0, 1e-08, 0
257342401, 5.63, 4.96e-08, 3.23e-08, 2.48, 0, 1e-08, 0
257601601, 11.41, 9.21e-08, 3.8e-08, 2.48, 0, 1e-08, 0
257860801, 2.52, 4.29e-08, 3.24e-08, 2.48, 0, 1e-08, 0
258379201, 4.57, 4.96e-08, 3.77e-08, 2.48, 0, 1e-08, 0
258897601, 2.13, 6.15e-08, 5.05e-08, 2.48, 0, 1e-08, 0
259156801, 14.84, 1.28e-07, 4.67e-08, 2.48, 0, 1e-08, 0
259416001, 6.93, 9.75e-08, 4.85e-08, 2.48, 0, 1e-08, 0
259934401, 9.24, 7.76e-08, 4.44e-08, 2.48, 0, 1e-08, 0
260193601, 19.6, 1.94e-07, 6.1e-08, 2.48, 0, 1e-08, 0
260712001, 3.2, 6.09e-08, 4.31e-08, 2.48, 0, 1e-08, 0
261230401, 6.17, 9.52e-08, 4.69e-08, 2.48, 0, 1e-08, 0
261748801, 1.35, 2.12e-08, 2.44e-08, 2.48, 0, 1e-08, 0
262267201, 1.3, 3.84e-08, 3.82e-08, 2.48, 0, 1e-08, 0
263563201, 6.76, 1.03e-07, 4.81e-08, 2.48, 0, 1e-08, 0
264081601, 2.71, 4.97e-08, 4e-08, 2.48, 0, 1e-08, 0
264600001, 3.71, 7.36e-08, 4.96e-08, 2.48, 0, 1e-08, 0
266932801, 2.39, 4.67e-08, 3.53e-08, 2.48, 0, 1e-08, 0
267710401, 2.75, 2.06e-08, 2.12e-08, 2.48, 0, 1e-08, 0
268747201, 4.4, 5.2e-08, 3.51e-08, 2.48, 0, 1e-08, 0
269006401, 1.07, 3.58e-08, 4.15e-08, 2.48, 0, 1e-08, 0
269784001, 2.33, 4.13e-08, 3.53e-08, 2.48, 0, 1e-08, 0
271339201, 1.07, 2.8e-08, 3.22e-08, 2.48, 0, 1e-08, 0
271598401, 1.55, 3.45e-08, 3.21e-08, 2.48, 0, 1e-08, 0
272894401, 1.92, 4.27e-08, 3.71e-08, 2.48, 0, 1e-08, 0
274190401, 2.5, 7.88e-08, 6.12e-08, 2.48, 0, 1e-08, 0
276264001, 5.47, 8.44e-08, 4.36e-08, 2.48, 0, 1e-08, 0
278078401, 3.34, 7.47e-08, 5.71e-08, 2.48, 0, 1e-08, 0
279633601, 3.61, 8.37e-08, 5.63e-08, 2.48, 0, 1e-08, 0
280411201, 5.87, 8.92e-08, 4.85e-08, 2.48, 0, 1e-08, 0
280670401, 2.46, 4.19e-08, 3.39e-08, 2.48, 0, 1e-08, 0
281188801, 2.48, 4.99e-08, 3.74e-08, 2.48, 0, 1e-08, 0
281966401, 1.29, 3.74e-08, 3.78e-08, 2.48, 0, 1e-08, 0
282484801, 1.91, 8.23e-08, 6.77e-08, 2.48, 0, 1e-08, 0
284299201, 1.52, 4.92e-08, 4.92e-08, 2.48, 0, 1e-08, 0
284817601, 3.52, 6.21e-08, 4.31e-08, 2.48, 0, 1e-08, 0
285595201, 1.16, 2.98e-08, 3.13e-08, 2.48, 0, 1e-08, 0
287409601, 2.98, 7e-08, 5.01e-08, 2.48, 0, 1e-08, 0
288705601, 3.68, 7.65e-08, 5.04e-08, 2.48, 0, 1e-08, 0
289483201, 3.01, 4.27e-08, 3.55e-08, 2.48, 0, 1e-08, 0
289742401, 8.78, 8.64e-08, 4.15e-08, 2.48, 0, 1e-08, 0
290779201, 1.18, 3.34e-08, 3.49e-08, 2.48, 0, 1e-08, 0
291038401, 4.6, 5.72e-08, 3.78e-08, 2.48, 0, 1e-08, 0
292852801, 1.03, 3.54e-08, 4.53e-08, 2.48, 0, 1e-08, 0
293112001, 1.24, 5.98e-08, 6.1e-08, 2.48, 0, 1e-08, 0
293371201, 5.4, 9.98e-08, 5.84e-08, 2.48, 0, 1e-08, 0
293630401, 1.72, 4.01e-08, 4.06e-08, 2.48, 0, 1e-08, 0
301147201, 2.59, 8.69e-08, 6.4e-08, 2.48, 0, 1e-08, 0
304776001, 1.36, 2.51e-08, 2.82e-08, 2.48, 0, 1e-08, 0
308664001, 1.08, 2.07e-08, 2.58e-08, 2.48, 0, 1e-08, 0
310737601, 1.69, 4.9e-08, 4.82e-08, 2.48, 0, 1e-08, 0
312552001, 5.13, 6.03e-08, 4.15e-08, 2.48, 0, 1e-08, 0
320328001, 1.05, 2.59e-08, 3.28e-08, 2.48, 0, 1e-08, 0
322660801, 3.07, 8.83e-08, 5.98e-08, 2.48, 0, 1e-08, 0
323438401, 1.04, 4.88e-08, 5.32e-08, 2.48, 0, 1e-08, 0
324734401, 1.72, 3.65e-08, 3.24e-08, 2.48, 0, 1e-08, 0
327067201, 3.18, 4.99e-08, 3.75e-08, 2.48, 0, 1e-08, 0
328622401, 1.09, 5.64e-08, 6.04e-08, 2.48, 0, 1e-08, 0
331214401, 1.23, 3.67e-08, 3.69e-08, 2.48, 0, 1e-08, 0
331473601, 2.11, 4.3e-08, 3.42e-08, 2.48, 0, 1e-08, 0
332510401, 1.32, 1.93e-08, 2.2e-08, 2.48, 0, 1e-08, 0
339508801, 1.62, 5.55e-08, 5.53e-08, 2.48, 0, 1e-08, 0
341064001, 1.61, 4.65e-08, 4.13e-08, 2.48, 0, 1e-08, 0
341323201, 1.71, 2.67e-08, 2.68e-08, 2.48, 0, 1e-08, 0
344174401, 2.03, 6.63e-08, 5.57e-08, 2.48, 0, 1e-08, 0
345211201, 1.54, 2.69e-08, 2.85e-08, 2.48, 0, 1e-08, 0
345988801, 1.13, 4.06e-08, 4.24e-08, 2.48, 0, 1e-08, 0
346248001, 1.54, 4.75e-08, 4.5e-08, 2.48, 0, 1e-08, 0
350654401, 2.89, 5.65e-08, 4.03e-08, 2.48, 0, 1e-08, 0
350913601, 6.73, 6.22e-08, 3.66e-08, 2.48, 0, 1e-08, 0
351950401, 1.43, 6.25e-08, 6.14e-08, 2.48, 0, 1e-08, 0
352728001, 1.17, 7.06e-08, 7.44e-08, 2.48, 0, 1e-08, 0
354801601, 1.64, 3.26e-08, 3.06e-08, 2.48, 0, 1e-08, 0
356616001, 1.28, 5.84e-08, 5.95e-08, 2.48, 0, 1e-08, 0
357652801, 1.66, 5.45e-08, 5.07e-08, 2.48, 0, 1e-08, 0
357912001, 1.49, 6.52e-08, 6.09e-08, 2.48, 0, 1e-08, 0
359985601, 2.0, 5.28e-08, 4.32e-08, 2.48, 0, 1e-08, 0
362059201, 5.69, 1.01e-07, 5.71e-08, 2.48, 0, 1e-08, 0
362577601, 2.19, 6.36e-08, 5.33e-08, 2.48, 0, 1e-08, 0
363096001, 2.1, 5.84e-08, 4.68e-08, 2.48, 0, 1e-08, 0
366984001, 1.05, 3.86e-08, 4.37e-08, 2.48, 0, 1e-08, 0
368539201, 1.74, 4.45e-08, 3.8e-08, 2.48, 0, 1e-08, 0
370353601, 6.09, 5.67e-08, 3.92e-08, 2.48, 0, 1e-08, 0
371131201, 1.22, 5.49e-08, 5.62e-08, 2.48, 0, 1e-08, 0
375278401, 1.27, 7.54e-08, 7.88e-08, 2.48, 0, 1e-08, 0
376315201, 1.37, 5.14e-08, 5.26e-08, 2.48, 0, 1e-08, 0
378129601, 2.09, 3.02e-08, 2.9e-08, 2.48, 0, 1e-08, 0
378648001, 1.3, 4.26e-08, 4.24e-08, 2.48, 0, 1e-08, 0
379166401, 2.76, 6.12e-08, 4.79e-08, 2.48, 0, 1e-08, 0
381499201, 1.99, 3.77e-08, 3.68e-08, 2.48, 0, 1e-08, 0
382017601, 3.74, 4.24e-08, 2.96e-08, 2.48, 0, 1e-08, 0
382276801, 1.23, 2.62e-08, 2.84e-08, 2.48, 0, 1e-08, 0
382536001, 7.25, 7.68e-08, 3.63e-08, 2.48, 0, 1e-08, 0
382795201, 38.16, 2.07e-07, 5.05e-08, 2.48, 0, 1e-08, 0
383054401, 32.47, 2.14e-07, 5.8e-08, 2.48, 0, 1e-08, 0
383313601, 7.58, 9.31e-08, 4.8e-08, 2.48, 0, 1e-08, 0
384091201, 7.88, 1.06e-07, 4.73e-08, 2.48, 0, 1e-08, 0
384350401, 8.06, 7.04e-08, 3.25e-08, 2.48, 0, 1e-08, 0
384609601, 15.31, 2e-07, 7.3e-08, 2.48, 0, 1e-08, 0
385905601, 1.79, 5.25e-08, 4.87e-08, 2.48, 0, 1e-08, 0
386424001, 3.93, 6.25e-08, 4.05e-08, 2.48, 0, 1e-08, 0
386683201, 2.05, 5.66e-08, 4.51e-08, 2.48, 0, 1e-08, 0
388238401, 4.02, 8.75e-08, 5.38e-08, 2.48, 0, 1e-08, 0
389016001, 4.4, 6.27e-08, 5.1e-08, 2.48, 0, 1e-08, 0
389534401, 1.79, 7.71e-08, 6.6e-08, 2.48, 0, 1e-08, 0
389793601, 2.27, 3.36e-08, 3.62e-08, 2.48, 0, 1e-08, 0
390571201, 1.09, 5.52e-08, 6.96e-08, 2.48, 0, 1e-08, 0
391348801, 2.82, 4.98e-08, 3.57e-08, 2.48, 0, 1e-08, 0
391867201, 3.39, 4.44e-08, 3.25e-08, 2.48, 0, 1e-08, 0
392126401, 1.21, 3.78e-08, 3.91e-08, 2.48, 0, 1e-08, 0
392385601, 8.58, 1.08e-07, 4.98e-08, 2.48, 0, 1e-08, 0
392644801, 6.73, 1.25e-07, 6.07e-08, 2.48, 0, 1e-08, 0
393163201, 1.24, 5.8e-08, 5.99e-08, 2.48, 0, 1e-08, 0
394200001, 25.41, 2.49e-07, 7.9e-08, 2.48, 0, 1e-08, 0
394459201, 1.61, 5.3e-08, 5e-08, 2.48, 0, 1e-08, 0
394718401, 15.71, 1.08e-07, 5.2e-08, 2.48, 0, 1e-08, 0
394977601, 1.29, 3.84e-08, 4.19e-08, 2.48, 0, 1e-08, 0
395496001, 6.45, 6.27e-08, 3.68e-08, 2.48, 0, 1e-08, 0
395755201, 1.66, 4.33e-08, 4e-08, 2.48, 0, 1e-08, 0
396014401, 8.39, 9.06e-08, 3.94e-08, 2.48, 0, 1e-08, 0
396273601, 13.0, 1.08e-07, 3.89e-08, 2.48, 0, 1e-08, 0
397310401, 3.19, 6.27e-08, 4.63e-08, 2.48, 0, 1e-08, 0
399902401, 1.79, 5.92e-08, 5.56e-08, 2.48, 0, 1e-08, 0
401457601, 1.61, 4.05e-08, 3.73e-08, 2.48, 0, 1e-08, 0
401976001, 3.48, 6.17e-08, 4.34e-08, 2.48, 0, 1e-08, 0
402494401, 1.73, 5.53e-08, 5.05e-08, 2.48, 0, 1e-08, 0
404568001, 3.84, 1.45e-07, 8.78e-08, 2.48, 0, 1e-08, 0
406641601, 1.79, 7.5e-08, 6.31e-08, 2.48, 0, 1e-08, 0
406900801, 1.34, 5.35e-08, 5.33e-08, 2.48, 0, 1e-08, 0
407160001, 1.58, 5.51e-08, 5.2e-08, 2.48, 0, 1e-08, 0
407419201, 3.6, 8.66e-08, 5.85e-08, 2.48, 0, 1e-08, 0
409233601, 1.36, 5.37e-08, 5.31e-08, 2.48, 0, 1e-08, 0
410270401, 1.63, 3.69e-08, 3.56e-08, 2.48, 0, 1e-08, 0
412862401, 1.1, 3.76e-08, 4.12e-08, 2.48, 0, 1e-08, 0
413380801, 1.38, 7.12e-08, 6.75e-08, 2.48, 0, 1e-08, 0
414158401, 7.46, 4.51e-08, 3.1e-08, 2.48, 0, 1e-08, 0
416491201, 7.44, 6.11e-08, 3.79e-08, 2.48, 0, 1e-08, 0
417268801, 3.32, 1.11e-07, 7.58e-08, 2.48, 0, 1e-08, 0
417528001, 1.37, 7.94e-08, 7.77e-08, 2.48, 0, 1e-08, 0
418046401, 1.32, 5.79e-08, 5.92e-08, 2.48, 0, 1e-08, 0
418824001, 1.53, 5.08e-08, 4.68e-08, 2.48, 0, 1e-08, 0
419083201, 1.13, 3.14e-08, 3.34e-08, 2.48, 0, 1e-08, 0
419601601, 1.12, 3.13e-08, 3.42e-08, 2.48, 0, 1e-08, 0
420379201, 1.97, 7.01e-08, 5.9e-08, 2.48, 0, 1e-08, 0
420897601, 1.75, 4.73e-08, 4.74e-08, 2.48, 0, 1e-08, 0
421675201, 2.12, 6.98e-08, 6e-08, 2.48, 0, 1e-08, 0
424526401, 6.51, 7.12e-08, 4.01e-08, 2.48, 0, 1e-08, 0
424785601, 3.54, 8.02e-08, 5.19e-08, 2.48, 0, 1e-08, 0
425044801, 9.29, 1.08e-07, 5.12e-08, 2.48, 0, 1e-08, 0
425304001, 11.8, 1.39e-07, 6.18e-08, 2.48, 0, 1e-08, 0
425563201, 6.98, 1.19e-07, 5.98e-08, 2.48, 0, 1e-08, 0
425822401, 13.08, 1.47e-07, 5.88e-08, 2.48, 0, 1e-08, 0
426600001, 8.22, 1.38e-07, 6.3e-08, 2.48, 0, 1e-08, 0
426859201, 2.9, 9.86e-08, 7.63e-08, 2.48, 0, 1e-08, 0
427118401, 18.91, 1.91e-07, 7.3e-08, 2.48, 0, 1e-08, 0
427896001, 11.06, 7e-08, 2.99e-08, 2.48, 0, 1e-08, 0
428155201, 5.5, 7.21e-08, 3.81e-08, 2.48, 0, 1e-08, 0
428414401, 6.04, 6.98e-08, 4.01e-08, 2.48, 0, 1e-08, 0
429192001, 4.32, 6.76e-08, 4.53e-08, 2.48, 0, 1e-08, 0
429710401, 2.53, 9.76e-08, 7.14e-08, 2.48, 0, 1e-08, 0
430747201, 1.33, 6.09e-08, 6.43e-08, 2.48, 0, 1e-08, 0
431006401, 3.07, 1.08e-07, 7.49e-08, 2.48, 0, 1e-08, 0
431265601, 3.58, 9.54e-08, 6.64e-08, 2.48, 0, 1e-08, 0
431784001, 4.85, 9.39e-08, 5.92e-08, 2.48, 0, 1e-08, 0
432043201, 14.23, 1.65e-07, 6.45e-08, 2.48, 0, 1e-08, 0
432820801, 2.5, 4.65e-08, 3.63e-08, 2.48, 0, 1e-08, 0
433080001, 7.49, 8.36e-08, 4.12e-08, 2.48, 0, 1e-08, 0
433598401, 29.37, 2.16e-07, 6.1e-08, 2.48, 0, 1e-08, 0
433857601, 2.64, 6.32e-08, 4.56e-08, 2.48, 0, 1e-08, 0
434635201, 1.51, 5.83e-08, 5.68e-08, 2.48, 0, 1e-08, 0
434894401, 5.55, 6.33e-08, 5.27e-08, 2.48, 0, 1e-08, 0
435153601, 1.62, 8.83e-08, 7.95e-08, 2.48, 0, 1e-08, 0
436190401, 3.19, 9.25e-08, 6.44e-08, 2.48, 0, 1e-08, 0
436449601, 1.1, 4.04e-08, 4.59e-08, 2.48, 0, 1e-08, 0
436708801, 2.38, 5.63e-08, 4.59e-08, 2.48, 0, 1e-08, 0
437486401, 1.21, 3.99e-08, 4.16e-08, 2.48, 0, 1e-08, 0
437745601, 3.59, 4.33e-08, 3.15e-08, 2.48, 0, 1e-08, 0
439041601, 1.36, 6.21e-08, 6.09e-08, 2.48, 0, 1e-08, 0
439300801, 3.06, 6.47e-08, 5.24e-08, 2.48, 0, 1e-08, 0
439819201, 3.86, 8.67e-08, 5.61e-08, 2.48, 0, 1e-08, 0
440337601, 5.35, 9.29e-08, 5.53e-08, 2.48, 0, 1e-08, 0
441633601, 5.46, 3.79e-08, 2.94e-08, 2.48, 0, 1e-08, 0
441892801, 1.51, 4.16e-08, 3.8e-08, 2.48, 0, 1e-08, 0
442152001, 3.48, 5.09e-08, 3.46e-08, 2.48, 0, 1e-08, 0
442411201, 1.34, 2.9e-08, 2.95e-08, 2.48, 0, 1e-08, 0
442670401, 2.04, 4.72e-08, 3.93e-08, 2.48, 0, 1e-08, 0
442929601, 2.42, 4.66e-08, 3.91e-08, 2.48, 0, 1e-08, 0
443448001, 1.68, 6.39e-08, 6e-08, 2.48, 0, 1e-08, 0
443966401, 3.03, 6.16e-08, 4.92e-08, 2.48, 0, 1e-08, 0
445003201, 7.35, 1.08e-07, 5.61e-08, 2.48, 0, 1e-08, 0
445262401, 7.7, 1.29e-07, 6.31e-08, 2.48, 0, 1e-08, 0
445780801, 2.13, 7.33e-08, 5.77e-08, 2.48, 0, 1e-08, 0
446040001, 24.02, 1.74e-07, 5.2e-08, 2.48, 0, 1e-08, 0
446299201, 79.31, 2.64e-07, 5.4e-08, 2.48, 0, 1e-08, 0
446558401, 41.47, 1.86e-07, 4.8e-08, 2.48, 0, 1e-08, 0
446817601, 69.57, 2.84e-07, 5.5e-08, 2.48, 0, 1e-08, 0
447076801, 24.17, 1.48e-07, 4.7e-08, 2.48, 0, 1e-08, 0
447336001, 28.56, 1.6e-07, 4.9e-08, 2.48, 0, 1e-08, 0
447595201, 14.2, 1.71e-07, 6.1e-08, 2.48, 0, 1e-08, 0
447854401, 5.82, 9.35e-08, 5.26e-08, 2.48, 0, 1e-08, 0
449928001, 2.93, 7.72e-08, 5.89e-08, 2.48, 0, 1e-08, 0
451224001, 4.49, 8.11e-08, 4.49e-08, 2.48, 0, 1e-08, 0
451483201, 9.14, 9.19e-08, 4.11e-08, 2.48, 0, 1e-08, 0
456667201, 5.16, 6.74e-08, 4.57e-08, 2.48, 0, 1e-08, 0
457704001, 1.45, 6.34e-08, 5.98e-08, 2.48, 0, 1e-08, 0
457963201, 2.31, 7.42e-08, 5.67e-08, 2.48, 0, 1e-08, 0
458740801, 2.43, 6.8e-08, 5.18e-08, 2.48, 0, 1e-08, 0
460814401, 1.08, 2.99e-08, 3.36e-08, 2.48, 0, 1e-08, 0
461332801, 2.13, 3.83e-08, 3.49e-08, 2.48, 0, 1e-08, 0
461592001, 1.87, 2.98e-08, 2.89e-08, 2.48, 0, 1e-08, 0
461851201, 3.33, 7.32e-08, 5e-08, 2.48, 0, 1e-08, 0
462110401, 4.99, 8.81e-08, 5.48e-08, 2.48, 0, 1e-08, 0
463406401, 1.15, 3.34e-08, 3.7e-08, 2.48, 0, 1e-08, 0
463924801, 8.21, 1.02e-07, 4.78e-08, 2.48, 0, 1e-08, 0
464184001, 1.21, 3.22e-08, 3.43e-08, 2.48, 0, 1e-08, 0
464443201, 2.14, 4.99e-08, 3.94e-08, 2.48, 0, 1e-08, 0
464961601, 4.54, 6.93e-08, 4.05e-08, 2.48, 0, 1e-08, 0
465220801, 1.82, 4.14e-08, 3.58e-08, 2.48, 0, 1e-08, 0
465480001, 1.68, 4.56e-08, 3.97e-08, 2.48, 0, 1e-08, 0
465739201, 3.09, 6.25e-08, 4.23e-08, 2.48, 0, 1e-08, 0
465998401, 1.13, 4.82e-08, 5.12e-08, 2.48, 0, 1e-08, 0
467035201, 1.41, 6.63e-08, 6.37e-08, 2.48, 0, 1e-08, 0
468590401, 3.21, 7.81e-08, 5.4e-08, 2.48, 0, 1e-08, 0
468849601, 2.89, 5.76e-08, 4.21e-08, 2.48, 0, 1e-08, 0
470404801, 3.47, 5.17e-08, 4e-08, 2.48, 0, 1e-08, 0
470923201, 1.69, 5.79e-08, 5.42e-08, 2.48, 0, 1e-08, 0
472737601, 1.24, 6.07e-08, 6.06e-08, 2.48, 0, 1e-08, 0
473256001, 2.48, 6.22e-08, 4.89e-08, 2.48, 0, 1e-08, 0
475588801, 4.22, 8.34e-08, 5.76e-08, 2.48, 0, 1e-08, 0
476366401, 2.82, 3.14e-08, 3.23e-08, 2.48, 0, 1e-08, 0
477403201, 6.09, 9.65e-08, 5.66e-08, 2.48, 0, 1e-08, 0
479995201, 2.33, 7.07e-08, 5.41e-08, 2.48, 0, 1e-08, 0
482068801, 1.58, 6.2e-08, 5.72e-08, 2.48, 0, 1e-08, 0
482328001, 3.72, 3.19e-08, 2.84e-08, 2.48, 0, 1e-08, 0
482846401, 4.8, 6.87e-08, 4.02e-08, 2.48, 0, 1e-08, 0
483364801, 7.01, 6.77e-08, 3.51e-08, 2.48, 0, 1e-08, 0
483624001, 1.91, 5.39e-08, 4.63e-08, 2.48, 0, 1e-08, 0
483883201, 3.11, 7.4e-08, 5.3e-08, 2.48, 0, 1e-08, 0
484142401, 6.35, 1.05e-07, 5.29e-08, 2.48, 0, 1e-08, 0
484401601, 1.25, 4.98e-08, 5.13e-08, 2.48, 0, 1e-08, 0
484920001, 1.78, 8.44e-08, 7.23e-08, 2.48, 0, 1e-08, 0
486216001, 1.59, 7.2e-08, 6.6e-08, 2.48, 0, 1e-08, 0
487512001, 2.0, 4.36e-08, 3.71e-08, 2.48, 0, 1e-08, 0
488030401, 1.29, 3.62e-08, 3.8e-08, 2.48, 0, 1e-08, 0
489067201, 2.09, 4.43e-08, 3.71e-08, 2.48, 0, 1e-08, 0
489326401, 5.09, 9.18e-08, 5.92e-08, 2.48, 0, 1e-08, 0
490104001, 5.37, 1.15e-07, 6.09e-08, 2.48, 0, 1e-08, 0
490363201, 3.79, 6.78e-08, 4.64e-08, 2.48, 0, 1e-08, 0
491918401, 4.13, 5.37e-08, 3.11e-08, 2.48, 0, 1e-08, 0
492436801, 7.78, 7.28e-08, 3.34e-08, 2.48, 0, 1e-08, 0
492696001, 2.5, 4.93e-08, 3.66e-08, 2.48, 0, 1e-08, 0
493214401, 17.79, 1.2e-07, 4.13e-08, 2.48, 0, 1e-08, 0
493473601, 2.86, 4.54e-08, 3.49e-08, 2.48, 0, 1e-08, 0
493992001, 2.64, 9.12e-08, 6.48e-08, 2.48, 0, 1e-08, 0
494510401, 1.31, 4.59e-08, 4.86e-08, 2.48, 0, 1e-08, 0
494769601, 2.82, 5.97e-08, 4.45e-08, 2.48, 0, 1e-08, 0
496065601, 5.53, 7.19e-08, 4.09e-08, 2.48, 0, 1e-08, 0
497102401, 1.86, 3.77e-08, 3.43e-08, 2.48, 0, 1e-08, 0
498398401, 4.34, 4.3e-08, 2.8e-08, 2.48, 0, 1e-08, 0
501508801, 4.29, 6.09e-08, 3.84e-08, 2.48, 0, 1e-08, 0
503841601, 1.82, 5.39e-08, 5.72e-08, 2.48, 0, 1e-08, 0
504878401, 4.67, 4.18e-08, 4.11e-08, 2.48, 0, 1e-08, 0
505396801, 12.03, 8.9e-08, 3.98e-08, 2.48, 0, 1e-08, 0
505656001, 7.11, 8.05e-08, 3.87e-08, 2.48, 0, 1e-08, 0
506174401, 1.66, 3.22e-08, 3.09e-08, 2.48, 0, 1e-08, 0
506433601, 7.89, 6.13e-08, 3.1e-08, 2.48, 0, 1e-08, 0
506692801, 2.71, 4.29e-08, 3.2e-08, 2.48, 0, 1e-08, 0
507729601, 1.72, 3.62e-08, 3.7e-08, 2.48, 0, 1e-08, 0
507988801, 2.42, 3.3e-08, 3.28e-08, 2.48, 0, 1e-08, 0
508248001, 3.02, 8.09e-08, 5.6e-08, 2.48, 0, 1e-08, 0
508507201, 2.49, 3.79e-08, 3.83e-08, 2.48, 0, 1e-08, 0
508766401, 1.76, 5.42e-08, 4.89e-08, 2.48, 0, 1e-08, 0
509544001, 3.6, 6.39e-08, 4.11e-08, 2.48, 0, 1e-08, 0
510062401, 2.67, 3.02e-08, 2.8e-08, 2.48, 0, 1e-08, 0
510321601, 7.18, 6.37e-08, 3.56e-08, 2.48, 0, 1e-08, 0
510840001, 3.7, 5.35e-08, 3.63e-08, 2.48, 0, 1e-08, 0
511358401, 1.05, 4.21e-08, 4.5e-08, 2.48, 0, 1e-08, 0
512395201, 2.11, 7.49e-08, 6.12e-08, 2.48, 0, 1e-08, 0
512654401, 2.86, 6.68e-08, 5.14e-08, 2.48, 0, 1e-08, 0
513691201, 3.31, 8.42e-08, 5.8e-08, 2.48, 0, 1e-08, 0
513950401, 1.57, 5.31e-08, 5.01e-08, 2.48, 0, 1e-08, 0
514987201, 4.76, 6.97e-08, 4.14e-08, 2.48, 0, 1e-08, 0
515764801, 1.55, 4.53e-08, 4.11e-08, 2.48, 0, 1e-08, 0
516283201, 2.15, 7.17e-08, 5.66e-08, 2.48, 0, 1e-08, 0
516542401, 4.2, 8.23e-08, 5.26e-08, 2.48, 0, 1e-08, 0
517060801, 2.93, 9.59e-08, 6.61e-08, 2.48, 0, 1e-08, 0
517838401, 8.24, 1.61e-07, 7.18e-08, 2.48, 0, 1e-08, 0
518097601, 8.38, 1.11e-07, 6.21e-08, 2.48, 0, 1e-08, 0
518616001, 2.98, 7.19e-08, 5.43e-08, 2.48, 0, 1e-08, 0
518875201, 1.97, 6.57e-08, 5.51e-08, 2.48, 0, 1e-08, 0
519134401, 11.61, 1.24e-07, 4.89e-08, 2.48, 0, 1e-08, 0
519393601, 2.99, 5.32e-08, 3.69e-08, 2.48, 0, 1e-08, 0
519652801, 5.08, 6.49e-08, 3.83e-08, 2.48, 0, 1e-08, 0
519912001, 3.68, 6.07e-08, 4.04e-08, 2.48, 0, 1e-08, 0
520430401, 2.51, 6.17e-08, 4.62e-08, 2.48, 0, 1e-08, 0
520689601, 3.34, 6.76e-08, 4.53e-08, 2.48, 0, 1e-08, 0
520948801, 1.83, 5.05e-08, 4.39e-08, 2.48, 0, 1e-08, 0
521985601, 1.54, 3.87e-08, 4.06e-08, 2.48, 0, 1e-08, 0
522244801, 1.9, 3.47e-08, 3.23e-08, 2.48, 0, 1e-08, 0
523022401, 1.61, 5.92e-08, 5.37e-08, 2.48, 0, 1e-08, 0
523540801, 1.21, 4.01e-08, 4.11e-08, 2.48, 0, 1e-08, 0
524059201, 2.88, 4.65e-08, 3.38e-08, 2.48, 0, 1e-08, 0
524836801, 6.82, 7.16e-08, 3.62e-08, 2.48, 0, 1e-08, 0
525355201, 1.97, 2.58e-08, 2.68e-08, 2.48, 0, 1e-08, 0
528984001, 1.37, 2.52e-08, 2.63e-08, 2.48, 0, 1e-08, 0
529761601, 4.68, 5.41e-08, 3.4e-08, 2.48, 0, 1e-08, 0
531835201, 2.15, 8.01e-08, 6.38e-08, 2.48, 0, 1e-08, 0
532353601, 7.14, 1.45e-07, 6.69e-08, 2.48, 0, 1e-08, 0
533131201, 1.09, 4e-08, 4.24e-08, 2.48, 0, 1e-08, 0
534168001, 2.04, 5.25e-08, 4.29e-08, 2.48, 0, 1e-08, 0
537278401, 1.69, 2.08e-08, 2.46e-08, 2.48, 0, 1e-08, 0
541425601, 2.81, 6.54e-08, 4.86e-08, 2.48, 0, 1e-08, 0
542462401, 2.29, 2.88e-08, 2.76e-08, 2.48, 0, 1e-08, 0
544795201, 1.07, 1.53e-07, 1.7e-07, 2.48, 0, 1e-08, 0
545313601, 1.38, 1.03e-07, 1.15e-07, 2.48, 0, 1e-08, 0
546350401, 2.61, 5.21e-08, 3.7e-08, 2.48, 0, 1e-08, 0
548164801, 5.15, 6.36e-08, 3.37e-08, 2.48, 0, 1e-08, 0
550497601, 1.46, 4.84e-08, 4.82e-08, 2.48, 0, 1e-08, 0
552052801, 2.27, 3.26e-08, 2.48e-08, 2.48, 0, 1e-08, 0
553867201, 4.85, 6.35e-08, 4.03e-08, 2.48, 0, 1e-08, 0
554126401, 4.1, 9.52e-08, 5.6e-08, 2.48, 0, 1e-08, 0
554904001, 2.07, 5.3e-08, 5.09e-08, 2.48, 0, 1e-08, 0
560088001, 5.11, 2.25e-07, 1.4e-07, 2.48, 0, 1e-08, 0
561124801, 2.63, 3.04e-08, 2.25e-08, 2.48, 0, 1e-08, 0
562420801, 1.2, 6.14e-08, 6.56e-08, 2.48, 0, 1e-08, 0
562680001, 1.7, 4.9e-08, 4.63e-08, 2.48, 0, 1e-08, 0
563198401, 1.47, 1.56e-07, 1.53e-07, 2.48, 0, 1e-08, 0
563457601, 1.78, 2.03e-07, 1.83e-07, 2.48, 0, 1e-08, 0
565790401, 1.8, 4.57e-08, 3.79e-08, 2.48, 0, 1e-08, 0
567864001, 6.62, 1.51e-07, 7.81e-08, 2.48, 0, 1e-08, 0
568123201, 2.0, 6.93e-08, 5.77e-08, 2.48, 0, 1e-08, 0
569160001, 1.66, 3.75e-08, 3.93e-08, 2.48, 0, 1e-08, 0
570196801, 2.87, 8e-08, 5.57e-08, 2.48, 0, 1e-08, 0
570715201, 4.15, 6.05e-08, 3.46e-08, 2.48, 0, 1e-08, 0
570974401, 2.52, 4.23e-08, 3.2e-08, 2.48, 0, 1e-08, 0
571752001, 2.33, 4.75e-08, 3.69e-08, 2.48, 0, 1e-08, 0
572011201, 2.27, 4.71e-08, 3.91e-08, 2.48, 0, 1e-08, 0
573048001, 7.4, 1.49e-07, 7.69e-08, 2.48, 0, 1e-08, 0
573307201, 2.35, 6.94e-08, 5.68e-08, 2.48, 0, 1e-08, 0
573566401, 20.2, 2.5e-07, 7.9e-08, 2.48, 0, 1e-08, 0
573825601, 6.97, 6.88e-08, 4.41e-08, 2.48, 0, 1e-08, 0
574084801, 2.65, 5.69e-08, 4.27e-08, 2.48, 0, 1e-08, 0
574603201, 6.11, 8.05e-08, 4.03e-08, 2.48, 0, 1e-08, 0
577713601, 1.51, 4.14e-08, 4.48e-08, 2.48, 0, 1e-08, 0
578232001, 3.85, 2.24e-08, 2.33e-08, 2.48, 0, 1e-08, 0
580046401, 2.75, 6.39e-08, 4.7e-08, 2.48, 0, 1e-08, 0
580824001, 1.72, 4.67e-08, 4.26e-08, 2.48, 0, 1e-08, 0
581601601, 2.7, 9.91e-08, 7.3e-08, 2.48, 0, 1e-08, 0
582120001, 2.03, 7.16e-08, 5.76e-08, 2.48, 0, 1e-08, 0
583156801, 3.47, 6.87e-08, 4.43e-08, 2.48, 0, 1e-08, 0
584452801, 2.54, 4.24e-08, 3.1e-08, 2.48, 0, 1e-08, 0
585230401, 1.77, 4.22e-08, 3.74e-08, 2.48, 0, 1e-08, 0
586008001, 2.75, 6.46e-08, 4.65e-08, 2.48, 0, 1e-08, 0
589118401, 2.63, 3.86e-08, 3.22e-08, 2.48, 0, 1e-08, 0
589377601, 1.19, 3.93e-08, 4.18e-08, 2.48, 0, 1e-08, 0
593524801, 1.5, 2.94e-08, 3.09e-08, 2.48, 0, 1e-08, 0
595339201, 2.19, 1.64e-07, 1.51e-07, 2.48, 0, 1e-08, 0
596894401, 3.04, 6.19e-08, 4.29e-08, 2.48, 0, 1e-08, 0
598708801, 1.46, 4.02e-08, 3.76e-08, 2.48, 0, 1e-08, 0
600264001, 4.4, 1.06e-07, 6.28e-08, 2.48, 0, 1e-08, 0
600782401, 2.05, 8.37e-08, 6.63e-08, 2.48, 0, 1e-08, 0
604670401, 6.09, 1.5e-07, 7.69e-08, 2.48, 0, 1e-08, 0
606744001, 3.89, 6.9e-08, 4.19e-08, 2.48, 0, 1e-08, 0
607780801, 3.42, 9.43e-08, 6.05e-08, 2.48, 0, 1e-08, 0
609076801, 8.03, 1.72e-07, 8.29e-08, 2.48, 0, 1e-08, 0
609854401, 2.01, 5.99e-08, 5e-08, 2.48, 0, 1e-08, 0
611150401, 1.22, 1.54e-08, 1.96e-08, 2.48, 0, 1e-08, 0
611668801, 3.67, 6.94e-08, 4.36e-08, 2.48, 0, 1e-08, 0
612446401, 3.72, 4.6e-08, 3.35e-08, 2.48, 0, 1e-08, 0
612705601, 1.39, 5.39e-08, 5.12e-08, 2.48, 0, 1e-08, 0
614520001, 1.06, 4.99e-08, 5.41e-08, 2.48, 0, 1e-08, 0
617630401, 1.12, 3.17e-08, 3.41e-08, 2.48, 0, 1e-08, 0
617889601, 5.73, 1.04e-07, 5.28e-08, 2.48, 0, 1e-08, 0
621518401, 1.5, 4.41e-08, 4.52e-08, 2.48, 0, 1e-08, 0
622296001, 3.1, 6.35e-08, 5.03e-08, 2.48, 0, 1e-08, 0
622555201, 4.42, 8.73e-08, 5.38e-08, 2.48, 0, 1e-08, 0
624369601, 3.33, 6.23e-08, 4.39e-08, 2.48, 0, 1e-08, 0
625924801, 4.3, 9.14e-08, 5.27e-08, 2.48, 0, 1e-08, 0
626184001, 3.07, 6.42e-08, 4.89e-08, 2.48, 0, 1e-08, 0
626443201, 3.69, 8.54e-08, 5.86e-08, 2.48, 0, 1e-08, 0
629035201, 1.09, 1.98e-08, 2.39e-08, 2.48, 0, 1e-08, 0
629294401, 3.34, 5.26e-08, 3.65e-08, 2.48, 0, 1e-08, 0
630590401, 1.14, 3.27e-08, 3.41e-08, 2.48, 0, 1e-08, 0
632404801, 6.1, 7.97e-08, 4.85e-08, 2.48, 0, 1e-08, 0
632664001, 2.39, 6.09e-08, 4.99e-08, 2.48, 0, 1e-08, 0
635256001, 1.45, 2.85e-08, 2.87e-08, 2.48, 0, 1e-08, 0
639921601, 1.25, 5.05e-08, 5.26e-08, 2.48, 0, 1e-08, 0
642772801, 6.36, 5.45e-08, 3.37e-08, 2.48, 0, 1e-08, 0
644068801, 1.23, 4.13e-08, 4.28e-08, 2.48, 0, 1e-08, 0
644328001, 8.3, 5.9e-08, 3.35e-08, 2.48, 0, 1e-08, 0
644587201, 7.95, 7.71e-08, 4.18e-08, 2.48, 0, 1e-08, 0
646660801, 3.8, 5.03e-08, 3.84e-08, 2.48, 0, 1e-08, 0
647956801, 2.46, 3.04e-08, 2.61e-08, 2.48, 0, 1e-08, 0
649252801, 4.87, 7.57e-08, 4.31e-08, 2.48, 0, 1e-08, 0
649771201, 1.55, 4.09e-08, 3.87e-08, 2.48, 0, 1e-08, 0
651326401, 4.21, 7.66e-08, 4.57e-08, 2.48, 0, 1e-08, 0
651585601, 1.55, 2.8e-08, 3.06e-08, 2.48, 0, 1e-08, 0
652881601, 1.84, 4.62e-08, 4.51e-08, 2.48, 0, 1e-08, 0
653918401, 2.07, 4.95e-08, 4.43e-08, 2.48, 0, 1e-08, 0
655473601, 1.48, 5.79e-08, 5.59e-08, 2.48, 0, 1e-08, 0
658843201, 1.12, 1.24e-07, 1.36e-07, 2.48, 0, 1e-08, 0
659620801, 1.78, 1.25e-07, 1.15e-07, 2.48, 0, 1e-08, 0
662212801, 1.68, 2.81e-08, 2.8e-08, 2.48, 0, 1e-08, 0
662472001, 3.16, 4.16e-08, 3.05e-08, 2.48, 0, 1e-08, 0
665841601, 1.12, 2.23e-08, 2.72e-08, 2.48, 0, 1e-08, 0
667396801, 1.85, 4.12e-08, 3.63e-08, 2.48, 0, 1e-08, 0
667915201, 2.23, 3.67e-08, 3.82e-08, 2.48, 0, 1e-08, 0
668433601, 2.53, 3.41e-08, 3.5e-08, 2.48, 0, 1e-08, 0
669211201, 1.74, 7.81e-08, 6.81e-08, 2.48, 0, 1e-08, 0
670248001, 3.57, 6.96e-08, 4.43e-08, 2.48, 0, 1e-08, 0
671284801, 1.97, 5.93e-08, 4.85e-08, 2.48, 0, 1e-08, 0
674913601, 1.24, 2.76e-08, 2.98e-08, 2.48, 0, 1e-08, 0
675172801, 1.1, 3.03e-08, 3.31e-08, 2.48, 0, 1e-08, 0
675432001, 2.18, 3.66e-08, 3.13e-08, 2.48, 0, 1e-08, 0
679320001, 2.66, 6.29e-08, 4.49e-08, 2.48, 0, 1e-08, 0
680097601, 1.41, 3.19e-08, 3.11e-08, 2.48, 0, 1e-08, 0
680875201, 2.07, 4.04e-08, 3.32e-08, 2.48, 0, 1e-08, 0
682171201, 3.2, 6.25e-08, 4.65e-08, 2.48, 0, 1e-08, 0
682689601, 1.38, 2.69e-08, 3.24e-08, 2.48, 0, 1e-08, 0
684763201, 1.81, 7.69e-08, 6.6e-08, 2.48, 0, 1e-08, 0
688132801, 1.25, 3.87e-08, 4.02e-08, 2.48, 0, 1e-08, 0
688651201, 1.95, 4.39e-08, 3.71e-08, 2.48, 0, 1e-08, 0
689688001, 2.25, 4.15e-08, 3.61e-08, 2.48, 0, 1e-08, 0
689947201, 6.43, 1.09e-07, 6.07e-08, 2.48, 0, 1e-08, 0
690465601, 3.37, 1.26e-07, 8.88e-08, 2.48, 0, 1e-08, 0
690724801, 2.66, 1.7e-07, 1.27e-07, 2.48, 0, 1e-08, 0
691502401, 2.41, 1.33e-07, 1.09e-07, 2.48, 0, 1e-08, 0
694353601, 2.25, 4.41e-08, 3.37e-08, 2.48, 0, 1e-08, 0
695390401, 3.26, 7.12e-08, 4.79e-08, 2.48, 0, 1e-08, 0
695908801, 6.11, 8.67e-08, 5.22e-08, 2.48, 0, 1e-08, 0
696168001, 7.65, 1.25e-07, 5.8e-08, 2.48, 0, 1e-08, 0
698241601, 1.63, 4.09e-08, 3.69e-08, 2.48, 0, 1e-08, 0
704721601, 1.36, 8.12e-08, 8.18e-08, 2.48, 0, 1e-08, 0
704980801, 1.18, 8.68e-08, 9.24e-08, 2.48, 0, 1e-08, 0
708091201, 1.19, 2.96e-08, 3.13e-08, 2.48, 0, 1e-08, 0
708350401, 1.27, 3.53e-08, 3.51e-08, 2.48, 0, 1e-08, 0
716126401, 2.58, 3.58e-08, 2.95e-08, 2.48, 0, 1e-08, 0
719755201, 2.43, 5.17e-08, 4.31e-08, 2.48, 0, 1e-08, 0
720273601, 1.58, 4.01e-08, 3.68e-08, 2.48, 0, 1e-08, 0
721569601, 2.3, 4.61e-08, 3.77e-08, 2.48, 0, 1e-08, 0
722606401, 1.99, 1.2e-07, 1.11e-07, 2.48, 0, 1e-08, 0
723124801, 2.4, 6.03e-08, 6.77e-08, 2.48, 0, 1e-08, 0
724939201, 4.89, 6.93e-08, 3.9e-08, 2.48, 0, 1e-08, 0
725457601, 1.8, 2.82e-08, 2.7e-08, 2.48, 0, 1e-08, 0
726494401, 2.93, 6.34e-08, 4.24e-08, 2.48, 0, 1e-08, 0
728568001, 1.79, 5.66e-08, 5.02e-08, 2.48, 0, 1e-08, 0
730382401, 1.34, 1.46e-08, 1.8e-08, 2.48, 0, 1e-08, 0
732196801, 1.78, 7.78e-08, 7e-08, 2.48, 0, 1e-08, 0
735048001, 3.87, 7.91e-08, 4.87e-08, 2.48, 0, 1e-08, 0
737380801, 1.76, 4.9e-08, 4.37e-08, 2.48, 0, 1e-08, 0
738158401, 1.5, 4.68e-08, 4.4e-08, 2.48, 0, 1e-08, 0
738936001, 1.35, 3.68e-08, 3.66e-08, 2.48, 0, 1e-08, 0
740750401, 2.65, 3.08e-08, 3.02e-08, 2.48, 0, 1e-08, 0
741528001, 3.04, 7.2e-08, 5.08e-08, 2.48, 0, 1e-08, 0
742046401, 1.77, 5.61e-08, 4.97e-08, 2.48, 0, 1e-08, 0
