timestamp, ts, flux, flux_error, photon_index, photon_index_interval, fit_tolerance, fit_convergence
241272001, 3.59, 9.25e-09, 9.74e-09, 1.44, 0.48, 1e-08, 0
241531201, 4.66, 3.63e-08, 4.36e-08, 2.25, 0.68, 1e-08, 0
246456001, 3.35, 2.16e-08, 2.07e-08, 1.86, 0.48, 1e-08, 0
246715201, 19.22, 3.61e-08, 2.43e-08, 1.85, 0.36, 1e-08, 0
246974401, 7.52, 3.88e-08, 3e-08, 2.1, 0.49, 1e-08, 0
247233601, 5.7, 8.22e-08, 5.67e-08, 3.02, 1.02, 1e-08, 0
247492801, 7.7, 3.19e-08, 2.79e-08, 2.04, 0.5, 1e-08, 0
248270401, 2.72, 5e-08, 4e-08, 2.47, 0.58, 1e-08, 0
248529601, 12.48, 1.26e-07, 6.82e-08, 3.0, 0.62, 1e-08, 0
248788801, 3.03, 9.6e-08, 6.23e-08, 5.12, 4.72, 1e-08, 102
249307201, 2.43, 6.84e-08, 5.07e-08, 3.52, 6.14, 1e-08, 102
250862401, 2.37, 7.66e-08, 7.05e-07, 8.31, 4.68, 1e-08, 102
251121601, 7.65, 1.2e-07, 6.43e-08, 3.52, 3.61, 1e-08, 102
251380801, 4.59, 9.19e-08, 3.94e-07, 6.53, 1.01, 1e-08, 0
251640001, 2.89, 8.83e-08, 6.58e-08, 3.66, 5.13, 1e-08, 102
252417601, 1.01, 4.18e-08, 5.48e-08, 3.02, 1.94, 1e-08, 0
252676801, 3.58, 4.54e-08, 3.72e-08, 2.22, 0.56, 1e-08, 0
252936001, 5.5, 6.27e-09, 8.51e-09, 1.52, 0.68, 1e-08, 0
253454401, 1.66, 2.88e-08, 2.93e-08, 2.03, 0.57, 1e-08, 0
253713601, 3.64, 6.74e-08, 5.05e-08, 2.82, 0.75, 1e-08, 0
255009601, 1.73, 5.28e-09, 8.31e-09, 1.51, 0.75, 1e-08, 0
255528001, 4.98, 2.8e-08, 2.46e-08, 1.91, 0.47, 1e-08, 0
255787201, 1.1, 4.84e-08, 5.16e-08, 3.46, 1.39, 1e-08, 0
256046401, 2.36, 6.31e-08, 6.18e-07, 7.26, 2.48, 1e-08, 0
256564801, 10.31, 5.31e-09, 9.67e-09, 1.31, 0.83, 1e-08, 0
256824001, 1.14, 1.17e-08, 1.75e-08, 2.04, 0.79, 1e-08, 0
257342401, 2.55, 7.24e-08, 1.32e-06, 5.67, 4.12, 1e-08, 102
257860801, 7.33, 3.56e-08, 3.66e-08, 1.95, 0.6, 1e-08, 0
259416001, 1.14, 2.17e-08, 4.21e-08, 2.6, 1.41, 1e-08, 0
259675201, 9.26, 1.2e-07, 5.6e-08, 2.77, 0.51, 1e-08, 0
260712001, 3.2, 2.93e-08, 2.98e-08, 2.23, 0.66, 1e-08, 0
260971201, 1.57, 5.1e-08, 4.86e-08, 2.97, 1.22, 1e-08, 0
261489601, 6.61, 7.31e-08, 4.81e-08, 2.47, 0.66, 1e-08, 0
262008001, 1.57, 5.92e-08, 5.37e-08, 3.17, 1.56, 1e-08, 0
262526401, 1.73, 5.73e-08, 5.89e-08, 3.82, 7.17, 1e-08, 102
263044801, 1.32, 1.25e-08, 2.46e-08, 1.62, 0.9, 1e-08, 0
263563201, 4.03, 9.64e-08, 6.66e-08, 3.08, 1.45, 1e-08, 0
263822401, 4.45, 7.64e-08, 4.65e-08, 8.31, 0.31, 1e-08, 0
264600001, 1.22, 4.13e-08, 4.2e-08, 8.0, 0.52, 1e-08, 0
264859201, 6.68, 1.17e-07, 5.52e-08, 3.38, 1.11, 1e-08, 0
265118401, 4.44, 9.23e-08, 5.86e-08, 3.93, 4.32, 1e-08, 102
266932801, 1.87, 2.33e-08, 2.7e-08, 2.14, 0.66, 1e-08, 0
268747201, 1.16, 4.22e-08, 4.62e-08, 3.19, 1.41, 1e-08, 0
269006401, 1.9, 5.47e-08, 5.96e-07, 8.14, 5.55, 1e-08, 102
269265601, 3.35, 1.4e-08, 1.6e-08, 1.8, 0.58, 1e-08, 0
269524801, 12.25, 9.68e-08, 4.41e-08, 2.47, 0.38, 1e-08, 0
270561601, 2.04, 4.78e-08, 4.46e-08, 2.76, 0.78, 1e-08, 0
271598401, 1.38, 5.43e-08, 5.38e-08, 3.28, 1.59, 1e-08, 0
271857601, 2.25, 6.81e-08, 1.27e-07, 3.34, 7.22, 1e-08, 102
272116801, 1.1, 5.07e-08, 4.42e-07, 4.78, 2.33, 1e-08, 0
272376001, 3.66, 1.2e-08, 1.61e-08, 1.64, 0.67, 1e-08, 0
272635201, 2.62, 6.44e-08, 5.27e-08, 3.37, 1.7, 1e-08, 0
273672001, 6.08, 1.17e-07, 6.34e-07, 8.52, 2.74, 1e-08, 102
274968001, 1.66, 7.28e-08, 9.66e-07, 5.81, 3.44, 1e-08, 0
275745601, 1.22, 1.03e-07, 6.69e-07, 4.65, 1.74, 1e-08, 0
276004801, 2.3, 7.47e-08, 6.45e-08, 2.39, 0.65, 1e-08, 0
277300801, 1.72, 2.09e-08, 2.78e-08, 1.98, 0.75, 1e-08, 0
278337601, 4.22, 7.2e-08, 5.2e-08, 2.31, 0.54, 1e-08, 0
279633601, 3.8, 1e-08, 1.44e-08, 1.7, 0.71, 1e-08, 0
280152001, 2.52, 1.02e-07, 9.32e-08, 3.09, 1.47, 1e-08, 0
280411201, 1.23, 5.76e-08, 1.1e-07, 3.71, 9.18, 1e-08, 102
280929601, 1.56, 2.65e-08, 3.18e-08, 2.2, 0.75, 1e-08, 0
281707201, 4.22, 1.05e-08, 1.58e-08, 1.38, 0.68, 1e-08, 0
281966401, 1.99, 3.05e-09, 3.8e-09, 0.06, 2.5, 1e-08, 0
282484801, 1.83, 8.24e-08, 7.17e-08, 5.9, 6.18, 1e-08, 102
283262401, 2.91, 6.81e-08, 5.79e-08, 2.5, 0.62, 1e-08, 0
285336001, 2.6, 8.77e-08, 6.62e-08, 3.15, 1.13, 1e-08, 0
286113601, 1.12, 9.34e-09, 1.68e-08, 1.59, 0.81, 1e-08, 0
287150401, 5.1, 5.05e-08, 3.81e-08, 2.09, 0.46, 1e-08, 0
287409601, 5.31, 2.06e-08, 2.73e-08, 1.82, 0.64, 1e-08, 0
287668801, 2.61, 7.13e-08, 5.68e-08, 2.66, 0.68, 1e-08, 0
288964801, 1.22, 5.18e-08, 6.01e-08, 2.91, 1.08, 1e-08, 0
289224001, 7.7, 9.68e-08, 6.34e-08, 2.64, 0.58, 1e-08, 0
289742401, 3.75, 1.32e-08, 1.31e-08, 1.53, 0.49, 1e-08, 0
290260801, 13.14, 1.09e-07, 5e-08, 2.14, 0.33, 1e-08, 0
290779201, 3.86, 5.32e-08, 4.48e-08, 2.45, 0.65, 1e-08, 0
291038401, 2.38, 1.95e-08, 2.73e-08, 2.22, 0.9, 1e-08, 0
291297601, 2.8, 1.18e-08, 1.69e-08, 1.76, 0.73, 1e-08, 0
291556801, 7.85, 1.35e-07, 6.82e-08, 3.12, 0.73, 1e-08, 0
292852801, 2.84, 1.5e-08, 1.45e-08, 1.26, 0.4, 1e-08, 0
294148801, 2.19, 1.16e-08, 2.18e-08, 1.76, 0.89, 1e-08, 0
294408001, 1.3, 4.12e-09, 6.57e-09, 1.39, 0.74, 1e-08, 0
294926401, 4.2, 1.09e-07, 7.91e-08, 3.12, 1.53, 1e-08, 0
295185601, 21.21, 3.54e-09, 3.63e-09, 0.0, 0, 1e-08, 0
295444801, 6.35, 1.4e-07, 6.9e-08, 4.46, 3.8, 1e-08, 102
295704001, 9.52, 1.26e-08, 1.81e-08, 1.44, 0.62, 1e-08, 0
295963201, 1.71, 5.2e-08, 5.48e-08, 2.57, 0.83, 1e-08, 0
296222401, 1.58, 4.76e-08, 5.52e-08, 3.06, 1.18, 1e-08, 0
296481601, 2.63, 2.77e-08, 3.11e-08, 2.14, 0.63, 1e-08, 0
296740801, 1.26, 1.34e-08, 2.04e-08, 1.76, 0.78, 1e-08, 0
297000001, 3.29, 3.6e-08, 3.25e-08, 2.01, 0.48, 1e-08, 0
297259201, 3.04, 9.65e-08, 8.96e-07, 8.42, 4.72, 1e-08, 102
298296001, 2.55, 1.2e-07, 9.6e-07, 5.47, 2.09, 1e-08, 0
299073601, 1.22, 7.16e-08, 7.53e-08, 3.68, 8.19, 1e-08, 102
299332801, 1.81, 3.59e-08, 3.85e-08, 2.27, 0.66, 1e-08, 0
300888001, 1.89, 8.24e-08, 8.34e-07, 8.35, 5.16, 1e-08, 102
301406401, 5.09, 6.6e-08, 6.4e-08, 2.28, 0.68, 1e-08, 0
302184001, 2.57, 1.04e-07, 6.78e-07, 5.07, 1.73, 1e-08, 0
302443201, 1.28, 7.21e-08, 7.2e-08, 3.16, 1.02, 1e-08, 0
303480001, 4.07, 1.43e-07, 1.14e-06, 8.62, 4.04, 1e-08, 102
303739201, 1.3, 6.2e-08, 6.12e-08, 2.77, 1.2, 1e-08, 0
303998401, 1.17, 1.38e-08, 2.45e-08, 1.92, 0.9, 1e-08, 0
304257601, 1.89, 7.68e-08, 5.94e-07, 5.71, 2.02, 1e-08, 0
304516801, 4.99, 9.18e-08, 5.93e-08, 2.88, 0.7, 1e-08, 0
305035201, 1.71, 6.35e-08, 5.75e-08, 2.99, 0.93, 1e-08, 0
305294401, 2.66, 1.2e-07, 8.12e-08, 5.29, 5.01, 1e-08, 102
306331201, 5.05, 7.97e-08, 6.31e-08, 2.38, 0.56, 1e-08, 0
306590401, 4.37, 3.61e-08, 3.95e-08, 2.1, 0.55, 1e-08, 0
306849601, 7.86, 1.95e-07, 9.27e-07, 8.77, 2.42, 1e-08, 102
307108801, 4.35, 2.63e-08, 3.52e-08, 1.58, 0.63, 1e-08, 0
307627201, 6.0, 7.22e-08, 5.96e-08, 2.27, 0.55, 1e-08, 0
308404801, 6.43, 5.6e-08, 4.68e-08, 2.2, 0.53, 1e-08, 0
308664001, 8.49, 9.28e-08, 6.74e-08, 2.49, 0.55, 1e-08, 0
308923201, 2.28, 4.81e-08, 4.41e-08, 2.37, 0.61, 1e-08, 0
309182401, 5.0, 1.16e-07, 6.39e-08, 8.52, 0.28, 1e-08, 0
309441601, 9.6, 1.6e-07, 6.68e-08, 7.67, 3.01, 1e-08, 102
309700801, 8.81, 3.02e-08, 2.62e-08, 1.75, 0.47, 1e-08, 0
309960001, 7.23, 5.4e-09, 6.49e-09, 1.1, 0.61, 1e-08, 0
310737601, 4.96, 1.96e-07, 1.02e-07, 5.9, 3.78, 1e-08, 102
310996801, 1.63, 3.79e-08, 4.46e-08, 2.35, 0.82, 1e-08, 0
311256001, 2.67, 3.74e-08, 3.38e-08, 1.99, 0.5, 1e-08, 0
311515201, 6.54, 7.2e-08, 6.29e-08, 2.24, 0.57, 1e-08, 0
312292801, 2.61, 5.76e-08, 5.15e-08, 2.55, 0.71, 1e-08, 0
312552001, 8.54, 1.82e-07, 8.1e-08, 3.64, 1, 1e-08, 0
313329601, 5.8, 8.64e-08, 5.86e-08, 2.52, 0.55, 1e-08, 0
313848001, 4.65, 6.47e-08, 4.64e-08, 2.32, 0.54, 1e-08, 0
314107201, 6.61, 1.31e-07, 8.3e-08, 3.82, 4.06, 1e-08, 102
314366401, 1.42, 2.63e-08, 6.07e-08, 2.42, 1.69, 1e-08, 0
314884801, 2.69, 4.25e-08, 3.74e-08, 2.34, 0.64, 1e-08, 0
315144001, 1.57, 4.86e-08, 5.26e-08, 2.56, 0.9, 1e-08, 0
315403201, 2.33, 6.95e-08, 6.77e-08, 2.54, 0.68, 1e-08, 0
315921601, 6.12, 1.49e-07, 8.6e-08, 2.92, 0.72, 1e-08, 0
316180801, 1.51, 5.49e-08, 5.79e-08, 2.66, 0.83, 1e-08, 0
316699201, 10.87, 1.58e-07, 7.3e-08, 2.59, 0.38, 1e-08, 0
317217601, 1.44, 4.17e-08, 5.02e-08, 2.24, 0.64, 1e-08, 0
317736001, 4.7, 9.12e-09, 1.04e-08, 1.46, 0.54, 1e-08, 0
317995201, 2.72, 3.45e-08, 4.12e-08, 2.13, 0.76, 1e-08, 0
318254401, 1.64, 3.22e-08, 5.65e-08, 2.34, 1.21, 1e-08, 0
318513601, 3.17, 4.46e-08, 4.43e-08, 2.35, 0.76, 1e-08, 0
318772801, 1.62, 5.58e-08, 6.83e-08, 2.7, 1.35, 1e-08, 0
319032001, 1.38, 2.16e-08, 2.86e-08, 2.27, 0.85, 1e-08, 0
320068801, 5.65, 1.63e-07, 1.07e-07, 4.11, 4.04, 1e-08, 102
320328001, 3.93, 1.1e-07, 8.37e-08, 2.97, 0.88, 1e-08, 0
320587201, 1.35, 3.12e-08, 5.18e-08, 2.32, 1.01, 1e-08, 0
321364801, 1.37, 6.31e-08, 1.95e-07, 3.57, 9.32, 1e-08, 102
321624001, 6.34, 1.82e-07, 8.89e-08, 7.31, 3.48, 1e-08, 102
321883201, 2.12, 8.93e-08, 9.4e-07, 8.39, 5.35, 1e-08, 102
322920001, 3.0, 5.83e-08, 5.45e-08, 2.19, 0.68, 1e-08, 0
323438401, 1.46, 4.25e-08, 4.66e-08, 2.75, 1.1, 1e-08, 0
324475201, 2.93, 1.56e-07, 1.13e-07, 5.92, 5.16, 1e-08, 102
327844801, 4.73, 1.22e-07, 6.79e-08, 5.64, 4.07, 1e-08, 102
328104001, 2.34, 7.32e-08, 5.6e-08, 3.41, 1.6, 1e-08, 0
328622401, 3.3, 1.3e-08, 1.55e-08, 1.54, 0.56, 1e-08, 0
329659201, 1.9, 6.29e-08, 6.03e-08, 2.58, 0.85, 1e-08, 0
330177601, 6.47, 2.64e-08, 2.5e-08, 1.88, 0.5, 1e-08, 0
330436801, 1.25, 8.33e-08, 8.17e-08, 4.18, 7.22, 1e-08, 102
330696001, 5.8, 1.36e-08, 1.78e-08, 1.61, 0.63, 1e-08, 0
330955201, 14.95, 1.15e-07, 6.81e-08, 2.36, 0.42, 1e-08, 0
331473601, 1.01, 4.05e-08, 4.77e-08, 3.01, 1.13, 1e-08, 0
331732801, 1.18, 2.81e-08, 3.37e-08, 2.34, 0.77, 1e-08, 0
331992001, 3.27, 7.65e-08, 5.74e-08, 3.07, 1.39, 1e-08, 0
332251201, 3.95, 5.13e-08, 3.89e-08, 2.09, 0.46, 1e-08, 0
333547201, 3.9, 6.97e-08, 5.61e-08, 2.63, 0.74, 1e-08, 0
334584001, 2.41, 6.76e-08, 5.75e-08, 2.84, 0.69, 1e-08, 0
335361601, 2.98, 9.13e-08, 6.86e-08, 3.03, 0.79, 1e-08, 0
335880001, 2.04, 1.03e-07, 8.2e-08, 3.37, 2.08, 1e-08, 0
337435201, 7.51, 9.66e-08, 4.54e-08, 8.25, 3.32, 1e-08, 102
338212801, 2.34, 9.84e-08, 7.98e-08, 3.55, 2.07, 1e-08, 0
340286401, 2.21, 8.66e-08, 6.43e-08, 6.43, 5.61, 1e-08, 102
340545601, 3.98, 5.18e-08, 4.18e-08, 2.23, 0.51, 1e-08, 0
340804801, 2.95, 9.93e-08, 7.19e-08, 3.44, 1.58, 1e-08, 0
341323201, 2.25, 2.2e-08, 2.76e-08, 1.84, 0.66, 1e-08, 0
341582401, 1.97, 5.62e-08, 5.37e-08, 2.51, 0.79, 1e-08, 0
341841601, 5.78, 8.2e-08, 6.22e-08, 2.73, 0.75, 1e-08, 0
342360001, 7.67, 1.52e-07, 6.89e-08, 3.71, 1.73, 1e-08, 0
342619201, 5.72, 1.44e-07, 7.78e-08, 4.8, 3.72, 1e-08, 102
342878401, 8.36, 1.84e-07, 8.3e-08, 3.57, 1.09, 1e-08, 0
343396801, 4.9, 1.12e-07, 6.59e-08, 3.23, 0.91, 1e-08, 0
343656001, 1.12, 2.87e-08, 3.85e-08, 2.19, 0.77, 1e-08, 0
343915201, 6.01, 8.09e-08, 5.71e-08, 2.52, 0.66, 1e-08, 0
345470401, 4.16, 1.1e-07, 1.79e-06, 7.28, 4.1, 1e-08, 102
346248001, 3.86, 5.35e-08, 4.84e-08, 2.21, 0.66, 1e-08, 0
346507201, 3.92, 1.12e-07, 6.6e-08, 4.13, 4.4, 1e-08, 102
347803201, 4.93, 8.53e-08, 5.28e-08, 2.68, 0.61, 1e-08, 0
348062401, 1.12, 6.48e-08, 6.92e-08, 4.53, 7.8, 1e-08, 102
348580801, 3.3, 7.08e-08, 5.12e-08, 2.37, 0.59, 1e-08, 0
349876801, 2.47, 7.71e-08, 5.81e-08, 3.68, 5.55, 1e-08, 102
350136001, 1.12, 4.78e-08, 5.4e-08, 3.02, 1.13, 1e-08, 0
351950401, 8.34, 4.98e-09, 5.82e-09, 1.03, 0.61, 1e-08, 0
352468801, 3.14, 1.36e-07, 2.39e-06, 5.19, 4.62, 1e-08, 102
352728001, 2.32, 6.39e-08, 5.32e-08, 2.41, 0.56, 1e-08, 0
353246401, 15.14, 1.35e-07, 6.01e-08, 2.42, 0.35, 1e-08, 0
353764801, 4.18, 8.49e-08, 6.42e-08, 2.66, 0.65, 1e-08, 0
354024001, 3.72, 1.49e-07, 8.99e-08, 6.02, 4.19, 1e-08, 102
354283201, 1.99, 9.88e-08, 7.81e-08, 6.27, 5.72, 1e-08, 102
356616001, 8.28, 7.79e-08, 5.63e-08, 2.31, 0.46, 1e-08, 0
356875201, 1.53, 8.17e-08, 7.04e-08, 4.84, 6.5, 1e-08, 102
357134401, 3.59, 8.1e-08, 5.88e-08, 2.62, 0.63, 1e-08, 0
358171201, 1.65, 7.15e-08, 6.47e-08, 2.77, 0.77, 1e-08, 0
358430401, 2.06, 1e-07, 8.71e-08, 3.37, 1.26, 1e-08, 0
359985601, 4.49, 7.66e-08, 4.92e-08, 2.59, 0.6, 1e-08, 0
360504001, 7.79, 1.4e-07, 7.39e-08, 3.55, 2.26, 1e-08, 0
360763201, 3.74, 5.43e-08, 4.89e-08, 2.48, 0.71, 1e-08, 0
361281601, 6.03, 1.84e-07, 9.28e-08, 4.77, 3.49, 1e-08, 102
361800001, 6.44, 4.77e-08, 4.86e-08, 2.14, 0.59, 1e-08, 0
362577601, 3.09, 9.99e-08, 7.3e-08, 2.96, 1.53, 1e-08, 0
363355201, 2.18, 8.72e-08, 1.13e-07, 2.1, 0.76, 1e-08, 0
364132801, 2.16, 4.68e-08, 4.66e-08, 2.6, 1.01, 1e-08, 0
364392001, 1.19, 1.69e-08, 2.17e-08, 1.78, 0.58, 1e-08, 0
364651201, 1.09, 1.3e-08, 1.78e-08, 1.53, 0.6, 1e-08, 0
364910401, 2.99, 8.22e-08, 5.56e-08, 5.16, 5, 1e-08, 102
365428801, 8.02, 1.12e-07, 6.21e-08, 2.52, 0.6, 1e-08, 0
365947201, 12.31, 2.15e-07, 8.2e-08, 3.03, 0.5, 1e-08, 0
366724801, 1.65, 3.81e-08, 4.14e-08, 2.2, 0.66, 1e-08, 0
367243201, 4.12, 5.89e-08, 5.41e-08, 2.28, 0.61, 1e-08, 0
367761601, 10.58, 3.52e-08, 3.3e-08, 1.77, 0.45, 1e-08, 0
368020801, 4.65, 1.38e-07, 8.29e-08, 3.15, 0.67, 1e-08, 0
368280001, 12.82, 3.29e-08, 2.49e-08, 1.67, 0.39, 1e-08, 0
368539201, 5.17, 1.16e-07, 6.4e-08, 2.89, 0.61, 1e-08, 0
368798401, 9.43, 1.84e-07, 2.03e-06, 7.16, 2.75, 1e-08, 102
369057601, 3.67, 2.3e-08, 3.08e-08, 2.07, 0.79, 1e-08, 0
369316801, 1.34, 5.1e-08, 6.18e-08, 3.32, 8.44, 1e-08, 102
369835201, 6.25, 1.33e-07, 8.09e-08, 3.0, 0.82, 1e-08, 0
370094401, 21.31, 1.2e-07, 5.31e-08, 2.07, 0.3, 1e-08, 0
370872001, 26.23, 3.77e-08, 2.1e-08, 1.46, 0.29, 1e-08, 0
371131201, 3.72, 2.55e-08, 3.04e-08, 2.02, 0.69, 1e-08, 0
371649601, 2.13, 5.12e-08, 6.07e-08, 2.55, 0.87, 1e-08, 0
371908801, 3.23, 6.38e-08, 7e-08, 2.54, 0.91, 1e-08, 0
372168001, 1.71, 4.24e-08, 4.67e-08, 2.37, 0.81, 1e-08, 0
372427201, 4.53, 1.05e-07, 6.29e-08, 2.66, 0.5, 1e-08, 0
372945601, 3.94, 6.49e-08, 6.51e-08, 2.44, 0.76, 1e-08, 0
373464001, 7.29, 2.75e-08, 2.41e-08, 1.72, 0.44, 1e-08, 0
373723201, 10.88, 1.91e-08, 1.83e-08, 1.61, 0.49, 1e-08, 0
374241601, 3.9, 1.02e-07, 6.3e-08, 2.9, 0.63, 1e-08, 0
374500801, 6.97, 4.95e-08, 3.1e-08, 1.89, 0.36, 1e-08, 0
374760001, 13.5, 2.01e-08, 1.54e-08, 1.38, 0.38, 1e-08, 0
375019201, 3.62, 2.16e-08, 2.11e-08, 1.74, 0.56, 1e-08, 0
375278401, 3.28, 9.61e-08, 8.9e-07, 8.42, 4.71, 1e-08, 102
375796801, 5.15, 1.17e-07, 7.29e-08, 3.94, 4.83, 1e-08, 0
376315201, 91.42, 8.7e-08, 3.02e-08, 1.5, 0.18, 1e-08, 0
376574401, 6.41, 2.39e-08, 2.33e-08, 1.78, 0.53, 1e-08, 0
376833601, 21.8, 8.17e-08, 4.23e-08, 2.09, 0.35, 1e-08, 0
377092801, 2.44, 1.92e-08, 2.67e-08, 2.17, 0.79, 1e-08, 0
377352001, 52.44, 8.49e-08, 3.53e-08, 1.66, 0.22, 1e-08, 0
377611201, 4.19, 6.85e-08, 5.96e-08, 2.6, 0.75, 1e-08, 0
377870401, 1.14, 7.48e-09, 1.55e-08, 1.75, 1.07, 1e-08, 0
378129601, 5.94, 1.08e-07, 7.74e-07, 8.48, 3.64, 1e-08, 102
378388801, 17.72, 8.34e-08, 4.38e-08, 2.11, 0.36, 1e-08, 0
378648001, 6.46, 7.18e-08, 4.31e-08, 2.2, 0.42, 1e-08, 0
378907201, 7.08, 4.42e-08, 4.24e-08, 2.18, 0.65, 1e-08, 0
379166401, 4.33, 7.76e-08, 6.92e-08, 2.69, 0.87, 1e-08, 0
379684801, 2.56, 2.74e-08, 3.7e-08, 2.27, 0.84, 1e-08, 0
380203201, 5.95, 1.37e-08, 1.51e-08, 1.48, 0.52, 1e-08, 0
380462401, 2.31, 9.49e-08, 7.43e-08, 3.37, 0.95, 1e-08, 0
380721601, 10.14, 1.95e-07, 9.71e-08, 3.76, 3.15, 1e-08, 102
381240001, 3.9, 1.06e-07, 6.91e-08, 2.93, 0.61, 1e-08, 0
381758401, 5.9, 4.68e-08, 4.34e-08, 2.0, 0.53, 1e-08, 0
382276801, 10.2, 7.48e-08, 4.62e-08, 2.2, 0.42, 1e-08, 0
382795201, 6.48, 1.32e-07, 6.68e-08, 2.74, 0.53, 1e-08, 0
383054401, 28.13, 5.71e-08, 3.07e-08, 1.68, 0.29, 1e-08, 0
383313601, 2.16, 5.34e-08, 4.77e-08, 2.55, 0.75, 1e-08, 0
383572801, 4.75, 7.05e-08, 4.48e-08, 2.18, 0.58, 1e-08, 0
383832001, 1.77, 7.02e-08, 6.05e-08, 3.28, 1.43, 1e-08, 0
384350401, 1.07, 5.8e-08, 9.99e-08, 2.79, 3.37, 1e-08, 0
385128001, 10.38, 8.45e-08, 5.26e-08, 2.37, 0.47, 1e-08, 0
385387201, 6.16, 2.96e-08, 3.32e-08, 1.9, 0.53, 1e-08, 0
385646401, 7.6, 1e-07, 5.78e-08, 2.37, 0.44, 1e-08, 0
385905601, 2.29, 6.52e-08, 6.17e-08, 2.69, 0.89, 1e-08, 0
386683201, 3.63, 4.62e-09, 6.39e-09, 0.7, 1.02, 1e-08, 0
387201601, 15.49, 8.21e-08, 4.1e-08, 2.1, 0.35, 1e-08, 0
387460801, 3.02, 5.01e-08, 4.45e-08, 2.41, 0.73, 1e-08, 0
387979201, 5.88, 8.16e-09, 1.01e-08, 1.42, 0.59, 1e-08, 0
388497601, 11.8, 3.16e-08, 2.99e-08, 1.71, 0.44, 1e-08, 0
389016001, 1.98, 1.03e-07, 8.32e-08, 4.27, 5.78, 1e-08, 102
389275201, 1.45, 4.11e-08, 4.54e-08, 2.66, 0.89, 1e-08, 0
389534401, 2.3, 3.16e-08, 3.46e-08, 2.08, 0.6, 1e-08, 0
389793601, 6.75, 1.33e-07, 9.68e-08, 2.7, 1.23, 1e-08, 0
390052801, 5.91, 9.71e-08, 6.69e-08, 2.5, 0.51, 1e-08, 0
390312001, 7.67, 1.31e-07, 7.7e-08, 2.66, 0.59, 1e-08, 0
390571201, 4.23, 1.53e-08, 1.38e-08, 1.41, 0.43, 1e-08, 0
390830401, 3.59, 8.23e-08, 5.86e-08, 2.74, 0.69, 1e-08, 0
391089601, 11.07, 1.31e-07, 6.58e-08, 2.74, 0.54, 1e-08, 0
391348801, 1.28, 3.59e-08, 4.08e-08, 2.4, 0.83, 1e-08, 0
391867201, 4.99, 9.07e-08, 5.91e-08, 3.07, 1.2, 1e-08, 0
392126401, 12.31, 8.89e-08, 6.2e-08, 2.16, 0.47, 1e-08, 0
392385601, 1.97, 1.88e-08, 2.93e-08, 1.94, 0.78, 1e-08, 0
392644801, 19.3, 1.6e-07, 5.8e-08, 2.43, 0.33, 1e-08, 0
392904001, 8.67, 6.89e-08, 4.99e-08, 2.27, 0.5, 1e-08, 0
393163201, 15.34, 8.12e-08, 4.7e-08, 2.17, 0.4, 1e-08, 0
393422401, 13.71, 1.36e-07, 5.49e-08, 2.42, 0.36, 1e-08, 0
393681601, 9.91, 6.42e-08, 4.56e-08, 2.16, 0.47, 1e-08, 0
394200001, 9.67, 9.33e-08, 5.3e-08, 2.33, 0.43, 1e-08, 0
394718401, 3.16, 1.39e-07, 9.3e-08, 4.23, 4.69, 1e-08, 102
394977601, 3.4, 5.62e-08, 6.98e-08, 2.71, 1.05, 1e-08, 0
395236801, 8.29, 1.92e-07, 1.1e-07, 3.47, 1.14, 1e-08, 0
395496001, 3.75, 1.14e-07, 7.5e-08, 3.27, 0.89, 1e-08, 0
396014401, 11.0, 9e-08, 5.4e-08, 2.36, 0.44, 1e-08, 0
396532801, 1.91, 2.34e-08, 2.85e-08, 2.21, 0.78, 1e-08, 0
396792001, 1.78, 5.72e-08, 5.27e-08, 3.54, 7.18, 1e-08, 102
397310401, 8.85, 1.09e-07, 6.38e-08, 2.86, 0.63, 1e-08, 0
398088001, 8.14, 2.11e-08, 5.6e-08, 1.68, 1.09, 1e-08, 0
398347201, 1.29, 9.3e-08, 9.22e-08, 3.96, 7.42, 1e-08, 102
398606401, 6.25, 1.6e-07, 9.12e-08, 3.16, 0.7, 1e-08, 0
398865601, 2.68, 1.01e-07, 7.29e-08, 4.58, 5.53, 1e-08, 102
399124801, 2.39, 1.16e-07, 8.29e-08, 4.43, 5.43, 1e-08, 102
399384001, 3.24, 2.4e-08, 3.85e-08, 2.14, 0.92, 1e-08, 0
399643201, 2.09, 1.15e-07, 9.99e-08, 3.69, 2.16, 1e-08, 0
399902401, 3.0, 1.41e-07, 1.81e-07, 3.72, 5.73, 1e-08, 102
400420801, 1.01, 3.33e-08, 6.29e-08, 2.39, 2.13, 1e-08, 0
400939201, 2.5, 1.03e-07, 7.41e-08, 4.6, 5.34, 1e-08, 102
401198401, 10.37, 1.78e-07, 7.2e-08, 3.7, 1.46, 1e-08, 0
402235201, 7.39, 1.7e-07, 1.07e-06, 8.7, 3.21, 1e-08, 102
402753601, 3.58, 4.21e-08, 4.83e-08, 2.14, 0.66, 1e-08, 0
403012801, 5.77, 7.09e-08, 7.09e-08, 2.13, 0.57, 1e-08, 0
403272001, 1.49, 6.85e-08, 6.46e-08, 3.13, 1.09, 1e-08, 0
403790401, 4.27, 1.84e-07, 1.12e-07, 4.85, 4.18, 1e-08, 102
404049601, 4.36, 1.39e-07, 1.74e-07, 2.45, 1.2, 1e-08, 0
404308801, 1.86, 8.6e-08, 7.52e-08, 3.63, 2.66, 1e-08, 0
404568001, 1.3, 4e-08, 6.61e-08, 3.58, 8.29, 1e-08, 102
404827201, 3.19, 8.58e-08, 6.02e-08, 3.47, 3.02, 1e-08, 0
405864001, 2.18, 8.56e-08, 6.51e-08, 4.26, 5.79, 1e-08, 102
406641601, 1.12, 3.39e-08, 4.8e-07, 7.9, 7.21, 1e-08, 102
407419201, 4.13, 8.99e-09, 1.41e-08, 1.54, 0.72, 1e-08, 0
408715201, 2.35, 1.02e-07, 7.29e-08, 4.28, 5.56, 1e-08, 102
408974401, 2.21, 4.52e-08, 6.79e-08, 2.38, 1.21, 1e-08, 0
409492801, 2.71, 2.75e-08, 3.57e-08, 1.94, 0.65, 1e-08, 0
409752001, 4.24, 1.44e-07, 8.42e-08, 4.79, 4.47, 1e-08, 102
410270401, 2.34, 1.15e-07, 8.92e-08, 3.89, 5.66, 1e-08, 102
411048001, 3.55, 1.21e-07, 8.91e-08, 3.81, 3.13, 1e-08, 0
411307201, 1.57, 6.71e-08, 5.99e-08, 4.97, 6.66, 1e-08, 102
411566401, 4.71, 9.5e-08, 6e-08, 2.9, 0.64, 1e-08, 0
414676801, 1.1, 5.47e-08, 6.14e-08, 5.02, 8.22, 1e-08, 102
415454401, 1.78, 4.57e-08, 5.45e-08, 2.23, 0.76, 1e-08, 0
415713601, 1.55, 7.94e-08, 1.28e-06, 6.86, 4.1, 1e-08, 0
415972801, 5.74, 1.23e-07, 8.3e-08, 2.96, 1.16, 1e-08, 0
417009601, 1.05, 7.57e-08, 7.83e-08, 4.0, 8.17, 1e-08, 102
417268801, 2.29, 4.37e-08, 4.74e-08, 2.19, 0.65, 1e-08, 0
417787201, 1.34, 9.13e-08, 9.17e-08, 5.2, 7.33, 1e-08, 102
418046401, 3.21, 5.1e-08, 4.74e-08, 3.5, 5.51, 1e-08, 102
420897601, 1.7, 1.28e-08, 1.77e-08, 1.67, 0.64, 1e-08, 0
423489601, 3.12, 6.42e-08, 5.46e-08, 2.25, 0.54, 1e-08, 0
423748801, 4.18, 8.83e-08, 7.66e-08, 2.61, 0.7, 1e-08, 0
426340801, 7.94, 2.09e-07, 1.24e-06, 8.81, 3, 1e-08, 102
427636801, 3.02, 1.66e-07, 1.09e-07, 5.71, 4.56, 1e-08, 102
428414401, 1.23, 4.42e-08, 5.07e-08, 2.48, 0.86, 1e-08, 0
429451201, 3.02, 1.2e-07, 1.06e-06, 8.53, 4.51, 1e-08, 102
429710401, 5.21, 5.85e-08, 4.85e-08, 2.17, 0.5, 1e-08, 0
431524801, 2.87, 7.44e-08, 6.56e-08, 2.4, 0.79, 1e-08, 0
433339201, 3.78, 1.42e-08, 1.9e-08, 1.65, 0.72, 1e-08, 0
433598401, 1.26, 2.81e-08, 4.36e-08, 2.15, 0.91, 1e-08, 0
435672001, 2.3, 2.23e-08, 2.89e-08, 1.86, 0.65, 1e-08, 0
436449601, 2.26, 5.44e-08, 5.68e-08, 2.24, 0.67, 1e-08, 0
436708801, 5.86, 1.79e-07, 1.06e-07, 3.42, 1.22, 1e-08, 0
437745601, 1.42, 2.44e-08, 3.33e-08, 1.98, 0.73, 1e-08, 0
438004801, 2.18, 5.24e-08, 5.26e-08, 2.63, 1.03, 1e-08, 0
438782401, 2.49, 8.17e-09, 1.22e-08, 1.52, 0.69, 1e-08, 0
439300801, 4.92, 1.67e-07, 9e-08, 4.14, 4.03, 1e-08, 102
439819201, 3.28, 9.49e-08, 6.09e-08, 3.72, 5.14, 1e-08, 102
440078401, 1.13, 5.3e-08, 6.42e-08, 4.43, 7.6, 1e-08, 102
440337601, 2.6, 9.27e-08, 7.25e-08, 3.51, 5.52, 1e-08, 102
440596801, 13.18, 1.85e-07, 6.65e-08, 4.46, 2.67, 1e-08, 102
441374401, 2.94, 8.52e-08, 5.79e-08, 3.81, 5.15, 1e-08, 102
441633601, 1.26, 1.44e-08, 1.9e-08, 1.59, 0.57, 1e-08, 0
441892801, 3.94, 9.81e-09, 2.07e-08, 1.54, 0.99, 1e-08, 0
442411201, 1.05, 4.88e-08, 5.31e-08, 3.47, 8.57, 1e-08, 102
446817601, 5.5, 1.17e-07, 6.69e-08, 4.65, 3.88, 1e-08, 102
447076801, 1.39, 6.43e-08, 7.58e-07, 8.22, 6, 1e-08, 102
448113601, 2.16, 5.94e-08, 5.46e-08, 3.14, 1.47, 1e-08, 0
448632001, 8.62, 2.32e-07, 1.03e-07, 4.38, 3.19, 1e-08, 102
448891201, 6.68, 1.8e-08, 2.05e-08, 1.54, 0.53, 1e-08, 0
449150401, 2.4, 1.27e-07, 1.28e-06, 5.78, 2.62, 1e-08, 0
450187201, 1.38, 7.77e-08, 2.09e-06, 6.64, 6.85, 1e-08, 102
451742401, 1.6, 6.08e-08, 5.61e-08, 3.57, 7, 1e-08, 102
453816001, 5.01, 1.35e-07, 7.58e-08, 3.52, 1.69, 1e-08, 0
455371201, 3.26, 1.1e-07, 7.11e-08, 5.23, 4.78, 1e-08, 102
455889601, 2.5, 3.68e-08, 3.46e-08, 2.31, 0.65, 1e-08, 0
456148801, 2.25, 5.21e-08, 3.81e-08, 5.49, 5.5, 1e-08, 102
459259201, 1.79, 9.57e-08, 7.74e-08, 4.62, 5.92, 1e-08, 102
459777601, 1.24, 6.74e-08, 6.75e-08, 4.01, 7.55, 1e-08, 102
460036801, 1.85, 6.8e-08, 8.21e-08, 3.03, 2.75, 1e-08, 0
460555201, 1.43, 6.37e-08, 5.75e-08, 3.81, 6.96, 1e-08, 102
461592001, 2.26, 6.8e-08, 5.42e-08, 4.75, 5.76, 1e-08, 102
462888001, 1.97, 7e-08, 7.63e-07, 8.26, 5.54, 1e-08, 102
463665601, 2.87, 1.06e-07, 7.09e-08, 4.22, 5.11, 1e-08, 102
463924801, 3.33, 2.01e-08, 2.24e-08, 1.88, 0.58, 1e-08, 0
464184001, 1.24, 7.7e-09, 1.23e-08, 1.81, 0.83, 1e-08, 0
464961601, 2.5, 2.82e-08, 2.58e-08, 2.14, 0.61, 1e-08, 0
465480001, 3.12, 8.5e-08, 5.82e-08, 3.72, 5.28, 1e-08, 102
465739201, 4.49, 7.12e-08, 4.66e-08, 2.34, 0.61, 1e-08, 0
467035201, 6.27, 3.27e-09, 3.5e-09, 0.51, 0.87, 1e-08, 0
467294401, 1.05, 6.4e-08, 6.79e-08, 5.36, 7.8, 1e-08, 102
468072001, 6.43, 7.63e-08, 5.98e-08, 2.74, 0.71, 1e-08, 0
469368001, 5.4, 7.73e-09, 1.08e-08, 1.39, 0.62, 1e-08, 0
470923201, 1.75, 4.17e-08, 3.99e-08, 2.26, 0.61, 1e-08, 0
471960001, 2.73, 6.63e-08, 3.91e-07, 8.24, 3, 1e-08, 102
472219201, 1.68, 6.41e-08, 5.4e-08, 4.46, 6.31, 1e-08, 102
473774401, 4.44, 1.19e-07, 8.61e-08, 3.55, 5.31, 1e-08, 0
474292801, 4.72, 1.41e-07, 1.07e-07, 3.05, 1.05, 1e-08, 0
474552001, 2.08, 4.6e-08, 4.4e-08, 2.98, 1.16, 1e-08, 0
475070401, 2.06, 1.53e-08, 1.76e-08, 1.68, 0.55, 1e-08, 0
476884801, 3.52, 1.04e-07, 6.78e-08, 3.59, 1.7, 1e-08, 0
477403201, 1.12, 3.5e-08, 5.21e-08, 2.55, 1.34, 1e-08, 0
477662401, 4.15, 1.11e-07, 7.38e-08, 3.4, 1.18, 1e-08, 0
480254401, 2.5, 8.42e-08, 6.58e-08, 3.24, 0.96, 1e-08, 0
480513601, 1.97, 2.52e-08, 3.3e-08, 2.21, 0.77, 1e-08, 0
480772801, 5.95, 1.67e-07, 8.39e-08, 3.52, 0.99, 1e-08, 0
483105601, 1.19, 2.19e-08, 5.69e-08, 2.28, 1.72, 1e-08, 0
483364801, 1.83, 6.74e-08, 5.49e-08, 5.12, 6.02, 1e-08, 102
483624001, 8.29, 5.78e-08, 4.8e-08, 2.18, 0.61, 1e-08, 0
484142401, 1.42, 5.81e-08, 5.09e-08, 5.0, 7, 1e-08, 102
485438401, 5.15, 1.69e-07, 1.88e-06, 8.31, 2.8, 1e-08, 0
486216001, 5.39, 1.25e-08, 1.68e-08, 1.25, 0.57, 1e-08, 0
486993601, 2.72, 1.13e-07, 8e-08, 3.58, 2.01, 1e-08, 0
487512001, 1.06, 9.85e-09, 1.51e-08, 1.68, 0.66, 1e-08, 0
488548801, 2.65, 1.08e-07, 8.08e-08, 3.75, 2.4, 1e-08, 0
489067201, 2.39, 6.49e-08, 5.29e-08, 3.13, 1.18, 1e-08, 0
489326401, 4.16, 2.52e-08, 3.03e-08, 1.77, 0.56, 1e-08, 0
489844801, 6.86, 8.14e-08, 6.16e-08, 2.35, 0.5, 1e-08, 0
490363201, 1.71, 6.86e-08, 7.36e-08, 3.49, 7.26, 1e-08, 102
491140801, 2.05, 2.26e-08, 2.6e-08, 1.95, 0.58, 1e-08, 0
492955201, 2.47, 7.16e-08, 5.54e-08, 2.73, 0.77, 1e-08, 0
493214401, 6.21, 1.23e-07, 6.5e-08, 3.93, 4.07, 1e-08, 0
494769601, 2.97, 9.17e-08, 6.15e-08, 7.31, 4.95, 1e-08, 102
496065601, 7.52, 1.85e-07, 8.4e-08, 8.75, 0.23, 1e-08, 0
496324801, 5.54, 1.64e-07, 8.6e-08, 5.46, 3.67, 1e-08, 102
497102401, 6.88, 6.08e-09, 8.74e-09, 1.24, 0.72, 1e-08, 0
497361601, 1.8, 8.68e-08, 2.2e-06, 8.11, 6.42, 1e-08, 102
498657601, 2.45, 1.05e-07, 8.12e-08, 3.6, 4.75, 1e-08, 0
498916801, 3.17, 1.22e-07, 8.19e-08, 4.66, 5.04, 1e-08, 102
499176001, 2.02, 3.8e-08, 4.82e-08, 2.33, 0.83, 1e-08, 0
499435201, 1.06, 1.02e-07, 2.79e-06, 4.44, 7.33, 1e-08, 102
499694401, 1.49, 6.78e-08, 6.52e-08, 2.94, 1.04, 1e-08, 0
500731201, 12.83, 1.94e-07, 9.42e-08, 2.56, 0.4, 1e-08, 0
501508801, 8.51, 9.97e-08, 6.24e-08, 2.65, 0.57, 1e-08, 0
501768001, 7.95, 9.21e-08, 5.11e-08, 2.62, 0.51, 1e-08, 0
502027201, 3.84, 4.5e-08, 3.56e-08, 2.34, 0.61, 1e-08, 0
502545601, 1.29, 6.09e-08, 6.28e-08, 3.36, 1.72, 1e-08, 0
503841601, 2.48, 1.15e-07, 8.8e-08, 3.37, 1.46, 1e-08, 0
504360001, 1.38, 6.79e-08, 6.82e-08, 2.96, 0.91, 1e-08, 0
505396801, 9.93, 1.99e-07, 8.6e-08, 6.67, 2.99, 1e-08, 102
505656001, 2.93, 8.54e-08, 6.97e-08, 2.97, 0.85, 1e-08, 0
505915201, 1.79, 3.68e-08, 3.68e-08, 2.47, 0.73, 1e-08, 0
506433601, 1.87, 6.87e-08, 7.56e-07, 8.25, 5.6, 1e-08, 102
506692801, 3.47, 3.91e-08, 4.18e-08, 1.84, 0.53, 1e-08, 0
507470401, 9.34, 1.4e-07, 6.39e-08, 2.85, 0.55, 1e-08, 0
507729601, 5.15, 7.18e-08, 5.03e-08, 2.47, 0.6, 1e-08, 0
507988801, 4.08, 9.69e-08, 8.09e-08, 2.71, 0.83, 1e-08, 0
508248001, 5.8, 1.1e-07, 6.72e-08, 2.69, 0.56, 1e-08, 0
508507201, 1.25, 3.01e-08, 4.65e-08, 2.16, 1.03, 1e-08, 0
508766401, 9.16, 1.15e-07, 6.72e-08, 2.71, 0.53, 1e-08, 0
509025601, 10.49, 8.13e-09, 6.88e-09, 1.04, 0.46, 1e-08, 0
509544001, 1.95, 9.35e-08, 7.57e-08, 3.53, 1.69, 1e-08, 0
509803201, 4.47, 1.5e-08, 2.8e-08, 1.42, 0.76, 1e-08, 0
510062401, 9.88, 5.27e-08, 3.21e-08, 1.84, 0.33, 1e-08, 0
510840001, 14.67, 1.28e-07, 5.7e-08, 2.45, 0.37, 1e-08, 0
511099201, 4.9, 1.17e-07, 6.4e-08, 4.63, 4.07, 1e-08, 102
511617601, 1.83, 4.64e-08, 5.48e-07, 8.06, 6.01, 1e-08, 102
511876801, 2.48, 6.35e-08, 5.24e-08, 2.72, 0.68, 1e-08, 0
513172801, 2.81, 3.88e-08, 2.42e-08, 3.7, 5.18, 1e-08, 102
513432001, 5.65, 3.26e-08, 2.22e-08, 2.22, 0.46, 1e-08, 0
513691201, 5.23, 7.21e-08, 5.87e-08, 2.44, 0.57, 1e-08, 0
513950401, 1.82, 8.74e-08, 9.51e-07, 8.37, 5.51, 1e-08, 1
515764801, 4.18, 7.83e-08, 5.85e-08, 2.82, 0.79, 1e-08, 0
516024001, 2.7, 3.42e-08, 3.18e-08, 2.13, 0.57, 1e-08, 0
516283201, 3.04, 9.5e-08, 6.3e-08, 5.31, 4.88, 1e-08, 102
516542401, 1.47, 1.36e-08, 1.72e-08, 1.66, 0.62, 1e-08, 0
517579201, 1.6, 9.6e-08, 8.41e-07, 5.47, 2.31, 1e-08, 0
518875201, 1.83, 7.1e-08, 6.41e-08, 3.13, 0.93, 1e-08, 0
519652801, 1.45, 3.71e-08, 4.48e-08, 2.27, 0.73, 1e-08, 0
520430401, 3.34, 1.05e-07, 7e-08, 3.78, 3.55, 1e-08, 0
521208001, 1.71, 5.94e-09, 8.64e-09, 1.49, 0.71, 1e-08, 0
521726401, 1.98, 9.11e-08, 7.48e-08, 8.39, 0.42, 1e-08, 0
521985601, 2.03, 6.2e-08, 6.18e-08, 2.85, 1.17, 1e-08, 0
523800001, 3.36, 1.22e-07, 9.78e-08, 3.92, 4.98, 1e-08, 102
524318401, 3.38, 1.92e-08, 2.26e-08, 1.67, 0.55, 1e-08, 0
525355201, 4.15, 1.1e-07, 6.4e-08, 4.75, 4.31, 1e-08, 102
526392001, 3.98, 6.43e-08, 5.19e-08, 2.13, 0.5, 1e-08, 0
526651201, 2.47, 3.61e-08, 4.41e-08, 2.06, 0.78, 1e-08, 0
526910401, 17.98, 1.72e-08, 1.21e-08, 1.11, 0.36, 1e-08, 0
527428801, 22.65, 1.55e-08, 1.68e-08, 1.22, 0.51, 1e-08, 0
527688001, 6.22, 6.51e-08, 4.97e-08, 2.14, 0.44, 1e-08, 0
527947201, 4.03, 8.8e-08, 6.43e-08, 2.69, 0.7, 1e-08, 0
528465601, 5.3, 1.4e-07, 7.58e-08, 3.27, 0.65, 1e-08, 0
528724801, 5.11, 6.17e-08, 4.94e-08, 2.45, 0.62, 1e-08, 0
529243201, 11.31, 1.42e-08, 1.28e-08, 1.33, 0.46, 1e-08, 0
529502401, 2.9, 9.14e-08, 1.78e-06, 6.14, 4.99, 1e-08, 102
529761601, 1.52, 6.45e-08, 5.63e-08, 4.01, 6.92, 1e-08, 102
530020801, 1.67, 4.08e-09, 5.3e-09, 0.65, 0.8, 1e-08, 0
530280001, 1.9, 6.25e-08, 5.15e-08, 3.53, 6.65, 1e-08, 102
531057601, 1.58, 2.29e-08, 2.69e-08, 1.93, 0.57, 1e-08, 0
531576001, 3.66, 1.72e-08, 2.5e-08, 1.74, 0.65, 1e-08, 0
531835201, 1.78, 1.08e-08, 1.68e-08, 1.73, 0.71, 1e-08, 0
532612801, 1.16, 2.02e-08, 2.87e-08, 2.19, 0.82, 1e-08, 0
532872001, 2.2, 7.72e-08, 1.65e-06, 8.13, 5.4, 1e-08, 102
533131201, 3.55, 2.85e-08, 2.5e-08, 1.91, 0.47, 1e-08, 0
533390401, 8.98, 1.65e-08, 1.94e-08, 1.67, 0.55, 1e-08, 0
534427201, 3.24, 2.3e-08, 2.37e-08, 1.92, 0.57, 1e-08, 0
534686401, 9.77, 3.96e-08, 2.46e-08, 1.75, 0.33, 1e-08, 0
535464001, 1.52, 6.98e-08, 1.65e-06, 6.08, 5.5, 1e-08, 102
535982401, 1.96, 5.55e-08, 4.86e-08, 2.67, 0.66, 1e-08, 0
536760001, 3.44, 1.3e-08, 1.47e-08, 1.6, 0.5, 1e-08, 0
537019201, 4.72, 8.33e-08, 5.27e-08, 2.8, 0.66, 1e-08, 0
537278401, 4.35, 6.31e-08, 4.5e-08, 2.37, 0.65, 1e-08, 0
537537601, 1.28, 6.98e-09, 1.09e-08, 1.52, 0.7, 1e-08, 0
538833601, 5.38, 8.84e-08, 6.81e-07, 8.38, 3.92, 1e-08, 102
539352001, 2.57, 1.85e-07, 1.67e-07, 6.68, 6.45, 1e-08, 102
540648001, 1.26, 3.97e-09, 6.85e-09, 1.22, 0.79, 1e-08, 0
540907201, 1.78, 4.66e-08, 4.66e-08, 2.51, 0.76, 1e-08, 0
541425601, 2.2, 6.35e-08, 7.46e-08, 3.03, 1.43, 1e-08, 0
542203201, 1.25, 6.14e-08, 5.87e-08, 5.04, 7.43, 1e-08, 102
545832001, 7.89, 7.26e-08, 5.22e-08, 2.65, 0.68, 1e-08, 0
546868801, 2.41, 8.14e-08, 5.64e-08, 4.55, 5.44, 1e-08, 102
549201601, 6.33, 2.84e-09, 3.18e-09, 1.1, 0.59, 1e-08, 0
549979201, 2.08, 6.42e-08, 5.08e-08, 6.53, 5.72, 1e-08, 102
550238401, 2.3, 6.15e-08, 5.96e-08, 3.9, 6.21, 1e-08, 102
551793601, 6.81, 6.95e-07, 7.86e-07, 1.33, 0.7, 1e-08, 0
553348801, 6.07, 3.37e-09, 4.07e-09, 1.12, 0.63, 1e-08, 0
554385601, 1.33, 3.94e-08, 4.28e-08, 2.7, 0.85, 1e-08, 0
554644801, 1.21, 5.92e-08, 5.69e-08, 4.82, 7.12, 1e-08, 102
556718401, 7.23, 6.82e-07, 4.39e-07, 2.5, 0.56, 1e-08, 0
559310401, 1.29, 1.33e-08, 2.17e-08, 1.64, 0.73, 1e-08, 0
559828801, 2.08, 3.24e-08, 3.63e-08, 1.71, 0.54, 1e-08, 0
560088001, 4.15, 1.52e-07, 8.61e-08, 4.38, 4.04, 1e-08, 102
562161601, 6.58, 2.45e-08, 2.27e-08, 1.85, 0.49, 1e-08, 0
563457601, 4.29, 9.82e-08, 2.63e-07, 3.14, 9.69, 1e-08, 0
564235201, 2.7, 8.13e-08, 8.89e-08, 3.16, 3.28, 1e-08, 0
564753601, 4.09, 1.05e-07, 6.42e-08, 8.46, 0.31, 1e-08, 0
565272001, 1.32, 7.24e-09, 1.11e-08, 1.75, 0.89, 1e-08, 0
566827201, 1.92, 3.87e-08, 3.47e-08, 2.93, 0.92, 1e-08, 0
567086401, 1.35, 1.77e-08, 2.27e-08, 2.17, 0.74, 1e-08, 0
567345601, 5.9, 8.94e-08, 4.87e-08, 6.13, 3.7, 1e-08, 102
568123201, 1.57, 2.21e-08, 3.58e-08, 2.52, 1.17, 1e-08, 0
570974401, 1.21, 1.3e-07, 1.57e-07, 5.03, 7.76, 1e-08, 102
571752001, 5.02, 2.03e-07, 1.41e-07, 2.72, 0.73, 1e-08, 0
572270401, 7.07, 2.54e-08, 2.49e-08, 1.7, 0.46, 1e-08, 0
573825601, 2.65, 1.12e-07, 8.12e-08, 3.05, 0.68, 1e-08, 0
574084801, 2.45, 1.29e-08, 1.86e-08, 1.84, 0.73, 1e-08, 0
576936001, 1.36, 4.83e-08, 5.47e-08, 2.77, 1.14, 1e-08, 0
577454401, 1.54, 9.75e-09, 1.51e-08, 1.47, 0.67, 1e-08, 0
578232001, 4.33, 1.23e-07, 7.62e-08, 2.86, 0.61, 1e-08, 0
579009601, 3.14, 8.61e-08, 5.99e-08, 4.83, 5.03, 1e-08, 102
580564801, 1.33, 3.88e-08, 4.51e-08, 2.87, 1.66, 1e-08, 0
581083201, 2.17, 2.02e-08, 2.43e-08, 2.15, 0.75, 1e-08, 0
581860801, 3.35, 8.16e-08, 5.45e-08, 8.34, 0.34, 1e-08, 0
582379201, 1.25, 1.57e-08, 2.17e-08, 1.82, 0.7, 1e-08, 0
583416001, 2.31, 5.83e-08, 4.75e-08, 2.47, 0.61, 1e-08, 0
583934401, 1.48, 5.49e-08, 5.22e-08, 8.14, 0.49, 1e-08, 0
584193601, 2.81, 6.49e-08, 7.51e-08, 3.18, 2.02, 1e-08, 0
584971201, 3.8, 7.85e-08, 4.74e-08, 7.02, 4.42, 1e-08, 102
586008001, 2.27, 6.44e-08, 5.17e-08, 4.7, 5.45, 1e-08, 102
587563201, 2.88, 1.17e-07, 8.27e-08, 4.28, 5.11, 1e-08, 102
588859201, 3.08, 9.78e-08, 1.08e-07, 1.98, 0.66, 1e-08, 0
589377601, 4.46, 4.34e-08, 5.05e-08, 1.63, 0.54, 1e-08, 0
590673601, 1.42, 1.41e-08, 2.3e-08, 1.97, 0.87, 1e-08, 0
590932801, 2.42, 1.12e-07, 8.61e-08, 4.05, 5.68, 1e-08, 102
592747201, 3.43, 2.6e-08, 3e-08, 2.04, 0.7, 1e-08, 0
593006401, 3.92, 9.7e-08, 6.22e-08, 3.88, 4.82, 1e-08, 102
593265601, 2.11, 6.69e-08, 5.52e-08, 2.67, 0.78, 1e-08, 0
593524801, 1.72, 6.55e-08, 5.47e-08, 7.05, 6.18, 1e-08, 102
595080001, 2.84, 6.84e-08, 4.76e-08, 3.43, 2.03, 1e-08, 0
595339201, 3.04, 8.53e-08, 5.47e-08, 5.43, 4.73, 1e-08, 102
595598401, 11.98, 9.3e-08, 4.79e-08, 2.34, 0.39, 1e-08, 0
595857601, 4.12, 5.99e-08, 4.12e-08, 2.71, 0.66, 1e-08, 0
596894401, 5.23, 1.12e-07, 6.4e-08, 4.02, 4.14, 1e-08, 102
597412801, 3.16, 4.7e-08, 3.76e-08, 2.3, 0.63, 1e-08, 0
597931201, 6.72, 1.18e-07, 5.82e-08, 3.71, 3.82, 1e-08, 102
598190401, 7.48, 7.47e-08, 5.22e-08, 2.73, 0.61, 1e-08, 0
598449601, 2.49, 5.34e-08, 4.17e-08, 2.62, 0.71, 1e-08, 0
599486401, 3.3, 7.24e-08, 4.95e-08, 3.75, 5.17, 1e-08, 102
599745601, 1.95, 3.17e-08, 3.03e-08, 2.4, 0.75, 1e-08, 0
602078401, 2.27, 7.96e-08, 7.26e-08, 4.25, 5.9, 1e-08, 102
602856001, 1.21, 9.66e-08, 1.09e-07, 3.38, 4.48, 1e-08, 0
604152001, 5.02, 1.53e-07, 8.37e-08, 3.97, 3.01, 1e-08, 0
604670401, 1.22, 4.41e-08, 4.72e-08, 2.4, 0.63, 1e-08, 0
604929601, 4.51, 1.23e-07, 7.39e-08, 3.33, 0.79, 1e-08, 0
605188801, 3.08, 1.51e-07, 9.7e-08, 5.38, 4.6, 1e-08, 102
605448001, 7.51, 8.1e-08, 4.82e-08, 2.12, 0.4, 1e-08, 0
605966401, 3.72, 2.1e-08, 2.72e-08, 1.87, 0.65, 1e-08, 0
606225601, 1.2, 6e-08, 6.4e-08, 3.26, 1.28, 1e-08, 0
606744001, 1.46, 1.4e-08, 1.94e-08, 1.83, 0.71, 1e-08, 0
609076801, 3.49, 1.26e-07, 7.9e-08, 4.18, 4.79, 1e-08, 102
609595201, 2.17, 1.17e-07, 1.02e-07, 3.64, 1.86, 1e-08, 0
611668801, 2.12, 6.72e-08, 5.18e-08, 4.92, 5.87, 1e-08, 102
611928001, 6.5, 1.19e-07, 6.28e-08, 7.27, 3.6, 1e-08, 102
612446401, 2.08, 1.51e-08, 1.71e-08, 1.74, 0.51, 1e-08, 0
612705601, 1.38, 1.89e-08, 2.09e-08, 2.16, 0.68, 1e-08, 0
613483201, 7.06, 5.53e-08, 3.29e-08, 2.11, 0.39, 1e-08, 0
614260801, 2.72, 8.14e-08, 6.45e-08, 2.6, 0.7, 1e-08, 0
615038401, 2.86, 8.39e-08, 6.51e-08, 2.89, 0.74, 1e-08, 0
615556801, 1.74, 5.55e-08, 6.95e-07, 7.29, 3.17, 1e-08, 0
617371201, 1.94, 6.8e-08, 5.78e-08, 3.52, 6.34, 1e-08, 102
619185601, 3.86, 8.86e-08, 6.12e-08, 2.74, 0.63, 1e-08, 0
619963201, 3.96, 1.05e-07, 6.62e-08, 3.27, 1.46, 1e-08, 0
620222401, 5.95, 2.41e-08, 4.03e-08, 1.78, 0.76, 1e-08, 0
621518401, 1.42, 1.68e-07, 1.61e-07, 2.85, 0.82, 1e-08, 0
621777601, 1.86, 7.56e-08, 6.54e-08, 2.67, 0.95, 1e-08, 0
622555201, 2.0, 5.77e-08, 5.71e-08, 2.47, 0.9, 1e-08, 0
623073601, 1.22, 6.74e-09, 1.13e-08, 1.65, 0.84, 1e-08, 0
623592001, 3.15, 1.04e-07, 1.16e-07, 3.26, 5.54, 1e-08, 102
624888001, 1.89, 6.8e-08, 5.6e-08, 3.87, 6.36, 1e-08, 102
625406401, 3.39, 8.16e-08, 7.46e-07, 8.34, 4.66, 1e-08, 102
625665601, 3.3, 8.11e-08, 5.56e-08, 6.71, 4.72, 1e-08, 102
625924801, 1.78, 1.54e-08, 2.01e-08, 1.79, 0.64, 1e-08, 0
626961601, 1.54, 5.41e-08, 4.87e-08, 3.98, 6.49, 1e-08, 102
627220801, 1.24, 1.13e-08, 1.78e-08, 2.18, 0.93, 1e-08, 0
628257601, 5.79, 1.08e-08, 1.71e-08, 1.65, 0.77, 1e-08, 0
630072001, 5.95, 6.78e-08, 4.21e-08, 2.55, 0.63, 1e-08, 0
632145601, 11.06, 2e-07, 7.9e-08, 6.09, 2.76, 1e-08, 102
632404801, 3.53, 8.19e-08, 5.39e-08, 3.14, 0.85, 1e-08, 0
632664001, 4.19, 2.81e-08, 3.58e-08, 2.22, 0.81, 1e-08, 0
633441601, 1.65, 6.47e-08, 5.65e-08, 5.21, 6.49, 1e-08, 102
634478401, 2.75, 1.37e-07, 1.44e-06, 8.6, 5.35, 1e-08, 102
635774401, 1.8, 9.79e-08, 8.62e-08, 2.94, 0.89, 1e-08, 0
636292801, 9.09, 4.91e-08, 3.71e-08, 2.11, 0.46, 1e-08, 0
636552001, 4.15, 1.63e-08, 2.95e-08, 1.53, 0.74, 1e-08, 0
637070401, 2.23, 9.93e-08, 7.56e-08, 8.12, 5.54, 1e-08, 102
637588801, 3.82, 1.74e-08, 3.15e-08, 1.74, 0.86, 1e-08, 0
637848001, 14.41, 1.1e-07, 6.18e-08, 2.29, 0.41, 1e-08, 0
638107201, 1.04, 3.57e-08, 4.74e-08, 2.72, 1.05, 1e-08, 0
638366401, 1.03, 3.75e-08, 4.95e-08, 2.47, 0.96, 1e-08, 0
640958401, 2.31, 9.46e-08, 9.35e-07, 8.41, 5.02, 1e-08, 102
641476801, 7.87, 2.6e-08, 2.62e-08, 1.49, 0.46, 1e-08, 0
643809601, 3.03, 4.87e-08, 4.02e-08, 2.35, 0.73, 1e-08, 0
644587201, 4.26, 7.61e-08, 5.72e-07, 8.31, 3.83, 1e-08, 102
644846401, 3.28, 2.59e-08, 2.28e-08, 2.24, 0.54, 1e-08, 0
645883201, 3.12, 1e-08, 1.17e-08, 1.57, 0.55, 1e-08, 0
646401601, 3.83, 1.52e-07, 9.29e-08, 4.25, 4.32, 1e-08, 102
647697601, 4.86, 5.98e-08, 5.41e-08, 2.35, 0.66, 1e-08, 0
648216001, 11.89, 5.25e-08, 3.63e-08, 1.97, 0.41, 1e-08, 0
648475201, 3.05, 5.07e-08, 4.49e-08, 2.53, 0.74, 1e-08, 0
648734401, 7.07, 4.54e-08, 3.05e-08, 2.1, 0.44, 1e-08, 0
648993601, 9.51, 2.91e-08, 2.65e-08, 1.79, 0.47, 1e-08, 0
650289601, 3.47, 1.2e-07, 7.6e-08, 3.53, 1.46, 1e-08, 0
650808001, 3.24, 8.13e-08, 5.88e-08, 3.02, 0.68, 1e-08, 0
651067201, 4.05, 1.07e-07, 6.03e-07, 8.48, 2.86, 1e-08, 102
652104001, 4.77, 1.57e-08, 1.49e-08, 1.45, 0.43, 1e-08, 0
652881601, 1.23, 4.79e-07, 6.52e-07, 2.96, 1.28, 1e-08, 0
653659201, 1.63, 7.76e-08, 9.63e-07, 7.26, 3.16, 1e-08, 0
653918401, 5.74, 3.66e-08, 2.84e-08, 1.93, 0.44, 1e-08, 0
654177601, 4.01, 1.35e-07, 9.01e-08, 3.29, 1.03, 1e-08, 0
655992001, 1.1, 6.8e-08, 7.61e-08, 3.68, 7.86, 1e-08, 102
656510401, 14.85, 1.9e-07, 7.3e-08, 2.84, 0.46, 1e-08, 0
657028801, 1.01, 4.34e-08, 5.61e-08, 3.32, 8.92, 1e-08, 102
657288001, 2.38, 2.37e-08, 2.66e-08, 2.08, 0.65, 1e-08, 0
657547201, 1.02, 5.74e-09, 9.65e-09, 1.53, 0.79, 1e-08, 0
658324801, 3.32, 7.1e-08, 4.79e-08, 7.45, 4.78, 1e-08, 102
659620801, 7.08, 1.08e-07, 6.84e-07, 8.48, 3.23, 1e-08, 102
660398401, 3.62, 8.67e-08, 5.62e-08, 2.87, 0.71, 1e-08, 0
662212801, 2.8, 1.82e-08, 2e-08, 1.9, 0.62, 1e-08, 0
662472001, 2.03, 5.37e-08, 4.47e-08, 2.95, 1.26, 1e-08, 0
662990401, 7.98, 1.06e-07, 5.39e-08, 3.5, 2.14, 1e-08, 0
663768001, 6.21, 1.02e-07, 5.58e-08, 2.75, 0.54, 1e-08, 0
664286401, 8.36, 1.4e-07, 6.3e-08, 3.26, 0.66, 1e-08, 0
664545601, 1.94, 5.82e-08, 5.08e-08, 2.81, 0.93, 1e-08, 0
664804801, 3.64, 9.57e-08, 6.12e-08, 3.74, 4.77, 1e-08, 102
665323201, 2.44, 8.43e-08, 6.27e-08, 4.41, 5.62, 1e-08, 102
665582401, 1.59, 1.79e-08, 2.22e-08, 2.0, 0.65, 1e-08, 0
666360001, 12.62, 1.69e-07, 8.08e-08, 2.69, 0.5, 1e-08, 0
666878401, 2.77, 2.25e-07, 1.82e-07, 2.41, 0.81, 1e-08, 0
667396801, 6.75, 7.95e-07, 4.94e-07, 2.98, 0.63, 1e-08, 0
667915201, 2.38, 4.09e-08, 5.05e-08, 2.43, 0.85, 1e-08, 0
668433601, 5.53, 1.56e-07, 8.39e-08, 3.15, 0.61, 1e-08, 0
669988801, 2.76, 7.25e-08, 6.35e-08, 2.84, 0.88, 1e-08, 0
670248001, 3.21, 5.25e-08, 5.55e-08, 2.42, 0.88, 1e-08, 0
670507201, 6.82, 3.46e-08, 3.05e-08, 1.98, 0.49, 1e-08, 0
671544001, 6.4, 7.15e-08, 5.07e-08, 2.47, 0.59, 1e-08, 0
674136001, 1.21, 7.15e-08, 7.33e-08, 3.96, 7.67, 1e-08, 102
674913601, 10.86, 9.28e-09, 1.43e-08, 1.33, 0.71, 1e-08, 0
675172801, 6.62, 9.19e-09, 1.45e-08, 1.41, 0.71, 1e-08, 0
675432001, 1.22, 5.01e-08, 5.91e-07, 5.31, 3.09, 1e-08, 0
676468801, 1.15, 1.36e-08, 1.73e-08, 2.01, 0.64, 1e-08, 0
676728001, 1.46, 4.78e-08, 4.47e-08, 4.44, 6.72, 1e-08, 102
676987201, 2.87, 6.88e-08, 4.64e-08, 5.2, 4.9, 1e-08, 102
677505601, 1.57, 3.8e-08, 4e-08, 2.97, 1, 1e-08, 0
678542401, 5.76, 1.73e-08, 1.8e-08, 1.65, 0.53, 1e-08, 0
678801601, 15.02, 5.87e-08, 5.84e-08, 2.03, 0.54, 1e-08, 0
679060801, 9.46, 8.4e-08, 5.4e-08, 2.6, 0.55, 1e-08, 0
680097601, 2.17, 5.58e-08, 5.81e-08, 2.98, 2.28, 1e-08, 0
680875201, 8.17, 1.2e-07, 6.22e-08, 2.97, 0.58, 1e-08, 0
681652801, 1.35, 4.03e-08, 4.54e-08, 2.8, 0.92, 1e-08, 0
684244801, 4.11, 2.8e-08, 2.78e-08, 1.65, 0.48, 1e-08, 0
685022401, 1.68, 1.8e-07, 2.46e-07, 1.6, 0.79, 1e-08, 0
685800001, 1.85, 7.28e-08, 6.03e-08, 5.5, 6.11, 1e-08, 102
686059201, 9.27, 3.06e-08, 2.87e-08, 1.76, 0.47, 1e-08, 0
686318401, 1.32, 2.11e-08, 2.76e-08, 1.88, 0.72, 1e-08, 0
688651201, 2.5, 5.55e-08, 5.86e-08, 2.95, 1.13, 1e-08, 0
690465601, 1.76, 1.1e-08, 1.77e-08, 1.96, 0.89, 1e-08, 0
690724801, 1.68, 2.83e-08, 3.85e-08, 2.55, 1.26, 1e-08, 0
691502401, 2.75, 1.63e-08, 1.76e-08, 2.04, 0.65, 1e-08, 0
693835201, 1.45, 5.72e-08, 5.56e-08, 4.01, 7.03, 1e-08, 102
694094401, 3.61, 9.34e-08, 7.05e-08, 3.32, 1.26, 1e-08, 0
695131201, 1.87, 6.19e-08, 5.11e-08, 5.51, 6.17, 1e-08, 102
695649601, 3.15, 9.53e-09, 1.2e-08, 1.62, 0.61, 1e-08, 0
696686401, 1.46, 7.55e-08, 1.1e-07, 6.14, 0.42, 1e-08, 0
696945601, 11.12, 1.55e-07, 7.21e-08, 2.7, 0.53, 1e-08, 0
697982401, 1.48, 3.73e-08, 4.5e-08, 2.76, 1.5, 1e-08, 0
699278401, 1.24, 2.05e-07, 2.37e-07, 2.77, 0.99, 1e-08, 0
699796801, 3.5, 8.58e-08, 5.84e-08, 3.3, 0.85, 1e-08, 0
700056001, 10.44, 2.5e-07, 9.8e-08, 4.93, 2.75, 1e-08, 102
700574401, 7.8, 1.15e-07, 8.12e-08, 2.37, 0.51, 1e-08, 0
701092801, 3.66, 1e-08, 1.35e-08, 1.39, 0.62, 1e-08, 0
701611201, 7.25, 1.81e-07, 1.45e-07, 3.69, 3.82, 1e-08, 102
701870401, 2.58, 1.52e-08, 2.1e-08, 1.92, 0.76, 1e-08, 0
702129601, 1.42, 2.06e-08, 2.89e-08, 2.17, 0.81, 1e-08, 0
702388801, 13.14, 1.25e-08, 1.06e-08, 1.38, 0.43, 1e-08, 0
702648001, 1.93, 5.29e-08, 4.79e-08, 2.94, 0.95, 1e-08, 0
702907201, 24.08, 3.86e-08, 3.26e-08, 1.45, 0.37, 1e-08, 0
703684801, 2.7, 5.5e-08, 5.87e-08, 3.06, 1.14, 1e-08, 0
704203201, 2.32, 6.71e-08, 5.19e-08, 3.08, 1.18, 1e-08, 0
704462401, 2.96, 3.71e-08, 3.58e-08, 2.26, 0.69, 1e-08, 0
704980801, 3.37, 8.69e-08, 6.4e-08, 2.92, 0.94, 1e-08, 0
705499201, 4.02, 9.32e-08, 6.58e-08, 10.0, 0, 1e-08, 0
705758401, 1.14, 4.93e-08, 1.53e-07, 3.45, 10.1, 1e-08, 102
706017601, 2.86, 5.09e-08, 5.63e-08, 2.22, 0.67, 1e-08, 0
706276801, 2.0, 7.03e-08, 6.07e-08, 7.09, 6.13, 1e-08, 102
707313601, 5.59, 1.18e-08, 1.4e-08, 1.48, 0.55, 1e-08, 0
707832001, 6.99, 1.04e-07, 5.39e-08, 10.0, 0, 1e-08, 0
708868801, 15.97, 1.29e-07, 4.72e-08, 2.89, 0.42, 1e-08, 0
709128001, 3.1, 2.83e-08, 2.67e-08, 2.19, 0.59, 1e-08, 0
709646401, 1.25, 3.26e-09, 5.23e-09, 1.33, 0.72, 1e-08, 0
710164801, 2.95, 9.66e-08, 6.76e-08, 4.62, 1.53, 1e-08, 0
710424001, 1.07, 1.44e-08, 2.4e-08, 1.88, 0.8, 1e-08, 0
710683201, 5.53, 1.22e-07, 6.59e-08, 3.46, 1, 1e-08, 0
711201601, 13.11, 1.96e-07, 7.6e-08, 6.17, 2.78, 1e-08, 102
711720001, 1.64, 5.54e-08, 7.29e-08, 8.01, 0.38, 1e-08, 0
711979201, 6.73, 6.53e-09, 8.36e-09, 1.21, 0.6, 1e-08, 0
712497601, 1.95, 2.68e-08, 2.78e-08, 2.13, 0.6, 1e-08, 0
713016001, 1.16, 4.95e-08, 5.54e-08, 3.15, 1.02, 1e-08, 0
713534401, 3.75, 1.24e-07, 7.58e-08, 5.32, 4.48, 1e-08, 102
715348801, 4.97, 1.21e-07, 6.71e-08, 3.26, 0.98, 1e-08, 0
716126401, 3.95, 1.16e-07, 6.88e-08, 5.91, 4.27, 1e-08, 102
716904001, 2.15, 6.61e-07, 6.56e-07, 5.14, 2.54, 1e-08, 0
717163201, 6.17, 1.57e-07, 8.01e-08, 4.61, 3.79, 1e-08, 102
717422401, 5.3, 5.42e-08, 5.27e-08, 2.26, 0.65, 1e-08, 0
717940801, 11.69, 2.04e-07, 9.2e-08, 3.31, 1.11, 1e-08, 0
718977601, 5.29, 6.71e-08, 5.51e-08, 2.41, 0.62, 1e-08, 0
720792001, 3.39, 7.45e-08, 4.94e-08, 3.3, 1.54, 1e-08, 0
721051201, 8.75, 4.39e-08, 3.28e-08, 1.91, 0.46, 1e-08, 0
721310401, 15.37, 3.86e-08, 2.86e-08, 1.88, 0.41, 1e-08, 0
721569601, 1.74, 5.33e-08, 4.85e-08, 2.74, 0.82, 1e-08, 0
721828801, 12.33, 2.86e-08, 2.68e-08, 1.75, 0.47, 1e-08, 0
722347201, 6.32, 5.63e-08, 3.39e-08, 2.49, 0.48, 1e-08, 0
722606401, 2.83, 6.68e-08, 4.61e-08, 5.11, 4.78, 1e-08, 102
723643201, 1.56, 3.2e-08, 3.63e-08, 2.55, 0.89, 1e-08, 0
725716801, 1.03, 1.61e-08, 2.14e-08, 1.94, 0.74, 1e-08, 0
725976001, 2.81, 7.63e-08, 1.53e-07, 10.0, 0, 1e-08, 1
726494401, 2.03, 5.09e-08, 4.18e-08, 3.57, 6.38, 1e-08, 102
727012801, 1.03, 5.13e-08, 5.76e-08, 3.61, 8.41, 1e-08, 102
728308801, 1.88, 5.5e-08, 5.02e-08, 2.85, 0.92, 1e-08, 0
728568001, 4.36, 8.38e-09, 1.21e-08, 1.48, 0.63, 1e-08, 0
730123201, 1.1, 1.05e-07, 1.1e-07, 5.61, 7.44, 1e-08, 102
731160001, 1.95, 1.11e-07, 8.47e-07, 8.6, 1.93, 1e-08, 0
731937601, 1.1, 5.64e-08, 6.08e-08, 3.62, 3.24, 1e-08, 0
732196801, 4.58, 1.29e-07, 2.14e-06, 6.54, 4.28, 1e-08, 102
733233601, 1.3, 9.21e-09, 1.27e-08, 1.44, 0.64, 1e-08, 0
733752001, 1.35, 6.75e-08, 1.44e-06, 8.7, 5.28, 1e-08, 1
734270401, 2.45, 7.27e-08, 5.85e-08, 5.54, 5.42, 1e-08, 102
734529601, 3.89, 8.52e-08, 1.5e-06, 8.4, 4.45, 1e-08, 102
735566401, 1.45, 5.37e-08, 5.33e-08, 2.89, 0.98, 1e-08, 0
736344001, 1.58, 6.03e-08, 6.11e-07, 6.26, 2.6, 1e-08, 0
737121601, 1.08, 4.83e-08, 5.88e-08, 2.76, 1.17, 1e-08, 0
737380801, 2.55, 8.72e-08, 6.66e-08, 5.6, 4.99, 1e-08, 102
739972801, 5.8, 9.31e-08, 1.05e-07, 8.36, 0.32, 1e-08, 1
740750401, 1.54, 4.99e-08, 4.14e-08, 7.24, 6.36, 1e-08, 102
