timestamp, ts, flux_upper_limits, fit_tolerance, fit_convergence
239716801, 0.0, 7.14e-08, 1e-08, 0
239976001, 0.0, 4.52e-08, 1e-08, 102
240494401, 0.89, 1.24e-07, 1e-08, 0
240753601, 0.0, 1.24e-07, 1e-08, 102
241012801, 0.41, 1.27e-07, 1e-08, 0
241272001, 0.08, 8.48e-08, 1e-08, 0
241531201, 0.45, 7.65e-08, 1e-08, 0
241790401, 0.0, 7.36e-08, 1e-08, 0
242049601, 0.0, 7e-08, 1e-08, 102
242308801, 0.0, 6.4e-08, 1e-08, 102
243086401, 0.87, 9.09e-08, 1e-08, 102
243345601, 0.43, 7.76e-08, 1e-08, 0
243604801, 0.0, 4.03e-08, 1e-08, 102
243864001, 0.0, 6.55e-08, 1e-08, 0
244123201, 0.67, 1.09e-07, 1e-08, 0
244382401, 0.0, 5.71e-08, 1e-08, 0
244641601, 0.0, 6.29e-08, 1e-08, 0
244900801, 0.0, 7.33e-08, 1e-08, 102
245160001, 0.0, 7.28e-08, 1e-08, 0
245419201, 0.0, 8.95e-08, 1e-08, 0
245678401, 0.0, 8.21e-08, 1e-08, 102
246196801, 0.0, 4.75e-08, 1e-08, 102
246456001, 0.0, 6.66e-08, 1e-08, 102
246715201, 0.01, 6.21e-08, 1e-08, 0
246974401, 0.7, 6.76e-08, 1e-08, 0
247752001, 0.0, 6.25e-08, 1e-08, 102
248011201, 0.0, 6.51e-08, 1e-08, 0
248270401, 0.05, 7.25e-08, 1e-08, 0
248529601, 0.13, 9.57e-08, 1e-08, 0
249048001, 0.0, 5.98e-08, 1e-08, 102
249307201, 0.2, 8.77e-08, 1e-08, 102
249566401, 0.0, 1e-07, 1e-08, 102
250084801, 0.0, 6.39e-08, 1e-08, 0
250344001, 0.0, 6.18e-08, 1e-08, 0
250603201, 0.96, 8.57e-08, 1e-08, 102
250862401, 0.0, 4.19e-08, 1e-08, 102
251380801, 0.01, 8.46e-08, 1e-08, 0
251640001, 0.0, 6.31e-08, 1e-08, 102
251899201, 0.0, 4.54e-08, 1e-08, 0
252158401, 0.01, 7.57e-08, 1e-08, 0
252676801, 0.0, 5.49e-08, 1e-08, 0
253195201, 0.0, 7.67e-08, 1e-08, 0
253454401, 0.0, 5.23e-08, 1e-08, 102
253713601, 0.0, 7.52e-08, 1e-08, 102
253972801, 0.0, 5.77e-08, 1e-08, 0
254232001, 0.62, 1.57e-07, 1e-08, 0
254491201, 0.0, 1.16e-07, 1e-08, 0
254750401, 0.0, 8.7e-08, 1e-08, 0
255009601, 0.0, 7.14e-08, 1e-08, 102
255268801, 0.93, 1.26e-07, 1e-08, 0
255528001, 0.0, 4.17e-08, 1e-08, 102
255787201, 0.0, 5.7e-08, 1e-08, 0
256046401, 0.0, 6.67e-08, 1e-08, 0
256305601, 0.03, 6.47e-08, 1e-08, 0
256564801, 0.58, 4.76e-08, 1e-08, 102
256824001, 0.0, 4.76e-08, 1e-08, 102
257083201, 0.0, 4.74e-08, 1e-08, 0
258379201, 0.02, 8.71e-08, 1e-08, 0
259416001, 0.76, 9.8e-08, 1e-08, 102
259934401, 0.64, 7.63e-08, 1e-08, 0
260193601, 0.0, 6.69e-08, 1e-08, 0
260452801, 0.78, 9.23e-08, 1e-08, 102
260712001, 0.4, 7.26e-08, 1e-08, 0
261230401, 0.0, 4.6e-08, 1e-08, 102
262008001, 0.0, 4.17e-08, 1e-08, 102
262526401, 0.0, 8.1e-08, 1e-08, 102
262785601, 0.0, 6.91e-08, 1e-08, 102
263044801, 0.52, 1.11e-07, 1e-08, 0
263304001, 0.12, 1e-07, 1e-08, 0
263822401, 0.74, 1.31e-07, 1e-08, 0
264081601, 0.25, 8.72e-08, 1e-08, 0
264340801, 0.0, 6.72e-08, 1e-08, 0
265118401, 0.0, 4.64e-08, 1e-08, 102
265377601, 0.12, 7.57e-08, 1e-08, 0
265636801, 0.0, 6.69e-08, 1e-08, 102
266155201, 0.0, 4.66e-08, 1e-08, 0
266673601, 0.0, 6.47e-08, 1e-08, 0
267192001, 0.0, 5.21e-08, 1e-08, 102
267451201, 0.0, 4.96e-08, 1e-08, 102
267710401, 0.0, 8.88e-08, 1e-08, 0
267969601, 0.0, 6.36e-08, 1e-08, 102
268228801, 0.59, 1.73e-07, 1e-08, 0
268488001, 0.0, 1.22e-07, 1e-08, 102
269265601, 0.0, 6.1e-08, 1e-08, 102
269784001, 0.0, 7.88e-08, 1e-08, 0
270043201, 0.59, 8.41e-08, 1e-08, 0
270561601, 0.09, 8e-08, 1e-08, 0
270820801, 0.0, 6.26e-08, 1e-08, 102
271080001, 0.0, 6.18e-08, 1e-08, 102
271598401, 0.2, 7.42e-08, 1e-08, 0
271857601, 0.0, 8e-08, 1e-08, 102
272116801, 0.65, 9.76e-08, 1e-08, 0
272376001, 0.0, 5.58e-08, 1e-08, 102
272894401, 0.18, 9.7e-08, 1e-08, 0
273153601, 0.0, 6.55e-08, 1e-08, 102
273412801, 0.0, 5.67e-08, 1e-08, 102
273672001, 0.0, 5.6e-08, 1e-08, 0
273931201, 0.0, 7.36e-08, 1e-08, 102
276523201, 0.92, 7.18e-08, 1e-08, 0
276782401, 0.0, 5.91e-08, 1e-08, 102
277041601, 0.53, 7.8e-08, 1e-08, 102
277300801, 0.13, 8.19e-08, 1e-08, 0
277560001, 0.0, 5.07e-08, 1e-08, 102
277819201, 0.0, 5.8e-08, 1e-08, 0
278078401, 0.0, 6.16e-08, 1e-08, 0
278337601, 0.69, 9.66e-08, 1e-08, 102
279115201, 0.08, 7.67e-08, 1e-08, 0
279374401, 0.0, 5.61e-08, 1e-08, 0
279633601, 0.0, 8.45e-08, 1e-08, 0
280411201, 0.0, 6.3e-08, 1e-08, 0
280670401, 0.16, 8.16e-08, 1e-08, 0
280929601, 0.0, 3.82e-08, 1e-08, 102
281448001, 0.12, 8.7e-08, 1e-08, 0
281707201, 0.0, 4.08e-08, 1e-08, 102
281966401, 0.73, 9.51e-08, 1e-08, 0
282484801, 0.6, 8.09e-08, 1e-08, 102
283003201, 0.0, 4.52e-08, 1e-08, 102
283262401, 0.0, 7.34e-08, 1e-08, 102
283780801, 0.0, 5.72e-08, 1e-08, 102
284040001, 0.74, 8.97e-08, 1e-08, 102
284299201, 0.0, 6.54e-08, 1e-08, 102
284558401, 0.16, 5.63e-08, 1e-08, 102
285076801, 0.21, 7.09e-08, 1e-08, 0
285595201, 0.0, 4.61e-08, 1e-08, 0
285854401, 0.09, 8.15e-08, 1e-08, 0
286372801, 0.46, 7.1e-08, 1e-08, 0
286632001, 0.0, 6.06e-08, 1e-08, 0
286891201, 0.0, 4.72e-08, 1e-08, 102
287409601, 0.64, 7.74e-08, 1e-08, 102
287668801, 0.0, 5.76e-08, 1e-08, 102
287928001, 0.0, 5.51e-08, 1e-08, 0
288187201, 0.01, 6.34e-08, 1e-08, 0
288446401, 0.0, 5.14e-08, 1e-08, 102
288705601, 0.0, 6.41e-08, 1e-08, 102
288964801, 0.04, 9.35e-08, 1e-08, 0
289483201, 0.0, 6.07e-08, 1e-08, 102
289742401, 0.0, 4.74e-08, 1e-08, 102
290260801, 0.0, 5.44e-08, 1e-08, 102
290520001, 0.0, 5.54e-08, 1e-08, 102
290779201, 0.0, 6.09e-08, 1e-08, 0
291297601, 0.0, 7.81e-08, 1e-08, 102
291556801, 0.3, 8.69e-08, 1e-08, 0
291816001, 0.0, 4.74e-08, 1e-08, 102
292075201, 0.0, 4.43e-08, 1e-08, 102
292334401, 0.04, 7.61e-08, 1e-08, 0
292593601, 0.0, 4.28e-08, 1e-08, 102
292852801, 0.0, 4.93e-08, 1e-08, 102
293112001, 0.95, 8.35e-08, 1e-08, 0
293371201, 0.32, 9.14e-08, 1e-08, 0
293630401, 0.01, 6.91e-08, 1e-08, 0
293889601, 0.0, 5.92e-08, 1e-08, 102
294408001, 0.6, 7.3e-08, 1e-08, 102
294667201, 0.0, 4.58e-08, 1e-08, 102
294926401, 0.0, 5.78e-08, 1e-08, 0
295185601, 0.0, 6.35e-08, 1e-08, 0
295444801, 0.26, 8.36e-08, 1e-08, 102
295704001, 0.0, 7.24e-08, 1e-08, 102
296222401, 0.0, 5.99e-08, 1e-08, 0
296481601, 0.0, 4.68e-08, 1e-08, 102
296740801, 0.0, 4.44e-08, 1e-08, 102
297000001, 0.0, 7.31e-08, 1e-08, 102
297518401, 0.0, 4.51e-08, 1e-08, 0
297777601, 0.0, 5.07e-08, 1e-08, 102
298036801, 0.17, 8.72e-08, 1e-08, 0
298296001, 0.0, 8.06e-08, 1e-08, 102
299073601, 0.0, 5.06e-08, 1e-08, 102
299332801, 0.0, 4.4e-08, 1e-08, 102
299851201, 0.64, 8.8e-08, 1e-08, 0
300110401, 0.58, 6.37e-08, 1e-08, 0
300369601, 0.0, 6.46e-08, 1e-08, 0
302443201, 0.05, 8.95e-08, 1e-08, 0
302702401, 0.0, 8.85e-08, 1e-08, 102
303480001, 0.56, 7.3e-08, 1e-08, 102
303739201, 0.15, 7.96e-08, 1e-08, 0
303998401, 0.0, 6.58e-08, 1e-08, 0
304257601, 0.0, 6.32e-08, 1e-08, 0
304516801, 0.61, 6.7e-08, 1e-08, 0
304776001, 0.49, 9.81e-08, 1e-08, 0
305294401, 0.0, 6.63e-08, 1e-08, 102
305812801, 0.01, 5.98e-08, 1e-08, 102
306072001, 0.0, 6.61e-08, 1e-08, 102
306590401, 0.01, 6.83e-08, 1e-08, 0
307368001, 0.0, 5.95e-08, 1e-08, 0
307886401, 0.0, 5.46e-08, 1e-08, 102
308404801, 0.0, 7.39e-08, 1e-08, 102
308664001, 0.22, 8.43e-08, 1e-08, 102
308923201, 0.0, 4.38e-08, 1e-08, 102
309441601, 0.0, 5.24e-08, 1e-08, 102
309960001, 0.0, 8.26e-08, 1e-08, 102
310478401, 0.0, 7.29e-08, 1e-08, 102
310737601, 0.0, 5.81e-08, 1e-08, 102
310996801, 0.0, 5.57e-08, 1e-08, 102
311774401, 0.0, 6.66e-08, 1e-08, 102
312552001, 0.0, 5.77e-08, 1e-08, 102
312811201, 0.1, 6.5e-08, 1e-08, 0
313329601, 0.0, 5.28e-08, 1e-08, 0
313848001, 0.02, 6.6e-08, 1e-08, 0
314366401, 0.0, 7.27e-08, 1e-08, 102
314625601, 0.0, 7.55e-08, 1e-08, 0
314884801, 0.61, 8.54e-08, 1e-08, 0
315403201, 0.0, 9.1e-08, 1e-08, 102
315662401, 0.11, 1.03e-07, 1e-08, 102
315921601, 0.0, 6.09e-08, 1e-08, 0
316180801, 0.53, 6.94e-08, 1e-08, 102
316440001, 0.86, 8.36e-08, 1e-08, 102
316699201, 0.0, 8.17e-08, 1e-08, 102
316958401, 0.0, 7.18e-08, 1e-08, 102
317217601, 0.85, 9.5e-08, 1e-08, 0
317476801, 0.0, 4.71e-08, 1e-08, 102
318772801, 0.0, 4.97e-08, 1e-08, 102
319032001, 0.0, 9e-08, 1e-08, 102
319291201, 0.0, 7.38e-08, 1e-08, 102
321624001, 0.0, 6.24e-08, 1e-08, 0
321883201, 0.0, 5.82e-08, 1e-08, 102
322142401, 0.2, 6.46e-08, 1e-08, 1
322660801, 0.0, 6.96e-08, 1e-08, 102
323179201, 0.71, 1.01e-07, 1e-08, 0
323438401, 0.0, 6.32e-08, 1e-08, 0
323697601, 0.0, 6.62e-08, 1e-08, 0
324475201, 0.0, 5.1e-08, 1e-08, 102
324734401, 0.0, 5.95e-08, 1e-08, 102
324993601, 0.0, 6.08e-08, 1e-08, 102
325512001, 0.68, 1.14e-07, 1e-08, 0
325771201, 0.0, 6.36e-08, 1e-08, 102
326548801, 0.0, 5.55e-08, 1e-08, 0
326808001, 0.17, 6.96e-08, 1e-08, 0
327067201, 0.0, 6.02e-08, 1e-08, 0
327326401, 0.0, 4.36e-08, 1e-08, 102
327585601, 0.67, 7.81e-08, 1e-08, 102
327844801, 0.0, 4.13e-08, 1e-08, 0
328104001, 0.0, 8.39e-08, 1e-08, 102
328622401, 0.89, 7.72e-08, 1e-08, 102
328881601, 0.0, 4.49e-08, 1e-08, 102
329140801, 0.0, 6.59e-08, 1e-08, 102
329400001, 0.0, 5.61e-08, 1e-08, 102
329659201, 0.39, 8.99e-08, 1e-08, 0
330177601, 0.0, 7.65e-08, 1e-08, 102
330436801, 0.0, 5e-08, 1e-08, 102
330696001, 0.17, 1.05e-07, 1e-08, 0
330955201, 0.0, 8.67e-08, 1e-08, 0
331214401, 0.12, 8.14e-08, 1e-08, 0
331473601, 0.31, 8.69e-08, 1e-08, 0
331732801, 0.0, 5.79e-08, 1e-08, 102
331992001, 0.82, 7.67e-08, 1e-08, 0
332510401, 0.0, 6.05e-08, 1e-08, 102
332769601, 0.33, 8.92e-08, 1e-08, 0
333288001, 0.3, 8.83e-08, 1e-08, 0
333547201, 0.0, 5.19e-08, 1e-08, 102
333806401, 0.0, 6.46e-08, 1e-08, 0
334584001, 0.26, 8.73e-08, 1e-08, 0
334843201, 0.88, 1.09e-07, 1e-08, 0
335102401, 0.87, 1.06e-07, 1e-08, 0
335620801, 0.0, 4.31e-08, 1e-08, 102
335880001, 0.01, 4.97e-08, 1e-08, 0
336139201, 0.0, 6.09e-08, 1e-08, 102
336398401, 0.58, 9.34e-08, 1e-08, 0
336657601, 0.0, 5.23e-08, 1e-08, 102
336916801, 0.0, 6.36e-08, 1e-08, 0
337176001, 0.0, 4.08e-08, 1e-08, 102
337435201, 0.0, 5.87e-08, 1e-08, 102
337694401, 0.16, 7.97e-08, 1e-08, 0
337953601, 0.0, 6.49e-08, 1e-08, 0
338212801, 0.0, 6.25e-08, 1e-08, 102
338472001, 0.19, 6.96e-08, 1e-08, 0
338731201, 0.0, 4.18e-08, 1e-08, 102
338990401, 0.0, 5.19e-08, 1e-08, 102
339249601, 0.62, 9.65e-08, 1e-08, 0
340027201, 0.0, 5.18e-08, 1e-08, 0
340545601, 0.0, 8.05e-08, 1e-08, 102
341064001, 0.03, 6.4e-08, 1e-08, 0
341323201, 0.0, 5.32e-08, 1e-08, 102
341582401, 0.01, 6.21e-08, 1e-08, 0
341841601, 0.0, 8.27e-08, 1e-08, 102
342100801, 0.2, 9.69e-08, 1e-08, 0
342360001, 0.12, 8.2e-08, 1e-08, 0
342619201, 0.62, 7.42e-08, 1e-08, 0
342878401, 0.0, 4.22e-08, 1e-08, 102
343137601, 0.0, 5.6e-08, 1e-08, 0
343396801, 0.0, 4.41e-08, 1e-08, 0
344174401, 0.0, 5.34e-08, 1e-08, 102
344433601, 0.0, 6.59e-08, 1e-08, 102
344692801, 0.0, 5.18e-08, 1e-08, 102
344952001, 0.0, 5.08e-08, 1e-08, 102
345211201, 0.16, 7.27e-08, 1e-08, 0
345470401, 0.0, 5.17e-08, 1e-08, 0
345729601, 0.0, 4.08e-08, 1e-08, 102
345988801, 0.0, 5.83e-08, 1e-08, 102
346766401, 0.07, 8.31e-08, 1e-08, 102
347025601, 0.0, 5.69e-08, 1e-08, 102
347284801, 0.69, 9.36e-08, 1e-08, 0
347544001, 0.0, 5.46e-08, 1e-08, 0
347803201, 0.0, 6.92e-08, 1e-08, 0
348321601, 0.01, 6.84e-08, 1e-08, 0
348580801, 0.0, 7.08e-08, 1e-08, 102
349099201, 0.0, 5.84e-08, 1e-08, 102
349358401, 0.0, 6.03e-08, 1e-08, 0
349617601, 0.02, 8.52e-08, 1e-08, 0
349876801, 0.0, 6.31e-08, 1e-08, 102
350913601, 0.0, 5.59e-08, 1e-08, 102
351172801, 0.0, 8.21e-08, 1e-08, 102
351691201, 0.0, 5.52e-08, 1e-08, 102
351950401, 0.0, 4.99e-08, 1e-08, 0
352209601, 0.0, 5.33e-08, 1e-08, 0
352468801, 0.0, 4.45e-08, 1e-08, 102
352728001, 0.0, 6.92e-08, 1e-08, 102
353505601, 0.0, 6.84e-08, 1e-08, 0
354283201, 0.0, 7.35e-08, 1e-08, 102
354801601, 0.0, 6.19e-08, 1e-08, 0
355060801, 0.02, 6.48e-08, 1e-08, 0
355320001, 0.34, 8.29e-08, 1e-08, 0
355579201, 0.01, 7.36e-08, 1e-08, 0
356097601, 0.44, 9.44e-08, 1e-08, 0
356356801, 0.27, 2.53e-07, 1e-08, 0
356616001, 0.0, 6.31e-08, 1e-08, 102
357134401, 0.0, 5.59e-08, 1e-08, 102
357393601, 0.0, 3.73e-08, 1e-08, 102
357652801, 0.0, 5.03e-08, 1e-08, 102
357912001, 0.08, 7.13e-08, 1e-08, 0
358171201, 0.0, 7.48e-08, 1e-08, 0
358430401, 0.0, 7.32e-08, 1e-08, 102
358689601, 0.0, 6.79e-08, 1e-08, 0
359467201, 0.08, 6.82e-08, 1e-08, 0
359726401, 0.0, 4.66e-08, 1e-08, 0
360244801, 0.0, 6.52e-08, 1e-08, 0
361022401, 0.0, 3.81e-08, 1e-08, 102
362318401, 0.0, 6.37e-08, 1e-08, 102
362577601, 0.0, 6.68e-08, 1e-08, 0
362836801, 0.0, 4.9e-08, 1e-08, 102
363096001, 0.53, 7.25e-08, 1e-08, 102
363873601, 0.33, 7.76e-08, 1e-08, 0
364132801, 0.0, 5.52e-08, 1e-08, 0
364392001, 0.11, 7.83e-08, 1e-08, 0
364651201, 0.0, 5.84e-08, 1e-08, 0
364910401, 0.42, 9.14e-08, 1e-08, 0
365169601, 0.0, 6.18e-08, 1e-08, 0
365428801, 0.0, 4.52e-08, 1e-08, 102
365688001, 0.45, 7.92e-08, 1e-08, 0
366465601, 0.0, 5.41e-08, 1e-08, 102
366984001, 0.0, 7.3e-08, 1e-08, 102
367502401, 0.14, 1.03e-07, 1e-08, 0
367761601, 0.0, 5.71e-08, 1e-08, 102
368020801, 0.0, 8.08e-08, 1e-08, 102
368539201, 0.0, 6.54e-08, 1e-08, 102
369576001, 0.02, 8.04e-08, 1e-08, 0
369835201, 0.0, 7.96e-08, 1e-08, 102
370094401, 0.0, 6.99e-08, 1e-08, 102
370353601, 0.09, 5.08e-08, 1e-08, 0
370612801, 0.32, 8.34e-08, 1e-08, 0
370872001, 0.0, 4e-08, 1e-08, 102
371649601, 0.71, 8.15e-08, 1e-08, 0
371908801, 0.0, 6.92e-08, 1e-08, 102
372168001, 0.0, 5.99e-08, 1e-08, 0
372427201, 0.61, 9.51e-08, 1e-08, 0
372686401, 0.0, 5.69e-08, 1e-08, 102
372945601, 0.0, 4.39e-08, 1e-08, 102
373204801, 0.0, 5.94e-08, 1e-08, 0
373464001, 0.0, 3.85e-08, 1e-08, 102
373723201, 0.16, 6.47e-08, 1e-08, 0
373982401, 0.0, 6.79e-08, 1e-08, 102
374241601, 0.2, 9.06e-08, 1e-08, 0
374500801, 0.14, 1.01e-07, 1e-08, 0
374760001, 0.0, 3.43e-08, 1e-08, 102
375019201, 0.0, 4.01e-08, 1e-08, 102
375278401, 0.0, 6.22e-08, 1e-08, 102
375796801, 0.0, 6.28e-08, 1e-08, 102
376056001, 0.0, 4.41e-08, 1e-08, 102
376315201, 0.89, 1.03e-07, 1e-08, 0
376574401, 0.58, 9.82e-08, 1e-08, 0
376833601, 0.94, 7.89e-08, 1e-08, 0
377092801, 0.0, 6.19e-08, 1e-08, 102
377611201, 0.0, 6.06e-08, 1e-08, 102
378129601, 0.0, 6.81e-08, 1e-08, 102
378388801, 0.04, 5.36e-08, 1e-08, 0
378648001, 0.0, 5.57e-08, 1e-08, 102
378907201, 0.0, 6.22e-08, 1e-08, 102
379425601, 0.0, 4.01e-08, 1e-08, 102
379684801, 0.0, 4.69e-08, 1e-08, 0
379944001, 0.13, 7.63e-08, 1e-08, 0
380203201, 0.0, 6.98e-08, 1e-08, 0
380462401, 0.0, 5.75e-08, 1e-08, 102
380721601, 0.0, 6.26e-08, 1e-08, 102
380980801, 0.0, 6.93e-08, 1e-08, 0
381499201, 0.01, 9.17e-08, 1e-08, 0
381758401, 0.0, 5.77e-08, 1e-08, 102
382276801, 0.0, 4.28e-08, 1e-08, 102
382536001, 0.0, 6.45e-08, 1e-08, 102
383054401, 0.0, 6.58e-08, 1e-08, 102
383313601, 0.0, 6.86e-08, 1e-08, 0
383572801, 0.11, 6.82e-08, 1e-08, 0
383832001, 0.0, 7.42e-08, 1e-08, 0
384091201, 0.41, 8.26e-08, 1e-08, 102
384609601, 0.0, 6.57e-08, 1e-08, 0
385646401, 0.0, 6e-08, 1e-08, 0
385905601, 0.0, 5.66e-08, 1e-08, 102
386164801, 0.0, 6.34e-08, 1e-08, 0
386683201, 0.0, 7.88e-08, 1e-08, 0
387201601, 0.0, 4.56e-08, 1e-08, 0
387720001, 0.0, 3.43e-08, 1e-08, 0
387979201, 0.69, 6.08e-08, 1e-08, 0
388238401, 0.51, 7.44e-08, 1e-08, 0
388497601, 0.15, 8.03e-08, 1e-08, 0
388756801, 0.0, 6.1e-08, 1e-08, 102
389016001, 0.0, 4.94e-08, 1e-08, 102
389534401, 0.0, 6.68e-08, 1e-08, 102
389793601, 0.95, 1.07e-07, 1e-08, 0
390052801, 0.03, 9.2e-08, 1e-08, 0
390312001, 0.0, 4.71e-08, 1e-08, 102
390830401, 0.0, 5.2e-08, 1e-08, 102
391089601, 0.0, 8.51e-08, 1e-08, 102
391348801, 0.0, 5.06e-08, 1e-08, 102
391608001, 0.0, 6.63e-08, 1e-08, 102
392126401, 0.0, 6.29e-08, 1e-08, 102
392385601, 0.33, 8.57e-08, 1e-08, 0
392904001, 0.0, 4.77e-08, 1e-08, 102
393422401, 0.0, 6.29e-08, 1e-08, 102
393681601, 0.0, 6.18e-08, 1e-08, 102
393940801, 0.23, 6.66e-08, 1e-08, 0
394200001, 0.47, 9.29e-08, 1e-08, 0
394459201, 0.0, 7.11e-08, 1e-08, 0
394718401, 0.0, 6.35e-08, 1e-08, 0
395236801, 0.44, 9.71e-08, 1e-08, 0
395755201, 0.0, 6.18e-08, 1e-08, 102
396014401, 0.0, 4.54e-08, 1e-08, 102
396273601, 0.0, 5.29e-08, 1e-08, 102
396792001, 0.8, 9.16e-08, 1e-08, 0
397051201, 0.0, 5.8e-08, 1e-08, 102
397310401, 0.14, 7.38e-08, 1e-08, 102
398088001, 0.0, 6.63e-08, 1e-08, 0
398347201, 0.29, 7.5e-08, 1e-08, 0
398606401, 0.0, 9.41e-08, 1e-08, 0
399124801, 0.52, 9.17e-08, 1e-08, 0
399902401, 0.0, 6.7e-08, 1e-08, 102
400161601, 0.0, 5.5e-08, 1e-08, 102
400420801, 0.0, 6.17e-08, 1e-08, 102
401457601, 0.0, 6.4e-08, 1e-08, 102
401716801, 0.63, 9.73e-08, 1e-08, 0
401976001, 0.0, 7.58e-08, 1e-08, 102
402494401, 0.0, 5.39e-08, 1e-08, 0
402753601, 0.0, 5.41e-08, 1e-08, 0
403012801, 0.0, 6.86e-08, 1e-08, 102
403272001, 0.0, 6.82e-08, 1e-08, 102
403531201, 0.67, 1e-07, 1e-08, 102
404049601, 0.51, 6.78e-08, 1e-08, 0
404568001, 0.59, 7.42e-07, 1e-08, 0
404827201, 0.0, 6.94e-08, 1e-08, 0
405086401, 0.0, 5.97e-08, 1e-08, 102
405345601, 0.0, 4.69e-08, 1e-08, 0
406641601, 0.85, 1.14e-07, 1e-08, 0
407160001, 0.22, 7.3e-08, 1e-08, 0
407419201, 0.0, 4.68e-08, 1e-08, 0
408196801, 0.0, 5.35e-05, 1e-08, 102
408456001, 0.0, 8.87e-08, 1e-08, 102
408715201, 0.0, 1.32e-07, 1e-08, 102
409233601, 0.02, 8.54e-08, 1e-08, 0
409492801, 0.0, 5.16e-08, 1e-08, 102
409752001, 0.19, 8.09e-08, 1e-08, 0
410270401, 0.0, 5.89e-08, 1e-08, 102
410529601, 0.15, 6.79e-08, 1e-08, 0
410788801, 0.13, 8.78e-08, 1e-08, 102
411048001, 0.0, 8.38e-08, 1e-08, 102
411566401, 0.0, 1.01e-07, 1e-08, 102
411825601, 0.55, 1.14e-07, 1e-08, 0
412344001, 0.76, 6.05e-08, 1e-08, 0
412603201, 0.0, 3.6e-08, 1e-08, 102
412862401, 0.0, 4.58e-08, 1e-08, 0
413121601, 0.0, 4.13e-08, 1e-08, 102
413380801, 0.09, 8.32e-08, 1e-08, 0
413899201, 0.4, 9.38e-08, 1e-08, 102
414158401, 0.0, 4.9e-08, 1e-08, 102
414417601, 0.03, 6.28e-08, 1e-08, 0
414676801, 0.13, 8.1e-08, 1e-08, 0
414936001, 0.24, 7.4e-08, 1e-08, 0
415454401, 0.0, 5.01e-08, 1e-08, 102
415972801, 0.8, 1.58e-07, 1e-08, 102
416491201, 0.54, 9.1e-08, 1e-08, 0
416750401, 0.0, 7.04e-08, 1e-08, 0
417009601, 0.43, 1.02e-07, 1e-08, 102
417268801, 0.27, 1.02e-07, 1e-08, 0
417528001, 0.09, 8.6e-08, 1e-08, 0
417787201, 0.25, 1.14e-07, 1e-08, 0
418305601, 0.31, 9.06e-08, 1e-08, 0
418564801, 0.0, 7.83e-08, 1e-08, 0
418824001, 0.0, 5.71e-08, 1e-08, 102
419860801, 0.0, 6.67e-08, 1e-08, 0
420120001, 0.0, 6.31e-08, 1e-08, 102
420638401, 0.0, 6.27e-08, 1e-08, 102
420897601, 0.93, 8.53e-08, 1e-08, 0
421416001, 0.0, 6.87e-08, 1e-08, 102
421934401, 0.0, 6.89e-08, 1e-08, 102
424008001, 0.0, 7.84e-08, 1e-08, 102
424526401, 0.0, 9.88e-08, 1e-08, 102
424785601, 0.0, 6.39e-08, 1e-08, 102
425044801, 0.0, 4.96e-08, 1e-08, 102
426081601, 0.43, 9.2e-08, 1e-08, 0
426600001, 0.94, 8.73e-08, 1e-08, 0
426859201, 0.32, 6.74e-08, 1e-08, 0
427636801, 0.0, 4.7e-08, 1e-08, 102
427896001, 0.0, 1.05e-07, 1e-08, 102
428155201, 0.0, 6.73e-08, 1e-08, 102
428414401, 0.0, 5.17e-08, 1e-08, 102
429192001, 0.0, 5.7e-08, 1e-08, 102
429451201, 0.0, 1.15e-07, 1e-08, 102
429969601, 0.0, 1.08e-07, 1e-08, 102
430228801, 0.38, 8.63e-08, 1e-08, 0
430488001, 0.32, 8.19e-08, 1e-08, 0
431265601, 0.66, 1.1e-07, 1e-08, 0
431524801, 0.02, 6.62e-08, 1e-08, 0
431784001, 0.09, 8.47e-08, 1e-08, 0
432043201, 0.0, 7.48e-08, 1e-08, 102
432561601, 0.15, 6.95e-08, 1e-08, 102
432820801, 0.0, 7.17e-08, 1e-08, 102
433080001, 0.55, 7.56e-08, 1e-08, 102
433339201, 0.0, 6.51e-08, 1e-08, 102
433857601, 0.04, 9.4e-08, 1e-08, 102
434116801, 0.0, 9.4e-08, 1e-08, 102
434376001, 0.0, 1.42e-07, 1e-08, 102
434635201, 0.25, 1.02e-07, 1e-08, 0
434894401, 0.88, 1.22e-07, 1e-08, 0
435153601, 0.02, 9.57e-08, 1e-08, 0
435412801, 0.0, 5.85e-08, 1e-08, 102
435672001, 0.27, 8.15e-08, 1e-08, 102
435931201, 0.11, 9.56e-08, 1e-08, 0
436190401, 0.0, 8.34e-08, 1e-08, 102
436449601, 0.11, 8.37e-08, 1e-08, 0
436708801, 0.0, 7.76e-08, 1e-08, 102
437227201, 0.79, 8.35e-08, 1e-08, 102
437486401, 0.0, 7.81e-08, 1e-08, 102
437745601, 0.98, 1.03e-07, 1e-08, 0
438004801, 0.0, 5.53e-08, 1e-08, 102
438264001, 0.0, 6.8e-08, 1e-08, 0
438523201, 0.07, 7.72e-08, 1e-08, 0
438782401, 0.01, 1.47e-07, 1e-08, 0
439041601, 0.09, 1.44e-07, 1e-08, 0
439300801, 0.0, 4.99e-08, 1e-08, 102
439560001, 0.72, 7.03e-08, 1e-08, 102
440078401, 0.0, 5.22e-08, 1e-08, 102
440596801, 0.0, 6.95e-08, 1e-08, 102
440856001, 0.0, 6.33e-08, 1e-08, 102
441115201, 0.0, 5.85e-08, 1e-08, 0
441374401, 0.17, 7.05e-08, 1e-08, 102
441633601, 0.0, 3.88e-08, 1e-08, 102
442670401, 0.3, 7.85e-08, 1e-08, 102
442929601, 0.32, 1.04e-07, 1e-08, 0
443188801, 0.0, 8.73e-08, 1e-08, 102
443707201, 0.01, 6.43e-08, 1e-08, 0
443966401, 0.07, 7.42e-08, 1e-08, 102
444225601, 0.56, 6.78e-08, 1e-08, 102
444484801, 0.32, 1.13e-07, 1e-08, 0
445003201, 0.0, 5.44e-08, 1e-08, 102
445262401, 0.43, 8.85e-08, 1e-08, 0
445521601, 0.0, 5.16e-08, 1e-08, 102
445780801, 0.0, 4.69e-08, 1e-08, 102
446040001, 0.0, 5.9e-08, 1e-08, 0
446299201, 0.46, 8.35e-08, 1e-08, 0
446558401, 0.0, 5.14e-08, 1e-08, 102
446817601, 0.74, 6.71e-08, 1e-08, 0
447595201, 0.0, 5.27e-08, 1e-08, 102
447854401, 0.0, 5.55e-08, 1e-08, 0
448632001, 0.06, 1.15e-07, 1e-08, 0
449150401, 0.0, 8.34e-08, 1e-08, 102
449668801, 0.91, 1.05e-07, 1e-08, 102
450446401, 0.0, 8.71e-08, 1e-08, 102
450964801, 0.19, 8.02e-08, 1e-08, 0
451224001, 0.0, 4.71e-08, 1e-08, 0
451483201, 0.31, 7.97e-08, 1e-08, 0
451742401, 0.0, 5.02e-08, 1e-08, 102
452001601, 0.0, 7.74e-08, 1e-08, 102
452260801, 0.0, 5.78e-08, 1e-08, 0
452520001, 0.0, 7.05e-08, 1e-08, 102
452779201, 0.0, 4.9e-08, 1e-08, 102
453038401, 0.0, 6.39e-08, 1e-08, 102
453297601, 0.0, 6.36e-08, 1e-08, 102
453816001, 0.49, 8.91e-08, 1e-08, 0
454075201, 0.0, 4.6e-08, 1e-08, 102
454593601, 0.0, 7.68e-08, 1e-08, 102
455371201, 0.38, 9.58e-08, 1e-08, 0
455889601, 0.57, 6.4e-08, 1e-08, 102
456148801, 0.07, 9.83e-08, 1e-08, 0
456667201, 0.0, 1.05e-07, 1e-08, 0
457444801, 0.65, 6.14e-08, 1e-08, 102
458481601, 0.25, 9.66e-08, 1e-08, 0
459259201, 0.97, 9.77e-08, 1e-08, 0
459518401, 0.04, 7.14e-08, 1e-08, 0
460036801, 0.91, 6.93e-08, 1e-08, 0
460296001, 0.28, 8.13e-08, 1e-08, 0
460555201, 0.13, 7.26e-08, 1e-08, 102
460814401, 0.64, 8.38e-08, 1e-08, 0
461851201, 0.0, 4.91e-08, 1e-08, 102
462628801, 0.07, 6.94e-08, 1e-08, 102
463147201, 0.18, 7.74e-08, 1e-08, 102
463406401, 0.01, 7.44e-08, 1e-08, 0
463665601, 0.0, 7.88e-08, 1e-08, 102
464184001, 0.0, 6.95e-08, 1e-08, 0
464961601, 0.07, 6.26e-08, 1e-08, 0
465220801, 0.0, 4.82e-08, 1e-08, 102
465480001, 0.06, 7.71e-08, 1e-08, 0
465739201, 0.75, 8.02e-08, 1e-08, 102
465998401, 0.01, 9.59e-08, 1e-08, 0
466257601, 0.06, 7.65e-08, 1e-08, 0
466516801, 0.0, 4.28e-08, 1e-08, 102
467294401, 0.46, 9.31e-08, 1e-08, 102
467812801, 0.6, 9.76e-08, 1e-08, 102
468072001, 0.0, 6.59e-08, 1e-08, 102
468331201, 0.0, 4.87e-08, 1e-08, 102
468590401, 0.0, 5.75e-08, 1e-08, 102
468849601, 0.08, 6.7e-08, 1e-08, 0
469108801, 0.0, 5.83e-08, 1e-08, 102
469368001, 0.63, 7.31e-08, 1e-08, 0
469627201, 0.0, 4.37e-08, 1e-08, 102
469886401, 0.68, 8.13e-08, 1e-08, 0
470145601, 0.36, 9.45e-08, 1e-08, 0
470404801, 0.0, 7.57e-08, 1e-08, 0
471182401, 0.0, 4.74e-08, 1e-08, 102
471700801, 0.0, 6.48e-08, 1e-08, 102
471960001, 0.48, 6.81e-08, 1e-08, 0
472219201, 0.0, 6.81e-08, 1e-08, 102
472478401, 0.0, 5.99e-08, 1e-08, 102
472737601, 0.93, 1.02e-07, 1e-08, 102
472996801, 0.0, 6.9e-08, 1e-08, 0
473256001, 0.0, 7.2e-08, 1e-08, 102
473774401, 0.03, 6.91e-08, 1e-08, 0
474292801, 0.0, 7.73e-08, 1e-08, 0
474552001, 0.0, 6.18e-08, 1e-08, 102
474811201, 0.0, 6.06e-08, 1e-08, 102
475070401, 0.0, 8.48e-08, 1e-08, 0
475588801, 0.0, 7.42e-08, 1e-08, 102
475848001, 0.0, 7.12e-08, 1e-08, 102
476107201, 0.1, 6.73e-08, 1e-08, 0
476366401, 0.39, 6.52e-08, 1e-08, 0
476884801, 0.08, 5.59e-08, 1e-08, 0
477144001, 0.0, 7.08e-08, 1e-08, 102
477921601, 0.0, 7.52e-08, 1e-08, 102
478440001, 0.0, 5.21e-08, 1e-08, 0
478699201, 0.0, 4.24e-08, 1e-08, 102
478958401, 0.0, 5.8e-08, 1e-08, 0
479217601, 0.0, 6.18e-08, 1e-08, 0
479476801, 0.13, 7.86e-08, 1e-08, 0
479736001, 0.0, 8.16e-08, 1e-08, 102
480254401, 0.0, 4.3e-08, 1e-08, 102
480513601, 0.0, 6.04e-08, 1e-08, 0
481032001, 0.56, 9.15e-08, 1e-08, 102
481809601, 0.0, 6.84e-08, 1e-08, 0
482068801, 0.0, 7.3e-08, 1e-08, 0
482846401, 0.0, 7.2e-08, 1e-08, 102
483364801, 0.0, 5.54e-08, 1e-08, 102
483624001, 0.0, 6.5e-08, 1e-08, 102
484142401, 0.0, 4.52e-08, 1e-08, 102
484660801, 0.0, 5.22e-08, 1e-08, 102
484920001, 0.0, 6.25e-08, 1e-08, 0
485179201, 0.0, 6e-08, 1e-08, 0
485438401, 0.0, 3.29e-08, 1e-08, 102
485697601, 0.0, 4.38e-08, 1e-08, 102
485956801, 0.13, 6.81e-08, 1e-08, 1
486216001, 0.0, 5.08e-08, 1e-08, 102
486475201, 0.69, 9.74e-08, 1e-08, 102
486734401, 0.01, 7.6e-08, 1e-08, 102
486993601, 0.99, 9.48e-08, 1e-08, 102
489326401, 0.38, 7.03e-08, 1e-08, 0
489585601, 0.0, 5.51e-08, 1e-08, 0
489844801, 0.0, 4.38e-08, 1e-08, 102
490104001, 0.1, 8.2e-08, 1e-08, 0
490363201, 0.14, 6.21e-08, 1e-08, 102
490881601, 0.5, 1.11e-07, 1e-08, 0
491400001, 0.23, 9.76e-08, 1e-08, 0
491918401, 0.0, 3.13e-07, 1e-08, 102
492436801, 0.0, 6.73e-08, 1e-08, 102
493473601, 0.66, 1.1e-07, 1e-08, 0
493732801, 0.54, 7.49e-08, 1e-08, 0
494251201, 0.82, 8.59e-08, 1e-08, 0
495028801, 0.16, 7.96e-08, 1e-08, 0
495547201, 0.13, 7.15e-08, 1e-08, 102
495806401, 0.85, 8.56e-08, 1e-08, 0
496065601, 0.0, 5.84e-08, 1e-08, 102
496843201, 0.0, 5.46e-08, 1e-08, 102
497361601, 0.0, 9.24e-08, 1e-08, 102
497620801, 0.0, 7.58e-08, 1e-08, 102
497880001, 0.0, 5.46e-08, 1e-08, 102
498657601, 0.03, 8.72e-08, 1e-08, 0
498916801, 0.67, 7.22e-08, 1e-08, 0
499435201, 0.0, 6.24e-08, 1e-08, 102
499694401, 0.0, 7.88e-08, 1e-08, 0
499953601, 0.0, 6.02e-08, 1e-08, 102
500212801, 0.0, 5.23e-08, 1e-08, 102
500472001, 0.0, 5.64e-08, 1e-08, 102
500990401, 0.13, 8.63e-08, 1e-08, 0
501249601, 0.0, 5.65e-08, 1e-08, 102
501768001, 0.02, 7.62e-08, 1e-08, 0
502027201, 0.0, 6.16e-08, 1e-08, 102
502545601, 0.0, 5.36e-08, 1e-08, 0
502804801, 0.0, 6.95e-08, 1e-08, 0
503064001, 0.0, 7.07e-08, 1e-08, 102
503323201, 0.0, 5.54e-08, 1e-08, 0
503582401, 0.0, 4.67e-08, 1e-08, 0
503841601, 0.0, 5.37e-08, 1e-08, 0
504100801, 0.11, 7.08e-08, 1e-08, 0
504360001, 0.0, 5.94e-08, 1e-08, 102
504619201, 0.0, 6.59e-08, 1e-08, 0
505137601, 0.0, 7.37e-08, 1e-08, 102
505396801, 0.0, 5.74e-08, 1e-08, 102
505656001, 0.53, 7.22e-08, 1e-08, 102
506174401, 0.87, 1.01e-07, 1e-08, 102
506433601, 0.0, 6.24e-08, 1e-08, 102
506692801, 0.22, 8.44e-08, 1e-08, 0
506952001, 0.0, 6.16e-08, 1e-08, 0
507211201, 0.0, 7.08e-08, 1e-08, 102
507470401, 0.36, 7.58e-08, 1e-08, 0
507729601, 0.13, 6.59e-08, 1e-08, 0
507988801, 0.0, 5.15e-08, 1e-08, 0
508248001, 0.0, 6.16e-08, 1e-08, 102
508507201, 0.0, 5.21e-08, 1e-08, 0
508766401, 0.03, 7.45e-08, 1e-08, 102
509025601, 0.0, 5.45e-08, 1e-08, 102
509284801, 0.01, 6.77e-08, 1e-08, 102
509544001, 0.01, 7.15e-08, 1e-08, 0
509803201, 0.0, 6.58e-08, 1e-08, 102
510062401, 0.06, 8.46e-08, 1e-08, 0
510321601, 0.18, 8.65e-08, 1e-08, 0
510580801, 0.0, 6.02e-08, 1e-08, 0
510840001, 0.0, 4.72e-08, 1e-08, 0
511099201, 0.0, 5.68e-08, 1e-08, 102
511617601, 0.0, 8.46e-08, 1e-08, 102
512136001, 0.0, 7.27e-08, 1e-08, 102
512395201, 0.59, 6.74e-08, 1e-08, 0
512913601, 0.0, 5.51e-08, 1e-08, 0
513172801, 0.77, 6.85e-08, 1e-08, 0
513432001, 0.0, 5.94e-08, 1e-08, 102
513691201, 0.83, 9.55e-08, 1e-08, 0
513950401, 0.48, 5.11e-08, 1e-08, 0
514209601, 0.0, 4.48e-08, 1e-08, 102
514468801, 0.0, 6.25e-08, 1e-08, 102
514728001, 0.63, 8.26e-08, 1e-08, 0
514987201, 0.0, 4.07e-08, 1e-08, 102
515246401, 0.0, 5.54e-08, 1e-08, 102
515505601, 0.0, 5.02e-08, 1e-08, 0
515764801, 0.0, 5.18e-08, 1e-08, 102
516283201, 0.0, 7.29e-08, 1e-08, 0
516542401, 0.0, 5.18e-08, 1e-08, 102
516801601, 0.0, 5.78e-08, 1e-08, 0
517320001, 0.0, 3.7e-08, 1e-08, 102
517838401, 0.0, 6.94e-08, 1e-08, 102
518097601, 0.0, 5.82e-08, 1e-08, 102
518356801, 0.0, 6.22e-08, 1e-08, 102
518616001, 0.0, 4.34e-08, 1e-08, 102
518875201, 0.0, 6.86e-08, 1e-08, 102
519134401, 0.0, 5.32e-08, 1e-08, 102
519652801, 0.23, 9.66e-08, 1e-08, 0
520171201, 0.0, 6.14e-08, 1e-08, 0
520430401, 0.0, 5.43e-08, 1e-08, 102
520948801, 0.0, 5.58e-08, 1e-08, 102
521208001, 0.0, 6.86e-08, 1e-08, 0
521467201, 0.83, 9.42e-08, 1e-08, 0
522244801, 0.0, 3.71e-08, 1e-08, 102
523022401, 0.0, 7.44e-08, 1e-08, 102
523281601, 0.0, 6.11e-08, 1e-08, 102
523540801, 0.0, 6.54e-08, 1e-08, 102
524059201, 0.13, 7.84e-08, 1e-08, 0
524318401, 0.0, 5.47e-08, 1e-08, 102
525355201, 0.27, 7.96e-08, 1e-08, 0
525614401, 0.0, 5.29e-08, 1e-08, 0
525873601, 0.0, 7.77e-08, 1e-08, 0
526132801, 0.0, 3.97e-08, 1e-08, 0
526392001, 0.0, 6.86e-08, 1e-08, 0
526651201, 0.02, 6.71e-08, 1e-08, 0
526910401, 0.0, 4.06e-08, 1e-08, 102
527169601, 0.0, 8.97e-08, 1e-08, 102
527428801, 0.0, 6.38e-08, 1e-08, 102
527688001, 0.0, 5.09e-08, 1e-08, 102
527947201, 0.0, 6.06e-08, 1e-08, 0
528206401, 0.25, 8.24e-08, 1e-08, 0
528465601, 0.89, 7.31e-08, 1e-08, 0
528724801, 0.18, 7.34e-08, 1e-08, 0
528984001, 0.0, 4.91e-08, 1e-08, 0
529502401, 0.05, 6.31e-08, 1e-08, 0
530020801, 0.61, 1.1e-07, 1e-08, 0
530280001, 0.63, 8.14e-08, 1e-08, 0
530798401, 0.55, 7.96e-08, 1e-08, 0
531057601, 0.0, 6.44e-08, 1e-08, 102
531316801, 0.95, 7.43e-08, 1e-08, 0
531576001, 0.0, 5.59e-08, 1e-08, 0
532872001, 0.0, 5.75e-08, 1e-08, 102
533649601, 0.79, 7.55e-08, 1e-08, 0
533908801, 0.0, 5.38e-08, 1e-08, 102
534168001, 0.0, 6.5e-08, 1e-08, 0
534427201, 0.58, 8.86e-08, 1e-08, 0
534686401, 0.0, 9.08e-08, 1e-08, 102
534945601, 0.0, 6.29e-08, 1e-08, 102
535204801, 0.09, 7.35e-08, 1e-08, 0
535723201, 0.0, 5.13e-08, 1e-08, 102
535982401, 0.0, 4.36e-08, 1e-08, 102
536241601, 0.0, 4.95e-08, 1e-08, 0
537278401, 0.35, 8.5e-08, 1e-08, 0
537537601, 0.0, 7.33e-08, 1e-08, 102
537796801, 0.03, 6.24e-08, 1e-08, 0
538056001, 0.0, 6.89e-08, 1e-08, 0
538315201, 0.0, 8.37e-08, 1e-08, 102
538574401, 0.0, 4.87e-08, 1e-08, 102
538833601, 0.09, 7.61e-08, 1e-08, 102
539092801, 0.12, 1.04e-07, 1e-08, 0
539352001, 0.0, 2.26e-07, 1e-08, 102
539870401, 0.0, 5.11e-08, 1e-08, 102
540129601, 0.23, 8.7e-08, 1e-08, 0
540388801, 0.0, 5.18e-08, 1e-08, 0
541425601, 0.3, 9.24e-08, 1e-08, 0
542203201, 0.0, 5.12e-08, 1e-08, 102
542462401, 0.0, 7.97e-08, 1e-08, 102
545313601, 0.0, -1.0, 1e-08, 101
545572801, 0.0, 9.2e-06, 1e-08, 102
545832001, 0.0, 2.12e-06, 1e-08, 0
546091201, 0.0, 1.18e-06, 1e-08, 102
546350401, 0.0, 2.78e-06, 1e-08, 102
546609601, 0.0, 2.42e-05, 1e-08, 102
546868801, 0.0, 5.41e-08, 1e-08, 0
547128001, 0.3, 4.06e-08, 1e-08, 0
547646401, 0.14, 4.32e-08, 1e-08, 0
548942401, 0.09, 5.77e-08, 1e-08, 102
549201601, 0.0, 3.72e-08, 1e-08, 102
550756801, 0.0, 1.25e-06, 1e-08, 102
551016001, 0.22, 1.72e-07, 1e-08, 0
551534401, 0.0, 3.52e-08, 1e-08, 102
552830401, 0.0, 1.21e-07, 1e-08, 102
553608001, 0.0, 7.32e-08, 1e-08, 102
553867201, 0.29, 9.3e-08, 1e-08, 0
554126401, 0.0, 1.05e-07, 1e-08, 0
554385601, 0.0, 3.17e-05, 1e-08, 102
554644801, 0.0, 4.89e-05, 1e-08, 102
554904001, 0.0, 4.29e-08, 1e-08, 102
556718401, 0.0, 3.55e-07, 1e-08, 102
556977601, 0.27, 2.19e-07, 1e-08, 0
557755201, 0.0, 2.24e-05, 1e-08, 0
558532801, 0.0, 4.85e-08, 1e-08, 0
558792001, 0.0, 3.95e-08, 1e-08, 0
559310401, 0.0, 3.48e-08, 1e-08, 102
559828801, 0.0, 3.83e-08, 1e-08, 102
560088001, 0.02, 4.27e-08, 1e-08, 0
560347201, 0.52, 5.88e-08, 1e-08, 102
560606401, 0.69, 1.08e-07, 1e-08, 0
562680001, 0.0, 3.64e-08, 1e-08, 102
563457601, 0.12, 6.1e-08, 1e-08, 0
564235201, 0.03, 5.98e-08, 1e-08, 0
565012801, 0.0, 5.65e-08, 1e-08, 102
565272001, 0.0, 4.39e-08, 1e-08, 0
565531201, 0.0, 8.6e-08, 1e-08, 102
565790401, 0.0, 6.35e-08, 1e-08, 102
566049601, 0.0, 4.48e-08, 1e-08, 0
566568001, 0.0, 1.42e-07, 1e-08, 0
566827201, 0.0, 5.68e-08, 1e-08, 102
567086401, 0.0, 5.91e-08, 1e-08, 102
567345601, 0.0, 5.61e-08, 1e-08, 0
567604801, 0.0, 8.75e-08, 1e-08, 102
567864001, 0.0, 1.23e-07, 1e-08, 0
568382401, 0.11, 4.73e-08, 1e-08, 0
569419201, 0.0, 5.85e-08, 1e-08, 102
569678401, 0.62, 8.54e-08, 1e-08, 0
569937601, 0.0, 5.64e-08, 1e-08, 102
570196801, 0.0, 3.59e-08, 1e-08, 102
570456001, 0.08, 4.77e-08, 1e-08, 0
570715201, 0.39, -1.0, 1e-08, 0
571233601, 0.0, 5.48e-06, 1e-08, 102
571492801, 0.91, 5.87e-07, 1e-08, 0
571752001, 0.0, 3.7e-07, 1e-08, 102
572011201, 0.0, 5.84e-07, 1e-08, 102
572270401, 0.12, 1.09e-07, 1e-08, 0
572529601, 0.91, 8.56e-08, 1e-08, 102
572788801, 0.34, 8.95e-08, 1e-08, 0
573566401, 0.0, 7.36e-08, 1e-08, 102
573825601, 0.0, 6.49e-08, 1e-08, 0
574084801, 0.42, 7.86e-08, 1e-08, 0
574344001, 0.0, 6.16e-08, 1e-08, 0
574603201, 0.12, 6.04e-08, 1e-08, 102
574862401, 0.0, 5.97e-08, 1e-08, 102
575121601, 0.0, 5.89e-08, 1e-08, 0
575380801, 0.0, 4.57e-08, 1e-08, 0
575640001, 0.0, 4.56e-08, 1e-08, 102
575899201, 0.0, 6.58e-08, 1e-08, 102
576158401, 0.0, 6.88e-08, 1e-08, 102
576676801, 0.36, 6.88e-08, 1e-08, 0
576936001, 0.12, 4.76e-08, 1e-08, 0
577195201, 0.0, 3.33e-08, 1e-08, 102
577713601, 0.0, 3.11e-08, 1e-08, 102
577972801, 0.87, 9.31e-08, 1e-08, 0
578232001, 0.0, 7.81e-08, 1e-08, 0
578491201, 0.0, 7.13e-08, 1e-08, 102
578750401, 0.37, 7.58e-08, 1e-08, 0
579009601, 0.47, 8.7e-08, 1e-08, 0
579268801, 0.02, 5.85e-08, 1e-08, 0
579787201, 0.01, 6.06e-08, 1e-08, 102
580046401, 0.0, 6.82e-08, 1e-08, 102
581342401, 0.0, 4.26e-08, 1e-08, 0
581601601, 0.01, 5.37e-08, 1e-08, 0
581860801, 0.0, 3.7e-08, 1e-08, 102
582120001, 0.0, 6.15e-08, 1e-08, 0
582379201, 0.0, 6.93e-08, 1e-08, 0
582638401, 0.6, 6.74e-08, 1e-08, 0
582897601, 0.02, 6.59e-08, 1e-08, 0
583156801, 0.0, 6.82e-08, 1e-08, 102
583675201, 0.0, 5.97e-08, 1e-08, 0
584193601, 0.03, 5.68e-08, 1e-08, 0
584452801, 0.0, 1.25e-07, 1e-08, 0
584712001, 0.0, 1.96e-07, 1e-08, 102
585230401, 0.23, 8.98e-08, 1e-08, 0
585748801, 0.0, 7.76e-08, 1e-08, 0
586267201, 0.01, 8.71e-08, 1e-08, 0
586526401, 0.0, 8.14e-08, 1e-08, 102
586785601, 0.0, 7.16e-08, 1e-08, 0
587044801, 0.0, 5.68e-08, 1e-08, 102
587304001, 0.0, 5.16e-08, 1e-08, 102
587563201, 0.32, 1.06e-07, 1e-08, 0
587822401, 0.0, 6.04e-08, 1e-08, 0
588081601, 0.97, 1.05e-07, 1e-08, 0
588600001, 0.05, 7.03e-08, 1e-08, 102
588859201, 0.0, 9.99e-08, 1e-08, 102
589118401, 0.0, 1.17e-07, 1e-08, 102
589377601, 0.0, 1.54e-07, 1e-08, 102
590155201, 0.0, 4.98e-08, 1e-08, 0
590414401, 0.0, 4.56e-08, 1e-08, 102
590932801, 0.0, 7.05e-08, 1e-08, 102
591192001, 0.32, 6.23e-08, 1e-08, 0
592228801, 0.03, 7.48e-08, 1e-08, 0
592488001, 0.0, 6.45e-08, 1e-08, 102
592747201, 0.0, 7.49e-08, 1e-08, 102
593006401, 0.0, 5.68e-08, 1e-08, 102
593265601, 0.8, 5.97e-08, 1e-08, 0
593524801, 0.0, 6.12e-08, 1e-08, 0
593784001, 0.0, 7.08e-08, 1e-08, 102
594043201, 0.0, 7.34e-08, 1e-08, 0
594302401, 0.11, 8.81e-08, 1e-08, 0
594820801, 0.0, 3.43e-08, 1e-08, 0
595080001, 0.04, 4.9e-08, 1e-08, 0
595339201, 0.0, 5.67e-08, 1e-08, 0
595857601, 0.0, 4.24e-08, 1e-08, 102
596116801, 0.97, 9.99e-08, 1e-08, 0
596376001, 0.0, 5.66e-08, 1e-08, 102
596635201, 0.0, 4.59e-08, 1e-08, 102
596894401, 0.27, 7.95e-08, 1e-08, 0
597153601, 0.0, 6.8e-08, 1e-08, 102
597412801, 0.0, 7.18e-08, 1e-08, 102
597672001, 0.86, 9.08e-08, 1e-08, 102
597931201, 0.0, 6.03e-08, 1e-08, 102
598190401, 0.0, 7.58e-08, 1e-08, 102
598449601, 0.0, 1.53e-07, 1e-08, 102
598708801, 0.0, 9.07e-08, 1e-08, 102
599227201, 0.0, 6.74e-08, 1e-08, 102
599745601, 0.0, 1.04e-07, 1e-08, 0
600004801, 0.85, 1.42e-07, 1e-08, 0
600523201, 0.0, 5.57e-08, 1e-08, 102
600782401, 0.0, 6e-08, 1e-08, 102
601041601, 0.46, 8.1e-08, 1e-08, 0
601560001, 0.13, 7.96e-08, 1e-08, 0
601819201, 0.0, 5.82e-08, 1e-08, 0
602337601, 0.0, 6.33e-08, 1e-08, 102
602596801, 0.0, 1.14e-05, 1e-08, 102
603374401, 0.0, 1.63e-06, 1e-08, 102
603633601, 0.0, 8.79e-07, 1e-08, 0
603892801, 0.0, 1e-07, 1e-08, 102
604411201, 0.2, 8.12e-08, 1e-08, 0
604929601, 0.0, 6.9e-08, 1e-08, 0
605448001, 0.87, 1.3e-07, 1e-08, 0
605707201, 0.11, 7.83e-08, 1e-08, 0
605966401, 0.0, 7.76e-08, 1e-08, 102
606744001, 0.73, 9.65e-08, 1e-08, 0
607003201, 0.06, 7.41e-08, 1e-08, 0
607262401, 0.0, 5.31e-08, 1e-08, 0
607780801, 0.0, 6.19e-08, 1e-08, 102
608040001, 0.96, 9.88e-08, 1e-08, 0
608558401, 0.0, 5.01e-08, 1e-08, 102
608817601, 0.79, 5.72e-08, 1e-08, 0
609336001, 0.0, 4.09e-08, 1e-08, 0
610372801, 0.04, 7.63e-08, 1e-08, 0
611150401, 0.37, 6.48e-08, 1e-08, 0
611409601, 0.36, 8.01e-08, 1e-08, 102
611668801, 0.47, 8.63e-08, 1e-08, 0
612187201, 0.0, 7.09e-08, 1e-08, 102
612964801, 0.68, 5.75e-08, 1e-08, 102
613483201, 0.15, 8.32e-08, 1e-08, 0
613742401, 0.0, 5.49e-08, 1e-08, 102
614260801, 0.01, 7.6e-08, 1e-08, 0
614520001, 0.0, 6.03e-08, 1e-08, 102
614779201, 0.27, 8.84e-08, 1e-08, 102
615038401, 0.22, 9.6e-08, 1e-08, 0
615297601, 0.97, 9.37e-08, 1e-08, 0
616593601, 0.0, 9.6e-07, 1e-08, 102
617112001, 0.0, 7.91e-08, 1e-08, 102
617889601, 0.0, 1e-07, 1e-08, 102
618148801, 0.0, 4.94e-08, 1e-08, 102
618408001, 0.0, 6.55e-08, 1e-08, 0
618667201, 0.0, 7.32e-08, 1e-08, 102
619704001, 0.0, 4.4e-08, 1e-08, 102
619963201, 0.0, 6.48e-08, 1e-08, 102
620222401, 0.0, 5.41e-08, 1e-08, 102
620740801, 0.0, 8.25e-08, 1e-08, 0
621000001, 0.0, 6.9e-08, 1e-08, 102
621259201, 0.57, 1.77e-07, 1e-08, 102
621518401, 0.74, 3.43e-07, 1e-08, 0
621777601, 0.0, 6.85e-08, 1e-08, 102
622036801, 0.0, 6.63e-08, 1e-08, 0
622814401, 0.0, 5.56e-08, 1e-08, 0
623332801, 0.0, 4.78e-08, 1e-08, 0
623592001, 0.0, 3.39e-08, 1e-08, 102
623851201, 0.18, 7.2e-08, 1e-08, 0
624110401, 0.0, 6.49e-08, 1e-08, 0
624369601, 0.0, 5.8e-08, 1e-08, 102
624628801, 0.04, 7.37e-08, 1e-08, 0
624888001, 0.3, 8.22e-08, 1e-08, 0
625147201, 0.0, 7.41e-08, 1e-08, 102
625665601, 0.0, 4.7e-08, 1e-08, 102
625924801, 0.92, 9.33e-08, 1e-08, 102
626184001, 0.0, 6.78e-08, 1e-08, 102
626443201, 0.0, 5.71e-08, 1e-08, 0
626702401, 0.0, 3.36e-08, 1e-08, 102
626961601, 0.85, 5.75e-08, 1e-08, 102
627220801, 0.0, 3.42e-08, 1e-08, 102
627480001, 0.0, 5.61e-08, 1e-08, 102
627739201, 0.0, 5.44e-08, 1e-08, 0
627998401, 0.0, 6.79e-08, 1e-08, 0
628257601, 0.0, 3.77e-08, 1e-08, 102
628516801, 0.0, 6.35e-08, 1e-08, 102
629812801, 0.07, 6.28e-08, 1e-08, 102
630331201, 0.17, 1.89e-07, 1e-08, 0
630590401, 0.0, 1.06e-07, 1e-08, 102
630849601, 0.0, 6.28e-08, 1e-08, 0
631627201, 0.0, 1.14e-07, 1e-08, 0
631886401, 0.0, 1.36e-07, 1e-08, 102
632404801, 0.0, 4.15e-08, 1e-08, 102
633182401, 0.04, 8.21e-08, 1e-08, 0
633700801, 0.0, 5.43e-08, 1e-08, 0
633960001, 0.0, 5.44e-08, 1e-08, 102
634219201, 0.3, 8.25e-08, 1e-08, 0
634737601, 0.0, 3.06e-06, 1e-08, 102
635256001, 0.0, 1.96e-05, 1e-08, 0
635515201, 0.0, 2.33e-06, 1e-08, 102
636033601, 0.0, 3.58e-08, 1e-08, 102
636292801, 0.0, 4.02e-08, 1e-08, 102
636552001, 0.0, 4.28e-08, 1e-08, 0
636811201, 0.01, 7.37e-08, 1e-08, 0
637070401, 0.39, 7.37e-08, 1e-08, 0
637588801, 0.04, 9.2e-08, 1e-08, 0
637848001, 0.43, 8.88e-08, 1e-08, 0
638107201, 0.0, 5.29e-08, 1e-08, 102
638366401, 0.0, 5.61e-08, 1e-08, 102
638625601, 0.06, 7.56e-08, 1e-08, 0
638884801, 0.0, 4.07e-08, 1e-08, 102
639144001, 0.03, 6.29e-08, 1e-08, 0
639403201, 0.0, 4.67e-08, 1e-08, 0
639662401, 0.07, 9.57e-08, 1e-08, 0
639921601, 0.0, 5.28e-08, 1e-08, 102
641736001, 0.19, 6.44e-08, 1e-08, 0
642254401, 0.04, 6.62e-08, 1e-08, 0
643032001, 0.0, 4.99e-08, 1e-08, 102
644068801, 0.0, 5.2e-08, 1e-08, 0
644328001, 0.0, 7.22e-08, 1e-08, 102
644846401, 0.0, 4.98e-08, 1e-08, 0
645105601, 0.28, 5.98e-08, 1e-08, 102
645624001, 0.34, 7.69e-08, 1e-08, 102
645883201, 0.2, 8.95e-08, 1e-08, 0
646401601, 0.0, 8.62e-08, 1e-08, 102
646660801, 0.0, 5.28e-08, 1e-08, 102
646920001, 0.59, 8.42e-08, 1e-08, 0
647179201, 0.0, 6.1e-08, 1e-08, 0
647438401, 0.17, 7.51e-08, 1e-08, 0
647956801, 0.85, 7.6e-08, 1e-08, 0
648216001, 0.07, 9.91e-08, 1e-08, 0
648734401, 0.0, 2.54e-07, 1e-08, 102
648993601, 0.0, 9.23e-08, 1e-08, 102
649252801, 0.0, 8.25e-08, 1e-08, 102
649771201, 0.18, 1.83e-07, 1e-08, 0
650030401, 0.0, 4.46e-08, 1e-08, 102
650289601, 0.04, 5.84e-08, 1e-08, 102
650548801, 0.0, 5.64e-08, 1e-08, 0
650808001, 0.0, 5.11e-08, 1e-08, 102
651067201, 0.0, 7.45e-08, 1e-08, 102
651585601, 0.05, 9.49e-08, 1e-08, 102
651844801, 0.79, 8.95e-08, 1e-08, 0
652104001, 0.16, 8.34e-08, 1e-08, 0
652881601, 0.58, 8.34e-08, 1e-08, 0
653659201, 0.0, 7.05e-08, 1e-08, 102
653918401, 0.56, 8.4e-08, 1e-08, 0
654177601, 0.0, 4.91e-08, 1e-08, 102
654436801, 0.48, 9.29e-08, 1e-08, 102
654955201, 0.46, 4.38e-08, 1e-08, 102
655473601, 0.03, 4.9e-08, 1e-08, 0
655732801, 0.0, 4.18e-08, 1e-08, 102
656769601, 0.0, 5.19e-08, 1e-08, 1
657547201, 0.87, 9.42e-08, 1e-08, 0
657806401, 0.32, 5.98e-08, 1e-08, 0
658065601, 0.0, 6.55e-08, 1e-08, 102
658584001, 0.05, 5.35e-08, 1e-08, 0
658843201, 0.0, 4.81e-08, 1e-08, 102
659102401, 0.0, 3.33e-08, 1e-08, 102
659361601, 0.9, 5.7e-08, 1e-08, 102
659620801, 0.0, 5.25e-08, 1e-08, 0
659880001, 0.0, 7.35e-08, 1e-08, 102
660398401, 0.0, 7.09e-08, 1e-08, 0
661176001, 0.0, 5.05e-08, 1e-08, 102
661435201, 0.0, 4.45e-08, 1e-08, 102
661694401, 0.0, 6.85e-08, 1e-08, 102
661953601, 0.16, 7.42e-08, 1e-08, 0
662472001, 0.0, 3.93e-07, 1e-08, 0
662990401, 0.0, 4.76e-08, 1e-08, 102
663249601, 0.0, 9.13e-08, 1e-08, 102
663768001, 0.0, 1.66e-07, 1e-08, 102
664286401, 0.0, 6.85e-08, 1e-08, 102
664545601, 0.0, 7.05e-08, 1e-08, 102
665064001, 0.57, 1.02e-07, 1e-08, 0
665323201, 0.0, 6.69e-08, 1e-08, 102
665582401, 0.81, 7.72e-08, 1e-08, 0
665841601, 0.0, 4.04e-08, 1e-08, 102
666878401, 0.0, 2.41e-06, 1e-08, 0
667396801, 0.0, 1.8e-05, 1e-08, 102
667915201, 0.0, 6.6e-08, 1e-08, 102
668174401, 0.57, 6.37e-08, 1e-08, 0
668433601, 0.0, 4.14e-08, 1e-08, 102
668692801, 0.0, 3.94e-08, 1e-08, 102
668952001, 0.0, 6.88e-08, 1e-08, 102
669211201, 0.0, 6.01e-08, 1e-08, 102
669988801, 0.0, 4.51e-08, 1e-08, 102
670248001, 0.0, 6.27e-08, 1e-08, 0
670507201, 0.0, 6.13e-08, 1e-08, 102
670766401, 0.0, 5.18e-08, 1e-08, 0
671025601, 0.15, 7.77e-08, 1e-08, 102
671544001, 0.0, 7.68e-08, 1e-08, 0
671803201, 0.0, 6.58e-08, 1e-08, 102
672062401, 0.0, 5.66e-08, 1e-08, 102
672321601, 0.0, 5.19e-08, 1e-08, 0
672840001, 0.0, 3.32e-08, 1e-08, 102
673099201, 0.0, 4.64e-08, 1e-08, 102
673358401, 0.0, 5.43e-08, 1e-08, 102
673617601, 0.76, 4.9e-08, 1e-08, 0
674136001, 0.33, 8.98e-08, 1e-08, 0
674395201, 0.0, 7.52e-08, 1e-08, 102
674654401, 0.0, 6.94e-08, 1e-08, 102
674913601, 0.47, 8.3e-08, 1e-08, 0
675172801, 0.0, 6.11e-08, 1e-08, 0
675691201, 0.0, 5.51e-08, 1e-08, 0
675950401, 0.0, 7.56e-08, 1e-08, 102
676209601, 0.71, 9.43e-08, 1e-08, 0
676468801, 0.59, 7.15e-08, 1e-08, 102
676728001, 0.03, 5.61e-08, 1e-08, 0
676987201, 0.33, 5.66e-08, 1e-08, 102
677246401, 0.0, 6.95e-08, 1e-08, 102
677505601, 0.0, 5e-08, 1e-08, 102
677764801, 0.01, 7.9e-08, 1e-08, 0
678024001, 0.03, 9.36e-08, 1e-08, 102
678283201, 0.97, 1.04e-07, 1e-08, 0
678542401, 0.48, 8.37e-08, 1e-08, 0
679060801, 0.0, 6.33e-08, 1e-08, 0
679579201, 0.01, 5.98e-08, 1e-08, 0
679838401, 0.06, 7.19e-08, 1e-08, 0
680097601, 0.0, 6.81e-08, 1e-08, 0
680616001, 0.0, 7.19e-07, 1e-08, 102
680875201, 0.47, 1.63e-07, 1e-08, 0
681134401, 0.0, 1.19e-07, 1e-08, 102
681393601, 0.0, 9.58e-08, 1e-08, 102
681652801, 0.02, 1.59e-07, 1e-08, 0
681912001, 0.0, 4.38e-08, 1e-08, 102
682171201, 0.0, 5.17e-08, 1e-08, 101
682430401, 0.0, 4.67e-08, 1e-08, 101
682689601, 0.0, 4.92e-08, 1e-08, 101
682948801, 0.0, 8.63e-08, 1e-08, 102
683208001, 0.0, 8.32e-08, 1e-08, 0
683467201, 0.0, 5.55e-08, 1e-08, 101
683726401, 0.05, 7.11e-08, 1e-08, 102
684244801, 0.0, 5.83e-08, 1e-08, 0
684763201, 0.0, 7.56e-08, 1e-08, 102
685281601, 0.0, 8.37e-08, 1e-08, 101
685540801, 0.06, 5.28e-08, 1e-08, 0
685800001, 0.09, 4.46e-08, 1e-08, 0
686059201, 0.0, 4.37e-08, 1e-08, 101
686318401, 0.33, 7.17e-08, 1e-08, 0
686577601, 0.79, 7.78e-08, 1e-08, 0
686836801, 0.0, 3.83e-08, 1e-08, 102
687096001, 0.2, 5.69e-08, 1e-08, 102
687355201, 0.16, 6.69e-08, 1e-08, 0
687614401, 0.0, 5.86e-08, 1e-08, 101
687873601, 0.0, 4.38e-08, 1e-08, 101
688132801, 0.18, 7.99e-08, 1e-08, 0
688392001, 0.0, 6.07e-08, 1e-08, 101
688651201, 0.0, 5.44e-08, 1e-08, 102
688910401, 0.0, 5.54e-08, 1e-08, 101
689169601, 0.0, 6.08e-08, 1e-08, 102
689428801, 0.0, 5.43e-08, 1e-08, 101
689947201, 0.0, 5e-08, 1e-08, 102
690206401, 0.0, 5.39e-08, 1e-08, 101
690724801, 0.0, 5.34e-08, 1e-08, 102
690984001, 0.0, 4.66e-08, 1e-08, 102
691502401, 0.21, 6.33e-08, 1e-08, 0
691761601, 0.0, 7.59e-08, 1e-08, 101
692020801, 0.15, 8.39e-08, 1e-08, 102
692280001, 0.0, 7.18e-08, 1e-08, 1
692539201, 0.16, 7.69e-08, 1e-08, 0
692798401, 0.0, 5.67e-08, 1e-08, 101
693057601, 0.0, 3.81e-08, 1e-08, 101
693576001, 0.0, 4.47e-08, 1e-08, 101
693835201, 0.47, 5.73e-08, 1e-08, 102
694094401, 0.0, 9.57e-08, 1e-08, 101
694353601, 0.0, 1.17e-06, 1e-08, 102
694872001, 0.0, 9.69e-08, 1e-08, 102
695131201, 0.0, 7.45e-08, 1e-08, 101
695390401, 0.03, 1.65e-07, 1e-08, 102
695649601, 0.9, 1.95e-07, 1e-08, 0
695908801, 0.11, 8.13e-08, 1e-08, 0
696168001, 0.42, 8.9e-08, 1e-08, 0
696427201, 0.0, 4.82e-08, 1e-08, 101
696686401, 0.0, 6.33e-08, 1e-08, 101
696945601, 0.34, 6.99e-08, 1e-08, 0
697464001, 0.25, 8.87e-08, 1e-08, 0
697723201, 0.0, 6.43e-08, 1e-08, 101
697982401, 0.0, 4.79e-08, 1e-08, 101
698241601, 0.0, 6.13e-08, 1e-08, 101
698500801, 0.0, 6.96e-07, 1e-08, 102
698760001, 0.0, 8.88e-07, 1e-08, 102
699278401, 0.0, 1.5e-05, 1e-08, 101
699537601, 0.96, 1.07e-07, 1e-08, 0
699796801, 0.0, 5.12e-08, 1e-08, 101
700056001, 0.0, 6.59e-08, 1e-08, 102
700315201, 0.03, 5.91e-08, 1e-08, 0
701352001, 0.32, 1.01e-07, 1e-08, 0
702129601, 0.0, 5.56e-08, 1e-08, 101
702388801, 0.0, 6.95e-08, 1e-08, 101
702648001, 0.0, 5.32e-08, 1e-08, 102
702907201, 0.09, 5.95e-08, 1e-08, 102
703166401, 0.59, 7.88e-08, 1e-08, 0
703684801, 0.0, 6.89e-08, 1e-08, 0
703944001, 0.0, 4.29e-08, 1e-08, 101
704203201, 0.0, 3.59e-08, 1e-08, 102
704462401, 0.0, 3.65e-08, 1e-08, 101
704721601, 0.0, 3.06e-08, 1e-08, 101
704980801, 0.96, 6.2e-08, 1e-08, 102
705240001, 0.0, 5.67e-08, 1e-08, 101
705758401, 0.0, 5.13e-08, 1e-08, 102
706017601, 0.0, 7.15e-08, 1e-08, 102
706276801, 0.4, 9.33e-08, 1e-08, 0
707054401, 0.74, 8.04e-08, 1e-08, 0
707313601, 0.0, 3.98e-08, 1e-08, 101
707832001, 0.0, 3.3e-08, 1e-08, 101
708091201, 0.0, 8.68e-08, 1e-08, 101
708350401, 0.21, 8.92e-08, 1e-08, 0
708868801, 0.16, 5.68e-08, 1e-08, 0
709128001, 0.0, 3.26e-08, 1e-08, 101
709387201, 0.0, 6.36e-08, 1e-08, 102
709646401, 0.46, 1.13e-07, 1e-08, 0
710683201, 0.0, 5.98e-08, 1e-08, 101
710942401, 0.23, 7.7e-08, 1e-08, 102
711201601, 0.0, 3.86e-08, 1e-08, 101
712497601, 0.0, 3.76e-07, 1e-08, 102
712756801, 0.0, 5.75e-08, 1e-08, 101
713016001, 0.0, 1.08e-07, 1e-08, 102
713534401, 0.0, 9.88e-08, 1e-08, 101
713793601, 0.0, 4.02e-08, 1e-08, 102
714312001, 0.9, 9.63e-08, 1e-08, 102
714571201, 0.54, 7.77e-08, 1e-08, 0
714830401, 0.0, 6.99e-08, 1e-08, 102
715089601, 0.0, 5.74e-08, 1e-08, 102
715348801, 0.0, 4.43e-08, 1e-08, 101
715867201, 0.0, 6.56e-08, 1e-08, 101
716126401, 0.0, 4.96e-08, 1e-08, 101
716904001, 0.0, 9.81e-08, 1e-08, 102
717163201, 0.56, 1.16e-07, 1e-08, 102
717681601, 0.0, 6.35e-08, 1e-08, 101
717940801, 0.0, 6.89e-08, 1e-08, 102
718200001, 0.02, 5.85e-08, 1e-08, 0
718718401, 0.0, 3.18e-08, 1e-08, 101
719236801, 0.0, 3.95e-08, 1e-08, 102
719496001, 0.0, 6.09e-08, 1e-08, 101
719755201, 0.82, 8.52e-08, 1e-08, 0
720014401, 0.0, 5.38e-08, 1e-08, 101
720273601, 0.27, 5.64e-08, 1e-08, 0
720532801, 0.0, 3.6e-08, 1e-08, 101
720792001, 0.2, 7.72e-08, 1e-08, 0
721051201, 0.05, 6.81e-08, 1e-08, 0
721310401, 0.14, 7.47e-08, 1e-08, 0
721569601, 0.61, 7.97e-08, 1e-08, 102
721828801, 0.77, 7.36e-08, 1e-08, 0
722347201, 0.0, 4.15e-08, 1e-08, 102
722606401, 0.17, 5.64e-08, 1e-08, 0
723384001, 0.22, 8.61e-08, 1e-08, 0
723902401, 0.0, 3.63e-08, 1e-08, 101
724161601, 0.0, 4.58e-08, 1e-08, 101
724420801, 0.73, 1.08e-07, 1e-08, 0
724680001, 0.0, 5.16e-08, 1e-08, 101
724939201, 0.0, 5.44e-08, 1e-08, 101
725457601, 0.0, 3.67e-08, 1e-08, 102
725716801, 0.0, 4.8e-08, 1e-08, 102
725976001, 0.75, 4.29e-07, 1e-08, 0
726235201, 0.0, 1.96e-07, 1e-08, 101
726494401, 0.1, 9.2e-08, 1e-08, 102
726753601, 0.0, 8.71e-08, 1e-08, 101
727272001, 0.0, 1.23e-07, 1e-08, 102
727531201, 0.86, 1.91e-07, 1e-08, 0
728049601, 0.68, 9.73e-08, 1e-08, 0
728308801, 0.0, 7.51e-08, 1e-08, 101
728827201, 0.33, 7.25e-08, 1e-08, 102
729086401, 0.03, 6.96e-08, 1e-08, 0
729345601, 0.06, 6.87e-08, 1e-08, 102
729864001, 0.43, 6.32e-08, 1e-08, 102
730123201, 0.0, 6.63e-08, 1e-08, 101
730382401, 0.0, 2.45e-07, 1e-08, 101
730641601, 0.0, 3.12e-07, 1e-08, 102
730900801, 0.0, 9.24e-06, 1e-08, 102
731419201, 0.36, 5.93e-08, 1e-08, 0
731678401, 0.0, 6.5e-08, 1e-08, 0
731937601, 0.03, 5.62e-08, 1e-08, 0
732196801, 0.27, 6.66e-08, 1e-08, 102
732456001, 0.0, 5.98e-08, 1e-08, 102
732715201, 0.0, 3.79e-08, 1e-08, 102
732974401, 0.0, 3.96e-08, 1e-08, 101
733233601, 0.0, 6.66e-08, 1e-08, 101
733492801, 0.0, 6.94e-08, 1e-08, 101
733752001, 0.0, 3.8e-08, 1e-08, 101
734011201, 0.0, 3.89e-08, 1e-08, 102
734270401, 0.11, 7.15e-08, 1e-08, 0
734529601, 0.0, 5.77e-08, 1e-08, 101
735048001, 0.0, 7.18e-08, 1e-08, 102
735307201, 0.0, 5.57e-08, 1e-08, 101
735566401, 0.0, 5.83e-08, 1e-08, 102
735825601, 0.0, 4.19e-08, 1e-08, 102
736603201, 0.69, 6.27e-08, 1e-08, 0
737121601, 0.0, 5.78e-08, 1e-08, 102
737380801, 0.0, 5.37e-08, 1e-08, 101
737640001, 0.0, 7.21e-08, 1e-08, 101
737899201, 0.97, 7.83e-08, 1e-08, 102
738158401, 0.0, 6.75e-08, 1e-08, 101
738417601, 0.0, 5.66e-08, 1e-08, 101
738676801, 0.0, 4.21e-08, 1e-08, 102
738936001, 0.0, 5.1e-08, 1e-08, 102
739195201, 0.65, 8.51e-08, 1e-08, 0
739972801, 0.33, 8.06e-08, 1e-08, 0
740491201, 0.0, 3.47e-08, 1e-08, 101
740750401, 0.0, 3.6e-08, 1e-08, 101
741009601, 0.0, 4.13e-08, 1e-08, 101
741528001, 0.0, 7.25e-08, 1e-08, 102
741787201, 0.0, 5.18e-08, 1e-08, 101
