timestamp, ts, flux, flux_error, photon_index, photon_index_interval, fit_tolerance, fit_convergence
242049601, 1.94, 5.06e-08, 4.39e-08, 2.45, 0, 1e-08, 0
242308801, 6.94, 6.42e-08, 4.1e-08, 2.45, 0, 1e-08, 0
242568001, 8.3, 1.27e-07, 5.7e-08, 2.45, 0, 1e-08, 0
242827201, 13.5, 1.56e-07, 5.92e-08, 2.45, 0, 1e-08, 0
244382401, 7.78, 8.08e-08, 4.24e-08, 2.45, 0, 1e-08, 0
245678401, 2.36, 4.01e-08, 3.77e-08, 2.45, 0, 1e-08, 0
246456001, 6.04, 4.47e-08, 3.61e-08, 2.45, 0, 1e-08, 0
247233601, 3.82, 3.6e-08, 3.24e-08, 2.45, 0, 1e-08, 0
249307201, 1.4, 5.09e-08, 5e-08, 2.45, 0, 1e-08, 0
250344001, 7.65, 8.99e-08, 4.88e-08, 2.45, 0, 1e-08, 0
251121601, 1.43, 6.41e-08, 6.07e-08, 2.45, 0, 1e-08, 0
253195201, 1.77, 5.89e-08, 5.2e-08, 2.45, 0, 1e-08, 0
253713601, 2.68, 4.2e-08, 3.79e-08, 2.45, 0, 1e-08, 0
254232001, 2.06, 4.81e-08, 4.01e-08, 2.45, 0, 1e-08, 0
256046401, 3.37, 4.15e-08, 3.48e-08, 2.45, 0, 1e-08, 0
256305601, 2.93, 2.64e-08, 2.7e-08, 2.45, 0, 1e-08, 0
256824001, 1.01, 1.76e-08, 2.34e-08, 2.45, 0, 1e-08, 0
260452801, 6.61, 9.91e-08, 4.87e-08, 2.45, 0, 1e-08, 0
260971201, 1.27, 4.29e-08, 4.32e-08, 2.45, 0, 1e-08, 0
262267201, 2.26, 5.87e-08, 4.95e-08, 2.45, 0, 1e-08, 0
263044801, 1.04, 3.81e-08, 4.32e-08, 2.45, 0, 1e-08, 0
263822401, 4.81, 7.74e-08, 5.44e-08, 2.45, 0, 1e-08, 0
264081601, 3.29, 6.75e-08, 4.84e-08, 2.45, 0, 1e-08, 0
264859201, 10.11, 1.14e-07, 5.41e-08, 2.45, 0, 1e-08, 0
265118401, 1.08, 4e-08, 4.65e-08, 2.45, 0, 1e-08, 0
265377601, 3.43, 7.71e-08, 5.09e-08, 2.45, 0, 1e-08, 0
265636801, 2.0, 4.85e-08, 4.27e-08, 2.45, 0, 1e-08, 0
268228801, 5.42, 8.8e-08, 5.42e-08, 2.45, 0, 1e-08, 0
269265601, 1.17, 4.18e-08, 4.51e-08, 2.45, 0, 1e-08, 0
269784001, 3.43, 6.24e-08, 4.34e-08, 2.45, 0, 1e-08, 0
271080001, 4.99, 5.73e-08, 3.82e-08, 2.45, 0, 1e-08, 0
271339201, 7.45, 9.55e-08, 4.83e-08, 2.45, 0, 1e-08, 0
271598401, 10.95, 1.41e-07, 5.48e-08, 2.45, 0, 1e-08, 0
271857601, 3.58, 4.62e-08, 3.68e-08, 2.45, 0, 1e-08, 0
273672001, 2.99, 4.16e-08, 3.89e-08, 2.45, 0, 1e-08, 0
273931201, 2.26, 4.75e-08, 4.37e-08, 2.45, 0, 1e-08, 0
274190401, 10.18, 6.14e-08, 3.86e-08, 2.45, 0, 1e-08, 0
274449601, 1.31, 3.93e-08, 4.1e-08, 2.45, 0, 1e-08, 0
274968001, 1.52, 3.36e-08, 3.35e-08, 2.45, 0, 1e-08, 0
275486401, 1.37, 3.05e-08, 3.01e-08, 2.45, 0, 1e-08, 0
275745601, 1.1, 2.73e-08, 3.05e-08, 2.45, 0, 1e-08, 0
277041601, 1.2, 3.35e-08, 3.48e-08, 2.45, 0, 1e-08, 0
278078401, 8.39, 1.12e-07, 5.78e-08, 2.45, 0, 1e-08, 0
278596801, 2.9, 6.03e-08, 4.57e-08, 2.45, 0, 1e-08, 0
278856001, 41.48, 2.07e-07, 5.5e-08, 2.45, 0, 1e-08, 0
279115201, 7.41, 9.06e-08, 4.53e-08, 2.45, 0, 1e-08, 0
279374401, 19.0, 1.56e-07, 5e-08, 2.45, 0, 1e-08, 0
279633601, 2.15, 3.95e-08, 3.4e-08, 2.45, 0, 1e-08, 0
281448001, 4.57, 8.28e-08, 4.65e-08, 2.45, 0, 1e-08, 0
282484801, 4.0, 8.16e-08, 5.23e-08, 2.45, 0, 1e-08, 0
283003201, 4.57, 8.81e-08, 5.29e-08, 2.45, 0, 1e-08, 0
284040001, 1.65, 4e-08, 3.72e-08, 2.45, 0, 1e-08, 0
284299201, 1.93, 3.85e-08, 3.44e-08, 2.45, 0, 1e-08, 0
286113601, 1.36, 3.05e-08, 3.34e-08, 2.45, 0, 1e-08, 0
286372801, 2.13, 5.61e-08, 4.51e-08, 2.45, 0, 1e-08, 0
287668801, 4.52, 9e-08, 5.11e-08, 2.45, 0, 1e-08, 0
287928001, 8.16, 2.53e-08, 2.36e-08, 2.45, 0, 1e-08, 0
288446401, 1.61, 4.78e-08, 4.29e-08, 2.45, 0, 1e-08, 0
289224001, 5.56, 3.79e-08, 2.87e-08, 2.45, 0, 1e-08, 0
290001601, 3.48, 6.8e-08, 4.59e-08, 2.45, 0, 1e-08, 0
290779201, 2.24, 5.23e-08, 4.2e-08, 2.45, 0, 1e-08, 0
291297601, 3.23, 7.65e-08, 5.16e-08, 2.45, 0, 1e-08, 0
291556801, 2.43, 6.98e-08, 5.21e-08, 2.45, 0, 1e-08, 0
292075201, 5.5, 6.57e-08, 4.23e-08, 2.45, 0, 1e-08, 0
293112001, 5.38, 7.3e-08, 4.22e-08, 2.45, 0, 1e-08, 0
293889601, 9.15, 7.18e-08, 3.82e-08, 2.45, 0, 1e-08, 0
294408001, 7.37, 9.49e-08, 4.6e-08, 2.45, 0, 1e-08, 0
294926401, 1.49, 3.84e-08, 3.97e-08, 2.45, 0, 1e-08, 0
295444801, 1.71, 4.69e-08, 4.28e-08, 2.45, 0, 1e-08, 0
296222401, 3.21, 5.04e-08, 3.89e-08, 2.45, 0, 1e-08, 0
296481601, 2.53, 6.33e-08, 4.97e-08, 2.45, 0, 1e-08, 0
299332801, 4.76, 6.1e-08, 3.79e-08, 2.45, 0, 1e-08, 0
299592001, 2.3, 5.74e-08, 4.36e-08, 2.45, 0, 1e-08, 0
300628801, 1.23, 4.8e-08, 5.08e-08, 2.45, 0, 1e-08, 0
300888001, 6.1, 8.67e-08, 4.84e-08, 2.45, 0, 1e-08, 0
301147201, 1.18, 4.62e-08, 5.08e-08, 2.45, 0, 1e-08, 0
302702401, 9.71, 9.67e-08, 4.43e-08, 2.45, 0, 1e-08, 0
302961601, 5.01, 7.67e-08, 4.13e-08, 2.45, 0, 1e-08, 0
303220801, 4.63, 8.04e-08, 4.56e-08, 2.45, 0, 1e-08, 0
303739201, 4.6, 6.77e-08, 4.05e-08, 2.45, 0, 1e-08, 0
303998401, 4.53, 5.44e-08, 3.42e-08, 2.45, 0, 1e-08, 0
304257601, 7.58, 4.69e-08, 3.18e-08, 2.45, 0, 1e-08, 0
304776001, 4.19, 6.41e-08, 4.2e-08, 2.45, 0, 1e-08, 0
305553601, 4.24, 8.25e-08, 5.65e-08, 2.45, 0, 1e-08, 0
305812801, 1.12, 3.97e-08, 4.48e-08, 2.45, 0, 1e-08, 0
306849601, 1.59, 4.03e-08, 4.02e-08, 2.45, 0, 1e-08, 0
308404801, 1.76, 3.1e-08, 2.86e-08, 2.45, 0, 1e-08, 0
308923201, 3.95, 5.96e-08, 3.97e-08, 2.45, 0, 1e-08, 0
309182401, 4.86, 5.59e-08, 3.64e-08, 2.45, 0, 1e-08, 0
309700801, 2.69, 5.67e-08, 4.14e-08, 2.45, 0, 1e-08, 0
309960001, 6.24, 9.79e-08, 5.11e-08, 2.45, 0, 1e-08, 0
310219201, 3.99, 9.25e-08, 5.74e-08, 2.45, 0, 1e-08, 0
311774401, 3.26, 4.69e-08, 3.34e-08, 2.45, 0, 1e-08, 0
312033601, 3.02, 5.5e-08, 4.05e-08, 2.45, 0, 1e-08, 0
312292801, 1.69, 4.43e-08, 4.16e-08, 2.45, 0, 1e-08, 0
312552001, 2.45, 4.16e-08, 3.34e-08, 2.45, 0, 1e-08, 0
312811201, 1.06, 3.27e-08, 3.71e-08, 2.45, 0, 1e-08, 0
313070401, 11.21, 1.17e-07, 4.59e-08, 2.45, 0, 1e-08, 0
313329601, 7.38, 7.76e-08, 4.24e-08, 2.45, 0, 1e-08, 0
313588801, 3.69, 6.1e-08, 4.09e-08, 2.45, 0, 1e-08, 0
313848001, 1.6, 2.22e-08, 2.54e-08, 2.45, 0, 1e-08, 0
314366401, 1.11, 3.17e-08, 3.59e-08, 2.45, 0, 1e-08, 0
314625601, 9.63, 1.05e-07, 5.39e-08, 2.45, 0, 1e-08, 0
315662401, 7.99, 6.46e-08, 3.42e-08, 2.45, 0, 1e-08, 0
320068801, 4.2, 7.95e-08, 4.87e-08, 2.45, 0, 1e-08, 0
321364801, 4.57, 8.07e-08, 4.64e-08, 2.45, 0, 1e-08, 0
321883201, 5.0, 6.19e-08, 3.62e-08, 2.45, 0, 1e-08, 0
322142401, 3.65, 5.89e-08, 3.81e-08, 2.45, 0, 1e-08, 0
322401601, 1.81, 4.8e-08, 4.03e-08, 2.45, 0, 1e-08, 0
322660801, 5.52, 9.01e-08, 5.38e-08, 2.45, 0, 1e-08, 0
323956801, 5.81, 7.64e-08, 4.24e-08, 2.45, 0, 1e-08, 0
324734401, 1.41, 2.02e-07, 2.15e-07, 2.45, 0, 1e-08, 0
324993601, 2.8, 6.28e-08, 4.89e-08, 2.45, 0, 1e-08, 0
326289601, 3.17, 6.17e-08, 4.06e-08, 2.45, 0, 1e-08, 0
326548801, 2.84, 3.83e-08, 3.06e-08, 2.45, 0, 1e-08, 0
327326401, 9.33, 7.22e-08, 3.48e-08, 2.45, 0, 1e-08, 0
327585601, 2.0, 5.45e-08, 4.51e-08, 2.45, 0, 1e-08, 0
328881601, 3.2, 3.31e-08, 3.15e-08, 2.45, 0, 1e-08, 0
329918401, 3.76, 6.67e-08, 4.33e-08, 2.45, 0, 1e-08, 0
330436801, 1.6, 3.59e-08, 3.53e-08, 2.45, 0, 1e-08, 0
332251201, 1.93, 5.22e-08, 4.36e-08, 2.45, 0, 1e-08, 0
334584001, 3.76, 6.76e-08, 4.46e-08, 2.45, 0, 1e-08, 0
335102401, 9.37, 7.54e-08, 3.98e-08, 2.45, 0, 1e-08, 0
336398401, 1.29, 3.33e-08, 3.52e-08, 2.45, 0, 1e-08, 0
337694401, 1.14, 4.21e-08, 4.54e-08, 2.45, 0, 1e-08, 0
337953601, 1.71, 3.72e-08, 3.86e-08, 2.45, 0, 1e-08, 0
338212801, 3.59, 7.15e-08, 4.84e-08, 2.45, 0, 1e-08, 0
338472001, 1.02, 4.38e-08, 4.81e-08, 2.45, 0, 1e-08, 0
339249601, 4.11, 8.37e-08, 5.14e-08, 2.45, 0, 1e-08, 0
339768001, 1.85, 4.2e-08, 3.97e-08, 2.45, 0, 1e-08, 0
341582401, 2.86, 3.49e-08, 3.31e-08, 2.45, 0, 1e-08, 0
341841601, 2.47, 4.8e-08, 3.94e-08, 2.45, 0, 1e-08, 0
342360001, 3.68, 8.04e-08, 5.15e-08, 2.45, 0, 1e-08, 0
343396801, 4.8, 4.48e-08, 3.33e-08, 2.45, 0, 1e-08, 0
344692801, 4.99, 3.08e-08, 2.72e-08, 2.45, 0, 1e-08, 0
345211201, 1.38, 2.05e-08, 2.32e-08, 2.45, 0, 1e-08, 0
345729601, 10.78, 1.14e-07, 4.88e-08, 2.45, 0, 1e-08, 0
350395201, 2.2, 5.34e-08, 4.26e-08, 2.45, 0, 1e-08, 0
352987201, 1.71, 5.24e-08, 5.89e-08, 2.45, 0, 1e-08, 0
354283201, 1.3, 4.2e-08, 4.12e-08, 2.45, 0, 1e-08, 0
356356801, 1.66, 1.24e-07, 1.26e-07, 2.45, 0, 1e-08, 0
356616001, 5.39, 1.05e-07, 5.72e-08, 2.45, 0, 1e-08, 0
358430401, 3.46, 7.24e-08, 4.75e-08, 2.45, 0, 1e-08, 0
359208001, 3.85, 7.06e-08, 4.43e-08, 2.45, 0, 1e-08, 0
359467201, 2.94, 5.86e-08, 4.05e-08, 2.45, 0, 1e-08, 0
360244801, 8.66, 1.14e-07, 5.5e-08, 2.45, 0, 1e-08, 0
360504001, 1.43, 5.8e-08, 5.41e-08, 2.45, 0, 1e-08, 0
360763201, 11.03, 1.17e-07, 5.68e-08, 2.45, 0, 1e-08, 0
361281601, 17.24, 1.56e-07, 5.5e-08, 2.45, 0, 1e-08, 0
361540801, 11.62, 1.39e-07, 5.69e-08, 2.45, 0, 1e-08, 0
361800001, 2.07, 5.85e-08, 4.84e-08, 2.45, 0, 1e-08, 0
362059201, 13.86, 1.38e-07, 5.4e-08, 2.45, 0, 1e-08, 0
362318401, 12.5, 1.17e-07, 4.61e-08, 2.45, 0, 1e-08, 0
365169601, 3.21, 5.79e-08, 4.33e-08, 2.45, 0, 1e-08, 0
367243201, 1.02, 4.09e-08, 4.56e-08, 2.45, 0, 1e-08, 0
367502401, 1.03, 2.27e-08, 2.79e-08, 2.45, 0, 1e-08, 0
367761601, 3.94, 6.64e-08, 4.17e-08, 2.45, 0, 1e-08, 0
369316801, 1.16, 4.41e-08, 4.57e-08, 2.45, 0, 1e-08, 0
370872001, 1.2, 5.76e-08, 5.94e-08, 2.45, 0, 1e-08, 0
374760001, 5.68, 6.18e-08, 4.52e-08, 2.45, 0, 1e-08, 0
375278401, 5.74, 8.23e-08, 5.08e-08, 2.45, 0, 1e-08, 0
376315201, 2.59, 2.09e-08, 2.22e-08, 2.45, 0, 1e-08, 0
377611201, 4.59, 6.94e-08, 4.08e-08, 2.45, 0, 1e-08, 0
378388801, 4.6, 6.28e-08, 3.92e-08, 2.45, 0, 1e-08, 0
379166401, 1.12, 1.84e-08, 2.45e-08, 2.45, 0, 1e-08, 0
379944001, 4.9, 1.01e-07, 5.57e-08, 2.45, 0, 1e-08, 0
380721601, 1.26, 4.03e-08, 4.03e-08, 2.45, 0, 1e-08, 0
380980801, 8.97, 9.28e-08, 4.22e-08, 2.45, 0, 1e-08, 0
382017601, 2.06, 3.37e-08, 3.27e-08, 2.45, 0, 1e-08, 0
382795201, 4.88, 3.99e-08, 2.85e-08, 2.45, 0, 1e-08, 0
383054401, 2.76, 6.21e-08, 4.51e-08, 2.45, 0, 1e-08, 0
383572801, 1.07, 4.49e-08, 5.01e-08, 2.45, 0, 1e-08, 0
383832001, 5.44, 1.01e-07, 5.68e-08, 2.45, 0, 1e-08, 0
385128001, 3.28, 5.67e-08, 4.16e-08, 2.45, 0, 1e-08, 0
385387201, 1.05, 3.32e-08, 3.72e-08, 2.45, 0, 1e-08, 0
386164801, 5.34, 4.45e-08, 3.31e-08, 2.45, 0, 1e-08, 0
388497601, 4.59, 6.98e-08, 4.81e-08, 2.45, 0, 1e-08, 0
392385601, 1.74, 4.69e-08, 4.23e-08, 2.45, 0, 1e-08, 0
392644801, 1.07, 2.86e-08, 3.56e-08, 2.45, 0, 1e-08, 0
392904001, 5.64, 9.74e-08, 5.47e-08, 2.45, 0, 1e-08, 0
393422401, 4.85, 1.07e-07, 6.12e-08, 2.45, 0, 1e-08, 0
393940801, 6.52, 1.03e-07, 5.51e-08, 2.45, 0, 1e-08, 0
394200001, 3.72, 7.29e-08, 4.79e-08, 2.45, 0, 1e-08, 0
394718401, 8.17, 6.19e-08, 3.68e-08, 2.45, 0, 1e-08, 0
394977601, 3.56, 6.66e-08, 4.34e-08, 2.45, 0, 1e-08, 0
395236801, 6.67, 7.75e-08, 4.16e-08, 2.45, 0, 1e-08, 0
395755201, 3.15, 5.45e-08, 3.74e-08, 2.45, 0, 1e-08, 0
396014401, 2.28, 5.27e-08, 4.11e-08, 2.45, 0, 1e-08, 0
396273601, 2.25, 5.18e-08, 4e-08, 2.45, 0, 1e-08, 0
397051201, 4.87, 7.82e-08, 4.48e-08, 2.45, 0, 1e-08, 0
397828801, 5.87, 8.31e-08, 4.68e-08, 2.45, 0, 1e-08, 0
398088001, 4.36, 5.13e-08, 3.58e-08, 2.45, 0, 1e-08, 0
398347201, 3.12, 7.85e-08, 5.96e-08, 2.45, 0, 1e-08, 0
398606401, 1.11, 4.49e-08, 5.13e-08, 2.45, 0, 1e-08, 0
398865601, 5.45, 6.98e-08, 4.42e-08, 2.45, 0, 1e-08, 0
399124801, 12.43, 8.34e-08, 4.13e-08, 2.45, 0, 1e-08, 0
401198401, 1.21, 4.41e-08, 4.52e-08, 2.45, 0, 1e-08, 0
404308801, 2.81, 6.85e-08, 4.77e-08, 2.45, 0, 1e-08, 0
406123201, 1.68, 4e-08, 3.86e-08, 2.45, 0, 1e-08, 0
410011201, 9.75, 1.02e-07, 4.81e-08, 2.45, 0, 1e-08, 0
410529601, 2.14, 3.2e-08, 3.05e-08, 2.45, 0, 1e-08, 0
411566401, 1.17, 5.23e-08, 5.69e-08, 2.45, 0, 1e-08, 0
411825601, 1.06, 1.96e-08, 2.64e-08, 2.45, 0, 1e-08, 0
412084801, 1.61, 4.21e-08, 4.18e-08, 2.45, 0, 1e-08, 0
414417601, 1.72, 4.26e-08, 4.03e-08, 2.45, 0, 1e-08, 0
414676801, 10.57, 1.06e-07, 4.92e-08, 2.45, 0, 1e-08, 0
415195201, 5.18, 5.12e-08, 3e-08, 2.45, 0, 1e-08, 0
415713601, 1.84, 4.48e-08, 4.32e-08, 2.45, 0, 1e-08, 0
416232001, 2.09, 7.51e-08, 6.38e-08, 2.45, 0, 1e-08, 0
417268801, 9.53, 1.3e-07, 5.71e-08, 2.45, 0, 1e-08, 0
417528001, 3.04, 5.78e-08, 4.16e-08, 2.45, 0, 1e-08, 0
418046401, 1.97, 2.24e-08, 2.44e-08, 2.45, 0, 1e-08, 0
418305601, 1.31, 3.51e-08, 3.71e-08, 2.45, 0, 1e-08, 0
420120001, 1.13, 4.29e-08, 4.58e-08, 2.45, 0, 1e-08, 0
421416001, 1.67, 5.21e-08, 4.77e-08, 2.45, 0, 1e-08, 0
421675201, 2.58, 2.56e-08, 2.55e-08, 2.45, 0, 1e-08, 0
422193601, 1.11, 2.96e-08, 3.31e-08, 2.45, 0, 1e-08, 0
422971201, 1.09, 3.06e-08, 3.42e-08, 2.45, 0, 1e-08, 0
423489601, 1.28, 3.01e-08, 3.11e-08, 2.45, 0, 1e-08, 0
424267201, 1.44, 3.11e-08, 3.07e-08, 2.45, 0, 1e-08, 0
427377601, 4.38, 8.47e-08, 4.84e-08, 2.45, 0, 1e-08, 0
427896001, 1.1, 2.96e-08, 3.52e-08, 2.45, 0, 1e-08, 0
428155201, 2.93, 5.66e-08, 4.32e-08, 2.45, 0, 1e-08, 0
429192001, 3.1, 7.1e-08, 5.01e-08, 2.45, 0, 1e-08, 0
429710401, 1.11, 5.5e-08, 5.9e-08, 2.45, 0, 1e-08, 0
432561601, 3.96, 6.78e-08, 4.41e-08, 2.45, 0, 1e-08, 0
434116801, 3.04, 7.95e-08, 5.45e-08, 2.45, 0, 1e-08, 0
434635201, 2.24, 6e-08, 5.19e-08, 2.45, 0, 1e-08, 0
434894401, 1.4, 3.81e-08, 4.36e-08, 2.45, 0, 1e-08, 0
435672001, 2.0, 6.82e-08, 5.59e-08, 2.45, 0, 1e-08, 0
437745601, 6.49, 9.31e-08, 5.11e-08, 2.45, 0, 1e-08, 0
438004801, 2.87, 7.04e-08, 4.86e-08, 2.45, 0, 1e-08, 0
439819201, 4.4, 7.72e-08, 4.78e-08, 2.45, 0, 1e-08, 0
440337601, 1.25, 3.95e-08, 4.08e-08, 2.45, 0, 1e-08, 0
444744001, 4.89, 8.17e-08, 4.53e-08, 2.45, 0, 1e-08, 0
445003201, 2.51, 3.32e-08, 3.08e-08, 2.45, 0, 1e-08, 0
446299201, 6.24, 3.18e-08, 2.27e-08, 2.45, 0, 1e-08, 0
446558401, 4.53, 6.05e-08, 3.71e-08, 2.45, 0, 1e-08, 0
447336001, 1.08, 2.85e-08, 3.4e-08, 2.45, 0, 1e-08, 0
447595201, 1.4, 2.4e-08, 2.81e-08, 2.45, 0, 1e-08, 0
448372801, 1.81, 4.71e-08, 4.45e-08, 2.45, 0, 1e-08, 0
450705601, 1.07, 3.45e-08, 3.84e-08, 2.45, 0, 1e-08, 0
450964801, 16.75, 1.17e-07, 4.6e-08, 2.45, 0, 1e-08, 0
453816001, 3.6, 5.42e-08, 3.82e-08, 2.45, 0, 1e-08, 0
457963201, 2.67, 3.67e-08, 3.4e-08, 2.45, 0, 1e-08, 0
458222401, 1.35, 2.61e-08, 3.2e-08, 2.45, 0, 1e-08, 0
460036801, 1.36, 3.21e-08, 3.31e-08, 2.45, 0, 1e-08, 0
461592001, 1.06, 3.9e-08, 4.38e-08, 2.45, 0, 1e-08, 0
462369601, 1.01, 3.53e-08, 4.14e-08, 2.45, 0, 1e-08, 0
464184001, 1.64, 3.15e-08, 3.13e-08, 2.45, 0, 1e-08, 0
466257601, 2.63, 7.22e-08, 5.26e-08, 2.45, 0, 1e-08, 0
467553601, 1.01, 3.06e-08, 3.77e-08, 2.45, 0, 1e-08, 0
468072001, 1.13, 3.13e-08, 3.42e-08, 2.45, 0, 1e-08, 0
468590401, 6.42, 7.8e-08, 4e-08, 2.45, 0, 1e-08, 0
468849601, 1.05, 3.1e-08, 3.48e-08, 2.45, 0, 1e-08, 0
470404801, 1.05, 4.32e-08, 4.63e-08, 2.45, 0, 1e-08, 0
470664001, 1.88, 3.75e-08, 3.69e-08, 2.45, 0, 1e-08, 0
475848001, 1.26, 5.17e-08, 5.25e-08, 2.45, 0, 1e-08, 0
477403201, 1.48, 4.02e-08, 3.88e-08, 2.45, 0, 1e-08, 0
477662401, 2.49, 5.19e-08, 3.94e-08, 2.45, 0, 1e-08, 0
478958401, 1.48, 3.21e-08, 3.23e-08, 2.45, 0, 1e-08, 0
481809601, 1.07, 2.97e-08, 3.3e-08, 2.45, 0, 1e-08, 0
485956801, 1.43, 4.34e-08, 4.35e-08, 2.45, 0, 1e-08, 0
486734401, 1.72, 3.35e-08, 3.2e-08, 2.45, 0, 1e-08, 0
491918401, 1.69, 1.49e-08, 1.55e-08, 2.45, 0, 1e-08, 0
492436801, 1.02, 3.46e-08, 3.83e-08, 2.45, 0, 1e-08, 0
492955201, 2.83, 3.04e-08, 2.97e-08, 2.45, 0, 1e-08, 0
493992001, 1.43, 4.58e-08, 4.71e-08, 2.45, 0, 1e-08, 0
494251201, 1.91, 6.44e-08, 5.35e-08, 2.45, 0, 1e-08, 0
495288001, 1.37, 3.76e-08, 3.97e-08, 2.45, 0, 1e-08, 0
496584001, 2.5, 3.87e-08, 3.32e-08, 2.45, 0, 1e-08, 0
500731201, 1.01, 4.08e-08, 4.53e-08, 2.45, 0, 1e-08, 0
502286401, 13.22, 1.18e-07, 4.81e-08, 2.45, 0, 1e-08, 0
503064001, 3.78, 5.64e-08, 4.19e-08, 2.45, 0, 1e-08, 0
503323201, 1.82, 2.56e-08, 2.83e-08, 2.45, 0, 1e-08, 0
504878401, 1.92, 8.85e-08, 7.96e-08, 2.45, 0, 1e-08, 0
505396801, 8.11, 5.47e-08, 3.19e-08, 2.45, 0, 1e-08, 0
506692801, 2.93, 5.77e-08, 4.08e-08, 2.45, 0, 1e-08, 0
509025601, 2.72, 6.15e-08, 4.36e-08, 2.45, 0, 1e-08, 0
509544001, 2.25, 4.2e-08, 3.76e-08, 2.45, 0, 1e-08, 0
509803201, 2.75, 4.49e-08, 3.64e-08, 2.45, 0, 1e-08, 0
510580801, 5.5, 6.14e-08, 4.08e-08, 2.45, 0, 1e-08, 0
510840001, 3.59, 5.14e-08, 3.97e-08, 2.45, 0, 1e-08, 0
512136001, 1.53, 5.59e-08, 5.11e-08, 2.45, 0, 1e-08, 0
514987201, 12.74, 1.01e-07, 4.42e-08, 2.45, 0, 1e-08, 0
518097601, 1.56, 3.76e-08, 3.66e-08, 2.45, 0, 1e-08, 0
519652801, 2.16, 5.51e-08, 4.49e-08, 2.45, 0, 1e-08, 0
520430401, 1.92, 4.38e-08, 4.08e-08, 2.45, 0, 1e-08, 0
521726401, 2.18, 5.05e-08, 4.35e-08, 2.45, 0, 1e-08, 0
523540801, 1.38, 4.79e-08, 4.59e-08, 2.45, 0, 1e-08, 0
525355201, 3.74, 6.1e-08, 4.12e-08, 2.45, 0, 1e-08, 0
530280001, 1.86, 4.3e-08, 3.91e-08, 2.45, 0, 1e-08, 0
531057601, 1.02, 3.52e-08, 4.2e-08, 2.45, 0, 1e-08, 0
531316801, 4.6, 7.71e-08, 4.61e-08, 2.45, 0, 1e-08, 0
532353601, 1.13, 3.75e-08, 3.96e-08, 2.45, 0, 1e-08, 0
533908801, 10.19, 7.86e-08, 3.76e-08, 2.45, 0, 1e-08, 0
535723201, 1.55, 5.49e-08, 5.11e-08, 2.45, 0, 1e-08, 0
540648001, 3.71, 6.59e-08, 4.43e-08, 2.45, 0, 1e-08, 0
541166401, 6.24, 9.14e-08, 4.57e-08, 2.45, 0, 1e-08, 0
541425601, 2.3, 4.94e-08, 3.81e-08, 2.45, 0, 1e-08, 0
541944001, 1.11, 3.85e-08, 4.17e-08, 2.45, 0, 1e-08, 0
542721601, 1.55, 8.29e-08, 7.92e-08, 2.45, 0, 1e-08, 0
546609601, 1.16, 1.75e-08, 1.97e-08, 2.45, 0, 1e-08, 0
546868801, 2.01, 6.71e-08, 5.91e-08, 2.45, 0, 1e-08, 0
550756801, 3.69, 3.24e-08, 2.15e-08, 2.45, 0, 1e-08, 0
552830401, 5.29, 5.21e-08, 3.01e-08, 2.45, 0, 1e-08, 0
554126401, 1.8, 4.15e-08, 3.63e-08, 2.45, 0, 1e-08, 0
554904001, 1.01, 5.57e-08, 6.41e-08, 2.45, 0, 1e-08, 0
555940801, 1.55, 7.24e-08, 7.86e-08, 2.45, 0, 1e-08, 0
556459201, 1.25, 2.25e-08, 2.32e-08, 2.45, 0, 1e-08, 0
562939201, 3.13, 6.27e-08, 4.24e-08, 2.45, 0, 1e-08, 0
566049601, 1.44, 7.07e-08, 6.92e-08, 2.45, 0, 1e-08, 0
566827201, 1.11, 2.72e-08, 3.04e-08, 2.45, 0, 1e-08, 0
568123201, 1.46, 2.59e-08, 2.61e-08, 2.45, 0, 1e-08, 0
568641601, 2.92, 3.48e-08, 2.86e-08, 2.45, 0, 1e-08, 0
574084801, 1.51, 3.45e-08, 3.45e-08, 2.45, 0, 1e-08, 0
575380801, 1.17, 3.85e-08, 4.03e-08, 2.45, 0, 1e-08, 0
576158401, 11.63, 1.26e-07, 5.42e-08, 2.45, 0, 1e-08, 0
578232001, 1.14, 3.24e-08, 3.46e-08, 2.45, 0, 1e-08, 0
579009601, 2.15, 5.87e-08, 4.54e-08, 2.45, 0, 1e-08, 0
580046401, 3.94, 6.24e-08, 4.17e-08, 2.45, 0, 1e-08, 0
581601601, 3.11, 5.31e-08, 3.88e-08, 2.45, 0, 1e-08, 0
583675201, 1.2, 4.54e-08, 4.64e-08, 2.45, 0, 1e-08, 0
584712001, 1.14, 3.6e-08, 3.73e-08, 2.45, 0, 1e-08, 0
584971201, 2.05, 2.37e-08, 2.42e-08, 2.45, 0, 1e-08, 0
586267201, 3.22, 8.13e-08, 5.59e-08, 2.45, 0, 1e-08, 0
588859201, 9.22, 8.69e-08, 4e-08, 2.45, 0, 1e-08, 0
589118401, 1.84, 4.39e-08, 3.67e-08, 2.45, 0, 1e-08, 0
596894401, 4.84, 6.58e-08, 3.84e-08, 2.45, 0, 1e-08, 0
598190401, 1.18, 3.21e-08, 3.62e-08, 2.45, 0, 1e-08, 0
600264001, 3.8, 6.46e-08, 4.05e-08, 2.45, 0, 1e-08, 0
601300801, 7.71, 6.77e-08, 3.53e-08, 2.45, 0, 1e-08, 0
603374401, 3.35, 5.25e-08, 3.64e-08, 2.45, 0, 1e-08, 0
604670401, 2.95, 6.6e-08, 4.69e-08, 2.45, 0, 1e-08, 0
605707201, 8.12, 9.05e-08, 4.12e-08, 2.45, 0, 1e-08, 0
607780801, 3.77, 5.46e-08, 3.99e-08, 2.45, 0, 1e-08, 0
608040001, 2.51, 4.67e-08, 4.19e-08, 2.45, 0, 1e-08, 0
609336001, 4.48, 6.7e-08, 3.91e-08, 2.45, 0, 1e-08, 0
610632001, 3.71, 4.34e-08, 3.25e-08, 2.45, 0, 1e-08, 0
612187201, 6.3, 1e-07, 5.19e-08, 2.45, 0, 1e-08, 0
614260801, 1.38, 4.19e-08, 4.18e-08, 2.45, 0, 1e-08, 0
615038401, 1.25, 3.23e-08, 3.56e-08, 2.45, 0, 1e-08, 0
615816001, 2.66, 4.34e-08, 3.5e-08, 2.45, 0, 1e-08, 0
617889601, 1.96, 4.69e-08, 3.88e-08, 2.45, 0, 1e-08, 0
619704001, 3.05, 6.64e-08, 4.47e-08, 2.45, 0, 1e-08, 0
620740801, 2.48, 4.64e-08, 3.45e-08, 2.45, 0, 1e-08, 0
624369601, 1.09, 2.25e-08, 2.82e-08, 2.45, 0, 1e-08, 0
626443201, 2.27, 5.24e-08, 4.24e-08, 2.45, 0, 1e-08, 0
627998401, 1.37, 1.9e-08, 2.05e-08, 2.45, 0, 1e-08, 0
631108801, 2.25, 4.81e-08, 3.66e-08, 2.45, 0, 1e-08, 0
634996801, 3.46, 3.35e-08, 2.65e-08, 2.45, 0, 1e-08, 0
635515201, 1.65, 4.17e-08, 3.76e-08, 2.45, 0, 1e-08, 0
638366401, 1.67, 4.37e-08, 3.89e-08, 2.45, 0, 1e-08, 0
640699201, 1.47, 3.09e-08, 3.09e-08, 2.45, 0, 1e-08, 0
640958401, 1.22, 4.25e-08, 4.4e-08, 2.45, 0, 1e-08, 0
641476801, 1.83, 4.19e-08, 3.54e-08, 2.45, 0, 1e-08, 0
644846401, 1.79, 1.64e-08, 1.85e-08, 2.45, 0, 1e-08, 0
647697601, 2.56, 4.76e-08, 3.74e-08, 2.45, 0, 1e-08, 0
648993601, 1.07, 2.89e-08, 3.16e-08, 2.45, 0, 1e-08, 0
649252801, 4.45, 4.45e-08, 3.38e-08, 2.45, 0, 1e-08, 0
649771201, 1.63, 4.35e-08, 3.88e-08, 2.45, 0, 1e-08, 0
650289601, 3.82, 5.49e-08, 3.84e-08, 2.45, 0, 1e-08, 0
652363201, 1.86, 3.69e-08, 3.49e-08, 2.45, 0, 1e-08, 0
655473601, 1.43, 3.23e-08, 3.06e-08, 2.45, 0, 1e-08, 0
658584001, 2.97, 5.9e-08, 4.06e-08, 2.45, 0, 1e-08, 0
659880001, 4.64, 6.06e-08, 3.27e-08, 2.45, 0, 1e-08, 0
664545601, 1.63, 3.12e-08, 2.98e-08, 2.45, 0, 1e-08, 0
666619201, 5.72, 6.65e-08, 3.47e-08, 2.45, 0, 1e-08, 0
669729601, 3.53, 3.53e-08, 2.95e-08, 2.45, 0, 1e-08, 0
672840001, 1.54, 4.53e-08, 4.06e-08, 2.45, 0, 1e-08, 0
674136001, 1.21, 2.81e-08, 3.21e-08, 2.45, 0, 1e-08, 0
676468801, 3.26, 5.73e-08, 3.82e-08, 2.45, 0, 1e-08, 0
678542401, 3.53, 5.83e-08, 3.83e-08, 2.45, 0, 1e-08, 0
679579201, 1.95, 4.48e-08, 3.85e-08, 2.45, 0, 1e-08, 0
681652801, 1.56, 1.79e-08, 2.11e-08, 2.45, 0, 1e-08, 0
682948801, 2.86, 4.46e-08, 3.37e-08, 2.45, 0, 1e-08, 0
686318401, 1.08, 4.82e-08, 5.18e-08, 2.45, 0, 1e-08, 0
690206401, 1.8, 4.17e-08, 3.74e-08, 2.45, 0, 1e-08, 0
690724801, 1.62, 3.54e-08, 3.37e-08, 2.45, 0, 1e-08, 0
692280001, 2.64, 3.81e-08, 3.02e-08, 2.45, 0, 1e-08, 0
694872001, 1.01, 1.75e-08, 2.22e-08, 2.45, 0, 1e-08, 0
697204801, 1.2, 3.75e-08, 3.93e-08, 2.45, 0, 1e-08, 0
698500801, 1.22, 2.34e-08, 2.43e-08, 2.45, 0, 1e-08, 0
699537601, 1.1, 3.25e-08, 3.73e-08, 2.45, 0, 1e-08, 0
699796801, 1.45, 5.36e-08, 5.12e-08, 2.45, 0, 1e-08, 0
701870401, 6.17, 7.34e-08, 3.97e-08, 2.45, 0, 1e-08, 0
702129601, 2.38, 5.26e-08, 4.01e-08, 2.45, 0, 1e-08, 0
703944001, 1.3, 4.2e-08, 4.51e-08, 2.45, 0, 1e-08, 0
704980801, 2.03, 4.55e-08, 3.69e-08, 2.45, 0, 1e-08, 0
707832001, 1.47, 3.77e-08, 3.84e-08, 2.45, 0, 1e-08, 0
708350401, 2.37, 4.82e-08, 3.92e-08, 2.45, 0, 1e-08, 102
708868801, 4.41, 6.62e-08, 3.8e-08, 2.45, 0, 1e-08, 0
709128001, 2.11, 4.48e-08, 3.51e-08, 2.45, 0, 1e-08, 0
709646401, 1.98, 4.24e-08, 3.44e-08, 2.45, 0, 1e-08, 0
712756801, 3.02, 2.03e-08, 1.81e-08, 2.45, 0, 1e-08, 0
713275201, 2.21, 3.58e-08, 3e-08, 2.45, 0, 1e-08, 0
716385601, 1.04, 4.25e-08, 4.83e-08, 2.45, 0, 1e-08, 0
719236801, 1.12, 2.77e-08, 2.96e-08, 2.45, 0, 1e-08, 0
720273601, 1.28, 2.21e-08, 2.62e-08, 2.45, 0, 1e-08, 0
723643201, 1.16, 2.35e-08, 2.48e-08, 2.45, 0, 1e-08, 0
725976001, 2.37, 2.41e-08, 2.09e-08, 2.45, 0, 1e-08, 0
726235201, 2.24, 2.9e-08, 2.53e-08, 2.45, 0, 1e-08, 0
728308801, 2.41, 5.04e-08, 3.92e-08, 2.45, 0, 1e-08, 0
729604801, 1.38, 1.41e-08, 1.67e-08, 2.45, 0, 1e-08, 0
732715201, 1.21, 2.83e-08, 3.26e-08, 2.45, 0, 1e-08, 0
732974401, 2.9, 5.83e-08, 3.99e-08, 2.45, 0, 1e-08, 0
733752001, 2.83, 3.95e-08, 3.09e-08, 2.45, 0, 1e-08, 0
735307201, 1.16, 3.89e-08, 4.21e-08, 2.45, 0, 1e-08, 0
736603201, 3.65, 5.01e-08, 3.56e-08, 2.45, 0, 1e-08, 0
736862401, 2.1, 4.82e-08, 3.84e-08, 2.45, 0, 1e-08, 0
737121601, 1.75, 3.48e-08, 3.05e-08, 2.45, 0, 1e-08, 0
738936001, 6.55, 6.45e-08, 3.56e-08, 2.45, 0, 1e-08, 0
739195201, 1.05, 2.76e-08, 3.1e-08, 2.45, 0, 1e-08, 0
739454401, 1.58, 3.45e-08, 3.35e-08, 2.45, 0, 1e-08, 0
739713601, 2.64, 4.1e-08, 3.28e-08, 2.45, 0, 1e-08, 0
739972801, 7.8, 9.9e-08, 4.31e-08, 2.45, 0, 1e-08, 0
741787201, 3.11, 4.34e-08, 3.78e-08, 2.45, 0, 1e-08, 0
