timestamp, ts, flux, flux_error, photon_index, photon_index_interval, fit_tolerance, fit_convergence
264211201, 4.52, 5.75e-09, 4.44e-09, 2.08, 0, 1e-08, 0
266803201, 60.77, 4.79e-08, 1e-08, 2.08, 0, 1e-08, 0
269395201, 189.03, 8.44e-08, 1.07e-08, 2.08, 0, 1e-08, 0
271987201, 27.21, 3.91e-08, 1.03e-08, 2.08, 0, 1e-08, 0
274579201, 17.43, 2.1e-08, 7.6e-09, 2.08, 0, 1e-08, 0
277171201, 52.12, 5.29e-08, 1.1e-08, 2.08, 0, 1e-08, 0
279763201, 19.92, 3.17e-08, 1.04e-08, 2.08, 0, 1e-08, 0
282355201, 35.09, 2.82e-08, 8.6e-09, 2.08, 0, 1e-08, 0
284947201, 95.17, 8.93e-08, 1.47e-08, 2.08, 0, 1e-08, 0
287539201, 17.64, 2.87e-08, 9.9e-09, 2.08, 0, 1e-08, 0
290131201, 2.22, 1.47e-08, 1.11e-08, 2.08, 0, 1e-08, 0
292723201, 11.31, 1.78e-08, 7.6e-09, 2.08, 0, 1e-08, 0
295315201, 6.28, 1.5e-08, 8.01e-09, 2.08, 0, 1e-08, 0
297907201, 1.02, 4.12e-09, 5.17e-09, 2.08, 0, 1e-08, 0
303091201, 7.43, 1.82e-08, 9.11e-09, 2.08, 0, 1e-08, 0
305683201, 19.97, 2.55e-08, 8.4e-09, 2.08, 0, 1e-08, 0
308275201, 65.09, 6.35e-08, 1.3e-08, 2.08, 0, 1e-08, 0
310867201, 81.82, 7.19e-08, 1.23e-08, 2.08, 0, 1e-08, 0
313459201, 50.09, 6.89e-08, 1.39e-08, 2.08, 0, 1e-08, 0
316051201, 105.7, 7.4e-08, 1.16e-08, 2.08, 0, 1e-08, 0
318643201, 72.82, 6.99e-08, 1.28e-08, 2.08, 0, 1e-08, 0
321235201, 5.89, 1.26e-08, 7.17e-09, 2.08, 0, 1e-08, 0
323827201, 52.5, 5.06e-08, 1.08e-08, 2.08, 0, 1e-08, 0
326419201, 46.55, 5.4e-08, 1.19e-08, 2.08, 0, 1e-08, 0
329011201, 22.9, 3.62e-08, 1.02e-08, 2.08, 0, 1e-08, 0
334195201, 2.59, 7.73e-09, 6.26e-09, 2.08, 0, 1e-08, 0
336787201, 1.28, 5.46e-09, 6.34e-09, 2.08, 0, 1e-08, 0
339379201, 14.62, 2.55e-08, 1.02e-08, 2.08, 0, 1e-08, 0
341971201, 4.68, 1.3e-08, 7.51e-09, 2.08, 0, 1e-08, 0
344563201, 90.97, 8.2e-08, 1.39e-08, 2.08, 0, 1e-08, 0
347155201, 5.37, 1.34e-08, 7.52e-09, 2.08, 0, 1e-08, 0
352339201, 15.96, 2.68e-08, 9e-09, 2.08, 0, 1e-08, 0
365299201, 4.35, 1.04e-08, 6.61e-09, 2.08, 0, 1e-08, 0
375667201, 1.45, 5.1e-09, 5.41e-09, 2.08, 0, 1e-08, 0
383443201, 3.66, 7.55e-09, 6.05e-09, 2.08, 0, 1e-08, 0
388627201, 6.58, 8.42e-09, 5.66e-09, 2.08, 0, 1e-08, 0
437875201, 14.91, 1.55e-08, 5.2e-09, 2.08, 0, 1e-08, 0
440467201, 1.49, 7.67e-09, 7.14e-09, 2.08, 0, 1e-08, 0
443059201, 1.91, 6.43e-09, 6.18e-09, 2.08, 0, 1e-08, 0
445651201, 1.53, 3.1e-09, 3.66e-09, 2.08, 0, 1e-08, 0
458611201, 1.67, 7.35e-09, 6.74e-09, 2.08, 0, 1e-08, 0
463795201, 2.57, 6.45e-09, 5.63e-09, 2.08, 0, 1e-08, 0
476755201, 7.74, 1.4e-08, 6.81e-09, 2.08, 0, 1e-08, 0
479347201, 5.63, 1.09e-08, 6.89e-09, 2.08, 0, 1e-08, 0
487123201, 2.66, 6.97e-09, 5.41e-09, 2.08, 0, 1e-08, 0
489715201, 8.25, 8.14e-09, 5.55e-09, 2.08, 0, 1e-08, 0
494899201, 3.14, 1.44e-08, 9.28e-09, 2.08, 0, 1e-08, 0
500083201, 3.85, 6.62e-09, 4.21e-09, 2.08, 0, 1e-08, 0
507859201, 3.47, 5.07e-09, 4.17e-09, 2.08, 0, 1e-08, 0
544147201, 5.82, 2.13e-08, 1.09e-08, 2.08, 0, 1e-08, 0
551923201, 3.34, 1.14e-08, 8.4e-09, 2.08, 0, 1e-08, 0
554515201, 5.01, 1.33e-08, 8.23e-09, 2.08, 0, 1e-08, 0
559699201, 3.39, 1.35e-08, 9.82e-09, 2.08, 0, 1e-08, 0
567475201, 3.39, 1.89e-08, 1.19e-08, 2.08, 0, 1e-08, 0
593395201, 1.32, 8.31e-09, 8.61e-09, 2.08, 0, 1e-08, 0
595987201, 2.35, 7.75e-09, 6.55e-09, 2.08, 0, 1e-08, 0
598579201, 5.33, 1.22e-08, 8.31e-09, 2.08, 0, 1e-08, 0
601171201, 4.67, 1.45e-08, 8.31e-09, 2.08, 0, 1e-08, 0
614131201, 6.68, 1.62e-08, 1.04e-08, 2.08, 0, 1e-08, 0
616723201, 3.74, 1.02e-08, 7.08e-09, 2.08, 0, 1e-08, 0
629683201, 1.84, 9.26e-09, 8.35e-09, 2.08, 0, 1e-08, 0
632275201, 2.59, 1.49e-08, 1.05e-08, 2.08, 0, 1e-08, 0
634867201, 6.28, 1.03e-08, 5.92e-09, 2.08, 0, 1e-08, 0
665971201, 1.13, 2.91e-09, 3.74e-09, 2.08, 0, 1e-08, 0
668563201, 3.14, 8.6e-09, 6.08e-09, 2.08, 0, 1e-08, 0
676339201, 2.35, 1.4e-08, 1.25e-08, 2.08, 0, 1e-08, 0
684115201, 1.43, 6.51e-09, 6.47e-09, 2.08, 0, 1e-08, 0
704851201, 1.2, 5.07e-09, 4.93e-09, 2.08, 0, 1e-08, 0
