timestamp, ts, flux, flux_error, photon_index, photon_index_interval, fit_tolerance, fit_convergence
240235201, 2.48, 9.54e-08, 7.18e-08, 3.88, 4.93, 1e-08, 102
240494401, 4.1, 1.33e-07, 1.06e-07, 3.73, 4.03, 1e-08, 102
241012801, 4.23, 8.02e-08, 5.87e-08, 2.85, 0.96, 1e-08, 0
241531201, 1.4, 4.53e-08, 4.63e-08, 3.02, 1.02, 1e-08, 0
243864001, 1.08, 2.94e-08, 3.59e-08, 2.59, 0.88, 1e-08, 0
244900801, 2.42, 3.31e-08, 3.2e-08, 2.08, 0.64, 1e-08, 0
245160001, 13.6, 5.37e-08, 4.5e-08, 1.99, 0.45, 1e-08, 0
245419201, 3.63, 5.06e-08, 4.76e-08, 2.62, 0.75, 1e-08, 0
245678401, 3.77, 7.63e-08, 4.76e-08, 7.33, 4.15, 1e-08, 102
247233601, 1.66, 4.28e-08, 4.09e-08, 8.37, 0.44, 1e-08, 0
248270401, 8.14, 9.38e-08, 6.52e-08, 2.56, 0.64, 1e-08, 0
250344001, 3.04, 6.02e-08, 4.78e-08, 2.44, 0.58, 1e-08, 0
250862401, 3.9, 1.06e-07, 6.48e-08, 4.05, 4.02, 1e-08, 102
251380801, 2.39, 3.93e-08, 5.71e-08, 2.63, 1.29, 1e-08, 0
252936001, 5.53, 9.9e-08, 5.9e-08, 2.87, 0.67, 1e-08, 0
253972801, 1.71, 6.29e-08, 7.83e-08, 3.73, 6.54, 1e-08, 102
254232001, 15.32, 8.84e-08, 4.96e-08, 2.12, 0.35, 1e-08, 0
254491201, 6.33, 1.25e-07, 6.49e-08, 7.27, 3.32, 1e-08, 102
255009601, 8.27, 1.48e-07, 6.81e-08, 8.93, 0.21, 1e-08, 0
255528001, 1.21, 5.05e-08, 5.24e-08, 2.6, 0.76, 1e-08, 0
256305601, 1.2, 5.38e-09, 8.81e-09, 1.33, 0.75, 1e-08, 0
257342401, 2.45, 6.93e-08, 5.58e-08, 3.31, 1.78, 1e-08, 0
258120001, 4.02, 3.06e-08, 2.56e-08, 2.02, 0.5, 1e-08, 0
258379201, 2.71, 8.72e-08, 6.95e-08, 3.83, 5.21, 1e-08, 102
260712001, 2.12, 5.48e-08, 4.85e-08, 3.09, 1.08, 1e-08, 0
261748801, 1.43, 6.34e-08, 5.74e-08, 4.37, 6.35, 1e-08, 102
262267201, 2.58, 7.47e-08, 6.72e-08, 3.55, 5.45, 1e-08, 102
262785601, 6.08, 3.46e-08, 2.58e-08, 1.98, 0.44, 1e-08, 0
263044801, 11.36, 2.14e-07, 8.3e-08, 6.47, 2.49, 1e-08, 102
263822401, 3.26, 6.47e-08, 4.44e-08, 7.79, 4.58, 1e-08, 102
264081601, 4.02, 4.57e-08, 3.7e-08, 2.4, 0.6, 1e-08, 0
264600001, 4.05, 3.95e-08, 3.55e-08, 2.19, 0.58, 1e-08, 0
265896001, 3.98, 1.03e-07, 6.7e-08, 8.46, 4.05, 1e-08, 102
266155201, 3.81, 1.07e-07, 6.51e-08, 4.96, 4.04, 1e-08, 102
267451201, 1.21, 3.49e-08, 4.49e-08, 2.79, 1.15, 1e-08, 0
268488001, 2.14, 5.75e-08, 1.32e-07, 3.31, 6.95, 1e-08, 102
269006401, 2.86, 8.21e-08, 5.91e-08, 4.36, 4.61, 1e-08, 102
269524801, 4.38, 5.56e-08, 4.52e-08, 2.46, 0.64, 1e-08, 0
270043201, 2.3, 1.28e-08, 1.9e-08, 1.91, 0.84, 1e-08, 0
271080001, 1.3, 5.78e-08, 5.41e-08, 5.47, 6.31, 1e-08, 102
272116801, 1.4, 4.71e-08, 4.4e-08, 4.15, 6.61, 1e-08, 102
272894401, 1.26, 4.02e-08, 4.24e-08, 8.35, 0.49, 1e-08, 0
273412801, 5.92, 8.28e-08, 4.94e-08, 2.75, 0.69, 1e-08, 0
273931201, 13.76, 1.92e-07, 7e-08, 8.48, 2.27, 1e-08, 102
274708801, 1.37, 5.33e-08, 5.15e-08, 5.27, 6.88, 1e-08, 102
274968001, 1.58, 6.6e-08, 6.31e-08, 8.57, 0.45, 1e-08, 0
276264001, 2.07, 1.56e-08, 2.68e-08, 1.87, 1.06, 1e-08, 0
276523201, 1.26, 3.24e-08, 3.59e-08, 3.01, 1.25, 1e-08, 0
277300801, 3.18, 2.85e-08, 2.78e-08, 2.19, 0.66, 1e-08, 0
277560001, 4.75, 8.95e-08, 1.38e-06, 6.7, 3.59, 1e-08, 102
277819201, 2.3, 6.46e-08, 4.95e-08, 4.03, 5.19, 1e-08, 102
278337601, 1.67, 6.31e-08, 5.38e-08, 6.29, 5.55, 1e-08, 102
280152001, 10.24, 1.02e-07, 5.51e-08, 2.65, 0.5, 1e-08, 0
280929601, 1.24, 1.76e-08, 2.41e-08, 2.02, 0.73, 1e-08, 0
281188801, 1.48, 4.67e-08, 4.13e-08, 5.26, 6.08, 1e-08, 102
281448001, 1.09, 1.32e-08, 1.93e-08, 2.0, 0.79, 1e-08, 0
281707201, 7.07, 3.59e-09, 3.77e-09, 0.94, 0.53, 1e-08, 0
282225601, 5.35, 9.32e-08, 5.06e-08, 4.23, 3.55, 1e-08, 102
284299201, 2.16, 7.6e-08, 8.5e-08, 4.03, 5.87, 1e-08, 102
284817601, 3.39, 9.23e-08, 6.05e-08, 5.13, 4.32, 1e-08, 102
285595201, 5.32, 8.89e-08, 4.89e-08, 5.64, 3.54, 1e-08, 102
286632001, 14.36, 1.12e-07, 4.88e-08, 2.58, 0.44, 1e-08, 0
287150401, 1.72, 2.87e-08, 4.31e-08, 2.41, 1.05, 1e-08, 0
287409601, 1.44, 1.22e-08, 1.77e-08, 2.07, 0.84, 1e-08, 0
287668801, 7.7, 1.37e-07, 6.11e-08, 6.75, 2.86, 1e-08, 102
287928001, 2.03, 5e-08, 4.54e-08, 3.04, 1.31, 1e-08, 0
288187201, 9.85, 1.74e-07, 7.3e-08, 4.83, 2.75, 1e-08, 102
288446401, 3.38, 8.86e-08, 6.22e-08, 2.99, 0.85, 1e-08, 0
288705601, 10.62, 1.58e-07, 6.99e-08, 3.2, 0.62, 1e-08, 0
288964801, 1.52, 4.23e-08, 4.32e-08, 2.61, 0.82, 1e-08, 0
289224001, 3.69, 2.95e-08, 2.56e-08, 1.92, 0.5, 1e-08, 0
289742401, 1.92, 5.38e-08, 5.02e-08, 2.85, 0.96, 1e-08, 0
290001601, 3.14, 5.35e-08, 4.1e-08, 2.44, 0.67, 1e-08, 0
290260801, 9.31, 6e-08, 3.84e-08, 2.27, 0.45, 1e-08, 0
290520001, 2.18, 4.22e-08, 1.3e-07, 2.93, 7.84, 1e-08, 102
291297601, 2.8, 6.44e-09, 8.27e-09, 1.63, 0.67, 1e-08, 0
291556801, 1.19, 6.9e-09, 1.41e-08, 1.59, 0.96, 1e-08, 0
291816001, 1.52, 3.6e-08, 3.45e-08, 8.3, 0.45, 1e-08, 0
292075201, 18.95, 3.6e-08, 2.47e-08, 1.71, 0.34, 1e-08, 0
292593601, 1.53, 5.4e-08, 5.7e-08, 2.81, 1.01, 1e-08, 0
292852801, 45.57, 9.61e-08, 4.09e-08, 1.8, 0.25, 1e-08, 0
293112001, 9.16, 1.19e-07, 6.51e-08, 2.72, 0.55, 1e-08, 0
293371201, 7.92, 1.22e-07, 6.61e-08, 2.66, 0.57, 1e-08, 0
293630401, 2.09, 9.4e-08, 7.39e-08, 4.47, 5.26, 1e-08, 102
293889601, 5.49, 9.26e-09, 1.65e-08, 1.56, 0.9, 1e-08, 0
294667201, 16.8, 1.01e-07, 4.98e-08, 2.32, 0.37, 1e-08, 0
294926401, 7.12, 1.08e-07, 5.22e-08, 7.82, 3.16, 1e-08, 102
295444801, 3.16, 4.3e-08, 3.26e-08, 2.36, 0.58, 1e-08, 0
295704001, 2.23, 5.09e-09, 8.02e-09, 1.51, 0.8, 1e-08, 0
295963201, 5.84, 1.87e-08, 2.23e-08, 1.85, 0.59, 1e-08, 0
296222401, 2.97, 6.14e-08, 4.88e-08, 3.15, 1.12, 1e-08, 0
296481601, 1.7, 4.31e-08, 3.97e-08, 2.81, 0.85, 1e-08, 0
296740801, 6.52, 1.35e-07, 6.49e-08, 4.55, 3.1, 1e-08, 102
297000001, 3.66, 8.42e-08, 5.47e-08, 3.58, 1.07, 1e-08, 0
297777601, 4.63, 1.11e-07, 8.45e-07, 8.8, 3.55, 1e-08, 102
298296001, 1.96, 3.98e-08, 5.44e-08, 2.67, 1.19, 1e-08, 0
299073601, 9.75, 4.58e-08, 3.13e-08, 1.99, 0.42, 1e-08, 0
300369601, 3.65, 8.18e-08, 5e-08, 4.21, 4, 1e-08, 102
300888001, 1.45, 4.23e-08, 4.16e-07, 5.14, 2.35, 1e-08, 0
301406401, 8.36, 1.21e-07, 5.5e-08, 4.54, 3.01, 1e-08, 102
301924801, 11.01, 9.32e-08, 4.8e-08, 2.35, 0.41, 1e-08, 0
302702401, 1.79, 7.26e-08, 6.33e-08, 6.94, 5.74, 1e-08, 102
303220801, 2.51, 6.16e-08, 5.34e-08, 2.82, 0.77, 1e-08, 0
304516801, 4.04, 8.47e-08, 5.05e-08, 3.61, 4.19, 1e-08, 102
305294401, 7.82, 5.68e-09, 6.81e-09, 1.23, 0.56, 1e-08, 0
305812801, 3.99, 3.36e-08, 3.43e-08, 2.13, 0.77, 1e-08, 0
306072001, 4.12, 7.07e-08, 5.31e-08, 3.21, 0.97, 1e-08, 0
307627201, 2.02, 6.52e-08, 8.1e-08, 2.74, 1.37, 1e-08, 0
308145601, 1.94, 6.98e-08, 5.75e-08, 3.25, 1.37, 1e-08, 0
308404801, 1.65, 3.58e-08, 4.09e-08, 2.65, 0.99, 1e-08, 0
310219201, 3.61, 3.88e-08, 3.57e-08, 2.04, 0.55, 1e-08, 0
310996801, 5.33, 7.62e-08, 5.2e-08, 2.49, 0.56, 1e-08, 0
311774401, 4.58, 3.93e-08, 3.54e-08, 2.11, 0.58, 1e-08, 0
312552001, 3.05, 4.02e-08, 3.69e-08, 2.45, 0.75, 1e-08, 0
313588801, 2.16, 5.1e-08, 1.48e-07, 3.02, 7.37, 1e-08, 102
314884801, 3.2, 5.08e-08, 4.21e-08, 2.56, 0.73, 1e-08, 0
315144001, 2.9, 8.59e-09, 1.19e-08, 1.65, 0.65, 1e-08, 0
315403201, 1.65, 3.19e-08, 3.25e-08, 2.5, 0.81, 1e-08, 0
316180801, 1.1, 6.37e-08, 7.45e-08, 3.62, 7.66, 1e-08, 102
316440001, 3.87, 8.44e-08, 6.05e-08, 2.45, 0.56, 1e-08, 0
317217601, 2.43, 2.4e-08, 2.32e-08, 1.64, 0.54, 1e-08, 0
317476801, 4.97, 8.08e-08, 1.35e-06, 8.38, 3.85, 1e-08, 102
317736001, 7.62, 5.3e-08, 3.53e-08, 2.05, 0.41, 1e-08, 0
318772801, 1.22, 4.11e-08, 4.12e-08, 4.25, 6.86, 1e-08, 102
319809601, 1.18, 5.24e-08, 5.47e-08, 4.0, 6.84, 1e-08, 102
321364801, 5.48, 1.74e-07, 8.7e-08, 4.37, 3.24, 1e-08, 102
321883201, 5.7, 1.05e-07, 5.92e-08, 3.08, 0.95, 1e-08, 0
322142401, 1.58, 2.05e-08, 2.8e-08, 2.07, 0.85, 1e-08, 0
326030401, 3.83, 5.57e-08, 4.01e-08, 2.24, 0.56, 1e-08, 0
326289601, 1.79, 6.16e-08, 5.06e-08, 4.34, 5.74, 1e-08, 102
326808001, 1.82, 1.05e-08, 1.18e-08, 1.68, 0.57, 1e-08, 0
327585601, 1.83, 5.03e-08, 4.27e-08, 3.88, 6.06, 1e-08, 102
329400001, 4.45, 6.25e-08, 4.74e-08, 2.38, 0.55, 1e-08, 0
329659201, 4.35, 5.05e-08, 3.8e-08, 2.03, 0.46, 1e-08, 0
330436801, 1.09, 4.67e-08, 5.74e-08, 3.48, 8.26, 1e-08, 102
330696001, 5.56, 1.1e-07, 6.72e-08, 3.02, 0.77, 1e-08, 0
331992001, 5.84, 4e-08, 3.85e-08, 2.12, 0.59, 1e-08, 0
332769601, 1.3, 3.85e-08, 3.85e-08, 6.13, 6.59, 1e-08, 102
334324801, 2.06, 7.51e-08, 6.19e-08, 8.63, 0.38, 1e-08, 0
334584001, 2.97, 1.03e-07, 7.02e-08, 4.94, 4.57, 1e-08, 102
335361601, 1.48, 5.29e-08, 4.93e-08, 5.73, 6.39, 1e-08, 102
335880001, 3.4, 6.36e-08, 4.26e-08, 8.55, 0.31, 1e-08, 0
336657601, 2.15, 6.47e-08, 5.25e-08, 3.75, 5.57, 1e-08, 102
337953601, 1.55, 4.91e-08, 4.81e-08, 3.08, 1.99, 1e-08, 0
338472001, 2.1, 4.49e-08, 4e-08, 2.58, 0.72, 1e-08, 0
339249601, 2.97, 7.36e-08, 5.73e-08, 2.77, 0.67, 1e-08, 0
339508801, 1.21, 5.67e-08, 5.94e-08, 5.17, 6.86, 1e-08, 102
340027201, 2.3, 6.32e-08, 5.09e-08, 2.64, 0.72, 1e-08, 0
341323201, 1.2, 3.79e-08, 3.72e-08, 4.31, 6.99, 1e-08, 102
341582401, 4.74, 7.65e-08, 4.46e-08, 3.09, 0.9, 1e-08, 0
341841601, 2.31, 5.51e-08, 4.06e-08, 3.56, 5.25, 1e-08, 102
342619201, 2.32, 6.01e-08, 4.47e-08, 4.76, 5.12, 1e-08, 102
343137601, 6.02, 5.07e-09, 6.03e-09, 1.04, 0.62, 1e-08, 0
343656001, 1.6, 6.47e-08, 6.01e-08, 3.86, 6.42, 1e-08, 102
344952001, 3.91, 5.29e-08, 4.19e-08, 2.52, 0.63, 1e-08, 0
345211201, 3.97, 7.87e-08, 4.81e-08, 3.39, 4.41, 1e-08, 102
345988801, 1.73, 4.59e-08, 4.11e-08, 3.4, 1.19, 1e-08, 0
347284801, 8.4, 1.33e-07, 5.6e-08, 4.51, 2.87, 1e-08, 102
348580801, 2.7, 2.24e-08, 2.7e-08, 1.9, 0.69, 1e-08, 0
348840001, 1.2, 4.8e-08, 8.48e-08, 3.37, 8.48, 1e-08, 102
350395201, 3.48, 6.08e-08, 4.01e-08, 3.09, 0.71, 1e-08, 0
351172801, 3.04, 5.73e-08, 3.99e-08, 3.9, 4.72, 1e-08, 0
351950401, 3.82, 2.38e-08, 2.34e-08, 1.86, 0.54, 1e-08, 0
352468801, 2.43, 7.65e-08, 5.56e-08, 3.82, 5.04, 1e-08, 102
352728001, 4.83, 1.32e-07, 8.01e-08, 6.86, 3.76, 1e-08, 102
353505601, 3.6, 9.09e-08, 6.4e-08, 6.74, 4.47, 1e-08, 102
354542401, 5.52, 1.18e-07, 5.9e-08, 5.17, 3.27, 1e-08, 102
355579201, 1.17, 4e-08, 3.93e-08, 4.62, 6.92, 1e-08, 102
355838401, 1.72, 5.32e-08, 4.66e-08, 4.07, 5.9, 1e-08, 102
357652801, 1.23, 3.46e-08, 4.78e-08, 2.68, 1.38, 1e-08, 0
359985601, 1.63, 3.85e-08, 3.43e-08, 6.31, 6.15, 1e-08, 102
361540801, 7.58, 2.45e-08, 3.81e-08, 1.8, 0.82, 1e-08, 0
362318401, 1.34, 1.4e-08, 2.01e-08, 1.84, 0.74, 1e-08, 0
362836801, 2.94, 1.07e-07, 7.8e-08, 3.33, 1.2, 1e-08, 0
363096001, 1.49, 6.5e-08, 6.79e-08, 4.34, 6.61, 1e-08, 102
363614401, 3.03, 7.81e-08, 6.37e-08, 3.5, 4.92, 1e-08, 102
365688001, 1.2, 4.22e-08, 4.46e-08, 4.58, 6.86, 1e-08, 102
365947201, 1.92, 1.83e-08, 2.49e-08, 1.85, 0.7, 1e-08, 0
367243201, 1.16, 6.01e-08, 6.37e-08, 4.55, 6.95, 1e-08, 102
367502401, 3.93, 1.44e-08, 2.2e-08, 1.89, 0.87, 1e-08, 0
368020801, 4.04, 9.72e-08, 8.68e-08, 3.46, 4.44, 1e-08, 102
368280001, 9.87, 3.08e-08, 2.35e-08, 1.87, 0.44, 1e-08, 0
368539201, 1.58, 2.46e-08, 3.05e-08, 2.63, 1.04, 1e-08, 0
368798401, 3.04, 7.27e-08, 4.83e-08, 5.44, 4.27, 1e-08, 102
370094401, 3.91, 1.08e-07, 6.7e-08, 4.43, 4, 1e-08, 102
370872001, 3.67, 1.51e-08, 1.36e-08, 1.4, 0.41, 1e-08, 0
371390401, 2.41, 8.05e-08, 8.27e-07, 8.66, 4.77, 1e-08, 102
371649601, 1.48, 5.71e-08, 5.58e-08, 3.55, 1.46, 1e-08, 0
372686401, 1.96, 3.93e-08, 4.45e-08, 2.56, 0.92, 1e-08, 0
373464001, 3.28, 6.4e-08, 4.29e-08, 3.46, 1.02, 1e-08, 0
374241601, 2.98, 6.84e-08, 4.45e-08, 4.27, 4.56, 1e-08, 102
375796801, 1.25, 6.28e-08, 6.42e-08, 3.53, 6.92, 1e-08, 102
377092801, 1.92, 4.59e-08, 4.02e-08, 2.72, 0.75, 1e-08, 0
377611201, 1.3, 5.01e-08, 4.76e-08, 4.68, 6.63, 1e-08, 102
379166401, 5.36, 7.67e-08, 4.3e-08, 2.97, 0.67, 1e-08, 0
379944001, 4.54, 1.95e-08, 2.54e-08, 1.66, 0.58, 1e-08, 0
380203201, 2.48, 3.03e-08, 3.15e-08, 2.01, 0.58, 1e-08, 0
381499201, 6.25, 9.63e-08, 6.46e-08, 2.86, 0.88, 1e-08, 0
381758401, 2.03, 6.07e-08, 5.32e-08, 4.26, 5.49, 1e-08, 102
382017601, 1.37, 2.76e-08, 3.14e-08, 2.22, 0.68, 1e-08, 0
382276801, 8.29, 7.39e-08, 4.41e-08, 2.58, 0.53, 1e-08, 0
382795201, 8.5, 1.35e-07, 5.98e-08, 7.33, 2.78, 1e-08, 102
383572801, 15.26, 1.45e-07, 5.21e-08, 3.47, 0.76, 1e-08, 0
384609601, 9.75, 1.57e-07, 6.53e-08, 4.35, 2.77, 1e-08, 102
384868801, 2.86, 8.38e-08, 6.12e-08, 4.12, 5.01, 1e-08, 102
385128001, 1.55, 6.73e-08, 6.25e-08, 4.23, 6.35, 1e-08, 102
385387201, 1.32, 6.87e-08, 6.64e-08, 3.99, 6.54, 1e-08, 102
385646401, 12.29, 2.03e-07, 8.4e-08, 3.25, 0.63, 1e-08, 0
386164801, 4.32, 1.05e-07, 6.21e-08, 3.34, 0.84, 1e-08, 0
387201601, 3.82, 6.85e-08, 4.35e-08, 7.88, 4.17, 1e-08, 102
388497601, 3.89, 4.05e-08, 3.98e-08, 2.21, 0.76, 1e-08, 0
390312001, 1.71, 1.15e-07, 3.23e-06, 5.3, 6.73, 1e-08, 102
391089601, 3.2, 6.95e-08, 4.55e-08, 6.99, 4.35, 1e-08, 102
392385601, 5.08, 2.58e-08, 1.92e-08, 1.99, 0.45, 1e-08, 0
393422401, 4.18, 3.03e-08, 3.22e-08, 2.22, 0.71, 1e-08, 0
393681601, 2.23, 5.42e-08, 4.68e-08, 2.58, 0.88, 1e-08, 0
393940801, 2.5, 3.66e-08, 4.02e-08, 2.34, 0.74, 1e-08, 0
394977601, 4.35, 6.43e-08, 4.88e-08, 2.55, 0.67, 1e-08, 0
395755201, 2.2, 6.03e-08, 4.86e-08, 3.15, 0.92, 1e-08, 0
396532801, 1.2, 4.61e-08, 4.88e-08, 3.35, 1.06, 1e-08, 0
398865601, 4.59, 1.9e-07, 1.18e-07, 6.9, 4.1, 1e-08, 102
399124801, 4.12, 9.26e-08, 8.66e-08, 2.23, 0.66, 1e-08, 0
399902401, 9.2, 8.13e-08, 4.49e-08, 2.31, 0.47, 1e-08, 0
400939201, 2.79, 5.57e-08, 5.28e-07, 8.49, 4.41, 1e-08, 102
401457601, 7.82, 1.09e-07, 5.31e-08, 3.7, 3.15, 1e-08, 102
402235201, 2.6, 8e-08, 5.59e-08, 4.26, 4.65, 1e-08, 102
403012801, 1.51, 4.69e-09, 7.9e-09, 1.19, 0.65, 1e-08, 0
403531201, 4.98, 1.25e-07, 7.02e-08, 4.74, 3.72, 1e-08, 102
403790401, 3.03, 2.78e-08, 3.11e-08, 1.77, 0.6, 1e-08, 0
404049601, 4.64, 3.66e-07, 2.88e-07, 3.2, 1.22, 1e-08, 0
404827201, 3.08, 7.96e-08, 5.36e-08, 6.74, 4.46, 1e-08, 102
405086401, 11.78, 1.43e-08, 2.06e-08, 1.49, 0.62, 1e-08, 0
405345601, 15.09, 3.55e-08, 2.38e-08, 1.83, 0.37, 1e-08, 0
405604801, 2.83, 1.08e-07, 8.18e-08, 3.93, 4.71, 1e-08, 102
406382401, 1.51, 2.08e-08, 2.97e-08, 2.64, 1.19, 1e-08, 0
406641601, 4.51, 9.11e-08, 5.08e-08, 5.1, 3.71, 1e-08, 102
406900801, 1.54, 5.34e-08, 4.97e-08, 3.35, 6.54, 1e-08, 102
407160001, 4.63, 5.46e-08, 3.82e-07, 2.65, 8.47, 1e-08, 102
407419201, 2.8, 4.69e-08, 4.29e-08, 2.48, 0.79, 1e-08, 0
408715201, 9.54, 1.47e-07, 6.41e-08, 5.22, 2.73, 1e-08, 102
409752001, 1.78, 9.12e-08, 1.09e-06, 8.72, 5.56, 1e-08, 102
410788801, 7.35, 1.54e-07, 7.31e-08, 4.84, 3.16, 1e-08, 102
416491201, 2.71, 8.22e-08, 8.7e-07, 8.67, 4.92, 1e-08, 102
417009601, 1.31, 6.65e-08, 9.73e-07, 8.57, 6.79, 1e-08, 102
417787201, 1.77, 1.24e-07, 1.21e-07, 2.75, 1.13, 1e-08, 0
420897601, 8.16, 2.73e-08, 2.83e-08, 1.79, 0.53, 1e-08, 0
421416001, 1.16, 4.09e-08, 4.35e-08, 7.34, 7.04, 1e-08, 102
424526401, 9.74, 3e-08, 2.55e-08, 1.85, 0.49, 1e-08, 0
425563201, 2.7, 2.9e-08, 3.87e-08, 2.18, 0.88, 1e-08, 0
426340801, 1.91, 7.93e-08, 6.28e-08, 4.62, 5.4, 1e-08, 102
426600001, 3.95, 9.1e-08, 6.3e-08, 3.16, 0.86, 1e-08, 0
426859201, 1.87, 8.62e-08, 8.47e-08, 7.65, 6.59, 1e-08, 102
427118401, 4.77, 1.8e-07, 1.45e-07, 3.18, 1.73, 1e-08, 0
428414401, 4.57, 1.25e-07, 8.18e-08, 2.68, 0.62, 1e-08, 0
429451201, 2.51, 7e-08, 5.6e-08, 3.19, 0.91, 1e-08, 0
429710401, 2.54, 6.91e-08, 6.59e-07, 8.59, 4.43, 1e-08, 102
429969601, 8.48, 2.36e-08, 2.1e-08, 1.48, 0.44, 1e-08, 0
430228801, 6.29, 2.43e-08, 3.61e-08, 1.52, 0.78, 1e-08, 0
431784001, 1.82, 6.46e-08, 7.05e-08, 2.65, 0.9, 1e-08, 0
432302401, 5.11, 6.63e-08, 5.76e-08, 2.19, 0.62, 1e-08, 0
432561601, 6.0, 7.52e-08, 6.87e-08, 2.65, 0.81, 1e-08, 0
432820801, 1.18, 4.11e-08, 4.83e-08, 2.02, 0.62, 1e-08, 0
433080001, 2.91, 1.09e-07, 8.6e-08, 3.25, 1.36, 1e-08, 0
433339201, 7.25, 1.79e-07, 2.69e-06, 8.71, 3.5, 1e-08, 0
433598401, 11.67, 2.02e-07, 8.3e-08, 3.97, 1.98, 1e-08, 0
433857601, 1.06, 5.35e-08, 5.86e-08, 3.78, 1.97, 1e-08, 0
434376001, 1.75, 3.48e-08, 4.27e-08, 2.79, 1.06, 1e-08, 0
435153601, 1.52, 7.32e-08, 7.78e-08, 2.58, 0.87, 1e-08, 0
436190401, 4.94, 3.28e-08, 3.84e-08, 1.86, 0.75, 1e-08, 0
436708801, 1.95, 3.69e-08, 4.23e-08, 2.23, 0.74, 1e-08, 0
436968001, 8.18, 1.65e-07, 1.01e-07, 3.23, 0.84, 1e-08, 0
438004801, 4.5, 1.03e-07, 8.49e-08, 3.01, 0.89, 1e-08, 0
438264001, 6.8, 1.57e-08, 1.53e-08, 1.4, 0.49, 1e-08, 0
438523201, 4.2, 3.86e-08, 4.08e-08, 2.37, 0.73, 1e-08, 0
439819201, 2.75, 8.55e-08, 6.13e-08, 4.18, 4.75, 1e-08, 102
442152001, 2.8, 5.46e-08, 3.93e-08, 3.96, 5.03, 1e-08, 102
442929601, 3.63, 5.44e-08, 4.68e-08, 2.75, 0.82, 1e-08, 0
443448001, 6.1, 7.67e-08, 4.44e-08, 2.75, 0.63, 1e-08, 0
443966401, 1.61, 5.1e-08, 4.73e-08, 3.38, 1, 1e-08, 0
444484801, 2.4, 4.72e-08, 4.71e-07, 8.42, 4.64, 1e-08, 102
445003201, 4.23, 2.44e-08, 3.37e-08, 1.98, 0.78, 1e-08, 0
445780801, 3.73, 6.49e-08, 4.53e-08, 2.62, 0.76, 1e-08, 0
447076801, 3.29, 5.26e-09, 6.62e-09, 1.49, 0.66, 1e-08, 0
447336001, 7.05, 7.69e-08, 4.52e-08, 2.62, 0.53, 1e-08, 0
447854401, 4.64, 8.57e-08, 4.83e-08, 3.88, 0.96, 1e-08, 0
449150401, 2.54, 9.53e-08, 7.78e-08, 7.44, 5.54, 1e-08, 102
449928001, 2.85, 2.14e-08, 2.31e-08, 1.8, 0.55, 1e-08, 0
454593601, 2.43, 7.46e-08, 5.52e-08, 3.64, 5.29, 1e-08, 102
455889601, 5.95, 1.09e-08, 1.39e-08, 1.59, 0.59, 1e-08, 0
456148801, 1.4, 4.89e-08, 5.29e-08, 3.47, 4.78, 1e-08, 0
457704001, 1.89, 2.36e-08, 2.51e-08, 2.13, 0.75, 1e-08, 0
458740801, 2.09, 9.12e-08, 7.1e-08, 4.08, 5.28, 1e-08, 102
459518401, 2.42, 7.67e-08, 5.91e-08, 3.52, 1.7, 1e-08, 0
460296001, 2.18, 5.56e-08, 4.45e-08, 3.86, 2.88, 1e-08, 0
461073601, 4.43, 7.98e-08, 6.25e-07, 8.66, 3.64, 1e-08, 102
461592001, 3.98, 7.91e-08, 4.7e-08, 5.21, 4.02, 1e-08, 102
462628801, 3.23, 8.2e-08, 5.82e-08, 5.53, 4.45, 1e-08, 102
462888001, 1.57, 5.54e-08, 5.37e-08, 6.18, 6.08, 1e-08, 102
463924801, 5.38, 1.31e-07, 6.89e-08, 6.52, 3.42, 1e-08, 102
465220801, 1.16, 1.19e-08, 1.84e-08, 2.11, 0.85, 1e-08, 0
465739201, 3.23, 1.02e-08, 1.13e-08, 1.52, 0.57, 1e-08, 0
466257601, 1.25, 3.57e-08, 3.56e-08, 6.59, 6.76, 1e-08, 102
466516801, 1.04, 4.11e-08, 4.22e-08, 4.85, 7.19, 1e-08, 102
467553601, 1.9, 6.5e-08, 6.88e-08, 3.89, 6.26, 1e-08, 102
470404801, 19.63, 1.91e-07, 5.7e-08, 5.08, 1.97, 1e-08, 102
471700801, 1.15, 4.35e-08, 4.65e-08, 3.31, 2.8, 1e-08, 0
474292801, 3.41, 1.97e-08, 2e-08, 1.83, 0.57, 1e-08, 0
474811201, 4.35, 1.51e-08, 1.47e-08, 1.85, 0.53, 1e-08, 0
475329601, 20.19, 8.71e-09, 7.91e-09, 1.16, 0.46, 1e-08, 0
475848001, 1.79, 4.26e-08, 3.96e-08, 3.08, 0.93, 1e-08, 0
476884801, 1.35, 4.46e-08, 4.95e-08, 2.48, 1.04, 1e-08, 0
477403201, 3.39, 9.93e-08, 6.75e-08, 4.7, 4.47, 1e-08, 102
479476801, 2.95, 6.04e-08, 3.97e-08, 7.01, 4.47, 1e-08, 102
479736001, 2.1, 3.38e-08, 3.37e-08, 2.39, 0.67, 1e-08, 0
480254401, 5.5, 5.26e-08, 3.43e-08, 2.21, 0.53, 1e-08, 0
481032001, 4.05, 1.1e-07, 6.52e-08, 4.41, 3.97, 1e-08, 102
482587201, 2.15, 5.8e-08, 4.68e-08, 8.51, 0.37, 1e-08, 0
483105601, 2.59, 2.71e-08, 2.44e-08, 2.14, 0.56, 1e-08, 0
483883201, 2.11, 6.29e-08, 5.81e-08, 8.55, 0.43, 1e-08, 0
484401601, 1.97, 5.05e-08, 5.16e-08, 3.46, 1.39, 1e-08, 0
485179201, 5.34, 7.23e-08, 4.56e-08, 2.69, 0.59, 1e-08, 0
487512001, 12.74, 1.18e-07, 4.88e-08, 2.83, 0.51, 1e-08, 0
488289601, 5.84, 1.41e-07, 7.88e-08, 6.61, 3.53, 1e-08, 102
489067201, 2.99, 6.31e-08, 4.29e-08, 3.64, 4.79, 1e-08, 102
490363201, 1.83, 4.74e-08, 4.5e-08, 2.78, 0.86, 1e-08, 0
490622401, 4.17, 1.13e-07, 7.91e-08, 3.33, 4.82, 1e-08, 102
491659201, 2.07, 7.01e-08, 5.41e-08, 5.2, 5.36, 1e-08, 102
492177601, 2.75, 5.16e-08, 5.06e-08, 3.22, 6.52, 1e-08, 0
492696001, 1.55, 4.48e-08, 4.1e-08, 4.17, 6.28, 1e-08, 102
493732801, 5.59, 3.59e-08, 2.95e-08, 1.98, 0.47, 1e-08, 0
494510401, 4.88, 1.12e-07, 6.1e-08, 5.59, 3.51, 1e-08, 102
494769601, 2.41, 1.68e-08, 1.98e-08, 1.87, 0.63, 1e-08, 0
495028801, 1.03, 2.79e-08, 3.89e-08, 2.37, 1.05, 1e-08, 0
495547201, 1.66, 4.81e-08, 4.75e-08, 2.34, 0.72, 1e-08, 0
496065601, 2.43, 6.17e-08, 4.63e-08, 4.74, 5.31, 1e-08, 102
497361601, 1.48, 4.55e-08, 4.73e-08, 2.75, 0.9, 1e-08, 0
498139201, 2.73, 1.15e-07, 9.49e-08, 2.8, 0.81, 1e-08, 0
498398401, 1.92, 7.46e-08, 6.42e-08, 4.35, 5.8, 1e-08, 102
499176001, 1.13, 1.15e-08, 1.79e-08, 2.06, 1.02, 1e-08, 0
499694401, 5.19, 2.6e-07, 1.76e-06, 9.19, 3.15, 1e-08, 102
501768001, 1.96, 5.74e-08, 4.57e-08, 4.47, 5.37, 1e-08, 102
502027201, 5.45, 4.39e-08, 4.26e-08, 2.48, 0.82, 1e-08, 0
502545601, 2.37, 3e-08, 2.73e-08, 2.35, 0.64, 1e-08, 0
504100801, 2.26, 5.45e-08, 5.05e-08, 2.44, 0.79, 1e-08, 0
504619201, 7.91, 6.64e-08, 5.36e-08, 2.44, 0.59, 1e-08, 0
504878401, 15.52, 9.74e-08, 5.07e-08, 2.02, 0.31, 1e-08, 0
505396801, 10.09, 3.07e-08, 2.38e-08, 1.69, 0.38, 1e-08, 0
506174401, 3.89, 8.44e-08, 5.16e-08, 4.6, 4.1, 1e-08, 102
506952001, 2.63, 2.65e-08, 2.46e-08, 2.16, 0.65, 1e-08, 0
509544001, 1.54, 5.89e-08, 5.51e-08, 2.94, 0.85, 1e-08, 0
510580801, 2.02, 5.08e-08, 5.54e-07, 8.45, 5.06, 1e-08, 102
511617601, 1.98, 3.88e-08, 3.62e-08, 2.6, 0.86, 1e-08, 0
513172801, 7.33, 3.88e-08, 4.52e-08, 1.92, 0.57, 1e-08, 0
513691201, 2.14, 9.29e-08, 7.39e-08, 4.39, 5.18, 1e-08, 102
513950401, 1.63, 1.39e-08, 1.9e-08, 1.92, 0.73, 1e-08, 0
515246401, 4.54, 8.46e-08, 6.49e-07, 8.68, 3.56, 1e-08, 102
516542401, 9.0, 1.14e-07, 5.03e-08, 3.43, 0.68, 1e-08, 0
517060801, 1.4, 5.28e-08, 5.2e-08, 3.02, 1.25, 1e-08, 0
518356801, 2.97, 1.19e-08, 1.77e-08, 1.7, 0.74, 1e-08, 0
518616001, 3.13, 6.36e-08, 5.74e-08, 2.13, 0.62, 1e-08, 0
519393601, 1.51, 3.86e-08, 3.76e-08, 2.85, 1, 1e-08, 0
519912001, 4.42, 2.03e-08, 2.51e-08, 2.08, 0.73, 1e-08, 0
520948801, 3.47, 4.1e-08, 3.51e-08, 2.44, 0.64, 1e-08, 0
521726401, 3.14, 7.14e-08, 4.55e-08, 5.94, 4.3, 1e-08, 102
522763201, 4.61, 8.09e-08, 5.52e-08, 2.48, 0.55, 1e-08, 0
523281601, 1.16, 4.37e-08, 4.89e-08, 3.06, 1.01, 1e-08, 0
523540801, 3.99, 1.07e-07, 6.51e-08, 4.04, 4.05, 1e-08, 102
523800001, 1.23, 5.1e-08, 5.32e-08, 3.44, 1.62, 1e-08, 0
524318401, 2.48, 6.93e-08, 5.09e-08, 4.8, 4.85, 1e-08, 102
528465601, 1.56, 1.81e-08, 2.23e-08, 2.08, 0.76, 1e-08, 0
529243201, 1.41, 1.67e-08, 2.4e-08, 2.03, 0.8, 1e-08, 0
534945601, 1.05, 4.36e-08, 4.99e-08, 3.6, 7.42, 1e-08, 102
535464001, 1.04, 4.2e-08, 4.25e-08, 7.08, 7.02, 1e-08, 102
536241601, 3.1, 8.03e-08, 5.88e-08, 2.89, 0.83, 1e-08, 0
536760001, 1.89, 1.04e-08, 1.54e-08, 1.56, 0.67, 1e-08, 0
537537601, 6.79, 7.79e-08, 4.52e-08, 2.88, 0.72, 1e-08, 0
538315201, 2.72, 7.52e-08, 8.96e-07, 6.08, 2.82, 1e-08, 0
538574401, 5.38, 8.1e-08, 4.29e-08, 4.73, 3.66, 1e-08, 102
538833601, 10.42, 7.43e-08, 3.99e-08, 2.73, 0.53, 1e-08, 0
539092801, 1.32, 4.26e-09, 6.57e-09, 1.4, 0.67, 1e-08, 0
539611201, 3.65, 7.16e-08, 4.56e-08, 3.51, 1.82, 1e-08, 0
540388801, 3.0, 4.06e-08, 3.86e-08, 2.55, 0.76, 1e-08, 0
541166401, 1.17, 4.38e-08, 4.74e-08, 2.71, 1.55, 1e-08, 0
541944001, 2.18, 4.17e-09, 8.54e-09, 1.06, 0.64, 1e-08, 0
542980801, 3.45, 6.19e-07, 4.52e-07, 2.9, 0.86, 1e-08, 0
545054401, 2.22, 4.88e-08, 4.18e-08, 3.49, 4.29, 1e-08, 0
545313601, 1.43, 3.6e-08, 3.42e-08, 3.46, 6.84, 1e-08, 102
545832001, 2.17, 8.21e-09, 1.47e-08, 1.69, 0.82, 1e-08, 0
546091201, 1.01, 7.27e-09, 1.72e-08, 1.99, 1.25, 1e-08, 0
547905601, 1.99, 5e-08, 4.13e-08, 8.44, 0.38, 1e-08, 0
548164801, 2.11, 3.6e-08, 3.43e-07, 8.3, 4.42, 1e-08, 102
549201601, 2.68, 5.81e-08, 4.02e-08, 4.23, 4.95, 1e-08, 102
549460801, 1.48, 3.01e-08, 4.01e-08, 2.27, 0.85, 1e-08, 0
552052801, 1.76, 3.29e-08, 2.6e-08, 5.1, 5.49, 1e-08, 102
552571201, 2.32, 6.27e-08, 4.92e-08, 3.85, 5.49, 1e-08, 102
553089601, 3.76, 7.13e-08, 5.36e-08, 2.51, 0.67, 1e-08, 0
553348801, 4.51, 1.27e-07, 6.9e-08, 4.39, 3.65, 1e-08, 102
553608001, 1.34, 6.54e-08, 6.38e-08, 4.57, 6.67, 1e-08, 102
554644801, 1.55, 4.82e-08, 4.39e-08, 3.79, 6.21, 1e-08, 102
556459201, 3.49, 4.47e-08, 2.7e-08, 6.59, 4.01, 1e-08, 102
556718401, 1.36, 1.55e-08, 1.88e-08, 2.01, 0.66, 1e-08, 0
556977601, 194.93, 0.00305, 0.00055, 5.02, 0.09, 1e-08, 0
557496001, 7.23, 1.83e-07, 1.24e-07, 2.34, 0.54, 1e-08, 0
561643201, 1.77, 3.02e-09, 7.38e-09, 1.02, 0.65, 1e-08, 0
561902401, 8.76, 3.28e-08, 2.85e-08, 2.34, 0.54, 1e-08, 0
565531201, 1.59, 4.97e-08, 4.23e-08, 5.76, 5.79, 1e-08, 102
565790401, 2.73, 6.3e-08, 4.38e-08, 4.47, 4.71, 1e-08, 102
566049601, 2.43, 4.43e-08, 5.07e-08, 2.55, 0.94, 1e-08, 0
567345601, 5.45, 8.26e-08, 4.34e-08, 3.38, 0.74, 1e-08, 0
567604801, 1.83, 6.63e-08, 5.27e-08, 6.39, 5.33, 1e-08, 102
568641601, 5.64, 6.87e-08, 5.91e-08, 2.23, 0.62, 1e-08, 0
568900801, 3.77, 1.12e-07, 7.18e-08, 4.62, 4.21, 1e-08, 102
570456001, 145.52, 158.0, 0, 10.0, 0, 1e-08, 0
570715201, 1.1, 2.54e-07, 2.74e-07, 6.72, 7.33, 1e-08, 102
570974401, 5.74, 1.32e-07, 7.21e-08, 3.41, 0.96, 1e-08, 0
572011201, 1.76, 1.12e-07, 1.1e-07, 3.25, 1.15, 1e-08, 0
572270401, 3.42, 1.09e-07, 7.51e-08, 4.46, 1.69, 1e-08, 0
573048001, 2.68, 8.83e-08, 6.76e-08, 3.28, 1.64, 1e-08, 0
574603201, 2.59, 8.2e-08, 5.79e-08, 5.59, 4.5, 1e-08, 102
576676801, 2.09, 6.67e-08, 5.72e-08, 4.42, 5.38, 1e-08, 102
577454401, 4.43, 9.06e-08, 5.36e-08, 3.92, 1.85, 1e-08, 0
579787201, 2.73, 7.56e-08, 5.04e-08, 7.45, 4.43, 1e-08, 102
580564801, 1.2, 2.78e-08, 3.18e-08, 2.64, 0.83, 1e-08, 0
581083201, 3.84, 7.29e-08, 4.12e-08, 4.56, 4, 1e-08, 102
581601601, 5.37, 9.65e-08, 1.42e-06, 7.05, 3.42, 1e-08, 102
582638401, 9.22, 8.63e-08, 5.26e-08, 2.22, 0.41, 1e-08, 0
582897601, 5.21, 1.16e-07, 6.21e-08, 5.58, 3.46, 1e-08, 102
583156801, 4.0, 9.66e-08, 6.36e-08, 3.4, 1.72, 1e-08, 0
584193601, 2.74, 8.67e-09, 1.28e-08, 1.61, 0.77, 1e-08, 0
584712001, 3.13, 8.76e-08, 6.21e-08, 5.3, 4.56, 1e-08, 102
586267201, 4.38, 9.51e-08, 5.99e-08, 8.74, 0.29, 1e-08, 0
587304001, 3.97, 5.34e-08, 5.18e-08, 2.16, 0.68, 1e-08, 0
587563201, 2.11, 7.7e-08, 5.87e-08, 4.91, 5.2, 1e-08, 102
588340801, 5.37, 1.05e-07, 5.6e-08, 3.8, 0.94, 1e-08, 0
589118401, 32.44, 2.11e-05, 5.7e-06, 7.54, 1.77, 1e-08, 0
589377601, 1.49, 1.27e-07, 1.53e-07, 2.46, 0.96, 1e-08, 0
589636801, 4.89, 4.19e-07, 2.55e-07, 5.95, 4, 1e-08, 102
591451201, 1.65, 2.37e-08, 4.1e-08, 2.53, 1.36, 1e-08, 0
591710401, 1.36, 3.9e-08, 4.04e-08, 2.73, 0.88, 1e-08, 0
592488001, 1.5, 5.12e-08, 4.79e-08, 3.72, 6.46, 1e-08, 102
593006401, 2.62, 1.38e-08, 1.51e-08, 1.7, 0.55, 1e-08, 0
593524801, 4.44, 2.13e-08, 1.95e-08, 1.85, 0.57, 1e-08, 0
594302401, 2.33, 4.35e-09, 5.5e-09, 1.27, 0.6, 1e-08, 0
594820801, 1.09, 7.9e-09, 1.33e-08, 1.82, 0.79, 1e-08, 0
596116801, 7.57, 3.59e-08, 3.26e-08, 2.01, 0.51, 1e-08, 0
596894401, 5.86, 9.17e-08, 5.15e-08, 7.11, 3.59, 1e-08, 102
597672001, 7.74, 7.61e-08, 4.17e-08, 2.58, 0.49, 1e-08, 0
599745601, 1.87, 6.71e-08, 6.19e-08, 3.16, 1.04, 1e-08, 0
602337601, 3.9, 5.43e-08, 3.72e-08, 2.52, 0.61, 1e-08, 0
602596801, 1.07, 2.05e-07, 2.61e-07, 3.2, 1.66, 1e-08, 0
603115201, 1.16, 6.67e-08, 7.21e-08, 3.75, 1.26, 1e-08, 0
604411201, 3.08, 7.34e-08, 5.08e-08, 7.4, 4.63, 1e-08, 102
604670401, 4.17, 8.68e-08, 7.46e-07, 8.69, 4, 1e-08, 102
605188801, 1.02, 6.39e-08, 7.53e-08, 3.43, 6.32, 1e-08, 0
606484801, 1.19, 7.19e-09, 1.08e-08, 1.73, 0.75, 1e-08, 0
606744001, 1.31, 4.2e-08, 4.24e-08, 3.77, 6.91, 1e-08, 102
607262401, 1.07, 2.2e-08, 2.83e-08, 2.29, 0.73, 1e-08, 0
607521601, 1.18, 3.55e-08, 4.34e-08, 3.95, 6.8, 1e-08, 102
609076801, 1.09, 3.68e-08, 3.61e-08, 5.96, 6.85, 1e-08, 102
609336001, 2.67, 1.1e-08, 1.52e-08, 1.86, 0.67, 1e-08, 0
609595201, 1.28, 3.95e-08, 4.06e-08, 3.97, 6.77, 1e-08, 102
610632001, 2.21, 2.13e-08, 2.9e-08, 2.21, 0.83, 1e-08, 0
611409601, 1.58, 2.13e-09, 2.72e-09, 0.0, 0, 1e-08, 0
612964801, 2.18, 5.79e-08, 4.61e-08, 3.36, 1, 1e-08, 0
613483201, 1.4, 5.01e-08, 4.61e-08, 4.46, 6.59, 1e-08, 102
614520001, 1.7, 7.72e-08, 7.5e-08, 3.5, 6.22, 1e-08, 102
615297601, 1.73, 5.7e-08, 5.12e-08, 4.5, 5.81, 1e-08, 102
616075201, 2.41, 6.8e-08, 4.79e-08, 5.09, 4.81, 1e-08, 102
617112001, 1.26, 5.85e-08, 6.04e-08, 3.21, 1.58, 1e-08, 0
618148801, 2.23, 5.29e-08, 4.47e-08, 7.03, 5.56, 1e-08, 102
618667201, 2.24, 8.55e-08, 7.05e-08, 3.65, 5.55, 1e-08, 102
618926401, 1.21, 6.18e-08, 6.62e-08, 3.22, 1.12, 1e-08, 0
621000001, 72.95, 0.000336, 6.9e-05, 4.59, 0.53, 1e-08, 0
621259201, 6.61, 2.38e-06, 1.31e-06, 5.94, 2.72, 1e-08, 0
621518401, 3.31, 2.31e-07, 1.72e-07, 4.13, 1.58, 1e-08, 0
622296001, 1.96, 7.08e-08, 5.71e-08, 3.67, 5.46, 1e-08, 102
623073601, 1.45, 4.83e-08, 4.36e-08, 4.28, 6.21, 1e-08, 102
626961601, 3.79, 6.13e-08, 3.61e-08, 3.99, 4.13, 1e-08, 102
627480001, 5.51, 1.02e-07, 5.47e-08, 5.09, 3.4, 1e-08, 102
627739201, 2.23, 7.04e-08, 5.26e-08, 4.28, 5.18, 1e-08, 102
627998401, 1.2, 5.06e-08, 5.66e-08, 3.55, 6.79, 1e-08, 102
628257601, 3.01, 1.03e-07, 7.18e-08, 3.18, 0.82, 1e-08, 0
629553601, 2.35, 5.13e-08, 5.25e-07, 8.46, 4.75, 1e-08, 102
629812801, 1.08, 3.56e-08, 3.9e-08, 4.27, 7.16, 1e-08, 102
630072001, 1.37, 1.06e-08, 1.39e-08, 1.93, 0.73, 1e-08, 0
630849601, 3.8, 5.81e-08, 4.16e-08, 3.51, 4.45, 1e-08, 102
631368001, 2.24, 4.14e-08, 4.09e-08, 2.3, 0.6, 1e-08, 0
632404801, 1.61, 1.49e-08, 2.39e-08, 2.03, 0.91, 1e-08, 0
634219201, 1.12, 4.9e-09, 6.59e-09, 1.18, 0.7, 1e-08, 0
637070401, 1.64, 6.42e-08, 6.37e-08, 2.79, 0.84, 1e-08, 0
637588801, 3.86, 8.75e-08, 6.94e-08, 2.88, 0.99, 1e-08, 0
637848001, 6.73, 1.07e-07, 5.82e-08, 2.9, 0.71, 1e-08, 0
638366401, 2.14, 1.76e-08, 2.43e-08, 1.94, 0.77, 1e-08, 0
640180801, 6.67, 4.44e-09, 6.44e-09, 1.11, 0.76, 1e-08, 0
640440001, 9.4, 1.33e-07, 5.81e-08, 6.36, 2.71, 1e-08, 102
641476801, 2.32, 4.12e-08, 3.73e-08, 2.61, 0.68, 1e-08, 0
642513601, 4.35, 8.27e-08, 7e-07, 8.67, 3.93, 1e-08, 102
643291201, 1.76, 4.67e-08, 4.08e-08, 6.63, 5.86, 1e-08, 102
645105601, 1.1, 2.49e-08, 3.31e-08, 2.78, 1.1, 1e-08, 0
645883201, 3.11, 1.16e-07, 7.79e-08, 4.0, 4.59, 1e-08, 102
646401601, 3.34, 8.48e-08, 6.03e-08, 3.2, 0.89, 1e-08, 0
647438401, 6.17, 1.16e-07, 5.9e-08, 5.29, 3.32, 1e-08, 102
647956801, 1.43, 4.57e-08, 5.05e-08, 3.85, 6.95, 1e-08, 102
648216001, 1.12, 4.72e-08, 5.25e-08, 2.88, 0.99, 1e-08, 0
648475201, 2.83, 5.69e-08, 6.74e-08, 1.53, 0.55, 1e-08, 0
648993601, 3.07, 9.35e-08, 6.43e-08, 4.11, 4.63, 1e-08, 102
649512001, 4.09, 1.58e-07, 1.03e-07, 4.43, 4.22, 1e-08, 102
650289601, 4.59, 7.65e-09, 1.08e-08, 1.45, 0.71, 1e-08, 0
653140801, 24.01, 4.07e-05, 1.19e-05, 6.39, 1.43, 1e-08, 0
653400001, 1.61, 1.57e-07, 4.91e-06, 8.76, 7.17, 1e-08, 0
653659201, 3.91, 9.67e-08, 5.84e-08, 4.99, 3.76, 1e-08, 102
654696001, 4.06, 8.08e-08, 5.13e-08, 3.06, 0.68, 1e-08, 0
655732801, 3.48, 8.73e-08, 6.46e-08, 4.04, 4.56, 1e-08, 102
656769601, 1.98, 4.59e-08, 3.93e-08, 2.72, 0.78, 1e-08, 0
657806401, 2.83, 5.76e-08, 4.75e-08, 3.59, 5.12, 1e-08, 102
658324801, 2.43, 4.44e-08, 3.1e-08, 7.86, 4.77, 1e-08, 102
659361601, 1.29, 1.26e-08, 1.95e-08, 2.21, 1.03, 1e-08, 0
663508801, 1.42, 6.16e-08, 6.06e-08, 3.64, 1.06, 1e-08, 0
665064001, 1.33, 6.29e-08, 6.09e-08, 3.99, 6.69, 1e-08, 102
665582401, 4.91, 8.12e-08, 3.7e-07, 8.59, 1.06, 1e-08, 0
666360001, 2.38, 3.77e-08, 4.41e-08, 2.11, 0.71, 1e-08, 0
666619201, 80.38, 7.14e-05, 1.13e-05, 4.3, 1.23, 1e-08, 102
667137601, 3.55, 1.46e-07, 9.5e-08, 5.07, 4.28, 1e-08, 102
667915201, 2.07, 9.31e-09, 1.13e-08, 1.45, 0.59, 1e-08, 0
669211201, 2.01, 6.4e-08, 5.8e-08, 2.93, 0.95, 1e-08, 0
669470401, 3.17, 1.67e-08, 2.26e-08, 1.91, 0.7, 1e-08, 0
670248001, 2.39, 1.84e-08, 2.31e-08, 1.88, 0.64, 1e-08, 0
670507201, 3.8, 6.97e-08, 4.34e-08, 2.61, 0.71, 1e-08, 0
671025601, 3.64, 6.92e-08, 4.87e-08, 3.12, 0.92, 1e-08, 0
672321601, 1.17, 3.12e-08, 3.57e-08, 3.11, 2.01, 1e-08, 0
673617601, 2.2, 6.1e-08, 4.59e-08, 4.95, 5.12, 1e-08, 102
673876801, 3.45, 8.71e-08, 5.67e-08, 5.48, 4.2, 1e-08, 102
676728001, 3.41, 6.08e-08, 4.21e-08, 3.0, 0.72, 1e-08, 0
678283201, 2.16, 5.94e-08, 5.05e-08, 3.29, 1.97, 1e-08, 0
679320001, 4.15, 7.95e-09, 9.14e-09, 1.24, 0.53, 1e-08, 0
680616001, 2.77, 1.25e-07, 1.08e-07, 4.01, 5.07, 1e-08, 102
682689601, 4.75, 1.08e-07, 6.3e-08, 3.13, 0.72, 1e-08, 0
685022401, 14.07, 0.000115, 4e-05, 6.26, 1.94, 1e-08, 0
685281601, 1.02, 5.9e-08, 7.21e-08, 2.9, 1.2, 1e-08, 0
686059201, 1.65, 4.38e-09, 6.52e-09, 1.35, 0.74, 1e-08, 0
687096001, 4.6, 4.56e-08, 3.32e-08, 2.55, 0.57, 1e-08, 0
688392001, 4.09, 1.03e-07, 5.98e-08, 5.92, 3.69, 1e-08, 102
690984001, 1.03, 3.03e-08, 3.46e-08, 4.89, 7.07, 1e-08, 102
691502401, 2.32, 6.95e-08, 4.97e-08, 7.62, 4.8, 1e-08, 102
691761601, 7.37, 1.3e-07, 6.09e-08, 3.84, 2.46, 1e-08, 0
694094401, 2.34, 1.81e-08, 2.27e-08, 2.16, 0.9, 1e-08, 0
695649601, 1.4, 8.11e-08, 7.97e-08, 3.85, 6.36, 1e-08, 102
696686401, 3.15, 8.98e-08, 6.34e-08, 5.39, 4.52, 1e-08, 102
697464001, 3.63, 3.48e-08, 3.07e-08, 2.28, 0.63, 1e-08, 0
697982401, 6.6, 1.54e-08, 1.83e-08, 1.73, 0.62, 1e-08, 0
698500801, 8.0, 3.56e-05, 1.49e-05, 5.05, 1.26, 1e-08, 0
699278401, 2.39, 1.01e-07, 8.09e-08, 3.35, 5.73, 1e-08, 102
699537601, 3.32, 1.11e-08, 1.3e-08, 1.62, 0.61, 1e-08, 0
699796801, 2.44, 1.01e-08, 1.73e-08, 1.96, 1.01, 1e-08, 0
700574401, 1.32, 2.81e-08, 3.64e-08, 2.4, 0.88, 1e-08, 0
700833601, 6.2, 1.46e-08, 2.09e-08, 1.72, 0.68, 1e-08, 0
701870401, 1.68, 5.44e-08, 5.05e-08, 3.36, 1.37, 1e-08, 0
704203201, 1.85, 2.61e-08, 2.76e-08, 2.21, 0.7, 1e-08, 0
705240001, 2.32, 4.97e-08, 4.38e-08, 2.77, 1, 1e-08, 0
705758401, 1.09, 4.14e-08, 4.57e-08, 3.61, 1.37, 1e-08, 0
706017601, 1.57, 7.29e-08, 6.6e-08, 3.59, 6.14, 1e-08, 102
707832001, 1.21, 4.52e-08, 4.69e-08, 4.01, 6.74, 1e-08, 102
708868801, 1.82, 3.89e-08, 3.59e-08, 2.89, 0.84, 1e-08, 0
709905601, 3.78, 8.94e-08, 5.84e-08, 10.0, 0, 1e-08, 0
712756801, 2.67, 5.06e-08, 4.68e-08, 2.11, 0.58, 1e-08, 0
713534401, 3.08, 1.11e-07, 9.3e-08, 2.76, 0.73, 1e-08, 0
714052801, 1.26, 2.27e-08, 4.14e-08, 2.24, 1.13, 1e-08, 0
714312001, 4.57, 8.64e-08, 5.83e-08, 2.55, 0.74, 1e-08, 0
714830401, 2.54, 8.8e-08, 7.81e-08, 4.73, 4.95, 1e-08, 102
715089601, 1.13, 5.64e-08, 6.04e-08, 10.0, 0, 1e-08, 0
715348801, 3.55, 1.09e-07, 6.8e-08, 5.13, 3.95, 1e-08, 102
715608001, 6.0, 4.02e-08, 3.35e-08, 2.07, 0.52, 1e-08, 0
716904001, 6.0, 5.87e-05, 0.000108, 10.0, 0, 1e-08, 0
717422401, 1.66, 3.21e-08, 3.97e-08, 2.77, 1.08, 1e-08, 0
718459201, 1.87, 5.57e-09, 8.64e-09, 1.67, 0.76, 1e-08, 0
720532801, 2.24, 7.68e-09, 8.65e-09, 1.46, 0.53, 1e-08, 0
722347201, 3.31, 5.18e-09, 1.05e-08, 1.55, 0.91, 1e-08, 0
723902401, 1.97, 7.33e-08, 6.37e-08, 3.96, 5.71, 1e-08, 102
724161601, 6.24, 1.47e-08, 1.56e-08, 1.55, 0.52, 1e-08, 0
724939201, 1.63, 4.2e-08, 4.77e-08, 3.42, 6.97, 1e-08, 102
725198401, 1.44, 1.4e-08, 1.87e-08, 2.08, 0.8, 1e-08, 0
729086401, 4.07, 9.73e-08, 9.12e-07, 7.65, 2.18, 1e-08, 0
729604801, 2.82, 7.95e-08, 5.44e-08, 4.51, 4.44, 1e-08, 102
730382401, 159.25, 6.66e-05, 9.3e-06, 4.26, 0.38, 1e-08, 0
731160001, 1.53, 5.44e-08, 6.18e-08, 2.74, 1.35, 1e-08, 0
732196801, 5.51, 7.57e-08, 5.21e-08, 2.58, 0.58, 1e-08, 0
732715201, 1.76, 3.9e-08, 3.45e-08, 10.0, 0, 1e-08, 1
733233601, 6.07, 7.4e-09, 9.68e-09, 1.31, 0.63, 1e-08, 0
733492801, 4.05, 9.28e-08, 5.81e-08, 2.86, 0.94, 1e-08, 0
733752001, 1.09, 3.91e-08, 4.11e-08, 5.25, 7.25, 1e-08, 102
736344001, 7.49, 9.78e-08, 4.54e-08, 6.08, 2.96, 1e-08, 102
736862401, 5.73, 5.07e-08, 3.76e-08, 2.47, 0.58, 1e-08, 0
737899201, 14.22, 2.17e-07, 7.6e-08, 4.71, 2.29, 1e-08, 102
738417601, 8.35, 5.03e-08, 3.7e-08, 2.03, 0.48, 1e-08, 0
738936001, 2.78, 2.92e-08, 3.7e-08, 2.0, 0.8, 1e-08, 0
739195201, 3.41, 7.83e-08, 5.08e-08, 5.4, 4.19, 1e-08, 102
739713601, 3.88, 8.95e-08, 5.55e-08, 3.12, 0.82, 1e-08, 0
740232001, 2.49, 3.76e-08, 3.06e-08, 2.4, 0.54, 1e-08, 0
740491201, 1.02, 2.87e-08, 3.36e-08, 2.75, 0.97, 1e-08, 0
741009601, 1.99, 6.05e-08, 5.84e-08, 2.83, 1.01, 1e-08, 0
741268801, 1.58, 7.01e-08, 6.89e-08, 2.59, 0.84, 1e-08, 0
