timestamp, ts, flux, flux_error, photon_index, photon_index_interval, fit_tolerance, fit_convergence
239976001, 2.43, 1.43e-08, 1.41e-08, 2.39, 0, 1e-08, 0
240753601, 2.39, 1.72e-08, 1.51e-08, 2.39, 0, 1e-08, 0
253972801, 4.34, 3.31e-08, 2.21e-08, 2.39, 0, 1e-08, 0
260193601, 1.32, 2.2e-08, 2.48e-08, 2.39, 0, 1e-08, 0
262267201, 2.69, 2.94e-08, 2.31e-08, 2.39, 0, 1e-08, 0
264081601, 1.52, 1.77e-08, 1.8e-08, 2.39, 0, 1e-08, 0
266673601, 1.97, 2.72e-08, 2.55e-08, 2.39, 0, 1e-08, 0
266932801, 2.65, 2.6e-08, 2.15e-08, 2.39, 0, 1e-08, 0
272376001, 2.56, 2.56e-08, 2.24e-08, 2.39, 0, 1e-08, 0
273153601, 13.92, 6.04e-08, 2.74e-08, 2.39, 0, 1e-08, 0
273412801, 1.98, 3.17e-08, 7.21e-08, 2.39, 0, 1e-08, 0
276264001, 2.37, 1.9e-08, 2.04e-08, 2.39, 0, 1e-08, 0
276523201, 5.75, 4.55e-08, 2.69e-08, 2.39, 0, 1e-08, 0
281707201, 3.24, 2.75e-08, 2.84e-08, 2.39, 0, 1e-08, 0
285595201, 5.15, 3.62e-08, 2.75e-08, 2.39, 0, 1e-08, 0
285854401, 1.1, 1.66e-08, 2.1e-08, 2.39, 0, 1e-08, 0
288964801, 1.49, 4.28e-08, 5.4e-08, 2.39, 0, 1e-08, 0
293630401, 1.31, 3.01e-08, 3.54e-08, 2.39, 0, 1e-08, 0
295704001, 1.71, 2.33e-08, 2.16e-08, 2.39, 0, 1e-08, 0
304257601, 1.2, 2.1e-08, 3.56e-08, 2.39, 0, 1e-08, 0
305812801, 1.36, 2.42e-08, 2.52e-08, 2.39, 0, 1e-08, 0
313588801, 1.88, 3.32e-08, 3.49e-08, 2.39, 0, 1e-08, 0
337176001, 1.98, 1.84e-08, 2.16e-08, 2.39, 0, 1e-08, 0
340545601, 1.06, 2.26e-08, 3.57e-08, 2.39, 0, 1e-08, 0
341841601, 3.48, 2.89e-08, 2.1e-08, 2.39, 0, 1e-08, 0
345729601, 2.77, 3.44e-08, 3.32e-08, 2.39, 0, 1e-08, 0
345988801, 2.56, 3.08e-08, 4.79e-08, 2.39, 0, 1e-08, 0
347544001, 1.26, 1.11e-08, 1.44e-08, 2.39, 0, 1e-08, 0
350395201, 6.05, 4.13e-08, 3.02e-08, 2.39, 0, 1e-08, 0
350654401, 3.66, 3.6e-08, 2.67e-08, 2.39, 0, 1e-08, 0
353764801, 3.98, 2.52e-08, 2.62e-08, 2.39, 0, 1e-08, 0
355060801, 1.45, 2.58e-08, 3.11e-08, 2.39, 0, 1e-08, 0
357652801, 1.74, 2.45e-08, 3.04e-08, 2.39, 0, 1e-08, 0
360244801, 1.07, 1.33e-08, 1.7e-08, 2.39, 0, 1e-08, 0
362059201, 4.62, 2.35e-08, 2.18e-08, 2.39, 0, 1e-08, 0
363873601, 2.33, 2.67e-08, 2.29e-08, 2.39, 0, 1e-08, 0
375019201, 2.92, 2.27e-08, 2.38e-08, 2.39, 0, 1e-08, 0
384091201, 1.1, 3.1e-08, 3.82e-08, 2.39, 0, 1e-08, 0
386424001, 1.32, 2.48e-08, 2.93e-08, 2.39, 0, 1e-08, 0
389275201, 1.06, 1.02e-08, 1.42e-08, 2.39, 0, 1e-08, 0
395236801, 2.75, 4.61e-08, 4e-08, 2.39, 0, 1e-08, 0
401976001, 3.98, 1.57e-08, 1.58e-08, 2.39, 0, 1e-08, 0
413640001, 2.28, 5.78e-08, 5.72e-08, 2.39, 0, 1e-08, 0
417009601, 2.73, 4.2e-08, 4.29e-08, 2.39, 0, 1e-08, 0
422452801, 1.09, 1.47e-08, 2.01e-08, 2.39, 0, 1e-08, 0
425563201, 1.94, 2.04e-08, 2.12e-08, 2.39, 0, 1e-08, 0
428155201, 1.05, 2.21e-08, 2.99e-08, 2.39, 0, 1e-08, 0
442411201, 2.06, 2.11e-08, 2.07e-08, 2.39, 0, 1e-08, 0
443448001, 8.04, 4.93e-08, 2.57e-08, 2.39, 0, 1e-08, 0
447595201, 1.52, 1.68e-08, 1.79e-08, 2.39, 0, 1e-08, 0
448632001, 2.38, 4.07e-08, 3.47e-08, 2.39, 0, 1e-08, 0
449928001, 3.69, 3.63e-08, 3.44e-08, 2.39, 0, 1e-08, 0
458222401, 1.0, 1.64e-08, 2.23e-08, 2.39, 0, 1e-08, 0
461073601, 4.66, 3.67e-08, 2.37e-08, 2.39, 0, 1e-08, 0
463147201, 1.01, 2.07e-08, 2.87e-08, 2.39, 0, 1e-08, 0
463406401, 2.03, 4.72e-08, 4.1e-08, 2.39, 0, 1e-08, 0
465998401, 2.93, 2.29e-08, 2.43e-08, 2.39, 0, 1e-08, 0
474552001, 2.11, 1.47e-08, 1.69e-08, 2.39, 0, 1e-08, 0
475329601, 4.67, 4.53e-08, 2.89e-08, 2.39, 0, 1e-08, 0
475588801, 5.82, 2.59e-08, 1.95e-08, 2.39, 0, 1e-08, 0
476366401, 2.51, 2.81e-08, 3.08e-08, 2.39, 0, 1e-08, 0
477662401, 5.43, 6.33e-08, 4.17e-08, 2.39, 0, 1e-08, 0
478699201, 2.02, 3.87e-08, 8.33e-08, 2.39, 0, 1e-08, 0
479476801, 1.41, 2.29e-08, 2.73e-08, 2.39, 0, 1e-08, 0
480772801, 18.21, 1.18e-07, 5.8e-08, 2.39, 0, 1e-08, 0
481291201, 6.58, 4.14e-08, 2.8e-08, 2.39, 0, 1e-08, 0
482068801, 7.42, 9.02e-08, 5.77e-08, 2.39, 0, 1e-08, 0
482587201, 3.09, 6.62e-08, 1.15e-07, 2.39, 0, 1e-08, 0
482846401, 14.51, 1.06e-07, 5.51e-08, 2.39, 0, 1e-08, 0
483105601, 3.82, 4.8e-08, 9.4e-08, 2.39, 0, 1e-08, 0
483364801, 8.38, 5.57e-08, 3.07e-08, 2.39, 0, 1e-08, 0
484660801, 3.72, 4.48e-08, 6.02e-08, 2.39, 0, 1e-08, 0
485179201, 1.21, 2.95e-08, 3.93e-08, 2.39, 0, 1e-08, 0
485438401, 4.77, 3.44e-08, 3.1e-08, 2.39, 0, 1e-08, 0
486993601, 3.29, 4.76e-08, 8.83e-08, 2.39, 0, 1e-08, 0
487512001, 6.82, 9.13e-08, 8.18e-08, 2.39, 0, 1e-08, 0
487771201, 6.14, 2.89e-08, 2.62e-08, 2.39, 0, 1e-08, 0
488548801, 4.52, 4.76e-08, 5.55e-08, 2.39, 0, 1e-08, 0
489326401, 6.35, 5e-08, 6.12e-08, 2.39, 0, 1e-08, 0
490363201, 5.77, 2.35e-08, 1.8e-08, 2.39, 0, 1e-08, 0
490622401, 13.73, 1.31e-07, 6e-08, 2.39, 0, 1e-08, 0
491400001, 448.83, 1.31e-06, 2.9e-07, 2.39, 0, 1e-08, 0
491918401, 28.72, 2.5e-07, 1.42e-07, 2.39, 0, 1e-08, 0
492177601, 10.95, 1.21e-07, 8.99e-08, 2.39, 0, 1e-08, 0
492696001, 10.24, 1.36e-07, 1.29e-07, 2.39, 0, 1e-08, 0
493214401, 8.2, 6.07e-08, 3.16e-08, 2.39, 0, 1e-08, 0
494251201, 2.35, 4.62e-08, 6.21e-08, 2.39, 0, 1e-08, 0
494510401, 2.43, 3.46e-08, 6.33e-08, 2.39, 0, 1e-08, 0
495028801, 2.23, 4.28e-08, 4.52e-08, 2.39, 0, 1e-08, 0
495288001, 14.25, 8.83e-08, 6.18e-08, 2.39, 0, 1e-08, 0
495806401, 29.85, 1.69e-07, 5.6e-08, 2.39, 0, 1e-08, 0
496065601, 12.83, 1.06e-07, 5.22e-08, 2.39, 0, 1e-08, 0
496584001, 59.75, 3.06e-07, 9e-08, 2.39, 0, 1e-08, 0
496843201, 45.26, 4.46e-07, 2.22e-07, 2.39, 0, 1e-08, 0
497102401, 1.34, 9.13e-08, 1.73e-07, 2.39, 0, 1e-08, 0
497620801, 501.76, 8.62e-07, 1.49e-07, 2.39, 0, 1e-08, 0
497880001, 988.98, 2.3e-06, 2.7e-07, 2.39, 0, 1e-08, 0
498139201, 1001.14, 2.88e-06, 2.5e-07, 2.39, 0, 1e-08, 0
498398401, 297.79, 1.47e-06, 2.9e-07, 2.39, 0, 1e-08, 0
498657601, 417.41, 1.06e-06, 1.09e-07, 2.39, 0, 1e-08, 0
498916801, 127.14, 1.39e-06, 3.35e-07, 2.39, 0, 1e-08, 0
499176001, 81.52, 9.08e-07, 3.23e-07, 2.39, 0, 1e-08, 0
499694401, 10.2, 1.47e-07, 9.19e-08, 2.39, 0, 1e-08, 0
499953601, 19.77, 2.84e-07, 2.09e-07, 2.39, 0, 1e-08, 0
500212801, 1.13, 1.07e-07, 2.14e-07, 2.39, 0, 1e-08, 0
500472001, 27.11, 5.54e-07, 2.73e-07, 2.39, 0, 1e-08, 0
500731201, 6.92, 3.95e-07, 3.45e-07, 2.39, 0, 1e-08, 0
500990401, 176.6, 1.24e-06, 3.3e-07, 2.39, 0, 1e-08, 0
501249601, 42.21, 5.46e-07, 1.93e-07, 2.39, 0, 1e-08, 0
501508801, 528.01, 1.22e-06, 1.5e-07, 2.39, 0, 1e-08, 0
501768001, 100.46, 5.82e-07, 1.56e-07, 2.39, 0, 1e-08, 0
502027201, 259.67, 7.05e-07, 1.73e-07, 2.39, 0, 1e-08, 0
502286401, 62.0, 3.48e-07, 1.36e-07, 2.39, 0, 1e-08, 0
502545601, 19.73, 2.34e-07, 1.38e-07, 2.39, 0, 1e-08, 0
502804801, 17.4, 1.28e-07, 8.71e-08, 2.39, 0, 1e-08, 0
503582401, 177.07, 6.23e-07, 1.32e-07, 2.39, 0, 1e-08, 0
503841601, 131.52, 5.64e-07, 1.24e-07, 2.39, 0, 1e-08, 0
504100801, 32.32, 3.42e-07, 1.62e-07, 2.39, 0, 1e-08, 0
504360001, 83.91, 5.13e-07, 1.15e-07, 2.39, 0, 1e-08, 0
504619201, 74.18, 4.89e-07, 1.88e-07, 2.39, 0, 1e-08, 0
504878401, 4.26, 6e-08, 7e-08, 2.39, 0, 1e-08, 0
505137601, 9.73, 1.04e-07, 7.58e-08, 2.39, 0, 1e-08, 0
505396801, 3.3, 7.52e-08, 1.07e-07, 2.39, 0, 1e-08, 0
505656001, 17.45, 8.95e-08, 4.75e-08, 2.39, 0, 1e-08, 0
505915201, 33.25, 1.88e-07, 8.2e-08, 2.39, 0, 1e-08, 0
506174401, 20.78, 2.52e-07, 1.4e-07, 2.39, 0, 1e-08, 0
506433601, 232.86, 1.11e-06, 2.19e-07, 2.39, 0, 1e-08, 0
506692801, 409.46, 1.03e-06, 1.99e-07, 2.39, 0, 1e-08, 0
506952001, 34.44, 2.64e-07, 1.11e-07, 2.39, 0, 1e-08, 0
507211201, 340.23, 6.55e-07, 1.54e-07, 2.39, 0, 1e-08, 0
507470401, 114.69, 3.89e-07, 1.4e-07, 2.39, 0, 1e-08, 0
507729601, 59.69, 2.31e-07, 6.6e-08, 2.39, 0, 1e-08, 0
508248001, 11.19, 1.5e-07, 1.3e-07, 2.39, 0, 1e-08, 0
508507201, 77.75, 4.01e-07, 7.8e-08, 2.39, 0, 1e-08, 0
508766401, 502.27, 1.42e-06, 1.3e-07, 2.39, 0, 1e-08, 0
509025601, 115.59, 5.09e-07, 8.7e-08, 2.39, 0, 1e-08, 0
509284801, 2.89, 9.8e-08, 1.96e-07, 2.39, 0, 1e-08, 0
509544001, 71.34, 5.39e-07, 2.12e-07, 2.39, 0, 1e-08, 0
509803201, 41.64, 2.65e-07, 1.07e-07, 2.39, 0, 1e-08, 0
510062401, 2.92, 1.23e-07, 1.52e-07, 2.39, 0, 1e-08, 0
510321601, 113.32, 5.74e-07, 1.26e-07, 2.39, 0, 1e-08, 0
511099201, 25.5, 9.41e-08, 4.18e-08, 2.39, 0, 1e-08, 0
511358401, 33.09, 1.28e-07, 3.78e-08, 2.39, 0, 1e-08, 0
511617601, 94.29, 2.44e-07, 4.7e-08, 2.39, 0, 1e-08, 0
511876801, 72.09, 3.46e-07, 1.28e-07, 2.39, 0, 1e-08, 0
512136001, 159.36, 6.8e-07, 1.5e-07, 2.39, 0, 1e-08, 0
512395201, 135.78, 7.09e-07, 1.76e-07, 2.39, 0, 1e-08, 0
512654401, 10.46, 1.84e-07, 1.54e-07, 2.39, 0, 1e-08, 0
513172801, 76.96, 4.25e-07, 1.01e-07, 2.39, 0, 1e-08, 0
513432001, 5.65, 1.53e-07, 1.71e-07, 2.39, 0, 1e-08, 0
513691201, 177.18, 5.67e-07, 1.03e-07, 2.39, 0, 1e-08, 0
513950401, 8.11, 2.2e-07, 1.94e-07, 2.39, 0, 1e-08, 0
514209601, 30.41, 2.98e-07, 1.57e-07, 2.39, 0, 1e-08, 0
514468801, 24.29, 1.93e-07, 1.23e-07, 2.39, 0, 1e-08, 0
514987201, 221.21, 7.86e-07, 2.08e-07, 2.39, 0, 1e-08, 0
515246401, 73.39, 5.58e-07, 1.76e-07, 2.39, 0, 1e-08, 0
515505601, 295.99, 1.12e-06, 1.8e-07, 2.39, 0, 1e-08, 0
515764801, 111.11, 6.13e-07, 1.63e-07, 2.39, 0, 1e-08, 0
516024001, 139.18, 6.17e-07, 1.42e-07, 2.39, 0, 1e-08, 0
516283201, 200.44, 5.36e-07, 1.48e-07, 2.39, 0, 1e-08, 0
516542401, 89.2, 4.06e-07, 1.1e-07, 2.39, 0, 1e-08, 0
516801601, 205.24, 5.26e-07, 8.8e-08, 2.39, 0, 1e-08, 0
517060801, 6.9, 8.5e-08, 8.11e-08, 2.39, 0, 1e-08, 0
517320001, 15.87, 7.77e-08, 3.22e-08, 2.39, 0, 1e-08, 0
517579201, 11.75, 9.72e-08, 5.26e-08, 2.39, 0, 1e-08, 0
518097601, 27.05, 2.26e-07, 1.36e-07, 2.39, 0, 1e-08, 0
518875201, 11.7, 8.96e-08, 4.44e-08, 2.39, 0, 1e-08, 0
519134401, 10.77, 8.77e-08, 8.92e-08, 2.39, 0, 1e-08, 0
519393601, 5.24, 3.88e-08, 3.67e-08, 2.39, 0, 1e-08, 0
519912001, 34.51, 1.9e-07, 1.03e-07, 2.39, 0, 1e-08, 0
520689601, 59.45, 1.45e-07, 3.9e-08, 2.39, 0, 1e-08, 0
521467201, 60.9, 3e-07, 1.33e-07, 2.39, 0, 1e-08, 0
521985601, 9.92, 8.67e-08, 1.2e-07, 2.39, 0, 1e-08, 0
522504001, 6.61, 8.96e-08, 8.64e-08, 2.39, 0, 1e-08, 0
522763201, 1.23, 5.13e-08, 1.21e-07, 2.39, 0, 1e-08, 0
523022401, 10.83, 1.23e-07, 1.05e-07, 2.39, 0, 1e-08, 0
523281601, 3.44, 6.31e-08, 7.18e-08, 2.39, 0, 1e-08, 0
524318401, 4.1, 6.28e-08, 6.7e-08, 2.39, 0, 1e-08, 0
524577601, 20.46, 8.92e-08, 3.67e-08, 2.39, 0, 1e-08, 0
524836801, 33.71, 1.32e-07, 3.91e-08, 2.39, 0, 1e-08, 0
525096001, 19.09, 1.06e-07, 4.59e-08, 2.39, 0, 1e-08, 0
525614401, 12.18, 9.53e-08, 5.75e-08, 2.39, 0, 1e-08, 0
525873601, 59.86, 1.71e-07, 4.1e-08, 2.39, 0, 1e-08, 0
526910401, 6.59, 1.61e-07, 1.37e-07, 2.39, 0, 1e-08, 0
527428801, 32.94, 3.14e-07, 1.9e-07, 2.39, 0, 1e-08, 0
527688001, 8.28, 8.04e-08, 5.55e-08, 2.39, 0, 1e-08, 0
528206401, 1.48, 4.28e-08, 5.09e-08, 2.39, 0, 1e-08, 0
528465601, 94.75, 5.39e-07, 1.94e-07, 2.39, 0, 1e-08, 0
528724801, 48.04, 3.07e-07, 1.48e-07, 2.39, 0, 1e-08, 0
528984001, 96.74, 2.93e-07, 6.2e-08, 2.39, 0, 1e-08, 0
529243201, 244.48, 5.61e-07, 1.09e-07, 2.39, 0, 1e-08, 0
529502401, 241.6, 8.2e-07, 1.57e-07, 2.39, 0, 1e-08, 0
529761601, 1055.94, 1.36e-06, 1.1e-07, 2.39, 0, 1e-08, 0
530020801, 58.45, 4.41e-07, 1.43e-07, 2.39, 0, 1e-08, 0
530280001, 77.36, 4.37e-07, 1.4e-07, 2.39, 0, 1e-08, 0
530539201, 6.4, 1.25e-07, 1.2e-07, 2.39, 0, 1e-08, 0
531057601, 36.32, 1.99e-07, 8.9e-08, 2.39, 0, 1e-08, 0
531316801, 10.79, 2.14e-07, 1.7e-07, 2.39, 0, 1e-08, 0
531576001, 88.93, 5.47e-07, 1.73e-07, 2.39, 0, 1e-08, 0
531835201, 173.19, 5.77e-07, 9.2e-08, 2.39, 0, 1e-08, 0
532094401, 296.85, 9.8e-07, 2.29e-07, 2.39, 0, 1e-08, 0
532353601, 103.26, 8.32e-07, 2.5e-07, 2.39, 0, 1e-08, 0
532612801, 376.06, 1.27e-06, 1.7e-07, 2.39, 0, 1e-08, 0
532872001, 423.92, 1.1e-06, 1.18e-07, 2.39, 0, 1e-08, 0
533131201, 80.68, 7.53e-07, 2.67e-07, 2.39, 0, 1e-08, 0
533390401, 80.3, 5.42e-07, 2.2e-07, 2.39, 0, 1e-08, 0
533649601, 15.89, 2.19e-07, 1.61e-07, 2.39, 0, 1e-08, 0
533908801, 68.13, 3.98e-07, 1.29e-07, 2.39, 0, 1e-08, 0
534168001, 66.45, 6.25e-07, 2e-07, 2.39, 0, 1e-08, 0
534427201, 135.04, 8.16e-07, 1.96e-07, 2.39, 0, 1e-08, 0
534686401, 262.38, 1.58e-06, 2.5e-07, 2.39, 0, 1e-08, 0
534945601, 1272.14, 2.45e-06, 2.65e-07, 2.39, 0, 1e-08, 0
535204801, 1320.61, 2.45e-06, 1.8e-07, 2.39, 0, 1e-08, 0
535464001, 70.72, 8.88e-07, 2.8e-07, 2.39, 0, 1e-08, 0
535723201, 159.05, 1.33e-06, 3.2e-07, 2.39, 0, 1e-08, 0
535982401, 26.81, 5.15e-07, 2.32e-07, 2.39, 0, 1e-08, 0
536241601, 636.39, 2.03e-06, 2.2e-07, 2.39, 0, 1e-08, 0
536500801, 516.11, 1.42e-06, 1.3e-07, 2.39, 0, 1e-08, 0
536760001, 179.31, 1.71e-06, 3.6e-07, 2.39, 0, 1e-08, 0
537019201, 235.34, 1.3e-06, 3.11e-07, 2.39, 0, 1e-08, 0
537537601, 88.67, 9.15e-07, 2.56e-07, 2.39, 0, 1e-08, 0
537796801, 1614.88, 3.38e-06, 2.2e-07, 2.39, 0, 1e-08, 0
538056001, 260.69, 1.74e-06, 3.6e-07, 2.39, 0, 1e-08, 0
538315201, 777.31, 3.26e-06, 3.45e-07, 2.39, 0, 1e-08, 0
538574401, 1218.87, 2.86e-06, 2.9e-07, 2.39, 0, 1e-08, 0
538833601, 2068.65, 2.33e-06, 1.3e-07, 2.39, 0, 1e-08, 0
539092801, 694.83, 2.06e-06, 2.6e-07, 2.39, 0, 1e-08, 0
539352001, 33.15, 3.43e-07, 1.48e-07, 2.39, 0, 1e-08, 0
539611201, 59.22, 2.43e-07, 6.9e-08, 2.39, 0, 1e-08, 0
539870401, 114.17, 3.58e-07, 6e-08, 2.39, 0, 1e-08, 0
540129601, 21.81, 1.19e-07, 5.41e-08, 2.39, 0, 1e-08, 0
540648001, 29.98, 2.03e-07, 8e-08, 2.39, 0, 1e-08, 0
540907201, 5.53, 1.2e-07, 1.18e-07, 2.39, 0, 1e-08, 0
541166401, 7.45, 1.1e-07, 7.09e-08, 2.39, 0, 1e-08, 0
541425601, 10.87, 1.29e-07, 1.14e-07, 2.39, 0, 1e-08, 0
541944001, 1.59, 6.63e-08, 1.1e-07, 2.39, 0, 1e-08, 0
542462401, 27.68, 1.58e-07, 8.68e-08, 2.39, 0, 1e-08, 0
544536001, 6.85, 1.31e-07, 1.25e-07, 2.39, 0, 1e-08, 0
544795201, 21.17, 1.59e-07, 9.61e-08, 2.39, 0, 1e-08, 0
545054401, 66.57, 2.82e-07, 8.1e-08, 2.39, 0, 1e-08, 0
545313601, 34.34, 2.54e-07, 7.7e-08, 2.39, 0, 1e-08, 0
545572801, 34.54, 3.03e-07, 9.7e-08, 2.39, 0, 1e-08, 0
545832001, 8.11, 2.15e-07, 1.75e-07, 2.39, 0, 1e-08, 0
546091201, 4.98, 1.54e-07, 1.01e-07, 2.39, 0, 1e-08, 0
546350401, 1.73, 4.64e-08, 5.65e-08, 2.39, 0, 1e-08, 0
547905601, 13.17, 1.48e-07, 1.06e-07, 2.39, 0, 1e-08, 0
548164801, 17.4, 9.65e-08, 5.32e-08, 2.39, 0, 1e-08, 0
548424001, 59.43, 1.61e-07, 6.5e-08, 2.39, 0, 1e-08, 0
548683201, 1.67, 3.8e-08, 7.01e-08, 2.39, 0, 1e-08, 0
548942401, 51.66, 1.75e-07, 3.9e-08, 2.39, 0, 1e-08, 0
549720001, 23.82, 1.48e-07, 9.39e-08, 2.39, 0, 1e-08, 0
550238401, 2.38, 7.89e-08, 1.22e-07, 2.39, 0, 1e-08, 0
551793601, 4.84, 5.25e-08, 5.34e-08, 2.39, 0, 1e-08, 0
552312001, 18.59, 1.07e-07, 5.91e-08, 2.39, 0, 1e-08, 0
553089601, 18.95, 1.39e-07, 6.5e-08, 2.39, 0, 1e-08, 0
553608001, 5.19, 3.97e-07, 3.69e-07, 2.39, 0, 1e-08, 0
554126401, 38.76, 4.94e-07, 2.12e-07, 2.39, 0, 1e-08, 0
554385601, 32.09, 3.79e-07, 1.95e-07, 2.39, 0, 1e-08, 0
554644801, 21.21, 2.07e-07, 9.6e-08, 2.39, 0, 1e-08, 0
554904001, 92.75, 5.08e-07, 1.8e-07, 2.39, 0, 1e-08, 0
555163201, 608.96, 1.42e-06, 1.5e-07, 2.39, 0, 1e-08, 0
555422401, 339.44, 1.28e-06, 2.5e-07, 2.39, 0, 1e-08, 0
555681601, 153.42, 1.06e-06, 2.58e-07, 2.39, 0, 1e-08, 0
555940801, 145.4, 7.55e-07, 1.35e-07, 2.39, 0, 1e-08, 0
556200001, 61.2, 2.8e-07, 1.13e-07, 2.39, 0, 1e-08, 0
556459201, 12.26, 9.06e-08, 6.12e-08, 2.39, 0, 1e-08, 0
556718401, 1.07, 4.53e-08, 8.99e-08, 2.39, 0, 1e-08, 0
558014401, 207.95, 5.18e-07, 1.07e-07, 2.39, 0, 1e-08, 0
558273601, 81.43, 2.69e-07, 1.07e-07, 2.39, 0, 1e-08, 0
558792001, 14.88, 1.18e-07, 6.11e-08, 2.39, 0, 1e-08, 0
559051201, 12.78, 1.08e-07, 5.49e-08, 2.39, 0, 1e-08, 0
559310401, 34.86, 2e-07, 9.5e-08, 2.39, 0, 1e-08, 0
559569601, 34.98, 1.87e-07, 6.5e-08, 2.39, 0, 1e-08, 0
559828801, 49.97, 2.34e-07, 7.4e-08, 2.39, 0, 1e-08, 0
560088001, 58.08, 2.27e-07, 6.4e-08, 2.39, 0, 1e-08, 0
560347201, 38.62, 3.57e-07, 1.84e-07, 2.39, 0, 1e-08, 0
560606401, 33.02, 2.01e-07, 1.3e-07, 2.39, 0, 1e-08, 0
560865601, 3.52, 7.92e-08, 1.15e-07, 2.39, 0, 1e-08, 0
561124801, 20.51, 6.71e-08, 3.09e-08, 2.39, 0, 1e-08, 0
561643201, 74.57, 2.71e-07, 8.3e-08, 2.39, 0, 1e-08, 0
561902401, 340.33, 3.72e-07, 6.1e-08, 2.39, 0, 1e-08, 0
562680001, 42.53, 2.5e-07, 1.57e-07, 2.39, 0, 1e-08, 0
562939201, 6.94, 9.12e-08, 7.99e-08, 2.39, 0, 1e-08, 0
563198401, 73.55, 2.83e-07, 7.2e-08, 2.39, 0, 1e-08, 0
563457601, 55.28, 2.05e-07, 5e-08, 2.39, 0, 1e-08, 0
563716801, 28.37, 1.58e-07, 4.8e-08, 2.39, 0, 1e-08, 0
563976001, 21.91, 1.71e-07, 1.5e-07, 2.39, 0, 1e-08, 0
564494401, 3.29, 6.53e-08, 5.56e-08, 2.39, 0, 1e-08, 0
564753601, 1.71, 3.76e-08, 7.53e-08, 2.39, 0, 1e-08, 0
565790401, 1.89, 4.77e-08, 8.23e-08, 2.39, 0, 1e-08, 0
566049601, 32.6, 2.22e-07, 1.43e-07, 2.39, 0, 1e-08, 0
566568001, 24.75, 1.15e-07, 4.59e-08, 2.39, 0, 1e-08, 0
567086401, 2.88, 3.29e-08, 4.69e-08, 2.39, 0, 1e-08, 0
567345601, 49.83, 1.4e-07, 3.6e-08, 2.39, 0, 1e-08, 0
567604801, 49.61, 1.55e-07, 4.2e-08, 2.39, 0, 1e-08, 0
567864001, 47.33, 1.35e-07, 3.91e-08, 2.39, 0, 1e-08, 0
568123201, 7.79, 9.24e-08, 1.06e-07, 2.39, 0, 1e-08, 0
568382401, 17.5, 1.21e-07, 5.5e-08, 2.39, 0, 1e-08, 0
569678401, 1.58, 7.05e-08, 1.34e-07, 2.39, 0, 1e-08, 0
570196801, 3.56, 1.38e-07, 1.8e-07, 2.39, 0, 1e-08, 0
570456001, 1.22, 4.67e-07, 7.04e-07, 2.39, 0, 1e-08, 0
570715201, 9.81, 1.69e-07, 1.19e-07, 2.39, 0, 1e-08, 0
571492801, 3.26, 1e-07, 1.48e-07, 2.39, 0, 1e-08, 0
571752001, 14.58, 1.85e-07, 1.16e-07, 2.39, 0, 1e-08, 0
572270401, 13.02, 1.08e-07, 7.18e-08, 2.39, 0, 1e-08, 0
573307201, 418.25, 1.77e-06, 2.2e-07, 2.39, 0, 1e-08, 0
573566401, 696.7, 2.66e-06, 2.7e-07, 2.39, 0, 1e-08, 0
573825601, 90.03, 9.96e-07, 2.82e-07, 2.39, 0, 1e-08, 0
574084801, 3.44, 9.91e-08, 1.31e-07, 2.39, 0, 1e-08, 0
574603201, 5.48, 9.69e-08, 9.59e-08, 2.39, 0, 1e-08, 0
574862401, 40.27, 1.87e-07, 5e-08, 2.39, 0, 1e-08, 0
575380801, 9.51, 5.59e-08, 3.46e-08, 2.39, 0, 1e-08, 0
575640001, 25.02, 9.67e-08, 3.94e-08, 2.39, 0, 1e-08, 0
576158401, 19.42, 1.45e-07, 1.17e-07, 2.39, 0, 1e-08, 0
576417601, 2.57, 5.91e-08, 7.09e-08, 2.39, 0, 1e-08, 0
576676801, 11.53, 1.28e-07, 9.61e-08, 2.39, 0, 1e-08, 0
576936001, 73.47, 3.1e-07, 1.21e-07, 2.39, 0, 1e-08, 0
577195201, 46.47, 2.78e-07, 1.15e-07, 2.39, 0, 1e-08, 0
577454401, 58.73, 3.36e-07, 1.4e-07, 2.39, 0, 1e-08, 0
577713601, 32.65, 2.53e-07, 1.49e-07, 2.39, 0, 1e-08, 0
578232001, 101.37, 4.65e-07, 1.1e-07, 2.39, 0, 1e-08, 0
578491201, 22.15, 1.57e-07, 6.88e-08, 2.39, 0, 1e-08, 0
579009601, 9.28, 1.52e-07, 1.15e-07, 2.39, 0, 1e-08, 0
579268801, 6.8, 9.92e-08, 8.88e-08, 2.39, 0, 1e-08, 0
580046401, 35.51, 1.71e-07, 7.51e-08, 2.39, 0, 1e-08, 0
580305601, 67.78, 1.79e-07, 3.8e-08, 2.39, 0, 1e-08, 0
580564801, 16.49, 1.25e-07, 7.82e-08, 2.39, 0, 1e-08, 0
580824001, 43.65, 1.4e-07, 4.28e-08, 2.39, 0, 1e-08, 0
581083201, 3.73, 6.01e-08, 6.2e-08, 2.39, 0, 1e-08, 0
581342401, 19.77, 1.29e-07, 8.9e-08, 2.39, 0, 1e-08, 0
581601601, 33.21, 1.84e-07, 6.6e-08, 2.39, 0, 1e-08, 0
581860801, 11.47, 1.36e-07, 1.06e-07, 2.39, 0, 1e-08, 0
582120001, 97.76, 3.79e-07, 1.45e-07, 2.39, 0, 1e-08, 0
582379201, 17.37, 2.63e-07, 1.74e-07, 2.39, 0, 1e-08, 0
582638401, 8.86, 8.34e-08, 5.87e-08, 2.39, 0, 1e-08, 0
582897601, 22.49, 1.78e-07, 7.92e-08, 2.39, 0, 1e-08, 0
583156801, 31.41, 2.37e-07, 1.45e-07, 2.39, 0, 1e-08, 0
583416001, 1.34, 4.69e-08, 8.32e-08, 2.39, 0, 1e-08, 0
583675201, 3.29, 8.31e-08, 1.05e-07, 2.39, 0, 1e-08, 0
583934401, 73.39, 2.49e-07, 5.3e-08, 2.39, 0, 1e-08, 0
584193601, 35.21, 2.78e-07, 1.12e-07, 2.39, 0, 1e-08, 0
584452801, 199.75, 6.33e-07, 8.6e-08, 2.39, 0, 1e-08, 0
584712001, 2.59, 1.21e-07, 1.77e-07, 2.39, 0, 1e-08, 0
584971201, 8.33, 1.54e-07, 1.56e-07, 2.39, 0, 1e-08, 0
585748801, 46.0, 7.37e-07, 4.11e-07, 2.39, 0, 1e-08, 0
586008001, 256.47, 9.94e-07, 1.58e-07, 2.39, 0, 1e-08, 0
586267201, 13.15, 3.44e-07, 2.63e-07, 2.39, 0, 1e-08, 0
586526401, 39.97, 3.28e-07, 1.17e-07, 2.39, 0, 1e-08, 0
586785601, 4.69, 1.02e-07, 1.34e-07, 2.39, 0, 1e-08, 0
587044801, 61.54, 2.38e-07, 6.2e-08, 2.39, 0, 1e-08, 0
587304001, 31.19, 2.61e-07, 9.7e-08, 2.39, 0, 1e-08, 0
587563201, 9.34, 1.93e-07, 1.51e-07, 2.39, 0, 1e-08, 0
587822401, 56.63, 3.5e-07, 1.04e-07, 2.39, 0, 1e-08, 0
588081601, 195.57, 7.05e-07, 1.31e-07, 2.39, 0, 1e-08, 0
588340801, 42.61, 3.61e-07, 1.61e-07, 2.39, 0, 1e-08, 0
590155201, 32.86, 6.27e-07, 2.54e-07, 2.39, 0, 1e-08, 0
590414401, 1076.94, 2.63e-06, 2.1e-07, 2.39, 0, 1e-08, 0
590673601, 37.91, 5.37e-07, 2.43e-07, 2.39, 0, 1e-08, 0
590932801, 9.1, 2.69e-07, 2.41e-07, 2.39, 0, 1e-08, 0
591451201, 18.88, 3.87e-07, 3.94e-07, 2.39, 0, 1e-08, 0
591710401, 15.37, 1.34e-07, 8.19e-08, 2.39, 0, 1e-08, 102
591969601, 26.09, 1.84e-07, 8.4e-08, 2.39, 0, 1e-08, 0
592488001, 44.6, 4.55e-07, 1.93e-07, 2.39, 0, 1e-08, 0
592747201, 120.86, 4.32e-07, 8.6e-08, 2.39, 0, 1e-08, 0
593265601, 4.95, 9.83e-08, 1.11e-07, 2.39, 0, 1e-08, 0
593524801, 3.07, 8.15e-08, 1.21e-07, 2.39, 0, 1e-08, 0
593784001, 94.84, 3.17e-07, 1.35e-07, 2.39, 0, 1e-08, 0
594043201, 75.31, 3.16e-07, 1.03e-07, 2.39, 0, 1e-08, 0
594302401, 1.34, 6.2e-08, 1.16e-07, 2.39, 0, 1e-08, 0
594561601, 178.79, 3.81e-07, 9.2e-08, 2.39, 0, 1e-08, 0
594820801, 79.41, 4.2e-07, 1.44e-07, 2.39, 0, 1e-08, 0
595080001, 342.02, 6.5e-07, 7.5e-07, 2.39, 0, 1e-08, 1
595339201, 166.04, 5.82e-07, 1.52e-07, 2.39, 0, 1e-08, 0
595598401, 59.35, 3.48e-07, 1.44e-07, 2.39, 0, 1e-08, 0
596116801, 66.79, 3e-07, 6.5e-08, 2.39, 0, 1e-08, 0
596635201, 7.84, 1.17e-07, 1.12e-07, 2.39, 0, 1e-08, 0
597412801, 15.31, 1.65e-07, 1.12e-07, 2.39, 0, 1e-08, 0
597672001, 8.47, 1.13e-07, 8.11e-08, 2.39, 0, 1e-08, 0
598449601, 73.83, 1.77e-07, 3.8e-08, 2.39, 0, 1e-08, 0
598708801, 41.6, 1.48e-07, 8.48e-08, 2.39, 0, 1e-08, 0
599227201, 8.11, 5.03e-08, 3.28e-08, 2.39, 0, 1e-08, 0
599745601, 22.88, 1.64e-07, 6.3e-08, 2.39, 0, 1e-08, 0
600004801, 44.66, 2.51e-07, 1.43e-07, 2.39, 0, 1e-08, 0
600264001, 15.39, 1.95e-07, 1.51e-07, 2.39, 0, 1e-08, 0
600523201, 75.41, 3.84e-07, 7.9e-08, 2.39, 0, 1e-08, 0
600782401, 297.37, 1.03e-06, 1.48e-07, 2.39, 0, 1e-08, 0
601041601, 327.58, 1.11e-06, 3.27e-07, 2.39, 0, 1e-08, 0
601300801, 194.48, 1.22e-06, 2.6e-07, 2.39, 0, 1e-08, 0
601560001, 384.95, 1.25e-06, 1.32e-06, 2.39, 0, 1e-08, 1
601819201, 470.51, 1.19e-06, 1.1e-07, 2.39, 0, 1e-08, 0
602078401, 42.44, 4.81e-07, 1.79e-07, 2.39, 0, 1e-08, 0
602337601, 13.19, 2.38e-07, 1.54e-07, 2.39, 0, 1e-08, 0
602596801, 8.79, 3.59e-07, 3.81e-07, 2.39, 0, 1e-08, 0
602856001, 55.56, 4.95e-07, 1.25e-07, 2.39, 0, 1e-08, 0
603115201, 21.36, 4.75e-07, 5.66e-07, 2.39, 0, 1e-08, 0
603374401, 27.14, 6.29e-07, 2.7e-07, 2.39, 0, 1e-08, 102
603633601, 13.52, 5.18e-07, 3.02e-07, 2.39, 0, 1e-08, 0
603892801, 84.49, 4.36e-07, 9.1e-08, 2.39, 0, 1e-08, 0
604152001, 112.93, 6.01e-07, 2.52e-07, 2.39, 0, 1e-08, 0
604411201, 49.33, 4.4e-07, 1.26e-07, 2.39, 0, 1e-08, 0
604670401, 22.71, 3.79e-07, 2.2e-07, 2.39, 0, 1e-08, 0
604929601, 53.67, 5.31e-07, 2.5e-07, 2.39, 0, 1e-08, 0
605188801, 61.0, 5.76e-07, 1.95e-07, 2.39, 0, 1e-08, 0
605448001, 206.48, 8.76e-07, 1.21e-07, 2.39, 0, 1e-08, 0
605966401, 46.6, 2.92e-07, 9.9e-08, 2.39, 0, 1e-08, 0
606225601, 30.19, 3.08e-07, 1.4e-07, 2.39, 0, 1e-08, 0
606484801, 4.4, 1.27e-07, 1.38e-07, 2.39, 0, 1e-08, 0
606744001, 56.39, 3.28e-07, 1.46e-07, 2.39, 0, 1e-08, 0
607262401, 13.82, 1.77e-07, 1.16e-07, 2.39, 0, 1e-08, 0
607521601, 76.61, 4.07e-07, 1.45e-07, 2.39, 0, 1e-08, 0
607780801, 162.48, 4.13e-07, 7.4e-08, 2.39, 0, 1e-08, 0
608040001, 235.1, 5.58e-07, 1.28e-07, 2.39, 0, 1e-08, 0
608299201, 137.18, 4.17e-07, 8.4e-08, 2.39, 0, 1e-08, 0
608558401, 46.47, 3.44e-07, 1.35e-07, 2.39, 0, 1e-08, 0
608817601, 47.49, 2.85e-07, 1.11e-07, 2.39, 0, 1e-08, 0
609076801, 106.72, 3.03e-07, 9.8e-08, 2.39, 0, 1e-08, 0
609336001, 66.86, 3.1e-07, 9e-08, 2.39, 0, 1e-08, 0
609595201, 151.23, 4.04e-07, 6.8e-08, 2.39, 0, 1e-08, 0
609854401, 60.51, 2.8e-07, 1.5e-07, 2.39, 0, 1e-08, 0
610113601, 53.15, 2.91e-07, 7.1e-08, 2.39, 0, 1e-08, 0
610372801, 13.71, 1.19e-07, 6.72e-08, 2.39, 0, 1e-08, 0
610632001, 40.65, 2.87e-07, 1.32e-07, 2.39, 0, 1e-08, 0
610891201, 60.11, 2.91e-07, 1.28e-07, 2.39, 0, 1e-08, 0
611150401, 15.26, 1.83e-07, 1.24e-07, 2.39, 0, 1e-08, 0
611668801, 84.75, 2.1e-07, 4.2e-08, 2.39, 0, 1e-08, 0
611928001, 50.74, 1.63e-07, 4.9e-08, 2.39, 0, 1e-08, 0
612187201, 4.37, 7.85e-08, 9.74e-08, 2.39, 0, 1e-08, 0
612446401, 6.52, 6.93e-08, 7.08e-08, 2.39, 0, 1e-08, 0
612705601, 39.12, 1.21e-07, 3.38e-08, 2.39, 0, 1e-08, 0
612964801, 39.46, 1.2e-07, 3.41e-08, 2.39, 0, 1e-08, 0
613224001, 16.81, 8.96e-08, 3.64e-08, 2.39, 0, 1e-08, 0
613483201, 34.92, 2e-07, 6.2e-08, 2.39, 0, 1e-08, 0
613742401, 1.4, 5.43e-08, 1.38e-07, 2.39, 0, 1e-08, 0
614001601, 11.31, 8.25e-08, 4.55e-08, 2.39, 0, 1e-08, 0
615038401, 9.75, 1.21e-07, 1.03e-07, 2.39, 0, 1e-08, 0
615297601, 40.44, 1.82e-07, 4.9e-08, 2.39, 0, 1e-08, 0
615556801, 19.57, 1.06e-07, 6.19e-08, 2.39, 0, 1e-08, 0
616334401, 24.79, 1.24e-07, 5.49e-08, 2.39, 0, 1e-08, 0
616852801, 3.27, 5.88e-08, 5.52e-08, 2.39, 0, 1e-08, 0
617889601, 8.67, 9.8e-08, 8.81e-08, 2.39, 0, 1e-08, 0
618926401, 2.46, 5.59e-08, 4.81e-07, 2.39, 0, 1e-08, 102
620222401, 34.35, 1.86e-07, 6.5e-08, 2.39, 0, 1e-08, 0
620481601, 3.06, 5.95e-08, 7.36e-08, 2.39, 0, 1e-08, 0
621777601, 7.23, 7.32e-08, 6.59e-08, 2.39, 0, 1e-08, 0
622296001, 4.8, 8.25e-08, 9.68e-08, 2.39, 0, 1e-08, 0
622555201, 6.19, 8.21e-08, 4.68e-08, 2.39, 0, 1e-08, 0
623592001, 58.74, 4.29e-07, 1.12e-07, 2.39, 0, 1e-08, 0
624110401, 28.71, 2.45e-07, 1.52e-07, 2.39, 0, 1e-08, 0
624369601, 5.92, 3.66e-08, 3.4e-08, 2.39, 0, 1e-08, 0
624628801, 19.94, 1.08e-07, 6.5e-08, 2.39, 0, 1e-08, 0
624888001, 41.3, 1.64e-07, 5.9e-08, 2.39, 0, 1e-08, 0
625147201, 16.01, 1.37e-07, 9.99e-08, 2.39, 0, 1e-08, 0
625406401, 209.75, 8.32e-07, 1.86e-07, 2.39, 0, 1e-08, 0
625665601, 171.16, 4.48e-07, 1.14e-07, 2.39, 0, 1e-08, 0
625924801, 18.47, 1.71e-07, 9.6e-08, 2.39, 0, 1e-08, 0
626184001, 6.09, 7.66e-08, 6.81e-08, 2.39, 0, 1e-08, 0
626443201, 44.28, 1.87e-07, 8.45e-08, 2.39, 0, 1e-08, 0
626961601, 28.62, 1.42e-07, 8.87e-08, 2.39, 0, 1e-08, 0
627220801, 40.1, 1.58e-07, 4.9e-08, 2.39, 0, 1e-08, 0
627480001, 72.44, 2.56e-07, 5.6e-08, 2.39, 0, 1e-08, 0
627739201, 31.04, 2.65e-07, 1.33e-07, 2.39, 0, 1e-08, 0
627998401, 49.44, 1.97e-07, 5.1e-08, 2.39, 0, 1e-08, 0
628257601, 30.0, 1.48e-07, 6.81e-08, 2.39, 0, 1e-08, 0
628776001, 5.95, 1.15e-07, 1.13e-07, 2.39, 0, 1e-08, 0
629035201, 1.47, 5.64e-08, 8.45e-08, 2.39, 0, 1e-08, 0
629294401, 35.27, 2.4e-07, 1.28e-07, 2.39, 0, 1e-08, 0
629553601, 46.51, 3.05e-07, 1.42e-07, 2.39, 0, 1e-08, 0
629812801, 32.51, 2.57e-07, 1.26e-07, 2.39, 0, 1e-08, 0
630590401, 59.86, 2.01e-07, 5.5e-08, 2.39, 0, 1e-08, 0
630849601, 119.81, 2.7e-07, 4.4e-08, 2.39, 0, 1e-08, 0
631108801, 1.57, 4.72e-08, 8.36e-08, 2.39, 0, 1e-08, 0
631368001, 12.53, 1.1e-07, 9.1e-08, 2.39, 0, 1e-08, 0
631886401, 11.74, 1.27e-07, 9.91e-08, 2.39, 0, 1e-08, 0
632404801, 21.6, 2e-07, 1.38e-07, 2.39, 0, 1e-08, 0
632664001, 8.62, 1.12e-07, 1.12e-07, 2.39, 0, 1e-08, 0
632923201, 1.42, 3.9e-08, 1.02e-07, 2.39, 0, 1e-08, 0
633182401, 4.06, 9.87e-08, 1.37e-07, 2.39, 0, 1e-08, 0
633960001, 5.1, 3.93e-08, 3.25e-08, 2.39, 0, 1e-08, 0
634219201, 3.8, 6.04e-08, 9.86e-08, 2.39, 0, 1e-08, 0
634478401, 1.61, 6.83e-08, 1.43e-07, 2.39, 0, 1e-08, 0
635774401, 5.42, 8.31e-08, 5.8e-08, 2.39, 0, 1e-08, 0
636552001, 3.33, 3.54e-08, 4.37e-08, 2.39, 0, 1e-08, 0
638366401, 12.59, 7.07e-08, 4.04e-08, 2.39, 0, 1e-08, 0
638625601, 1.0, 1.56e-08, 2.2e-08, 2.39, 0, 1e-08, 0
640440001, 6.61, 5.22e-08, 3.91e-08, 2.39, 0, 1e-08, 0
640699201, 10.34, 4.71e-08, 2.32e-08, 2.39, 0, 1e-08, 0
640958401, 13.02, 6.62e-08, 2.89e-08, 2.39, 0, 1e-08, 0
641476801, 4.44, 6.92e-08, 9.86e-08, 2.39, 0, 1e-08, 0
641736001, 1.94, 3.09e-08, 3.67e-08, 2.39, 0, 1e-08, 0
643032001, 12.9, 8.23e-08, 4.06e-08, 2.39, 0, 1e-08, 0
643291201, 2.27, 3.38e-08, 3.83e-08, 2.39, 0, 1e-08, 0
644328001, 30.71, 1e-07, 4.01e-08, 2.39, 0, 1e-08, 0
644587201, 1.41, 2.15e-08, 4.1e-08, 2.39, 0, 1e-08, 0
644846401, 55.38, 1.43e-07, 3.5e-08, 2.39, 0, 1e-08, 0
645105601, 16.29, 1.04e-07, 6.58e-08, 2.39, 0, 1e-08, 0
645364801, 8.25, 5.15e-08, 3.77e-08, 2.39, 0, 1e-08, 0
645624001, 9.52, 6.36e-08, 4.13e-08, 2.39, 0, 1e-08, 0
645883201, 4.0, 4.65e-08, 7.76e-08, 2.39, 0, 1e-08, 0
646142401, 9.54, 6.51e-08, 8.19e-08, 2.39, 0, 1e-08, 0
646401601, 2.95, 4.18e-08, 3.3e-08, 2.39, 0, 1e-08, 0
646920001, 1.88, 5.52e-08, 1.31e-07, 2.39, 0, 1e-08, 0
647438401, 2.99, 4.22e-08, 6.26e-08, 2.39, 0, 1e-08, 0
650030401, 1.83, 6.13e-08, 1.09e-07, 2.39, 0, 1e-08, 0
650289601, 4.73, 6.5e-08, 5.59e-08, 2.39, 0, 1e-08, 0
650548801, 3.76, 4.4e-08, 3.51e-08, 2.39, 0, 1e-08, 0
650808001, 10.64, 1.27e-07, 9.89e-08, 2.39, 0, 1e-08, 0
654177601, 5.51, 4.4e-08, 3.02e-08, 2.39, 0, 1e-08, 0
654436801, 3.0, 4.08e-08, 3.86e-08, 2.39, 0, 1e-08, 0
655732801, 1.24, 5.52e-08, 1.61e-07, 2.39, 0, 1e-08, 0
656251201, 2.48, 4.56e-08, 6.05e-08, 2.39, 0, 1e-08, 0
657028801, 2.3, 3.21e-08, 2.96e-08, 2.39, 0, 1e-08, 0
657806401, 10.25, 4.92e-08, 3.27e-08, 2.39, 0, 1e-08, 0
658065601, 17.55, 8.68e-08, 3.43e-08, 2.39, 0, 1e-08, 0
658584001, 5.88, 5.4e-08, 5.28e-08, 2.39, 0, 1e-08, 0
658843201, 20.17, 7.58e-08, 3.73e-07, 2.39, 0, 1e-08, 102
659361601, 2.1, 2.61e-08, 2.54e-08, 2.39, 0, 1e-08, 0
659620801, 5.08, 5.51e-08, 4.5e-08, 2.39, 0, 1e-08, 0
659880001, 2.65, 5.19e-08, 5.03e-08, 2.39, 0, 1e-08, 0
660398401, 1.57, 3.79e-08, 4.62e-08, 2.39, 0, 1e-08, 0
660916801, 5.57, 6.96e-08, 8.33e-08, 2.39, 0, 1e-08, 0
661953601, 11.93, 6.54e-08, 3.03e-08, 2.39, 0, 1e-08, 0
662212801, 17.93, 9.61e-08, 4.26e-08, 2.39, 0, 1e-08, 0
662731201, 5.16, 6.16e-08, 6.83e-08, 2.39, 0, 1e-08, 0
663768001, 3.21, 4.86e-08, 7.45e-08, 2.39, 0, 1e-08, 0
664027201, 5.16, 7.76e-08, 5.85e-08, 2.39, 0, 1e-08, 0
664286401, 1.6, 3.8e-08, 3.8e-08, 2.39, 0, 1e-08, 0
665841601, 2.98, 3.04e-08, 3.89e-08, 2.39, 0, 1e-08, 0
666360001, 3.22, 4.96e-08, 3.99e-08, 2.39, 0, 1e-08, 0
667137601, 6.26, 9.38e-07, 7.72e-07, 2.39, 0, 1e-08, 0
667396801, 4.84, 5.29e-07, 3.5e-08, 2.39, 0, 1e-08, 101
667656001, 5.63, 4.43e-08, 3.38e-08, 2.39, 0, 1e-08, 0
668174401, 4.22, 5.83e-08, 7.07e-08, 2.39, 0, 1e-08, 0
668952001, 1.11, 2.24e-08, 2.99e-08, 2.39, 0, 1e-08, 0
669211201, 2.61, 3.39e-08, 3.47e-08, 2.39, 0, 1e-08, 0
669729601, 9.87, 1.04e-07, 5.31e-08, 2.39, 0, 1e-08, 0
670766401, 1.75, 3.06e-08, 3.36e-08, 2.39, 0, 1e-08, 0
671544001, 8.42, 4.82e-08, 3.35e-08, 2.39, 0, 1e-08, 0
672840001, 4.52, 4.54e-08, 4.05e-08, 2.39, 0, 1e-08, 0
673099201, 10.02, 7.03e-08, 4.75e-08, 2.39, 0, 1e-08, 0
673617601, 2.02, 3.84e-08, 5.34e-08, 2.39, 0, 1e-08, 0
674654401, 3.87, 3.38e-08, 3.09e-08, 2.39, 0, 1e-08, 0
675172801, 21.62, 9.21e-08, 3.59e-08, 2.39, 0, 1e-08, 0
677764801, 6.2, 6.04e-08, 4.06e-08, 2.39, 0, 1e-08, 0
678542401, 9.77, 6.92e-08, 3.5e-08, 2.39, 0, 1e-08, 0
680356801, 6.52, 1.04e-07, 8.39e-08, 2.39, 0, 1e-08, 0
685800001, 4.14, 4.46e-08, 3.55e-08, 2.39, 0, 1e-08, 0
686318401, 4.42, 3.55e-08, 2.7e-08, 2.39, 0, 1e-08, 0
688392001, 1.3, 3.75e-08, 1.1e-07, 2.39, 0, 1e-08, 0
688651201, 10.97, 8.52e-08, 4.81e-08, 2.39, 0, 1e-08, 0
690206401, 7.12, 4.87e-08, 3.76e-08, 2.39, 0, 1e-08, 0
690984001, 11.85, 7.6e-08, 3.68e-08, 2.39, 0, 1e-08, 0
691502401, 5.5, 4.52e-08, 3.7e-08, 2.39, 0, 1e-08, 0
691761601, 2.24, 3.32e-08, 3.67e-08, 2.39, 0, 1e-08, 0
692020801, 3.91, 4.79e-08, 4.12e-08, 2.39, 0, 1e-08, 0
692280001, 8.41, 9.01e-08, 6e-08, 2.39, 0, 1e-08, 0
692798401, 1.49, 5.47e-08, 9.41e-08, 2.39, 0, 1e-08, 0
693576001, 13.62, 6.31e-08, 3.91e-08, 2.39, 0, 1e-08, 0
694612801, 13.83, 9.91e-08, 6.41e-08, 2.39, 0, 1e-08, 0
695649601, 9.25, 9.25e-08, 5.23e-08, 2.39, 0, 1e-08, 0
695908801, 1.06, 4.36e-08, 8.63e-08, 2.39, 0, 1e-08, 0
696686401, 1.9, 5.16e-08, 5.44e-08, 2.39, 0, 1e-08, 0
700056001, 1.58, 2.57e-08, 2.89e-08, 2.39, 0, 1e-08, 0
700574401, 1.75, 5.4e-08, 6.38e-08, 2.39, 0, 1e-08, 0
701352001, 1.44, 3.35e-08, 4.39e-08, 2.39, 0, 1e-08, 0
702388801, 4.56, 5.56e-08, 6.45e-08, 2.39, 0, 1e-08, 0
702907201, 4.95, 4.41e-08, 2.96e-08, 2.39, 0, 1e-08, 0
703944001, 3.54, 3.8e-08, 4.07e-08, 2.39, 0, 1e-08, 0
704203201, 4.62, 3.66e-08, 3.37e-08, 2.39, 0, 1e-08, 0
704462401, 7.12, 5.11e-08, 3.02e-08, 2.39, 0, 1e-08, 0
704980801, 7.91, 5.16e-08, 2.9e-08, 2.39, 0, 1e-08, 0
705499201, 2.14, 3.02e-08, 5.92e-08, 2.39, 0, 1e-08, 0
706536001, 2.38, 4.95e-08, 4.5e-08, 2.39, 0, 1e-08, 0
707313601, 6.0, 3.56e-08, 2.62e-08, 2.39, 0, 1e-08, 0
707572801, 2.12, 9.57e-09, 1.2e-08, 2.39, 0, 1e-08, 0
709128001, 3.54, 5.62e-08, 3.81e-08, 2.39, 0, 1e-08, 0
710942401, 2.35, 2.3e-08, 2.67e-08, 2.39, 0, 1e-08, 0
711979201, 7.29, 4.41e-08, 2.9e-08, 2.39, 0, 1e-08, 0
713275201, 4.36, 1.87e-07, 1.54e-07, 2.39, 0, 1e-08, 0
714312001, 15.26, 1.22e-07, 7.28e-08, 2.39, 0, 1e-08, 0
716126401, 2.55, 5.11e-08, 6.42e-08, 2.39, 0, 1e-08, 0
721569601, 13.44, 6.71e-08, 3.8e-08, 2.39, 0, 1e-08, 0
723902401, 2.69, 4.47e-08, 4.28e-08, 2.39, 0, 1e-08, 0
725198401, 7.18, 5.19e-08, 5.91e-08, 2.39, 0, 1e-08, 0
726235201, 1.35, 1.85e-08, 2.2e-08, 2.39, 0, 1e-08, 0
727790401, 3.7, 3.23e-08, 3.13e-08, 2.39, 0, 1e-08, 0
728308801, 8.16, 4.7e-08, 3.42e-08, 2.39, 0, 1e-08, 0
729086401, 1.31, 3.7e-08, 6.51e-08, 2.39, 0, 1e-08, 0
729604801, 2.22, 3.28e-08, 3.41e-08, 2.39, 0, 1e-08, 0
729864001, 1.13, 2.39e-08, 2.7e-08, 2.39, 0, 1e-08, 0
730641601, 4.63, 0.0345, 0.0002, 2.39, 0, 1e-08, 0
731160001, 2.46, 1.88e-07, 2.97e-07, 2.39, 0, 1e-08, 0
731419201, 44.07, 3.02e-07, 1.28e-07, 2.39, 0, 1e-08, 0
731678401, 1.69, 5.54e-08, 1.05e-07, 2.39, 0, 1e-08, 0
732456001, 8.02, 1.08e-07, 7.71e-08, 2.39, 0, 1e-08, 0
733492801, 14.98, 7.2e-08, 3.91e-08, 2.39, 0, 1e-08, 0
733752001, 8.55, 6.88e-08, 4.14e-08, 2.39, 0, 1e-08, 0
734270401, 2.92, 4.27e-08, 4.74e-08, 2.39, 0, 1e-08, 0
735307201, 10.99, 6.3e-08, 3.53e-08, 2.39, 0, 1e-08, 0
735825601, 7.21, 3.22e-08, 2.04e-08, 2.39, 0, 1e-08, 0
738417601, 10.42, 8.46e-08, 3.77e-08, 2.39, 0, 1e-08, 0
738676801, 12.79, 7.96e-08, 5.25e-08, 2.39, 0, 1e-08, 0
739454401, 1.02, 2.59e-08, 6.66e-08, 2.39, 0, 1e-08, 0
739713601, 6.34, 7.64e-08, 9.17e-08, 2.39, 0, 1e-08, 0
739972801, 12.3, 6.83e-08, 4.08e-08, 2.39, 0, 1e-08, 0
741528001, 9.83, 5.72e-08, 3.46e-08, 2.39, 0, 1e-08, 0
741787201, 6.19, 4.15e-08, 2.96e-08, 2.39, 0, 1e-08, 0
742046401, 31.62, 1.76e-07, 6.9e-08, 2.39, 0, 1e-08, 0
