timestamp, ts, flux_upper_limits, fit_tolerance, fit_convergence
239716801, 0.94, 3.55e-08, 1e-08, 102
239976001, 0.99, 3.21e-08, 1e-08, 0
240494401, 0.07, 2.58e-08, 1e-08, 102
241012801, 0.0, 2.77e-08, 1e-08, 0
241531201, 0.85, 2.6e-08, 1e-08, 0
242049601, 0.0, 2.26e-08, 1e-08, 0
242308801, 0.01, 3.37e-08, 1e-08, 102
242568001, 0.13, 4.4e-08, 1e-08, 0
242827201, 0.0, 2.53e-08, 1e-08, 102
243086401, 0.0, 2.19e-08, 1e-08, 0
243345601, 0.0, 2.9e-08, 1e-08, 102
243604801, 0.0, 3.39e-08, 1e-08, 0
243864001, 0.0, 2.19e-08, 1e-08, 0
244123201, 0.02, 2.94e-08, 1e-08, 0
244382401, 0.0, 2.01e-08, 1e-08, 0
244641601, 0.0, 2.87e-08, 1e-08, 0
244900801, 0.08, 2.85e-08, 1e-08, 0
245160001, 0.0, 2.41e-08, 1e-08, 0
245678401, 0.0, 2.76e-08, 1e-08, 102
246196801, 0.0, 2.78e-08, 1e-08, 0
246715201, 0.03, 3.55e-08, 1e-08, 0
246974401, 0.0, 2.08e-08, 1e-08, 0
247233601, 0.0, 3.38e-08, 1e-08, 0
247492801, 0.39, 3.51e-08, 1e-08, 0
247752001, 0.09, 3.1e-08, 1e-08, 0
248011201, 0.02, 2.83e-08, 1e-08, 0
248270401, 0.0, 2.4e-08, 1e-08, 102
248788801, 0.0, 2.65e-08, 1e-08, 102
249307201, 0.21, 3.08e-08, 1e-08, 102
249566401, 0.69, 3.3e-08, 1e-08, 0
250344001, 0.0, 2.34e-08, 1e-08, 0
250603201, 0.0, 1.7e-08, 1e-08, 0
250862401, 0.8, 3.65e-08, 1e-08, 0
251380801, 0.77, 3.74e-08, 1e-08, 102
251640001, 0.0, 2.68e-08, 1e-08, 0
251899201, 0.0, 2.66e-08, 1e-08, 102
252158401, 0.0, 2.09e-08, 1e-08, 0
252676801, 0.0, 2.39e-08, 1e-08, 0
252936001, 0.89, 3.71e-08, 1e-08, 0
253454401, 0.0, 3.02e-08, 1e-08, 0
254232001, 0.0, 2.58e-08, 1e-08, 0
254750401, 0.0, 2.74e-08, 1e-08, 102
255009601, 0.0, 2.65e-08, 1e-08, 102
255268801, 0.0, 2.51e-08, 1e-08, 0
255528001, 0.63, 3.22e-08, 1e-08, 0
255787201, 0.0, 2.69e-08, 1e-08, 102
256046401, 0.16, 3.22e-08, 1e-08, 0
256305601, 0.0, 2.84e-08, 1e-08, 102
257083201, 0.24, 2.76e-08, 1e-08, 0
257342401, 0.05, 2.65e-08, 1e-08, 102
257601601, 0.67, 3.87e-08, 1e-08, 0
257860801, 0.0, 1.96e-08, 1e-08, 0
258120001, 0.0, 1.81e-08, 1e-08, 0
258379201, 0.89, 3.2e-08, 1e-08, 0
258897601, 0.0, 2.52e-08, 1e-08, 102
259416001, 0.0, 2.04e-08, 1e-08, 0
260193601, 0.0, 2.42e-08, 1e-08, 0
260452801, 0.0, 2.99e-08, 1e-08, 0
260712001, 0.0, 2.82e-08, 1e-08, 102
260971201, 0.0, 3.57e-08, 1e-08, 0
261230401, 0.0, 3.04e-08, 1e-08, 0
261748801, 0.0, 2.12e-08, 1e-08, 0
262267201, 0.0, 2.51e-08, 1e-08, 102
262526401, 0.34, 3.15e-08, 1e-08, 0
262785601, 0.0, 3.14e-08, 1e-08, 0
263044801, 0.0, 2.12e-08, 1e-08, 0
263304001, 0.0, 2.36e-08, 1e-08, 0
263563201, 0.02, 2.82e-08, 1e-08, 0
263822401, 0.0, 2.12e-08, 1e-08, 0
264340801, 0.0, 2.32e-08, 1e-08, 102
264600001, 0.03, 3.04e-08, 1e-08, 0
265118401, 0.0, 3.2e-08, 1e-08, 0
265377601, 0.0, 2.4e-08, 1e-08, 0
265636801, 0.0, 2.92e-08, 1e-08, 0
266673601, 0.0, 2.41e-08, 1e-08, 0
267192001, 0.0, 2.93e-08, 1e-08, 0
267710401, 0.0, 2.49e-08, 1e-08, 0
268488001, 0.0, 1.88e-08, 1e-08, 0
269006401, 0.0, 3.48e-08, 1e-08, 102
269524801, 0.0, 2.26e-08, 1e-08, 0
269784001, 0.0, 2.39e-08, 1e-08, 0
270043201, 0.56, 3.6e-08, 1e-08, 0
270302401, 0.1, 3.58e-08, 1e-08, 102
270820801, 0.0, 2.47e-08, 1e-08, 0
271080001, 0.0, 2.33e-08, 1e-08, 0
271339201, 0.0, 3.38e-08, 1e-08, 102
271598401, 0.0, 2.92e-08, 1e-08, 102
272376001, 0.0, 2.17e-08, 1e-08, 0
272635201, 0.0, 2.06e-08, 1e-08, 0
273153601, 0.0, 1.51e-08, 1e-08, 0
273412801, 0.0, 1.97e-08, 1e-08, 0
273672001, 0.52, 2.27e-08, 1e-08, 0
273931201, 0.0, 2.48e-08, 1e-08, 102
274449601, 0.0, 2.36e-08, 1e-08, 0
274968001, 0.0, 2.8e-08, 1e-08, 0
275227201, 0.0, 3.24e-08, 1e-08, 0
275486401, 0.0, 3.11e-08, 1e-08, 0
276004801, 0.0, 2.18e-08, 1e-08, 0
276264001, 0.0, 1.73e-08, 1e-08, 0
277041601, 0.5, 2.7e-08, 1e-08, 0
277560001, 0.0, 1.8e-08, 1e-08, 0
278078401, 0.0, 1.88e-08, 1e-08, 0
278337601, 0.02, 2.54e-08, 1e-08, 0
278856001, 0.0, 2.61e-08, 1e-08, 102
279115201, 0.0, 2.6e-08, 1e-08, 102
279374401, 0.91, 4.05e-08, 1e-08, 0
279633601, 0.0, 2.39e-08, 1e-08, 0
279892801, 0.85, 4.03e-08, 1e-08, 0
280152001, 0.0, 2.37e-08, 1e-08, 0
280411201, 0.0, 2.95e-08, 1e-08, 102
280670401, 0.04, 2.88e-08, 1e-08, 102
280929601, 0.0, 2.58e-08, 1e-08, 102
281188801, 0.0, 2.52e-08, 1e-08, 102
281448001, 0.57, 2.72e-08, 1e-08, 0
281707201, 0.0, 1.52e-08, 1e-08, 0
281966401, 0.0, 2.21e-08, 1e-08, 0
282484801, 0.0, 1.99e-08, 1e-08, 1
282744001, 0.53, 2.45e-08, 1e-08, 0
283003201, 0.05, 2.62e-08, 1e-08, 0
283262401, 0.0, 1.88e-08, 1e-08, 0
284299201, 0.0, 3.51e-08, 1e-08, 102
284558401, 0.0, 2.7e-08, 1e-08, 0
284817601, 0.0, 3.09e-08, 1e-08, 0
285076801, 0.0, 2.69e-08, 1e-08, 0
285854401, 0.0, 2.18e-08, 1e-08, 102
286113601, 0.0, 2.52e-08, 1e-08, 102
286372801, 0.0, 1.5e-08, 1e-08, 0
288705601, 0.27, 4.22e-08, 1e-08, 102
288964801, 0.08, 3.38e-08, 1e-08, 0
289224001, 0.0, 3.21e-08, 1e-08, 0
289483201, 0.0, 2.41e-08, 1e-08, 0
290001601, 0.0, 2.43e-08, 1e-08, 0
290260801, 0.0, 1.94e-08, 1e-08, 0
290520001, 0.23, 2.7e-08, 1e-08, 0
290779201, 0.0, 2.28e-08, 1e-08, 102
291038401, 0.53, 3.59e-08, 1e-08, 0
291297601, 0.0, 1.62e-08, 1e-08, 0
291556801, 0.11, 2.53e-08, 1e-08, 102
291816001, 0.0, 1.92e-08, 1e-08, 0
292334401, 0.0, 8.92e-08, 1e-08, 102
292593601, 0.0, 2.6e-08, 1e-08, 0
293112001, 0.0, 2.5e-08, 1e-08, 0
293371201, 0.0, 3.16e-08, 1e-08, 0
293889601, 0.82, 5.09e-08, 1e-08, 0
294148801, 0.62, 3.88e-08, 1e-08, 0
294926401, 0.0, 3.24e-08, 1e-08, 0
295185601, 0.0, 2.23e-08, 1e-08, 0
295444801, 0.0, 1.57e-08, 1e-08, 0
295704001, 0.0, 1.54e-08, 1e-08, 0
295963201, 0.0, 1.57e-08, 1e-08, 0
296222401, 0.0, 2.22e-08, 1e-08, 0
296481601, 0.72, 2.38e-08, 1e-08, 0
296740801, 0.16, 2.52e-08, 1e-08, 102
297259201, 0.49, 3.51e-08, 1e-08, 0
297777601, 0.0, 3.01e-08, 1e-08, 0
298036801, 0.21, 4.42e-08, 1e-08, 0
298555201, 0.0, 3.69e-08, 1e-08, 0
298814401, 0.0, 2.63e-08, 1e-08, 0
299073601, 0.0, 2.61e-08, 1e-08, 102
299332801, 0.0, 1.94e-08, 1e-08, 0
299592001, 0.6, 2.84e-08, 1e-08, 0
299851201, 0.7, 2.53e-08, 1e-08, 0
300628801, 0.21, 2.37e-08, 1e-08, 0
300888001, 0.0, 1.98e-08, 1e-08, 0
301147201, 0.0, 2.08e-08, 1e-08, 0
301406401, 0.0, 2.38e-08, 1e-08, 0
301924801, 0.0, 1.97e-08, 1e-08, 0
302184001, 0.0, 2.26e-08, 1e-08, 102
302702401, 0.05, 4.41e-08, 1e-08, 0
303220801, 0.0, 3.53e-08, 1e-08, 102
303480001, 0.27, 3.42e-08, 1e-08, 0
303739201, 0.0, 2.92e-08, 1e-08, 0
304257601, 0.26, 2.57e-08, 1e-08, 0
304516801, 0.0, 2.16e-08, 1e-08, 0
304776001, 0.43, 2.45e-08, 1e-08, 0
305035201, 0.0, 1.48e-08, 1e-08, 0
305294401, 0.42, 1.86e-08, 1e-08, 0
305553601, 0.96, 2.92e-08, 1e-08, 0
306331201, 0.0, 2.8e-08, 1e-08, 0
306849601, 0.0, 3.29e-08, 1e-08, 102
307108801, 0.0, 2.29e-06, 1e-08, 0
307627201, 0.0, 3.04e-08, 1e-08, 102
308404801, 0.0, 2.05e-08, 1e-08, 0
308664001, 0.05, 2.32e-08, 1e-08, 0
308923201, 0.42, 2.76e-08, 1e-08, 102
309182401, 0.0, 2.2e-08, 1e-08, 102
310219201, 0.0, 1.74e-08, 1e-08, 0
310478401, 0.0, 2.16e-08, 1e-08, 0
310737601, 0.0, 2.32e-08, 1e-08, 102
310996801, 0.0, 2.44e-08, 1e-08, 0
311256001, 0.0, 3.02e-08, 1e-08, 0
311515201, 0.0, 2.87e-08, 1e-08, 0
311774401, 0.0, 2.57e-08, 1e-08, 0
312033601, 0.0, 2.4e-08, 1e-08, 0
312552001, 0.04, 3.32e-08, 1e-08, 102
312811201, 0.0, 2.44e-08, 1e-08, 102
314107201, 0.0, 1.56e-08, 1e-08, 0
314366401, 0.0, 1.79e-08, 1e-08, 0
315144001, 0.0, 2.08e-08, 1e-08, 0
315403201, 0.58, 2.68e-08, 1e-08, 0
315662401, 0.0, 2.48e-08, 1e-08, 0
316440001, 0.02, 4.16e-08, 1e-08, 0
317217601, 0.0, 2.44e-08, 1e-08, 0
317476801, 0.0, 2.29e-08, 1e-08, 0
317736001, 0.81, 3.37e-08, 1e-08, 0
317995201, 0.35, 3.19e-08, 1e-08, 0
318254401, 0.0, 1.84e-08, 1e-08, 102
318513601, 0.0, 2.57e-08, 1e-08, 0
319032001, 0.0, 1.85e-08, 1e-08, 0
319291201, 0.0, 2.02e-08, 1e-08, 0
319550401, 0.0, 1.52e-08, 1e-08, 0
320328001, 0.0, 2.72e-08, 1e-08, 1
320587201, 0.0, 2.49e-08, 1e-08, 102
320846401, 0.0, 2.25e-08, 1e-08, 0
321364801, 0.0, 4.37e-08, 1e-08, 102
321624001, 0.0, 2.89e-08, 1e-08, 0
321883201, 0.0, 2.05e-08, 1e-08, 0
322401601, 0.0, 2.45e-08, 1e-08, 102
322660801, 0.0, 4.34e-08, 1e-08, 0
322920001, 0.0, 1.4e-07, 1e-08, 102
323438401, 0.0, 2.19e-08, 1e-08, 0
323697601, 0.0, 2.33e-08, 1e-08, 102
324216001, 0.0, 2.93e-08, 1e-08, 0
324475201, 0.0, 4.09e-07, 1e-08, 0
324734401, 0.0, 5.34e-08, 1e-08, 102
324993601, 0.0, 2.72e-08, 1e-08, 0
325252801, 0.0, 3.81e-08, 1e-08, 102
325512001, 0.0, 3.31e-08, 1e-08, 0
326289601, 0.0, 2.36e-08, 1e-08, 0
326548801, 0.0, 2.57e-08, 1e-08, 102
326808001, 0.99, 3.76e-08, 1e-08, 102
327067201, 0.0, 2.16e-08, 1e-08, 0
327844801, 0.0, 1.72e-08, 1e-08, 0
328104001, 0.0, 1.67e-08, 1e-08, 0
328622401, 0.0, 2.05e-08, 1e-08, 0
328881601, 0.18, 2.5e-08, 1e-08, 0
329140801, 0.0, 2.59e-08, 1e-08, 102
329400001, 0.73, 2.62e-08, 1e-08, 0
329659201, 0.07, 2.83e-08, 1e-08, 0
330177601, 0.0, 2.55e-08, 1e-08, 0
330436801, 0.0, 4.12e-08, 1e-08, 0
330696001, 0.0, 4.21e-08, 1e-08, 0
330955201, 0.0, 2.3e-08, 1e-08, 0
331214401, 0.02, 2.72e-08, 1e-08, 0
331992001, 0.0, 2.06e-08, 1e-08, 0
332510401, 0.0, 2.08e-08, 1e-08, 0
332769601, 0.0, 1.89e-08, 1e-08, 102
333028801, 0.59, 2.71e-08, 1e-08, 0
334584001, 0.0, 2.57e-08, 1e-08, 0
335102401, 0.0, 4.08e-08, 1e-08, 0
335361601, 0.0, 3.09e-08, 1e-08, 0
335620801, 0.25, 3.28e-08, 1e-08, 0
335880001, 0.0, 2.13e-08, 1e-08, 0
336398401, 0.0, 2.99e-08, 1e-08, 0
336916801, 0.0, 2.03e-08, 1e-08, 102
337176001, 0.0, 5.38e-08, 1e-08, 102
337435201, 0.0, 2.68e-08, 1e-08, 102
337694401, 0.0, 1.79e-08, 1e-08, 0
337953601, 0.0, 1.59e-08, 1e-08, 0
338472001, 0.0, 1.89e-08, 1e-08, 0
339508801, 0.0, 2.41e-08, 1e-08, 0
339768001, 0.0, 2.86e-08, 1e-08, 0
340027201, 0.0, 2.89e-08, 1e-08, 102
340545601, 0.0, 3.05e-08, 1e-08, 102
341064001, 0.05, 1.87e-08, 1e-08, 0
341841601, 0.01, 2.24e-08, 1e-08, 102
342100801, 0.05, 2.17e-08, 1e-08, 102
342360001, 0.0, 1.61e-08, 1e-08, 0
342619201, 0.0, 1.68e-08, 1e-08, 0
343137601, 0.38, 2.54e-08, 1e-08, 0
343656001, 0.02, 3.09e-08, 1e-08, 102
344174401, 0.0, 3.54e-08, 1e-08, 0
344692801, 0.0, 3.27e-08, 1e-08, 102
344952001, 0.0, 2.14e-08, 1e-08, 0
345211201, 0.56, 4.48e-08, 1e-08, 0
345470401, 0.68, 4.19e-08, 1e-08, 0
346248001, 0.22, 2.2e-08, 1e-08, 0
347284801, 0.85, 3.21e-08, 1e-08, 0
347544001, 0.02, 2.15e-08, 1e-08, 0
347803201, 0.0, 2.02e-08, 1e-08, 0
348580801, 0.0, 2.33e-08, 1e-08, 0
348840001, 0.0, 2.57e-08, 1e-08, 0
349617601, 0.0, 2.87e-08, 1e-08, 0
349876801, 0.0, 3.03e-08, 1e-08, 0
350395201, 0.3, 2.09e-08, 1e-08, 0
350654401, 0.0, 1.63e-08, 1e-08, 0
350913601, 0.92, 2.99e-08, 1e-08, 0
351691201, 0.38, 2.04e-08, 1e-08, 102
352468801, 0.0, 1.99e-08, 1e-08, 102
352728001, 0.52, 4.71e-08, 1e-08, 0
352987201, 0.0, 8.2e-08, 1e-08, 0
353246401, 0.0, 2.67e-08, 1e-08, 0
353764801, 0.0, 2.19e-08, 1e-08, 0
354024001, 0.0, 2.66e-08, 1e-08, 102
354283201, 0.0, 2.1e-08, 1e-08, 0
354542401, 0.17, 3.4e-08, 1e-08, 0
354801601, 0.95, 3.61e-08, 1e-08, 0
355060801, 0.0, 2.5e-08, 1e-08, 0
355320001, 0.0, 2.54e-08, 1e-08, 0
355579201, 0.0, 1.78e-08, 1e-08, 102
355838401, 0.0, 2.19e-08, 1e-08, 0
356356801, 0.0, 9.38e-08, 1e-08, 0
356616001, 0.42, 3.14e-08, 1e-08, 0
356875201, 0.0, 1.98e-08, 1e-08, 0
357134401, 0.0, 2.54e-08, 1e-08, 0
357393601, 0.67, 3.25e-08, 1e-08, 0
357652801, 0.0, 2.15e-08, 1e-08, 0
357912001, 0.0, 2.34e-08, 1e-08, 0
358171201, 0.0, 2.61e-08, 1e-08, 102
358430401, 0.0, 2.8e-08, 1e-08, 102
358689601, 0.9, 3.47e-08, 1e-08, 102
358948801, 0.0, 2.19e-08, 1e-08, 0
359467201, 0.0, 3.12e-08, 1e-08, 0
359985601, 0.38, 2.18e-08, 1e-08, 0
360244801, 0.0, 1.6e-08, 1e-08, 0
360504001, 0.0, 1.53e-08, 1e-08, 0
360763201, 0.0, 1.85e-08, 1e-08, 0
361022401, 0.0, 2.14e-08, 1e-08, 0
362059201, 0.0, 2.16e-08, 1e-08, 0
362318401, 0.0, 2.43e-08, 1e-08, 0
362836801, 0.0, 2.76e-08, 1e-08, 0
363096001, 0.0, 3.27e-08, 1e-08, 0
363355201, 0.0, 2.54e-08, 1e-08, 0
363614401, 0.0, 2.16e-08, 1e-08, 0
364132801, 0.0, 2.74e-08, 1e-08, 0
364392001, 0.0, 2.02e-08, 1e-08, 0
364910401, 0.0, 1.84e-08, 1e-08, 0
365169601, 0.0, 2.07e-08, 1e-08, 102
365428801, 0.13, 2.56e-08, 1e-08, 0
365688001, 0.0, 2.2e-08, 1e-08, 102
365947201, 0.0, 1.65e-08, 1e-08, 0
366465601, 0.0, 1.91e-08, 1e-08, 0
366724801, 0.0, 2.54e-08, 1e-08, 0
366984001, 0.99, 4.36e-08, 1e-08, 0
367243201, 0.0, 3.07e-08, 1e-08, 102
367502401, 0.71, 3.85e-08, 1e-08, 0
367761601, 0.0, 2.59e-08, 1e-08, 0
368020801, 0.26, 3.08e-08, 1e-08, 0
368539201, 0.41, 2.82e-08, 1e-08, 0
368798401, 0.0, 1.86e-08, 1e-08, 0
369057601, 0.0, 2.44e-08, 1e-08, 0
369316801, 0.0, 1.89e-08, 1e-08, 0
369835201, 0.0, 1.55e-08, 1e-08, 0
370872001, 0.0, 1.89e-08, 1e-08, 0
371131201, 0.0, 2.42e-08, 1e-08, 0
371649601, 0.0, 3.73e-08, 1e-08, 0
372168001, 0.0, 3.31e-08, 1e-08, 102
372427201, 0.0, 2.39e-08, 1e-08, 0
372686401, 0.0, 3.1e-08, 1e-08, 102
372945601, 0.0, 1.96e-08, 1e-08, 0
373204801, 0.0, 1.8e-08, 1e-08, 0
373464001, 0.0, 1.67e-08, 1e-08, 0
373723201, 0.0, 2.13e-08, 1e-08, 0
373982401, 0.0, 2.48e-08, 1e-08, 102
374241601, 0.0, 1.77e-08, 1e-08, 102
374760001, 0.0, 2.13e-08, 1e-08, 102
375019201, 0.0, 2.27e-08, 1e-08, 0
375278401, 0.13, 2.99e-08, 1e-08, 0
375796801, 0.0, 2.41e-08, 1e-08, 102
376574401, 0.0, 3.76e-08, 1e-08, 0
376833601, 0.0, 2.97e-08, 1e-08, 0
377092801, 0.0, 2.35e-08, 1e-08, 0
377611201, 0.0, 2.35e-08, 1e-08, 0
377870401, 0.0, 1.51e-08, 1e-08, 0
378129601, 0.37, 2.09e-08, 1e-08, 0
378388801, 0.0, 1.52e-08, 1e-08, 102
378648001, 0.0, 1.54e-08, 1e-08, 0
379166401, 0.33, 2.25e-08, 1e-08, 0
379425601, 0.0, 1.49e-08, 1e-08, 0
379684801, 0.1, 2.72e-08, 1e-08, 0
379944001, 0.0, 1.94e-08, 1e-08, 0
380203201, 0.0, 2.13e-08, 1e-08, 0
380721601, 0.0, 2.51e-08, 1e-08, 0
380980801, 0.0, 3.37e-08, 1e-08, 102
381240001, 0.0, 2.95e-08, 1e-08, 102
381499201, 0.0, 3.28e-08, 1e-08, 0
381758401, 0.3, 3.05e-08, 1e-08, 0
382017601, 0.0, 2.66e-08, 1e-08, 0
382276801, 0.0, 1.83e-08, 1e-08, 0
382795201, 0.0, 1.85e-08, 1e-08, 0
383054401, 0.0, 1.8e-08, 1e-08, 0
383313601, 0.0, 1.5e-08, 1e-08, 102
383572801, 0.0, 1.71e-08, 1e-08, 0
383832001, 0.0, 2.3e-08, 1e-08, 0
384091201, 0.29, 4.76e-08, 1e-08, 0
384350401, 0.0, 3.24e-07, 1e-08, 0
384868801, 0.0, 2.43e-08, 1e-08, 0
385128001, 0.0, 2.71e-08, 1e-08, 0
385387201, 0.16, 3.29e-08, 1e-08, 0
386164801, 0.0, 2.28e-08, 1e-08, 102
386424001, 0.49, 3.28e-08, 1e-08, 0
386942401, 0.31, 2.65e-08, 1e-08, 0
387979201, 0.0, 1.6e-08, 1e-08, 0
388238401, 0.0, 2.61e-08, 1e-08, 0
388497601, 0.0, 1.91e-08, 1e-08, 0
388756801, 0.0, 2.77e-08, 1e-08, 0
389793601, 0.08, 2.67e-08, 1e-08, 0
390312001, 0.0, 6.94e-08, 1e-08, 0
390571201, 0.0, 2.45e-06, 1e-08, 0
390830401, 0.0, 3.13e-08, 1e-08, 0
391089601, 0.0, 2.79e-08, 1e-08, 102
391608001, 0.0, 1.75e-08, 1e-08, 0
391867201, 0.0, 1.47e-08, 1e-08, 0
392385601, 0.0, 1.8e-08, 1e-08, 102
392644801, 0.0, 1.63e-08, 1e-08, 0
392904001, 0.0, 2.12e-08, 1e-08, 102
393163201, 0.0, 2.01e-08, 1e-08, 0
393681601, 0.0, 2.36e-08, 1e-08, 0
394459201, 0.0, 2.48e-08, 1e-08, 0
394718401, 0.0, 2.8e-08, 1e-08, 0
394977601, 0.67, 4.9e-08, 1e-08, 0
395496001, 0.0, 3.03e-08, 1e-08, 0
396273601, 0.68, 3.07e-08, 1e-08, 0
396532801, 0.26, 3.2e-08, 1e-08, 0
396792001, 0.0, 2.53e-08, 1e-08, 0
397051201, 0.0, 2.19e-08, 1e-08, 0
397310401, 0.14, 1.91e-08, 1e-08, 0
398088001, 0.0, 1.84e-08, 1e-08, 0
399643201, 0.0, 1.46e-08, 1e-08, 102
401198401, 0.4, 2.57e-08, 1e-08, 102
401457601, 0.0, 1.69e-08, 1e-08, 0
401716801, 0.0, 1.36e-08, 1e-08, 0
402235201, 0.0, 2.42e-08, 1e-08, 0
402494401, 0.0, 2.78e-08, 1e-08, 0
403272001, 0.12, 3.54e-08, 1e-08, 0
403790401, 0.0, 3.9e-08, 1e-08, 0
404049601, 0.0, 3.23e-07, 1e-08, 0
404308801, 0.0, 2.83e-08, 1e-08, 0
404568001, 0.0, 2.44e-08, 1e-08, 0
405086401, 0.0, 3e-08, 1e-08, 102
405604801, 0.0, 2.41e-08, 1e-08, 0
405864001, 0.65, 2.16e-08, 1e-08, 0
406123201, 0.0, 1.43e-08, 1e-08, 0
406900801, 0.0, 1.53e-08, 1e-08, 0
407160001, 0.0, 1.88e-08, 1e-08, 102
408456001, 0.09, 3.09e-08, 1e-08, 0
409233601, 0.0, 2.34e-08, 1e-08, 0
409492801, 0.0, 2.18e-08, 1e-08, 102
410011201, 0.0, 2.16e-08, 1e-08, 0
410270401, 0.0, 4.35e-08, 1e-08, 102
410529601, 0.0, 4.1e-08, 1e-08, 0
410788801, 0.0, 6.72e-08, 1e-08, 0
411048001, 0.0, 3.87e-08, 1e-08, 0
411307201, 0.0, 3.76e-08, 1e-08, 102
411566401, 0.0, 3.05e-08, 1e-08, 0
412084801, 0.0, 6.81e-08, 1e-08, 0
412603201, 0.0, -1.0, 1e-08, 101
412862401, 0.0, 1.34e-05, 1e-08, 102
413121601, 0.0, 1.51e-06, 1e-08, 0
413380801, 0.03, 4.35e-08, 1e-08, 0
413640001, 0.0, 3.42e-08, 1e-08, 102
413899201, 0.0, 2.57e-08, 1e-08, 0
414417601, 0.0, 2.07e-08, 1e-08, 0
414676801, 0.0, 3.26e-08, 1e-08, 102
415454401, 0.0, 4.9e-08, 1e-08, 0
415713601, 0.0, 3.42e-08, 1e-08, 0
415972801, 0.0, 3.47e-08, 1e-08, 0
416232001, 0.79, 3.74e-08, 1e-08, 0
416491201, 0.0, 3.47e-08, 1e-08, 102
417528001, 0.0, 5.31e-08, 1e-08, 0
418305601, 0.0, 2.72e-08, 1e-08, 0
418564801, 0.0, 2.65e-08, 1e-08, 0
419083201, 0.0, 1.82e-08, 1e-08, 0
419342401, 0.51, 3.75e-08, 1e-08, 0
419601601, 0.57, 6.06e-08, 1e-08, 0
419860801, 0.0, 4.25e-08, 1e-08, 0
420379201, 0.0, 1.71e-08, 1e-08, 0
420638401, 0.0, 2.03e-08, 1e-08, 0
420897601, 0.0, 2.72e-08, 1e-08, 0
421156801, 0.45, 3.1e-08, 1e-08, 0
421416001, 0.61, 2.43e-08, 1e-08, 0
421675201, 0.0, 2.87e-08, 1e-08, 0
421934401, 0.0, 3.19e-08, 1e-08, 0
422193601, 0.1, 2.92e-08, 1e-08, 102
422452801, 0.0, 2.67e-08, 1e-08, 0
422971201, 0.55, 4.04e-08, 1e-08, 0
423230401, 0.0, 3.4e-08, 1e-08, 0
423489601, 0.0, 2.67e-08, 1e-08, 0
423748801, 0.0, 2.07e-08, 1e-08, 0
424008001, 0.03, 2.96e-08, 1e-08, 0
424526401, 0.0, 2.62e-08, 1e-08, 0
425044801, 0.0, 2.05e-08, 1e-08, 0
425304001, 0.9, 2.3e-08, 1e-08, 0
425563201, 0.0, 2.65e-08, 1e-08, 0
426081601, 0.0, 2.06e-08, 1e-08, 0
426340801, 0.0, 2.53e-08, 1e-08, 0
426859201, 0.0, 4.16e-08, 1e-08, 0
427377601, 0.0, 3e-08, 1e-08, 102
427896001, 0.21, 4.99e-08, 1e-08, 0
428155201, 0.0, 3.57e-08, 1e-08, 102
428673601, 0.35, 5.72e-08, 1e-08, 0
429710401, 0.42, 4.2e-08, 1e-08, 0
430228801, 0.0, 6.52e-08, 1e-08, 0
430488001, 0.0, 3.57e-08, 1e-08, 102
431006401, 0.0, 5.6e-08, 1e-08, 0
431265601, 0.0, 3.58e-08, 1e-08, 0
431524801, 0.2, 5.45e-08, 1e-08, 0
431784001, 0.0, 3.23e-08, 1e-08, 0
432561601, 0.0, 2.3e-08, 1e-08, 0
432820801, 0.0, 2.96e-08, 1e-08, 0
433080001, 0.0, 3.55e-08, 1e-08, 0
433598401, 0.31, 5.64e-08, 1e-08, 0
434116801, 0.36, 3.63e-08, 1e-08, 0
434635201, 0.08, 3.32e-08, 1e-08, 0
434894401, 0.0, 3.23e-08, 1e-08, 0
435153601, 0.0, 6.13e-08, 1e-08, 0
435412801, 0.0, 7.69e-08, 1e-08, 0
435672001, 0.0, 7.16e-08, 1e-08, 102
435931201, 0.0, 6.29e-08, 1e-08, 0
436190401, 0.0, 4.13e-08, 1e-08, 0
436449601, 0.0, 4.31e-08, 1e-08, 0
436708801, 0.0, 4.31e-08, 1e-08, 102
438264001, 0.0, 6.42e-08, 1e-08, 0
438782401, 0.0, 2.59e-08, 1e-08, 0
439041601, 0.07, 3.87e-08, 1e-08, 0
439300801, 0.0, 2.27e-08, 1e-08, 0
439560001, 0.0, 2.16e-08, 1e-08, 0
440596801, 0.32, 3.6e-08, 1e-08, 0
440856001, 0.0, 2.82e-08, 1e-08, 0
441115201, 0.0, 2.3e-08, 1e-08, 0
441374401, 0.45, 2.58e-08, 1e-08, 0
441892801, 0.0, 1.93e-08, 1e-08, 0
442411201, 0.0, 2.13e-08, 1e-08, 0
443707201, 0.0, 2.71e-08, 1e-08, 0
443966401, 0.0, 2.04e-08, 1e-08, 0
444225601, 0.0, 1.98e-08, 1e-08, 0
444484801, 0.0, 2.17e-08, 1e-08, 102
444744001, 0.0, 2.3e-08, 1e-08, 0
445003201, 0.0, 2.33e-08, 1e-08, 0
445262401, 0.0, 2.48e-08, 1e-08, 0
446040001, 0.0, 2.41e-08, 1e-08, 0
446299201, 0.0, 2.66e-08, 1e-08, 0
446558401, 0.0, 3.09e-08, 1e-08, 0
447076801, 0.0, 2.43e-08, 1e-08, 0
447336001, 0.0, 1.91e-08, 1e-08, 0
447595201, 0.0, 2.57e-08, 1e-08, 0
447854401, 0.0, 1.52e-08, 1e-08, 0
448632001, 0.35, 2.2e-08, 1e-08, 0
448891201, 0.37, 3.08e-08, 1e-08, 0
449150401, 0.0, 2.41e-08, 1e-08, 0
449409601, 0.22, 3.72e-08, 1e-08, 0
450446401, 0.0, 2.17e-08, 1e-08, 0
450705601, 0.0, 2.92e-08, 1e-08, 102
450964801, 0.0, 1.78e-08, 1e-08, 0
451742401, 0.0, 2.24e-08, 1e-08, 0
452001601, 0.0, 2.39e-08, 1e-08, 102
452520001, 0.96, 2.68e-08, 1e-08, 0
454075201, 0.01, 2.84e-08, 1e-08, 102
454334401, 0.0, 3.61e-08, 1e-08, 0
454593601, 0.0, 2.53e-08, 1e-08, 102
455371201, 0.0, 2.77e-08, 1e-08, 102
455630401, 0.0, 3.05e-08, 1e-08, 0
456408001, 0.41, 4.17e-08, 1e-08, 102
457185601, 0.0, 1.84e-08, 1e-08, 102
457444801, 0.0, 1.89e-08, 1e-08, 0
457963201, 0.18, 2.73e-08, 1e-08, 0
458222401, 0.0, 2.03e-08, 1e-08, 0
458481601, 0.0, 2.34e-08, 1e-08, 0
458740801, 0.0, 3.28e-08, 1e-08, 0
459000001, 0.0, 2.67e-08, 1e-08, 0
459259201, 0.0, 3.25e-08, 1e-08, 0
459518401, 0.0, 2.81e-08, 1e-08, 0
459777601, 0.0, 2.42e-08, 1e-08, 0
460036801, 0.42, 3.36e-08, 1e-08, 0
460296001, 0.0, 1.92e-08, 1e-08, 0
461073601, 0.0, 2.08e-08, 1e-08, 102
461592001, 0.0, 2e-08, 1e-08, 0
461851201, 0.0, 2.35e-08, 1e-08, 0
462110401, 0.0, 1.76e-08, 1e-08, 0
462369601, 0.0, 2.27e-08, 1e-08, 0
462888001, 0.0, 2.58e-08, 1e-08, 0
463147201, 0.0, 2.45e-08, 1e-08, 0
463665601, 0.14, 3.69e-08, 1e-08, 0
463924801, 0.0, 3.58e-08, 1e-08, 0
464184001, 0.21, 2.91e-08, 1e-08, 102
464443201, 0.0, 3.31e-08, 1e-08, 102
464702401, 0.0, 1.94e-08, 1e-08, 0
464961601, 0.0, 2.57e-08, 1e-08, 0
465480001, 0.0, 1.66e-08, 1e-08, 0
465739201, 0.0, 1.59e-08, 1e-08, 0
465998401, 0.0, 1.89e-08, 1e-08, 102
466257601, 0.0, 1.81e-08, 1e-08, 0
466516801, 0.0, 1.83e-08, 1e-08, 0
466776001, 0.0, 2.38e-08, 1e-08, 0
467035201, 0.0, 2.4e-08, 1e-08, 0
467553601, 0.0, 2.46e-08, 1e-08, 0
467812801, 0.0, 3.28e-08, 1e-08, 0
468072001, 0.0, 3.17e-08, 1e-08, 102
468849601, 0.8, 3.79e-08, 1e-08, 0
469108801, 0.32, 2.38e-08, 1e-08, 0
469368001, 0.0, 2.8e-08, 1e-08, 0
469627201, 0.49, 2.55e-08, 1e-08, 0
469886401, 0.0, 1.52e-08, 1e-08, 0
470404801, 0.0, 1.93e-08, 1e-08, 102
470664001, 0.41, 2.21e-08, 1e-08, 0
470923201, 0.0, 2.36e-08, 1e-08, 0
471182401, 0.0, 1.48e-08, 1e-08, 0
471700801, 0.0, 2.04e-08, 1e-08, 0
472219201, 0.0, 2.48e-08, 1e-08, 102
472737601, 0.0, 2.46e-08, 1e-08, 0
472996801, 0.0, 4.14e-08, 1e-08, 102
473256001, 0.0, 2.85e-08, 1e-08, 102
473515201, 0.25, 2.96e-08, 1e-08, 0
473774401, 0.61, 4.6e-08, 1e-08, 0
474033601, 0.0, 2.38e-08, 1e-08, 102
474292801, 0.04, 3.14e-08, 1e-08, 0
474811201, 0.65, 2.26e-08, 1e-08, 0
475070401, 0.0, 1.98e-08, 1e-08, 102
475588801, 0.57, 1.91e-08, 1e-08, 0
475848001, 0.0, 2.1e-08, 1e-08, 0
476366401, 0.95, 3.05e-08, 1e-08, 0
476625601, 0.0, 2.39e-08, 1e-08, 0
476884801, 0.0, 3.41e-08, 1e-08, 0
477144001, 0.0, 2.86e-08, 1e-08, 102
477921601, 0.0, 2.51e-08, 1e-08, 0
478180801, 0.0, 2.8e-08, 1e-08, 0
478699201, 0.0, 2.19e-08, 1e-08, 0
478958401, 0.0, 1.7e-08, 1e-08, 0
479736001, 0.0, 1.72e-08, 1e-08, 0
479995201, 0.92, 2.79e-08, 1e-08, 102
480254401, 0.0, 1.67e-08, 1e-08, 0
480772801, 0.0, 2.59e-08, 1e-08, 0
481032001, 0.0, 2.07e-08, 1e-08, 0
481291201, 0.0, 2.38e-08, 1e-08, 0
481550401, 0.02, 3.96e-08, 1e-08, 102
481809601, 0.0, 3.02e-08, 1e-08, 0
482068801, 0.0, 2.83e-08, 1e-08, 0
482328001, 0.0, 3.29e-08, 1e-08, 0
482587201, 0.44, 2.62e-08, 1e-08, 0
483105601, 0.0, 2.21e-08, 1e-08, 0
483624001, 0.0, 2.58e-08, 1e-08, 0
484660801, 0.0, 2.92e-08, 1e-08, 0
484920001, 0.0, 1.72e-08, 1e-08, 102
485179201, 0.0, 3.2e-08, 1e-08, 0
485438401, 0.0, 1.99e-08, 1e-08, 0
485697601, 0.0, 2.78e-08, 1e-08, 0
486216001, 0.0, 2.59e-08, 1e-08, 102
486475201, 0.0, 3.41e-08, 1e-08, 102
486734401, 0.36, 2.88e-08, 1e-08, 0
487252801, 0.0, 2.06e-08, 1e-08, 0
487512001, 0.0, 2e-08, 1e-08, 102
487771201, 0.0, 2.03e-08, 1e-08, 0
488030401, 0.0, 2.9e-08, 1e-08, 0
488289601, 0.0, 2.26e-08, 1e-08, 0
488808001, 0.0, 2.73e-08, 1e-08, 102
489067201, 0.0, 1.76e-08, 1e-08, 0
489844801, 0.0, 1.82e-08, 1e-08, 0
490881601, 0.0, 2.93e-08, 1e-08, 0
491140801, 0.0, 3.07e-08, 1e-08, 102
491400001, 0.0, 2.75e-08, 1e-08, 0
491659201, 0.0, 2.16e-08, 1e-08, 0
492436801, 0.0, 1.84e-08, 1e-08, 0
492696001, 0.3, 3.18e-08, 1e-08, 0
492955201, 0.0, 1.82e-08, 1e-08, 0
493214401, 0.0, 1.56e-08, 1e-08, 0
493473601, 0.0, 1.96e-08, 1e-08, 0
493732801, 0.0, 1.77e-08, 1e-08, 0
493992001, 0.0, 1.83e-08, 1e-08, 0
494251201, 0.0, 2.97e-08, 1e-08, 0
494510401, 0.0, 2.57e-08, 1e-08, 0
494769601, 0.0, 2.77e-08, 1e-08, 102
495028801, 0.0, 3.14e-08, 1e-08, 102
495288001, 0.0, 2.83e-08, 1e-08, 0
495547201, 0.0, 3.1e-08, 1e-08, 0
495806401, 0.0, 3.65e-08, 1e-08, 0
496065601, 0.0, 3.33e-08, 1e-08, 102
496324801, 0.0, 2.36e-08, 1e-08, 0
496584001, 0.0, 3.24e-08, 1e-08, 0
496843201, 0.0, 4.29e-08, 1e-08, 0
497102401, 0.0, 4.45e-08, 1e-08, 0
497361601, 0.0, 2.12e-08, 1e-08, 0
497620801, 0.0, 1.58e-08, 1e-08, 0
497880001, 0.0, 1.38e-08, 1e-08, 0
498139201, 0.01, 4.49e-08, 1e-08, 102
498398401, 0.0, 2.25e-08, 1e-08, 0
498657601, 0.0, 3.54e-08, 1e-08, 102
499176001, 0.0, 2.88e-08, 1e-08, 0
499435201, 0.0, 6.7e-08, 1e-08, 102
499694401, 0.0, 5.76e-08, 1e-08, 0
500212801, 0.0, 3.69e-08, 1e-08, 0
500472001, 0.16, 3.73e-08, 1e-08, 0
500731201, 0.0, 2.64e-08, 1e-08, 0
500990401, 0.0, 2.52e-08, 1e-08, 102
501249601, 0.0, 3.16e-08, 1e-08, 0
501508801, 0.0, 1.7e-08, 1e-08, 0
501768001, 0.0, 1.6e-08, 1e-08, 0
502027201, 0.83, 2.78e-08, 1e-08, 102
502286401, 0.0, 1.92e-08, 1e-08, 0
503064001, 0.0, 1.68e-08, 1e-08, 102
503323201, 0.0, 1.99e-08, 1e-08, 102
503841601, 0.0, 5.6e-08, 1e-08, 0
504100801, 0.0, 3.59e-08, 1e-08, 102
504360001, 0.01, 3.14e-08, 1e-08, 0
504619201, 0.0, 2.49e-08, 1e-08, 0
504878401, 0.0, 1.6e-08, 1e-08, 0
505137601, 0.0, 2.12e-08, 1e-08, 0
505396801, 0.0, 2.46e-08, 1e-08, 0
505656001, 0.0, 2.47e-08, 1e-08, 0
505915201, 0.0, 3.48e-08, 1e-08, 0
506433601, 0.0, 2.18e-08, 1e-08, 102
506692801, 0.0, 1.85e-08, 1e-08, 0
506952001, 0.52, 2.8e-08, 1e-08, 0
507470401, 0.0, 1.76e-08, 1e-08, 0
507988801, 0.0, 2.38e-08, 1e-08, 0
508248001, 0.0, 2.23e-08, 1e-08, 0
508507201, 0.0, 2.75e-08, 1e-08, 102
509025601, 0.01, 3.75e-08, 1e-08, 0
509284801, 0.0, 3.31e-08, 1e-08, 0
509544001, 0.0, 2.72e-08, 1e-08, 0
510062401, 0.32, 3.44e-08, 1e-08, 0
510321601, 0.0, 2.2e-08, 1e-08, 0
510580801, 0.0, 2.75e-08, 1e-08, 1
511099201, 0.0, 1.88e-08, 1e-08, 102
511617601, 0.0, 1.41e-08, 1e-08, 0
512136001, 0.0, 2.36e-08, 1e-08, 0
512654401, 0.0, 1.98e-08, 1e-08, 102
513172801, 0.0, 3.59e-08, 1e-08, 0
513432001, 0.0, 2.49e-08, 1e-08, 0
513950401, 0.0, 2.77e-08, 1e-08, 0
514209601, 0.68, 3.33e-08, 1e-08, 0
514468801, 0.5, 2.91e-08, 1e-08, 0
514728001, 0.0, 2.48e-08, 1e-08, 102
514987201, 0.0, 1.9e-08, 1e-08, 0
515246401, 0.0, 1.84e-08, 1e-08, 0
515505601, 0.0, 2.75e-08, 1e-08, 0
515764801, 0.0, 1.61e-08, 1e-08, 0
516283201, 0.26, 2.35e-08, 1e-08, 0
516801601, 0.0, 1.59e-08, 1e-08, 0
517060801, 0.0, 2.11e-08, 1e-08, 0
517320001, 0.0, 2.13e-08, 1e-08, 102
517579201, 0.0, 1.85e-08, 1e-08, 0
517838401, 0.0, 3.01e-08, 1e-08, 0
518356801, 0.0, 2.66e-08, 1e-08, 0
518616001, 0.0, 4.07e-08, 1e-08, 0
518875201, 0.0, 3.28e-08, 1e-08, 102
519393601, 0.0, 2.86e-08, 1e-08, 0
519652801, 0.1, 3.54e-08, 1e-08, 0
519912001, 0.0, 2.29e-08, 1e-08, 0
520171201, 0.0, 2.06e-08, 1e-08, 0
520430401, 0.06, 2.4e-08, 1e-08, 0
520689601, 0.0, 1.32e-08, 1e-08, 0
521208001, 0.01, 2.02e-08, 1e-08, 102
521726401, 0.0, 2.46e-08, 1e-08, 0
522244801, 0.0, 1.97e-08, 1e-08, 0
523281601, 0.0, 2.44e-08, 1e-08, 0
523540801, 0.0, 2.48e-08, 1e-08, 0
523800001, 0.0, 3.11e-08, 1e-08, 102
524059201, 0.0, 2.12e-08, 1e-08, 0
524577601, 0.0, 2.73e-08, 1e-08, 0
525096001, 0.0, 2.17e-08, 1e-08, 0
525355201, 0.0, 1.63e-08, 1e-08, 102
525614401, 0.46, 2.49e-08, 1e-08, 0
525873601, 0.0, 1.76e-08, 1e-08, 0
526132801, 0.92, 3.28e-08, 1e-08, 0
526392001, 0.0, 2.53e-08, 1e-08, 0
526910401, 0.0, 2.39e-08, 1e-08, 0
527947201, 0.0, 3.59e-08, 1e-08, 0
528465601, 0.0, 2.63e-08, 1e-08, 102
528724801, 0.37, 2.78e-08, 1e-08, 0
528984001, 0.0, 1.6e-08, 1e-08, 0
530798401, 0.0, 1.99e-08, 1e-08, 102
531316801, 0.0, 2.7e-08, 1e-08, 0
531835201, 0.0, 2.86e-08, 1e-08, 0
532094401, 0.29, 4.58e-08, 1e-08, 0
532353601, 0.0, 2.96e-08, 1e-08, 0
532612801, 0.0, 2.31e-08, 1e-08, 0
532872001, 0.44, 3.94e-08, 1e-08, 0
533390401, 0.0, 2.15e-08, 1e-08, 0
534686401, 0.0, 1.6e-08, 1e-08, 102
535464001, 0.1, 2.15e-08, 1e-08, 0
536241601, 0.19, 3.27e-08, 1e-08, 0
536500801, 0.03, 3.57e-08, 1e-08, 102
536760001, 0.0, 2.8e-08, 1e-08, 0
538056001, 0.0, 2.24e-08, 1e-08, 0
538315201, 0.0, 2.32e-08, 1e-08, 102
538574401, 0.97, 2.58e-08, 1e-08, 102
538833601, 0.0, 1.95e-08, 1e-08, 102
539092801, 0.0, 1.63e-08, 1e-08, 0
539352001, 0.0, 2.09e-08, 1e-08, 0
539870401, 0.24, 2.17e-08, 1e-08, 0
540388801, 0.0, 2.17e-08, 1e-08, 0
540648001, 0.0, 3.29e-08, 1e-08, 0
540907201, 0.0, 3.25e-08, 1e-08, 0
541166401, 0.0, 3.99e-08, 1e-08, 0
541425601, 0.0, 3.16e-08, 1e-08, 102
541684801, 0.5, 3.65e-08, 1e-08, 0
541944001, 0.0, 2.49e-08, 1e-08, 0
542462401, 0.16, 3.18e-08, 1e-08, 0
542980801, 0.0, 3.16e-07, 1e-08, 0
544536001, 0.0, 1.93e-08, 1e-08, 102
545054401, 0.01, 1.49e-08, 1e-08, 0
545313601, 0.42, 2.12e-08, 1e-08, 0
545572801, 0.0, 1.27e-08, 1e-08, 0
546091201, 0.0, 1.3e-08, 1e-08, 0
546350401, 0.0, 1.69e-08, 1e-08, 1
546609601, 0.79, 2.41e-08, 1e-08, 0
547905601, 0.0, 2.34e-08, 1e-08, 102
548164801, 0.75, 1.34e-08, 1e-08, 0
548683201, 0.0, 1.19e-08, 1e-08, 0
548942401, 0.0, 2.15e-08, 1e-08, 0
549460801, 0.0, 1.84e-08, 1e-08, 0
549979201, 0.0, 3.56e-08, 1e-08, 0
550238401, 0.78, 2.23e-08, 1e-08, 0
550497601, 0.0, 1.86e-08, 1e-08, 0
550756801, 0.0, 1.5e-08, 1e-08, 0
551793601, 0.41, 1.56e-08, 1e-08, 0
553608001, 0.0, 4.43e-08, 1e-08, 102
553867201, 0.0, 4.52e-08, 1e-08, 0
554126401, 0.0, 9.46e-08, 1e-08, 0
554644801, 0.0, 1.72e-08, 1e-08, 0
554904001, 0.0, 4.3e-08, 1e-08, 0
555163201, 0.0, 1.24e-06, 1e-08, 0
555422401, 0.0, 3.2e-06, 1e-08, 0
555681601, 0.0, -1.0, 1e-08, 101
555940801, 0.0, 8.03e-08, 1e-08, 0
556200001, 0.99, 1.98e-08, 1e-08, 0
556459201, 0.0, 1.18e-08, 1e-08, 102
556977601, 0.0, 2.35e-07, 1e-08, 0
557236801, 0.0, 4.21e-07, 1e-08, 0
557755201, 0.0, 1.92e-06, 1e-08, 0
558273601, 0.0, 9.22e-09, 1e-08, 0
558532801, 0.0, 3.71e-08, 1e-08, 102
559051201, 0.0, -1.0, 1e-08, 101
559310401, 0.0, 7.15e-06, 1e-08, 102
559569601, 0.0, 1.31e-06, 1e-08, 0
559828801, 0.0, 1.36e-06, 1e-08, 0
560088001, 0.0, 6.64e-06, 1e-08, 102
560347201, 0.0, -1.0, 1e-08, 101
560606401, 0.0, 1.7e-08, 1e-08, 0
560865601, 0.0, 1.04e-08, 1e-08, 102
561902401, 0.0, 8.28e-09, 1e-08, 0
562161601, 0.0, 2.99e-08, 1e-08, 102
562939201, 0.0, 1.12e-08, 1e-08, 0
563198401, 0.84, 2.58e-08, 1e-08, 0
563457601, 0.0, 2.03e-08, 1e-08, 102
563716801, 0.0, 1.74e-08, 1e-08, 0
563976001, 0.0, 1.65e-08, 1e-08, 0
564235201, 0.0, 7.66e-08, 1e-08, 102
564494401, 0.25, 1.64e-06, 1e-08, 0
564753601, 0.0, -1.0, 1e-08, 101
565012801, 0.0, 2.94e-08, 1e-08, 0
565790401, 0.0, 2.6e-08, 1e-08, 0
566049601, 0.0, 4.57e-08, 1e-08, 0
566568001, 0.1, 3.66e-08, 1e-08, 0
566827201, 0.0, 1.79e-08, 1e-08, 0
567345601, 0.61, 2.21e-08, 1e-08, 0
567604801, 0.0, 2.59e-08, 1e-08, 0
567864001, 0.0, 2.78e-08, 1e-08, 102
568382401, 0.0, -1.0, 1e-08, 0
568641601, 0.0, 3.07e-08, 1e-08, 102
568900801, 0.0, 2.9e-08, 1e-08, 0
569160001, 0.0, 2.47e-08, 1e-08, 0
569678401, 0.02, 2.68e-08, 1e-08, 0
569937601, 0.7, 3.53e-08, 1e-08, 102
570196801, 0.0, 2.7e-08, 1e-08, 0
570456001, 0.0, 8.98e-07, 1e-08, 0
571492801, 0.0, 3.89e-08, 1e-08, 0
571752001, 0.0, 6.14e-08, 1e-08, 0
572011201, 0.0, 9.5e-08, 1e-08, 102
572270401, 0.0, 3.68e-08, 1e-08, 0
572529601, 0.45, 2.69e-08, 1e-08, 0
573048001, 0.43, 4.34e-08, 1e-08, 0
573307201, 0.0, 2.22e-08, 1e-08, 0
573566401, 0.01, 3.78e-08, 1e-08, 102
574344001, 0.0, 2.11e-08, 1e-08, 0
574603201, 0.48, 2.46e-08, 1e-08, 0
575121601, 0.0, 2.2e-08, 1e-08, 0
575380801, 0.0, 1.7e-08, 1e-08, 0
575899201, 0.0, 1.84e-08, 1e-08, 0
576158401, 0.0, 1.79e-08, 1e-08, 0
576417601, 0.0, 3.05e-08, 1e-08, 102
576936001, 0.06, 2.08e-08, 1e-08, 0
577195201, 0.0, 2.01e-08, 1e-08, 102
577454401, 0.02, 1.98e-08, 1e-08, 102
577972801, 0.06, 2.83e-08, 1e-08, 0
578491201, 0.0, 1.95e-08, 1e-08, 0
578750401, 0.19, 2.56e-08, 1e-08, 0
579268801, 0.0, 2.58e-08, 1e-08, 102
579528001, 0.0, 1.81e-08, 1e-08, 0
579787201, 0.0, 2.54e-08, 1e-08, 102
580046401, 0.73, 2.87e-08, 1e-08, 0
580305601, 0.0, 1.84e-08, 1e-08, 0
580824001, 0.0, 2.44e-08, 1e-08, 0
581083201, 0.0, 1.91e-08, 1e-08, 102
581342401, 0.0, 2.04e-08, 1e-08, 0
581860801, 0.0, 2.98e-08, 1e-08, 0
582120001, 0.0, 3.46e-08, 1e-08, 102
582379201, 0.27, 2.89e-08, 1e-08, 102
582897601, 0.0, 2.36e-08, 1e-08, 0
583675201, 0.0, 1.77e-08, 1e-08, 0
583934401, 0.0, 2.16e-08, 1e-08, 0
584452801, 0.0, 4.47e-08, 1e-08, 0
584971201, 0.0, 3.26e-08, 1e-08, 0
585230401, 0.0, 3.73e-08, 1e-08, 0
585748801, 0.0, 4.89e-08, 1e-08, 0
586008001, 0.0, 7.38e-08, 1e-08, 0
586526401, 0.0, 4.61e-08, 1e-08, 0
586785601, 0.0, 3.39e-08, 1e-08, 0
587044801, 0.0, 2.49e-08, 1e-08, 0
587563201, 0.0, 2.51e-08, 1e-08, 0
587822401, 0.0, 2.48e-08, 1e-08, 0
588081601, 0.0, 2.54e-08, 1e-08, 102
588340801, 0.0, 1.87e-08, 1e-08, 0
588859201, 0.0, 2.04e-07, 1e-08, 0
589118401, 0.0, 3.46e-07, 1e-08, 0
589636801, 0.0, 2.4e-06, 1e-08, 102
590414401, 0.0, 3.05e-08, 1e-08, 102
590673601, 0.0, 1.97e-08, 1e-08, 0
590932801, 0.0, 2.46e-08, 1e-08, 0
591192001, 0.0, 1.42e-08, 1e-08, 0
591710401, 0.0, 2.29e-08, 1e-08, 0
591969601, 0.0, 2.81e-08, 1e-08, 0
592228801, 0.0, 3.3e-08, 1e-08, 0
592747201, 0.0, 2.13e-08, 1e-08, 102
593006401, 0.0, 2.36e-08, 1e-08, 0
593265601, 0.0, 2.24e-08, 1e-08, 0
594043201, 0.39, 2.18e-08, 1e-08, 0
594561601, 0.0, 1.42e-08, 1e-08, 0
594820801, 0.46, 2.22e-08, 1e-08, 0
595080001, 0.0, 1.51e-08, 1e-08, 102
595598401, 0.0, 2.14e-08, 1e-08, 0
596376001, 0.0, 3.14e-08, 1e-08, 102
596635201, 0.67, 3.88e-08, 1e-08, 0
596894401, 0.0, 2.6e-08, 1e-08, 0
597153601, 0.0, 2.51e-08, 1e-08, 102
597412801, 0.0, 2.06e-08, 1e-08, 0
597931201, 0.0, 2.3e-08, 1e-08, 0
598190401, 0.0, 2.2e-08, 1e-08, 0
598708801, 0.27, 1.92e-08, 1e-08, 0
598968001, 0.0, 1.74e-08, 1e-08, 102
599227201, 0.0, 2.87e-08, 1e-08, 0
599486401, 0.0, 2.29e-08, 1e-08, 0
600004801, 0.0, 2.78e-08, 1e-08, 0
600523201, 0.0, 2.38e-08, 1e-08, 0
600782401, 0.66, 4.29e-08, 1e-08, 0
601041601, 0.0, 2.25e-08, 1e-08, 0
601300801, 0.0, 2.52e-08, 1e-08, 0
601819201, 0.85, 3.42e-08, 1e-08, 0
602078401, 0.0, 2.57e-08, 1e-08, 0
602337601, 0.0, 1.69e-08, 1e-08, 0
602596801, 0.0, 1.58e-07, 1e-08, 0
603115201, 0.0, 1.76e-07, 1e-08, 0
603374401, 0.1, 6.16e-08, 1e-08, 0
603633601, 0.0, 5.74e-08, 1e-08, 102
603892801, 0.11, 4.46e-08, 1e-08, 0
604152001, 0.0, 1.81e-08, 1e-08, 0
604411201, 0.0, 2.64e-08, 1e-08, 102
605188801, 0.0, 4.5e-08, 1e-08, 0
605448001, 0.66, 4.31e-08, 1e-08, 0
605707201, 0.0, 2.5e-08, 1e-08, 0
606225601, 0.01, 3.02e-08, 1e-08, 102
606484801, 0.0, 2.15e-08, 1e-08, 0
606744001, 0.0, 1.85e-08, 1e-08, 0
607003201, 0.0, 2.19e-08, 1e-08, 0
607521601, 0.0, 1.77e-08, 1e-08, 0
608558401, 0.47, 2.38e-08, 1e-08, 0
608817601, 0.0, 1.47e-08, 1e-08, 0
609076801, 0.67, 2.3e-08, 1e-08, 0
610632001, 0.0, 2.25e-08, 1e-08, 102
610891201, 0.0, 2.26e-08, 1e-08, 0
611409601, 0.01, 2.38e-08, 1e-08, 0
611668801, 0.0, 2.73e-08, 1e-08, 102
611928001, 0.43, 2.5e-08, 1e-08, 0
612446401, 0.0, 1.44e-08, 1e-08, 0
612705601, 0.0, 2.28e-08, 1e-08, 102
612964801, 0.88, 2.56e-08, 1e-08, 0
613224001, 0.83, 3e-08, 1e-08, 0
613483201, 0.52, 3.16e-08, 1e-08, 0
614260801, 0.38, 3.46e-08, 1e-08, 0
614520001, 0.0, 4.11e-08, 1e-08, 0
614779201, 0.38, 3.71e-08, 1e-08, 0
615038401, 0.0, 2.11e-08, 1e-08, 0
615297601, 0.53, 5.27e-08, 1e-08, 102
615556801, 0.0, 2.42e-08, 1e-08, 0
616593601, 0.0, 1.01e-06, 1e-08, 0
616852801, 0.0, 8.43e-08, 1e-08, 102
617112001, 0.0, 4.8e-08, 1e-08, 0
617371201, 0.0, 5.08e-08, 1e-08, 0
617630401, 0.0, 1.06e-07, 1e-08, 102
617889601, 0.0, 7.12e-08, 1e-08, 0
618408001, 0.06, 3.62e-08, 1e-08, 0
618926401, 0.0, 3.71e-08, 1e-08, 0
619704001, 0.68, 4.09e-08, 1e-08, 0
619963201, 0.0, 2.73e-08, 1e-08, 102
620481601, 0.0, 2.12e-08, 1e-08, 0
620740801, 0.0, 4.12e-08, 1e-08, 0
621000001, 0.0, 1.24e-07, 1e-08, 0
621259201, 0.0, 4.59e-07, 1e-08, 0
621518401, 0.0, 1.49e-07, 1e-08, 0
622036801, 0.51, 3.41e-08, 1e-08, 0
622296001, 0.0, 2.07e-08, 1e-08, 0
622555201, 0.0, 2.15e-08, 1e-08, 0
623592001, 0.0, 2.22e-08, 1e-08, 0
623851201, 0.0, 2.6e-08, 1e-08, 0
624369601, 0.0, 2.73e-08, 1e-08, 102
624888001, 0.0, 2.19e-08, 1e-08, 0
625406401, 0.0, 1.78e-08, 1e-08, 0
625665601, 0.0, 1.43e-08, 1e-08, 0
625924801, 0.0, 1.49e-08, 1e-08, 0
626184001, 0.23, 2.33e-08, 1e-08, 0
626443201, 0.0, 1.69e-08, 1e-08, 102
626702401, 0.0, 1.2e-08, 1e-08, 0
627220801, 0.0, 1.45e-08, 1e-08, 0
627480001, 0.0, 2.05e-08, 1e-08, 0
627739201, 0.0, 1.95e-08, 1e-08, 0
627998401, 0.0, 1.85e-08, 1e-08, 0
628257601, 0.61, 3.92e-08, 1e-08, 102
628516801, 0.08, 3.25e-08, 1e-08, 0
628776001, 0.0, 2.58e-08, 1e-08, 0
629035201, 0.0, 2.06e-08, 1e-08, 0
629553601, 0.53, 3.36e-08, 1e-08, 0
629812801, 0.0, 1.98e-08, 1e-08, 0
630849601, 0.0, 2.29e-08, 1e-08, 0
631108801, 0.06, 2.15e-08, 1e-08, 0
631368001, 0.0, 2.21e-08, 1e-08, 0
632145601, 0.0, 2.67e-08, 1e-08, 102
632664001, 0.0, 2.89e-08, 1e-08, 0
632923201, 0.0, 3e-08, 1e-08, 0
633182401, 0.0, 2.28e-08, 1e-08, 0
633441601, 0.0, 2.88e-08, 1e-08, 102
633700801, 0.0, 1.76e-08, 1e-08, 102
633960001, 0.9, 2.07e-08, 1e-08, 0
634219201, 0.0, 1.82e-08, 1e-08, 0
634478401, 0.0, 4.18e-08, 1e-08, 0
634737601, 0.0, 2.81e-07, 1e-08, 0
634996801, 0.0, 7.5e-07, 1e-08, 0
635256001, 0.0, 7.37e-08, 1e-08, 102
635515201, 0.0, 5.56e-08, 1e-08, 102
635774401, 0.0, 2.17e-08, 1e-08, 0
636292801, 0.0, 2.42e-08, 1e-08, 102
636552001, 0.0, 2.16e-08, 1e-08, 0
637070401, 0.0, 2.63e-08, 1e-08, 0
637329601, 0.72, 3.77e-08, 1e-08, 0
637588801, 0.0, 2.58e-08, 1e-08, 0
638107201, 0.27, 3.81e-08, 1e-08, 0
638625601, 0.0, 2.08e-08, 1e-08, 0
639144001, 0.0, 1.74e-08, 1e-08, 0
639403201, 0.0, 2.11e-08, 1e-08, 102
639662401, 0.0, 1.95e-08, 1e-08, 102
639921601, 0.09, 2.31e-08, 1e-08, 0
640440001, 0.0, 1.82e-08, 1e-08, 0
640699201, 0.0, 1.5e-08, 1e-08, 102
640958401, 0.0, 1.29e-08, 1e-08, 0
641217601, 0.01, 1.92e-08, 1e-08, 102
641476801, 0.33, 2.64e-08, 1e-08, 0
641736001, 0.0, 2.62e-08, 1e-08, 0
641995201, 0.0, 2.87e-08, 1e-08, 0
642254401, 0.0, 2.03e-08, 1e-08, 0
642513601, 0.0, 2.54e-08, 1e-08, 0
642772801, 0.0, 2.96e-08, 1e-08, 102
643032001, 0.0, 2.86e-08, 1e-08, 0
643550401, 0.0, 2.23e-08, 1e-08, 102
644068801, 0.0, 1.81e-08, 1e-08, 0
644846401, 0.0, 1.63e-08, 1e-08, 0
645364801, 0.0, 2.31e-08, 1e-08, 102
645624001, 0.0, 2.87e-08, 1e-08, 0
645883201, 0.0, 3.98e-08, 1e-08, 0
646142401, 0.0, 2.49e-08, 1e-08, 0
646401601, 0.0, 3.72e-08, 1e-08, 102
646660801, 0.0, 2.35e-08, 1e-08, 0
646920001, 0.0, 3.06e-08, 1e-08, 102
647179201, 0.0, 2.78e-08, 1e-08, 102
647438401, 0.0, 2.47e-08, 1e-08, 0
647697601, 0.0, 2.67e-08, 1e-08, 102
647956801, 0.0, 3.06e-08, 1e-08, 0
648216001, 0.0, 4.27e-08, 1e-08, 0
648734401, 0.0, 1.37e-07, 1e-08, 0
649512001, 0.0, 5.96e-08, 1e-08, 0
649771201, 0.0, 8.86e-08, 1e-08, 0
650030401, 0.0, 2.17e-08, 1e-08, 102
650289601, 0.0, 2.99e-08, 1e-08, 0
650808001, 0.0, 3.57e-08, 1e-08, 102
651067201, 0.12, 2.95e-08, 1e-08, 102
651585601, 0.0, 3.35e-08, 1e-08, 0
652104001, 0.0, 2.17e-08, 1e-08, 0
652363201, 0.0, 2.14e-08, 1e-08, 102
652622401, 0.0, 2.02e-08, 1e-08, 0
652881601, 0.0, 9.09e-08, 1e-08, 0
653140801, 0.0, 1.77e-07, 1e-08, 102
653400001, 0.0, 1.1e-07, 1e-08, 0
653918401, 0.28, 2.24e-08, 1e-08, 0
654177601, 0.0, 2.62e-08, 1e-08, 0
654436801, 0.28, 3.66e-08, 1e-08, 0
654696001, 0.0, 1.89e-08, 1e-08, 0
655473601, 0.97, 2.33e-08, 1e-08, 0
655732801, 0.0, 2.55e-08, 1e-08, 0
655992001, 0.0, 3.12e-08, 1e-08, 102
656251201, 0.17, 2.85e-08, 1e-08, 0
656510401, 0.0, 2.25e-08, 1e-08, 0
656769601, 0.32, 3.34e-08, 1e-08, 0
657028801, 0.0, 2.39e-08, 1e-08, 102
657288001, 0.0, 1.47e-08, 1e-08, 0
657806401, 0.17, 2.55e-08, 1e-08, 0
658324801, 0.13, 1.44e-08, 1e-08, 102
659102401, 0.37, 2.04e-08, 1e-08, 0
659880001, 0.0, 2.03e-08, 1e-08, 0
660139201, 0.0, 2.75e-08, 1e-08, 0
660398401, 0.0, 3.56e-08, 1e-08, 0
660657601, 0.0, 2.77e-08, 1e-08, 0
660916801, 0.5, 2.45e-08, 1e-08, 0
661435201, 0.0, 2.24e-08, 1e-08, 0
661953601, 0.35, 1.74e-08, 1e-08, 0
662212801, 0.0, 2.2e-08, 1e-08, 0
662731201, 0.0, 1.8e-08, 1e-08, 0
662990401, 0.0, 2.16e-08, 1e-08, 102
663249601, 0.0, 2.54e-08, 1e-08, 0
663768001, 0.0, 3.13e-08, 1e-08, 0
664286401, 0.0, 2.74e-08, 1e-08, 0
664545601, 0.0, 3e-08, 1e-08, 102
665323201, 0.0, 2.81e-08, 1e-08, 102
665582401, 0.0, 2.8e-08, 1e-08, 0
665841601, 0.0, 2.18e-08, 1e-08, 0
666100801, 0.02, 2.3e-08, 1e-08, 0
666619201, 0.0, 8.87e-08, 1e-08, 102
666878401, 0.0, 2.87e-07, 1e-08, 0
667137601, 0.0, 2.33e-07, 1e-08, 0
667396801, 0.0, 6.95e-08, 1e-08, 0
667656001, 0.0, 2.49e-08, 1e-08, 0
667915201, 0.76, 2.82e-08, 1e-08, 0
668174401, 0.0, 2.13e-08, 1e-08, 0
669211201, 0.09, 3.18e-08, 1e-08, 0
670248001, 0.82, 3.34e-08, 1e-08, 0
671803201, 0.73, 2.4e-08, 1e-08, 102
672062401, 0.0, 1.94e-08, 1e-08, 0
673099201, 0.0, 1.31e-08, 1e-08, 0
673617601, 0.0, 2.97e-08, 1e-08, 0
674136001, 0.53, 4.24e-08, 1e-08, 0
674395201, 0.0, 3.01e-08, 1e-08, 0
674654401, 0.0, 3.14e-08, 1e-08, 0
674913601, 0.0, 2.65e-08, 1e-08, 0
675172801, 0.0, 1.65e-08, 1e-08, 0
675950401, 0.0, 1.88e-08, 1e-08, 0
676209601, 0.45, 2.91e-08, 1e-08, 0
676728001, 0.0, 2.44e-08, 1e-08, 102
677246401, 0.56, 3.88e-08, 1e-08, 0
677505601, 0.02, 4.65e-08, 1e-08, 0
677764801, 0.0, 3.2e-08, 1e-08, 0
678542401, 0.04, 3.35e-08, 1e-08, 0
678801601, 0.0, 2.76e-08, 1e-08, 0
679060801, 0.0, 3e-08, 1e-08, 0
679320001, 0.91, 2.47e-08, 1e-08, 102
679579201, 0.0, 2.12e-08, 1e-08, 0
680097601, 0.0, 3.3e-08, 1e-08, 0
680356801, 0.03, -1.0, 1e-08, 0
680616001, 0.0, 4.67e-07, 1e-08, 0
680875201, 0.0, 5.97e-08, 1e-08, 0
681134401, 0.0, 4.89e-08, 1e-08, 0
681393601, 0.0, 7.42e-08, 1e-08, 0
681652801, 0.0, 8.23e-08, 1e-08, 0
682171201, 0.77, 4.22e-08, 1e-08, 0
682430401, 0.0, 2.76e-08, 1e-08, 101
682689601, 0.0, 3.11e-08, 1e-08, 101
683726401, 0.0, 2.29e-08, 1e-08, 102
683985601, 0.0, 2.67e-08, 1e-08, 101
684244801, 0.0, 2.26e-08, 1e-08, 0
684763201, 0.0, 6.6e-08, 1e-08, 101
685022401, 0.0, 7.82e-08, 1e-08, 102
685281601, 0.13, 5.38e-08, 1e-08, 0
685540801, 0.0, 1.67e-08, 1e-08, 102
685800001, 0.0, 2.22e-08, 1e-08, 102
686059201, 0.0, 1.89e-08, 1e-08, 101
686318401, 0.0, 1.66e-08, 1e-08, 101
686577601, 0.0, 1.66e-08, 1e-08, 101
686836801, 0.0, 1.31e-08, 1e-08, 101
687614401, 0.0, 1.92e-08, 1e-08, 102
687873601, 0.0, 2.23e-08, 1e-08, 102
688132801, 0.72, 4.38e-08, 1e-08, 0
688651201, 0.0, 2.1e-08, 1e-08, 102
688910401, 0.47, 2.25e-08, 1e-08, 0
689169601, 0.0, 1.6e-08, 1e-08, 101
690984001, 0.83, 1.96e-08, 1e-08, 102
691243201, 0.0, 1.96e-08, 1e-08, 102
691502401, 0.97, 3.06e-08, 1e-08, 0
692020801, 0.23, 4e-08, 1e-08, 0
692280001, 0.0, 2.12e-08, 1e-08, 101
693576001, 0.0, 1.71e-08, 1e-08, 101
693835201, 0.0, 1.71e-08, 1e-08, 101
694353601, 0.0, 3.91e-08, 1e-08, 101
694612801, 0.0, 2.4e-08, 1e-08, 101
695131201, 0.35, 3.11e-08, 1e-08, 0
695390401, 0.0, 3.13e-08, 1e-08, 102
695649601, 0.4, 6.62e-08, 1e-08, 0
695908801, 0.24, 3.85e-08, 1e-08, 0
696168001, 0.0, 2.68e-08, 1e-08, 101
696427201, 0.0, 3.26e-08, 1e-08, 101
696686401, 0.01, 3.82e-08, 1e-08, 102
696945601, 0.0, 2.45e-08, 1e-08, 101
697464001, 0.0, 2.31e-08, 1e-08, 101
697723201, 0.0, 2.34e-08, 1e-08, 101
698500801, 0.0, 1.02e-07, 1e-08, 102
698760001, 0.0, 1.55e-07, 1e-08, 101
699278401, 0.0, 8.35e-08, 1e-08, 101
699537601, 0.82, 3.39e-08, 1e-08, 0
699796801, 0.78, 2.19e-08, 1e-08, 102
700056001, 0.0, 1.78e-08, 1e-08, 102
700574401, 0.06, 2.78e-08, 1e-08, 102
701092801, 0.0, 1.66e-08, 1e-08, 101
701352001, 0.0, 2.74e-08, 1e-08, 101
701611201, 0.0, 2.02e-08, 1e-08, 102
701870401, 0.93, 2.78e-08, 1e-08, 0
702388801, 0.65, 2.91e-08, 1e-08, 0
703684801, 0.01, 2.01e-08, 1e-08, 102
703944001, 0.0, 2.24e-08, 1e-08, 101
704721601, 0.0, 1.53e-08, 1e-08, 101
704980801, 0.0, 1.57e-08, 1e-08, 102
705240001, 0.0, 1.8e-08, 1e-08, 101
705758401, 0.44, 2.52e-08, 1e-08, 102
706276801, 0.0, 2.5e-08, 1e-08, 102
706536001, 0.0, 1.98e-08, 1e-08, 101
706795201, 0.0, 2.04e-08, 1e-08, 101
707572801, 0.0, 1.89e-08, 1e-08, 102
708091201, 0.91, 3.09e-08, 1e-08, 0
708350401, 0.0, 1.78e-08, 1e-08, 102
709128001, 0.0, 2.22e-08, 1e-08, 101
709387201, 0.0, 3.23e-08, 1e-08, 102
709905601, 0.0, 2.54e-08, 1e-08, 101
710424001, 0.0, 2.72e-08, 1e-08, 101
710942401, 0.0, 2.5e-08, 1e-08, 101
711720001, 0.0, 2e-08, 1e-08, 102
711979201, 0.0, 3.17e-08, 1e-08, 101
712497601, 0.0, 2.51e-07, 1e-08, 101
712756801, 0.0, 6.52e-08, 1e-08, 101
713016001, 0.0, 6.22e-08, 1e-08, 102
713275201, 0.0, 1.1e-07, 1e-08, 101
713534401, 0.44, 6.1e-08, 1e-08, 102
713793601, 0.0, 2.3e-08, 1e-08, 101
714052801, 0.02, 2.4e-08, 1e-08, 0
714571201, 0.0, 2.09e-08, 1e-08, 102
714830401, 0.0, 2.87e-08, 1e-08, 101
715089601, 0.11, 4e-08, 1e-08, 102
715608001, 0.8, 2.23e-08, 1e-08, 0
716904001, 0.0, 1.07e-07, 1e-08, 102
717163201, 0.0, 2.1e-08, 1e-08, 101
717422401, 0.05, 3.07e-08, 1e-08, 0
717940801, 0.0, 1.76e-08, 1e-08, 102
718459201, 0.0, 1.5e-08, 1e-08, 0
718718401, 0.0, 1.75e-08, 1e-08, 101
719236801, 0.0, 1.6e-08, 1e-08, 101
719496001, 0.0, 2.49e-08, 1e-08, 101
719755201, 0.0, 2.43e-08, 1e-08, 101
720014401, 0.0, 2.97e-08, 1e-08, 101
720273601, 0.0, 2.82e-08, 1e-08, 101
720532801, 0.39, 2.59e-08, 1e-08, 102
720792001, 0.0, 1.69e-08, 1e-08, 101
721051201, 0.32, 2.04e-08, 1e-08, 0
721310401, 0.0, 1.5e-08, 1e-08, 101
721828801, 0.0, 1.36e-08, 1e-08, 102
722347201, 0.0, 1.1e-08, 1e-08, 101
722865601, 0.0, 1.61e-08, 1e-08, 0
723124801, 0.0, 1.79e-08, 1e-08, 101
723384001, 0.0, 2.36e-08, 1e-08, 101
723643201, 0.13, 2.29e-08, 1e-08, 0
724161601, 0.0, 2.68e-08, 1e-08, 101
724420801, 0.0, 2.76e-08, 1e-08, 101
724680001, 0.01, 3.28e-08, 1e-08, 102
725198401, 0.0, 2.05e-08, 1e-08, 101
725457601, 0.95, 2.67e-08, 1e-08, 0
725976001, 0.0, 3.79e-08, 1e-08, 101
726235201, 0.0, 2.92e-08, 1e-08, 0
726494401, 0.01, 2.71e-08, 1e-08, 102
726753601, 0.0, 2.51e-08, 1e-08, 102
727012801, 0.0, 2.95e-08, 1e-08, 102
727272001, 0.38, 4.73e-08, 1e-08, 0
727531201, 0.0, 4.76e-08, 1e-08, 0
727790401, 0.75, 3.93e-08, 1e-08, 102
728049601, 0.0, 2.02e-08, 1e-08, 102
728308801, 0.0, 3.79e-08, 1e-08, 102
728568001, 0.0, 2.31e-08, 1e-08, 101
728827201, 0.44, 3.44e-08, 1e-08, 0
729086401, 0.0, 2.26e-08, 1e-08, 101
729345601, 0.42, 3.36e-08, 1e-08, 102
730123201, 0.0, 3.94e-08, 1e-08, 101
730641601, 0.0, 1.09e-07, 1e-08, 102
730900801, 0.0, 1.1e-06, 1e-08, 102
731160001, 0.0, 5.54e-08, 1e-08, 101
731678401, 0.76, 2.84e-08, 1e-08, 0
731937601, 0.0, 1.84e-08, 1e-08, 101
732456001, 0.0, 2.31e-08, 1e-08, 101
732715201, 0.0, 1.38e-08, 1e-08, 101
732974401, 0.0, 1.8e-08, 1e-08, 101
733492801, 0.0, 2.5e-08, 1e-08, 101
733752001, 0.18, 2.2e-08, 1e-08, 0
734011201, 0.52, 3.39e-08, 1e-08, 0
734788801, 0.0, 1.66e-08, 1e-08, 0
736344001, 0.51, 1.91e-08, 1e-08, 102
737640001, 0.89, 3.33e-08, 1e-08, 0
737899201, 0.39, 2.84e-08, 1e-08, 0
738676801, 0.0, 1.98e-08, 1e-08, 101
738936001, 0.0, 2.12e-08, 1e-08, 102
739454401, 0.0, 1.88e-08, 1e-08, 102
739713601, 0.01, 2.82e-08, 1e-08, 0
739972801, 0.04, 2.44e-08, 1e-08, 102
740232001, 0.25, 2.49e-08, 1e-08, 0
740750401, 0.0, 2.48e-08, 1e-08, 101
741268801, 0.15, 7.52e-08, 1e-08, 0
741787201, 0.0, 2.79e-08, 1e-08, 102
