timestamp, ts, flux_upper_limits, fit_tolerance, fit_convergence
239716801, 0.12, 1.25e-07, 1e-08, 0
239976001, 0.0, 1.25e-07, 1e-08, 0
240235201, 0.15, 1.11e-07, 1e-08, 0
240494401, 0.0, 7.69e-08, 1e-08, 0
240753601, 0.0, 1.53e-07, 1e-08, 0
241012801, 0.0, 9.5e-08, 1e-08, 0
241272001, 0.0, 1.08e-07, 1e-08, 0
241531201, 0.0, 1.3e-07, 1e-08, 0
241790401, 0.0, 1.27e-07, 1e-08, 0
242049601, 0.0, 1.03e-07, 1e-08, 102
242308801, 0.11, 1.25e-07, 1e-08, 0
242568001, 0.03, 1.19e-07, 1e-08, 0
242827201, 0.47, 1.57e-07, 1e-08, 0
243086401, 0.58, 8.36e-08, 1e-08, 0
243345601, 0.0, 1.31e-07, 1e-08, 102
243604801, 0.7, 1.19e-07, 1e-08, 0
244123201, 0.53, 1.41e-07, 1e-08, 1
244641601, 0.91, 1.76e-07, 1e-08, 0
244900801, 0.4, 1.58e-07, 1e-08, 0
245160001, 0.0, 8.11e-08, 1e-08, 0
245678401, 0.0, 1.03e-07, 1e-08, 0
245937601, 0.0, 1.38e-07, 1e-08, 0
246196801, 0.0, 1.1e-07, 1e-08, 0
246456001, 0.0, 1.16e-07, 1e-08, 102
246974401, 0.0, 1.21e-07, 1e-08, 0
247492801, 0.69, 1.62e-07, 1e-08, 0
247752001, 0.04, 1.11e-07, 1e-08, 0
248011201, 0.84, 1.06e-07, 1e-08, 0
248270401, 0.0, 8.52e-08, 1e-08, 0
248529601, 0.0, 1.04e-07, 1e-08, 0
248788801, 0.0, 9.6e-08, 1e-08, 0
249048001, 0.0, 1.26e-07, 1e-08, 102
249307201, 0.0, 9.08e-08, 1e-08, 0
249825601, 0.02, 1.37e-07, 1e-08, 0
250084801, 0.46, 1.84e-07, 1e-08, 0
250344001, 0.0, 9.39e-08, 1e-08, 0
250603201, 0.12, 9.9e-08, 1e-08, 0
251640001, 0.32, 1.45e-07, 1e-08, 0
252417601, 0.34, 1.54e-07, 1e-08, 0
252676801, 0.24, 1.25e-07, 1e-08, 0
252936001, 0.84, 1.6e-07, 1e-08, 0
253195201, 0.0, 1.2e-07, 1e-08, 102
253713601, 0.12, 9.53e-08, 1e-08, 0
254232001, 0.0, 1.1e-07, 1e-08, 0
254491201, 0.58, 1.27e-07, 1e-08, 0
255268801, 0.0, 1.49e-07, 1e-08, 0
255528001, 0.0, 9.14e-08, 1e-08, 0
255787201, 0.0, 1.03e-07, 1e-08, 0
256046401, 0.0, 1.14e-07, 1e-08, 0
256564801, 0.0, 1.03e-07, 1e-08, 0
256824001, 0.64, 1.24e-07, 1e-08, 102
257083201, 0.0, 8.49e-08, 1e-08, 0
257342401, 0.07, 1.34e-07, 1e-08, 0
257860801, 0.0, 1.1e-07, 1e-08, 0
258379201, 0.0, 9.28e-08, 1e-08, 0
258897601, 0.0, 1.4e-07, 1e-08, 0
259156801, 0.03, 9.96e-08, 1e-08, 0
259416001, 0.0, 1.59e-07, 1e-08, 1
259675201, 0.47, 2.07e-07, 1e-08, 0
259934401, 0.0, 1.23e-07, 1e-08, 0
260193601, 0.41, 1.65e-07, 1e-08, 0
260712001, 0.0, 1.17e-07, 1e-08, 0
260971201, 0.53, 1.24e-07, 1e-08, 0
262008001, 0.0, 1.16e-07, 1e-08, 0
262267201, 0.04, 1.09e-07, 1e-08, 0
262785601, 0.37, 1.26e-07, 1e-08, 0
263044801, 0.19, 1.09e-07, 1e-08, 0
263822401, 0.98, 1.66e-07, 1e-08, 0
264081601, 0.0, 1.3e-07, 1e-08, 0
264600001, 0.78, 2.13e-07, 1e-08, 0
264859201, 0.56, 1.26e-07, 1e-08, 0
265118401, 0.81, 1.85e-07, 1e-08, 0
265377601, 0.0, 1.15e-07, 1e-08, 0
265636801, 0.0, 6.83e-08, 1e-08, 0
265896001, 0.56, 1.63e-07, 1e-08, 0
266155201, 0.0, 8.25e-08, 1e-08, 0
266932801, 0.0, 1.07e-07, 1e-08, 0
267192001, 0.39, 1.37e-07, 1e-08, 0
267451201, 0.43, 1.46e-07, 1e-08, 0
267969601, 0.0, 1.11e-07, 1e-08, 0
268228801, 0.11, 1.25e-07, 1e-08, 0
268488001, 0.35, 1.68e-07, 1e-08, 0
269006401, 0.62, 2.26e-07, 1e-08, 102
269265601, 0.0, 1.44e-07, 1e-08, 0
269524801, 0.85, 1.12e-07, 1e-08, 0
270302401, 0.0, 1.43e-07, 1e-08, 0
270561601, 0.93, 1.78e-07, 1e-08, 0
271080001, 0.0, 8.94e-08, 1e-08, 0
271339201, 0.0, 1e-07, 1e-08, 102
272116801, 0.0, 8.67e-08, 1e-08, 0
272894401, 0.27, 1.85e-07, 1e-08, 0
273153601, 0.09, 1.62e-07, 1e-08, 0
273412801, 0.0, 1.38e-07, 1e-08, 0
273931201, 0.0, 1.39e-07, 1e-08, 0
274190401, 0.41, 1.66e-07, 1e-08, 0
274708801, 0.0, 1.56e-07, 1e-08, 0
274968001, 0.0, 1.66e-07, 1e-08, 0
275486401, 0.0, 9.85e-08, 1e-08, 0
275745601, 0.0, 1.23e-07, 1e-08, 0
276523201, 0.23, 1.69e-07, 1e-08, 0
276782401, 0.0, 1.21e-07, 1e-08, 0
277041601, 0.24, 2.25e-07, 1e-08, 0
277300801, 0.11, 2.04e-07, 1e-08, 102
277560001, 0.69, 1.73e-07, 1e-08, 0
277819201, 0.0, 1.45e-07, 1e-08, 0
278078401, 0.0, 1.51e-07, 1e-08, 0
278337601, 0.42, 2.24e-07, 1e-08, 0
278596801, 0.0, 1.56e-07, 1e-08, 0
278856001, 0.0, 1.33e-07, 1e-08, 0
279374401, 0.0, 8.56e-08, 1e-08, 0
279633601, 0.0, 9.13e-08, 1e-08, 0
279892801, 0.32, 1.99e-07, 1e-08, 0
280411201, 0.22, 1.44e-07, 1e-08, 102
280670401, 0.0, 1.19e-07, 1e-08, 0
280929601, 0.0, 8.05e-08, 1e-08, 0
281188801, 0.92, 2.29e-07, 1e-08, 0
281707201, 0.0, 1.51e-07, 1e-08, 0
281966401, 0.0, 1.07e-07, 1e-08, 102
282484801, 0.09, 2.22e-07, 1e-08, 102
283262401, 0.65, 1.57e-07, 1e-08, 0
284040001, 0.0, 1.07e-07, 1e-08, 0
284558401, 0.62, 1.71e-07, 1e-08, 0
284817601, 0.0, 9.49e-08, 1e-08, 0
285076801, 0.57, 1.15e-07, 1e-08, 0
285854401, 0.0, 1e-07, 1e-08, 0
286113601, 0.0, 1.62e-07, 1e-08, 0
287150401, 0.03, 1.77e-07, 1e-08, 0
287668801, 0.0, 1.43e-07, 1e-08, 0
288705601, 0.0, 1.52e-07, 1e-08, 0
289224001, 0.77, 1.48e-07, 1e-08, 0
289742401, 0.0, 9.96e-08, 1e-08, 0
290260801, 0.0, 1.25e-07, 1e-08, 0
290520001, 0.52, 1.46e-07, 1e-08, 0
290779201, 0.0, 1.05e-07, 1e-08, 0
291038401, 0.0, 1.9e-07, 1e-08, 102
291556801, 0.01, 1.94e-07, 1e-08, 0
292075201, 0.69, 1.17e-07, 1e-08, 0
292593601, 0.0, 1.35e-07, 1e-08, 0
293112001, 0.07, 1.97e-07, 1e-08, 0
293371201, 0.0, 1.42e-07, 1e-08, 102
293630401, 0.76, 1.06e-07, 1e-08, 0
293889601, 0.0, 9.64e-08, 1e-08, 0
294148801, 0.0, 8.09e-08, 1e-08, 0
294408001, 0.0, 1.07e-07, 1e-08, 0
294667201, 0.04, 1.22e-07, 1e-08, 0
295444801, 0.94, 1.5e-07, 1e-08, 0
295704001, 0.5, 2.11e-07, 1e-08, 0
295963201, 0.0, 1.3e-07, 1e-08, 102
296481601, 0.0, 1.25e-07, 1e-08, 0
296740801, 0.0, 1.52e-07, 1e-08, 0
297000001, 0.0, 1.36e-07, 1e-08, 0
297259201, 0.0, 1.22e-07, 1e-08, 0
297518401, 0.0, 1.23e-07, 1e-08, 0
297777601, 0.0, 1.23e-07, 1e-08, 0
298036801, 0.53, 1.71e-07, 1e-08, 0
298296001, 0.0, 1.08e-07, 1e-08, 0
298814401, 0.0, 1.06e-07, 1e-08, 0
299851201, 0.95, 2.22e-07, 1e-08, 0
300110401, 0.0, 1.47e-07, 1e-08, 0
300369601, 0.98, 2.61e-07, 1e-08, 0
300628801, 0.18, 2.26e-07, 1e-08, 0
301406401, 0.0, 1.25e-07, 1e-08, 0
301665601, 0.09, 2.2e-07, 1e-08, 102
302184001, 0.0, 1.67e-07, 1e-08, 0
302702401, 0.0, 1.23e-07, 1e-08, 0
302961601, 0.82, 1.12e-07, 1e-08, 0
303220801, 0.0, 1.23e-07, 1e-08, 0
303480001, 0.55, 1e-07, 1e-08, 0
304776001, 0.0, 1.3e-07, 1e-08, 0
305294401, 0.0, 1.43e-07, 1e-08, 0
306072001, 0.0, 1.65e-07, 1e-08, 0
306590401, 0.0, 1.75e-07, 1e-08, 0
307627201, 0.86, 1.91e-07, 1e-08, 0
308923201, 0.38, 2.21e-07, 1e-08, 0
309441601, 0.05, 1.87e-07, 1e-08, 0
309960001, 0.77, 2.57e-07, 1e-08, 0
310219201, 0.46, 1.91e-07, 1e-08, 0
310996801, 0.01, 1.83e-07, 1e-08, 1
311256001, 0.84, 1.78e-07, 1e-08, 0
311774401, 0.0, 1.5e-07, 1e-08, 0
312033601, 0.54, 1.2e-07, 1e-08, 0
312292801, 0.19, 1.57e-07, 1e-08, 0
312552001, 0.0, 8.07e-08, 1e-08, 0
313070401, 0.46, 1.43e-07, 1e-08, 0
313329601, 0.37, 1.24e-07, 1e-08, 0
314107201, 0.0, 1.53e-07, 1e-08, 0
315144001, 0.88, 2.74e-07, 1e-08, 0
315403201, 0.0, 1.57e-07, 1e-08, 0
316180801, 0.0, 1.72e-07, 1e-08, 0
316440001, 0.15, 1.87e-07, 1e-08, 0
317217601, 0.0, 1.28e-07, 1e-08, 0
317736001, 0.0, 1.42e-07, 1e-08, 102
317995201, 0.0, 1.08e-07, 1e-08, 0
319291201, 0.0, 1.05e-07, 1e-08, 0
320068801, 0.37, 2.42e-07, 1e-08, 0
320846401, 0.16, 1.96e-07, 1e-08, 0
321105601, 0.02, 1.16e-07, 1e-08, 0
321624001, 0.31, 1.4e-07, 1e-08, 0
322660801, 0.0, 2.05e-07, 1e-08, 0
323179201, 0.43, 1.85e-07, 1e-08, 1
323438401, 0.0, 1.43e-07, 1e-08, 0
323697601, 0.0, 1.13e-07, 1e-08, 0
323956801, 0.0, 1.31e-07, 1e-08, 0
324216001, 0.0, 1.4e-07, 1e-08, 0
324475201, 0.0, 5.68e-08, 1e-08, 102
324734401, 0.11, 8.16e-08, 1e-08, 0
325252801, 0.57, 2.31e-07, 1e-08, 0
325512001, 0.0, 1.57e-07, 1e-08, 0
327067201, 0.51, 1.73e-07, 1e-08, 0
327585601, 0.27, 2.09e-07, 1e-08, 0
328622401, 0.0, 1.84e-07, 1e-08, 0
329659201, 0.43, 2.12e-07, 1e-08, 102
329918401, 0.19, 2e-07, 1e-08, 0
330436801, 0.28, 1.92e-07, 1e-08, 0
332510401, 0.0, 1.88e-07, 1e-08, 102
336139201, 0.0, 9.16e-08, 1e-08, 0
336657601, 0.0, 1.64e-07, 1e-08, 0
336916801, 0.94, 2.25e-07, 1e-08, 0
338731201, 0.0, 1.5e-07, 1e-08, 102
338990401, 0.0, 1.88e-07, 1e-08, 0
339249601, 0.04, 1.74e-07, 1e-08, 0
340027201, 0.3, 1.23e-07, 1e-08, 0
340286401, 0.0, 7.97e-08, 1e-08, 0
340545601, 0.0, 9.66e-08, 1e-08, 0
341064001, 0.89, 2.02e-07, 1e-08, 0
341323201, 0.2, 1.51e-07, 1e-08, 0
341841601, 0.2, 1.74e-07, 1e-08, 0
342100801, 0.02, 1.61e-07, 1e-08, 0
342619201, 0.0, 1.6e-07, 1e-08, 0
343396801, 0.66, 1.71e-07, 1e-08, 0
343915201, 0.3, 2.12e-07, 1e-08, 0
344174401, 0.23, 1.19e-07, 1e-08, 0
345729601, 0.61, 2e-07, 1e-08, 0
345988801, 0.23, 1.99e-07, 1e-08, 0
346248001, 0.0, 2.02e-07, 1e-08, 0
346507201, 0.0, 1.91e-07, 1e-08, 0
348321601, 0.0, 1.6e-07, 1e-08, 0
348580801, 0.0, 1.34e-07, 1e-08, 0
348840001, 0.0, 9.96e-08, 1e-08, 102
349099201, 0.6, 1.37e-07, 1e-08, 0
349358401, 0.0, 8.34e-08, 1e-08, 102
349617601, 0.09, 1.08e-07, 1e-08, 0
350136001, 0.11, 1.67e-07, 1e-08, 0
350654401, 0.0, 1.01e-07, 1e-08, 0
350913601, 0.0, 1.64e-07, 1e-08, 0
351172801, 0.35, 2.15e-07, 1e-08, 0
351432001, 0.03, 1.36e-07, 1e-08, 0
351950401, 0.88, 2.29e-07, 1e-08, 0
352987201, 0.36, 2.22e-07, 1e-08, 0
354024001, 0.75, 1.65e-07, 1e-08, 0
354283201, 0.31, 1.57e-07, 1e-08, 0
355579201, 0.42, 2.51e-07, 1e-08, 102
356097601, 0.14, 2.21e-07, 1e-08, 0
357134401, 0.21, 2.32e-07, 1e-08, 0
357393601, 0.73, 2.16e-07, 1e-08, 0
357652801, 0.02, 2.05e-07, 1e-08, 0
358171201, 0.21, 1.35e-07, 1e-08, 0
358430401, 0.98, 1.75e-07, 1e-08, 0
358689601, 0.0, 8.97e-08, 1e-08, 0
358948801, 0.0, 8.02e-08, 1e-08, 0
359208001, 0.8, 2.03e-07, 1e-08, 0
359726401, 0.19, 2.04e-07, 1e-08, 0
359985601, 0.0, 1.25e-07, 1e-08, 0
361281601, 0.0, 1.46e-07, 1e-08, 0
361540801, 0.55, 1.62e-07, 1e-08, 0
362059201, 0.0, 1.8e-07, 1e-08, 0
362318401, 0.05, 1.61e-07, 1e-08, 0
363614401, 0.06, 1.43e-07, 1e-08, 0
363873601, 0.18, 1.39e-07, 1e-08, 0
364132801, 0.43, 1.82e-07, 1e-08, 0
364392001, 0.0, 1.63e-07, 1e-08, 0
364910401, 0.19, 2.02e-07, 1e-08, 0
365688001, 0.88, 2.45e-07, 1e-08, 0
366724801, 0.0, 1.29e-07, 1e-08, 0
366984001, 0.64, 1.67e-07, 1e-08, 0
367243201, 0.39, 1.63e-07, 1e-08, 0
367502401, 0.7, 1.86e-07, 1e-08, 0
368020801, 0.38, 1.3e-07, 1e-08, 0
369576001, 0.74, 1.89e-07, 1e-08, 0
369835201, 0.78, 1.75e-07, 1e-08, 0
370094401, 0.76, 2.39e-07, 1e-08, 0
370612801, 0.0, 3.17e-07, 1e-08, 0
371131201, 0.25, 1.61e-07, 1e-08, 0
371390401, 0.0, 9.5e-08, 1e-08, 0
371649601, 0.16, 1.76e-07, 1e-08, 0
372168001, 0.3, 1.69e-07, 1e-08, 0
372427201, 0.0, 9.05e-08, 1e-08, 0
372945601, 0.46, 1.23e-07, 1e-08, 0
373204801, 0.0, 9.45e-08, 1e-08, 0
373464001, 0.0, 1.3e-07, 1e-08, 0
374500801, 0.2, 1.59e-07, 1e-08, 0
375019201, 0.06, 1.4e-07, 1e-08, 0
375537601, 0.0, 1.04e-07, 1e-08, 0
375796801, 0.04, 1.21e-07, 1e-08, 0
376056001, 0.11, 1.95e-07, 1e-08, 0
376315201, 0.64, 1.52e-07, 1e-08, 0
376574401, 0.73, 1.95e-07, 1e-08, 0
377092801, 0.02, 1.45e-07, 1e-08, 1
377352001, 0.09, 1.5e-07, 1e-08, 0
377870401, 0.0, 1.49e-07, 1e-08, 0
378129601, 0.34, 1.56e-07, 1e-08, 0
378388801, 0.6, 2.14e-07, 1e-08, 0
378648001, 0.82, 2.38e-07, 1e-08, 102
378907201, 0.0, 1.73e-07, 1e-08, 0
379425601, 0.02, 1.27e-07, 1e-08, 1
380462401, 0.0, 1.77e-07, 1e-08, 0
380980801, 0.0, 8.07e-08, 1e-08, 0
381499201, 0.0, 1.34e-07, 1e-08, 0
381758401, 0.48, 1.3e-07, 1e-08, 0
382017601, 0.72, 1.72e-07, 1e-08, 0
383054401, 0.0, 1.27e-07, 1e-08, 0
383832001, 0.4, 2.22e-07, 1e-08, 0
384350401, 0.56, 9.88e-08, 1e-08, 0
385128001, 0.25, 1.96e-07, 1e-08, 0
385905601, 0.38, 1.46e-07, 1e-08, 0
386942401, 0.0, 1.37e-07, 1e-08, 0
387201601, 0.43, 2.01e-07, 1e-08, 0
387979201, 0.35, 2.33e-07, 1e-08, 0
388238401, 0.81, 2.3e-07, 1e-08, 0
389534401, 0.56, 2.57e-07, 1e-08, 0
389793601, 0.07, 1.88e-07, 1e-08, 0
390052801, 0.68, 1.87e-07, 1e-08, 0
390312001, 0.29, 2.73e-07, 1e-08, 0
390571201, 0.0, 7.99e-07, 1e-08, 0
391867201, 0.29, 1.98e-07, 1e-08, 0
392644801, 0.0, 1.74e-07, 1e-08, 102
393681601, 0.71, 2.68e-07, 1e-08, 0
394200001, 0.04, 2.03e-07, 1e-08, 0
394977601, 0.0, 1.4e-07, 1e-08, 0
396273601, 0.36, 1.96e-07, 1e-08, 0
397310401, 0.04, 1.9e-07, 1e-08, 0
397569601, 0.19, 1.55e-07, 1e-08, 0
398088001, 0.94, 2.02e-07, 1e-08, 0
398865601, 0.0, 1.41e-07, 1e-08, 0
399124801, 0.25, 1.95e-07, 1e-08, 0
401198401, 0.74, 2.12e-07, 1e-08, 0
403012801, 0.2, 1.66e-07, 1e-08, 0
406382401, 0.62, 2.4e-07, 1e-08, 0
406641601, 0.0, 1.58e-07, 1e-08, 0
410529601, 0.28, 2.07e-07, 1e-08, 0
413121601, 0.03, 3.67e-07, 1e-08, 0
414417601, 0.0, 1.13e-07, 1e-08, 0
415195201, 0.0, 1.31e-07, 1e-08, 0
415972801, 0.72, 2.19e-07, 1e-08, 0
417787201, 0.72, 2.2e-07, 1e-08, 0
424526401, 0.65, 2.33e-07, 1e-08, 0
425044801, 0.24, 1.16e-07, 1e-08, 0
425563201, 0.4, 2.4e-07, 1e-08, 0
425822401, 0.02, 1.6e-07, 1e-08, 0
426859201, 0.74, 1.81e-07, 1e-08, 0
427896001, 0.01, 2.07e-07, 1e-08, 0
429192001, 0.05, 1.79e-07, 1e-08, 0
429710401, 0.34, 2.65e-07, 1e-08, 0
429969601, 0.0, 1.35e-07, 1e-08, 0
430228801, 0.01, 8.64e-08, 1e-08, 0
430747201, 0.13, 2e-07, 1e-08, 0
431006401, 0.0, 1.63e-07, 1e-08, 102
431265601, 0.13, 1.98e-07, 1e-08, 0
431524801, 0.0, 1.65e-07, 1e-08, 102
433339201, 0.45, 2.36e-07, 1e-08, 0
433857601, 0.15, 2.05e-07, 1e-08, 0
434116801, 0.79, 2.68e-07, 1e-08, 0
434376001, 0.17, 2.01e-07, 1e-08, 0
434635201, 0.0, 1.54e-07, 1e-08, 0
434894401, 0.0, 1.85e-07, 1e-08, 0
435153601, 0.72, 2.5e-07, 1e-08, 0
435412801, 0.97, 2.03e-07, 1e-08, 0
436190401, 0.01, 1.45e-07, 1e-08, 0
436708801, 0.41, 1.6e-07, 1e-08, 0
436968001, 0.43, 1.09e-07, 1e-08, 0
437227201, 0.05, 9.57e-08, 1e-08, 0
437486401, 0.0, 1.08e-07, 1e-08, 0
437745601, 0.0, 1.44e-07, 1e-08, 0
438004801, 0.17, 1.93e-07, 1e-08, 0
438523201, 0.9, 1.92e-07, 1e-08, 0
439041601, 0.0, 1.51e-07, 1e-08, 102
439300801, 0.0, 1.66e-07, 1e-08, 0
439819201, 0.0, 2.16e-07, 1e-08, 1
440337601, 0.94, 2.37e-07, 1e-08, 0
440596801, 0.0, 1.22e-07, 1e-08, 0
440856001, 0.0, 9.9e-08, 1e-08, 0
441115201, 0.0, 1.35e-07, 1e-08, 0
441374401, 0.0, 1.2e-07, 1e-08, 0
441892801, 0.0, 7.8e-08, 1e-08, 0
442411201, 0.0, 1.04e-07, 1e-08, 0
442670401, 0.98, 2.15e-07, 1e-08, 0
443188801, 0.0, 1.78e-07, 1e-08, 0
443966401, 0.7, 2.01e-07, 1e-08, 0
444225601, 0.0, 1.93e-07, 1e-08, 0
444484801, 0.0, 1.09e-07, 1e-08, 0
445003201, 0.0, 1.45e-07, 1e-08, 102
445780801, 0.0, 1.21e-07, 1e-08, 0
447336001, 0.43, 2.28e-07, 1e-08, 102
449409601, 0.0, 1.59e-07, 1e-08, 0
449668801, 0.38, 2.11e-07, 1e-08, 0
450964801, 0.0, 1.11e-07, 1e-08, 1
451224001, 0.5, 1.93e-07, 1e-08, 0
451483201, 0.0, 1.02e-07, 1e-08, 102
451742401, 0.0, 1.63e-07, 1e-08, 0
452260801, 0.0, 1.5e-07, 1e-08, 0
452520001, 0.0, 1.54e-07, 1e-08, 0
453816001, 0.97, 2.55e-07, 1e-08, 0
454075201, 0.0, 1.74e-07, 1e-08, 102
455630401, 0.0, 1.2e-07, 1e-08, 0
457444801, 0.11, 2.44e-07, 1e-08, 0
457704001, 0.42, 2.3e-07, 1e-08, 0
457963201, 0.26, 2.13e-07, 1e-08, 0
458740801, 0.29, 1.63e-07, 1e-08, 0
459259201, 0.0, 1.41e-07, 1e-08, 0
459777601, 0.73, 1.76e-07, 1e-08, 0
460296001, 0.6, 1.77e-07, 1e-08, 0
460555201, 0.53, 1.4e-07, 1e-08, 0
460814401, 0.0, 9.29e-08, 1e-08, 0
461332801, 0.16, 1.43e-07, 1e-08, 0
462888001, 0.0, 1.18e-07, 1e-08, 0
463147201, 0.52, 2.35e-07, 1e-08, 0
463406401, 0.54, 2.11e-07, 1e-08, 0
463924801, 0.19, 1.42e-07, 1e-08, 1
464961601, 0.29, 1.7e-07, 1e-08, 102
465220801, 0.0, 9.18e-08, 1e-08, 0
465480001, 0.0, 1.39e-07, 1e-08, 102
465739201, 0.07, 1.33e-07, 1e-08, 0
466516801, 0.0, 9.6e-08, 1e-08, 0
466776001, 0.96, 2.1e-07, 1e-08, 0
467035201, 0.0, 1.36e-07, 1e-08, 0
467553601, 0.53, 2.2e-07, 1e-08, 0
468072001, 0.25, 9.1e-08, 1e-08, 0
468849601, 0.42, 1.44e-07, 1e-08, 0
469368001, 0.0, 1.04e-07, 1e-08, 0
469886401, 0.0, 1.54e-07, 1e-08, 0
470145601, 0.0, 1.49e-07, 1e-08, 0
470404801, 0.0, 1.02e-07, 1e-08, 0
470664001, 0.02, 1.25e-07, 1e-08, 0
470923201, 0.09, 2.07e-07, 1e-08, 102
471441601, 0.0, 1.06e-07, 1e-08, 0
472219201, 0.68, 1.78e-07, 1e-08, 0
472737601, 0.65, 1.42e-07, 1e-08, 0
472996801, 0.45, 1.75e-07, 1e-08, 0
473256001, 0.08, 1.34e-07, 1e-08, 0
473515201, 0.05, 1.43e-07, 1e-08, 0
474033601, 0.86, 1.12e-07, 1e-08, 0
474292801, 0.03, 7.62e-08, 1e-08, 0
474552001, 0.29, 1.94e-07, 1e-08, 0
474811201, 0.0, 1.74e-07, 1e-08, 102
475329601, 0.09, 1.97e-07, 1e-08, 0
475588801, 0.34, 2.27e-07, 1e-08, 0
476107201, 0.3, 1.83e-07, 1e-08, 0
476366401, 0.21, 1.54e-07, 1e-08, 0
476625601, 0.0, 1.48e-07, 1e-08, 0
476884801, 0.0, 1.17e-07, 1e-08, 0
477144001, 0.0, 1.46e-07, 1e-08, 0
477403201, 0.0, 1.21e-07, 1e-08, 0
477662401, 0.0, 1.33e-07, 1e-08, 0
478699201, 0.68, 1.68e-07, 1e-08, 0
478958401, 0.59, 2.01e-07, 1e-08, 0
479217601, 0.0, 1.6e-07, 1e-08, 0
479736001, 0.79, 2.13e-07, 1e-08, 0
479995201, 0.0, 1.3e-07, 1e-08, 0
480254401, 0.0, 1.07e-07, 1e-08, 0
480772801, 0.0, 1.93e-07, 1e-08, 0
481032001, 0.0, 1.2e-07, 1e-08, 0
481291201, 0.0, 1.57e-07, 1e-08, 0
481809601, 0.07, 2.1e-07, 1e-08, 0
482068801, 0.0, 1.19e-07, 1e-08, 0
482587201, 0.0, 9.12e-08, 1e-08, 0
483105601, 0.57, 1.66e-07, 1e-08, 0
483364801, 0.56, 2.11e-07, 1e-08, 0
483624001, 0.0, 1.74e-07, 1e-08, 0
484142401, 0.9, 1.78e-07, 1e-08, 0
484401601, 0.73, 2.67e-07, 1e-08, 0
484660801, 0.24, 1.76e-07, 1e-08, 0
485179201, 0.02, 1.89e-07, 1e-08, 1
485697601, 0.0, 1.58e-07, 1e-08, 0
485956801, 0.69, 2e-07, 1e-08, 0
486216001, 0.0, 1.83e-07, 1e-08, 102
486734401, 0.28, 1.45e-07, 1e-08, 0
487252801, 0.0, 9.85e-08, 1e-08, 0
487512001, 0.86, 1.5e-07, 1e-08, 0
487771201, 0.0, 9.61e-08, 1e-08, 0
488030401, 0.02, 1.55e-07, 1e-08, 0
488289601, 0.25, 1.7e-07, 1e-08, 0
488548801, 0.18, 2.5e-07, 1e-08, 0
488808001, 0.59, 1.9e-07, 1e-08, 0
489067201, 0.0, 1.52e-07, 1e-08, 0
489326401, 0.0, 1.6e-07, 1e-08, 0
489585601, 0.75, 2.27e-07, 1e-08, 0
490363201, 0.34, 2.35e-07, 1e-08, 0
491140801, 0.0, 1.25e-07, 1e-08, 0
491400001, 0.08, 1.42e-07, 1e-08, 0
491918401, 0.53, 1.11e-07, 1e-08, 0
492177601, 0.0, 5.45e-08, 1e-08, 0
492436801, 0.0, 8.74e-08, 1e-08, 0
493473601, 0.57, 1.86e-07, 1e-08, 0
493992001, 0.0, 1.07e-07, 1e-08, 0
494251201, 0.0, 1.04e-07, 1e-08, 0
494510401, 0.0, 1.16e-07, 1e-08, 0
494769601, 0.37, 1.15e-07, 1e-08, 0
495028801, 0.63, 1.88e-07, 1e-08, 102
495288001, 0.0, 1.4e-07, 1e-08, 0
495547201, 0.86, 1.62e-07, 1e-08, 0
495806401, 0.44, 1.69e-07, 1e-08, 0
496324801, 0.0, 7.36e-08, 1e-08, 0
496843201, 0.0, 6.68e-08, 1e-08, 0
497102401, 0.0, 1.14e-07, 1e-08, 0
497620801, 0.43, 1.57e-07, 1e-08, 0
498139201, 0.0, 7.84e-08, 1e-08, 0
498398401, 0.0, 6.11e-08, 1e-08, 0
498657601, 0.0, 7.02e-08, 1e-08, 0
498916801, 0.03, 9.05e-08, 1e-08, 1
499176001, 0.03, 1.64e-07, 1e-08, 0
499435201, 0.57, 2.56e-07, 1e-08, 0
499694401, 0.0, 1.52e-07, 1e-08, 0
499953601, 0.28, 1.74e-07, 1e-08, 0
500212801, 0.0, 8.76e-08, 1e-08, 0
500472001, 0.0, 7.47e-08, 1e-08, 0
500731201, 0.13, 1.69e-07, 1e-08, 0
500990401, 0.0, 9.75e-08, 1e-08, 0
501249601, 0.0, 1.17e-07, 1e-08, 0
501508801, 0.0, 1.08e-07, 1e-08, 0
502027201, 0.0, 1.31e-07, 1e-08, 0
502804801, 0.0, 1.47e-07, 1e-08, 0
503064001, 0.0, 1.72e-07, 1e-08, 0
503323201, 0.69, 1.81e-07, 1e-08, 0
503582401, 0.7, 2.52e-07, 1e-08, 0
503841601, 0.04, 1.68e-07, 1e-08, 0
504100801, 0.15, 1.75e-07, 1e-08, 0
504619201, 0.0, 1.93e-07, 1e-08, 102
504878401, 0.27, 1.76e-07, 1e-08, 0
505137601, 0.01, 1.35e-07, 1e-08, 0
505396801, 0.0, 1.04e-07, 1e-08, 0
505656001, 0.45, 1.65e-07, 1e-08, 0
506174401, 0.13, 1.85e-07, 1e-08, 102
506433601, 0.67, 2.1e-07, 1e-08, 0
506692801, 0.05, 2.18e-07, 1e-08, 102
506952001, 0.1, 2.1e-07, 1e-08, 0
507211201, 0.04, 2.06e-07, 1e-08, 1
507470401, 0.29, 1.89e-07, 1e-08, 0
507729601, 0.35, 2.08e-07, 1e-08, 0
507988801, 0.06, 1.7e-07, 1e-08, 0
508248001, 0.0, 1.14e-07, 1e-08, 0
508507201, 0.77, 2.03e-07, 1e-08, 0
508766401, 0.18, 1.98e-07, 1e-08, 0
509025601, 0.01, 1.35e-07, 1e-08, 0
509284801, 0.73, 1.88e-07, 1e-08, 102
509803201, 0.72, 1.45e-07, 1e-08, 102
510062401, 0.35, 1.62e-07, 1e-08, 0
510580801, 0.49, 1.44e-07, 1e-08, 0
510840001, 0.59, 1.24e-07, 1e-08, 0
511099201, 0.0, 9.3e-08, 1e-08, 0
511358401, 0.0, 1.12e-07, 1e-08, 0
512136001, 0.01, 1.75e-07, 1e-08, 0
512654401, 0.64, 2.19e-07, 1e-08, 0
512913601, 0.01, 2.18e-07, 1e-08, 0
513172801, 0.15, 2.34e-07, 1e-08, 0
513950401, 0.14, 1.53e-07, 1e-08, 0
514468801, 0.46, 1.09e-07, 1e-08, 0
514728001, 0.0, 1.11e-07, 1e-08, 0
516024001, 0.0, 1.06e-07, 1e-08, 0
516542401, 0.01, 1.46e-07, 1e-08, 0
516801601, 0.69, 2.23e-07, 1e-08, 0
517060801, 0.89, 1.73e-07, 1e-08, 0
517579201, 0.27, 2.81e-07, 1e-08, 0
517838401, 0.77, 2.65e-07, 1e-08, 0
518097601, 0.0, 1.45e-07, 1e-08, 102
518356801, 0.0, 1.44e-07, 1e-08, 0
518875201, 0.54, 1.48e-07, 1e-08, 0
519393601, 0.0, 1.3e-07, 1e-08, 1
519652801, 0.0, 1.5e-07, 1e-08, 102
519912001, 0.0, 1.13e-07, 1e-08, 0
520430401, 0.71, 2.46e-07, 1e-08, 0
520948801, 0.08, 2.37e-07, 1e-08, 1
521467201, 0.22, 2.35e-07, 1e-08, 0
521726401, 0.0, 1.74e-07, 1e-08, 102
522244801, 0.0, 1.66e-07, 1e-08, 0
522504001, 0.05, 2.07e-07, 1e-08, 0
523022401, 0.79, 1.85e-07, 1e-08, 0
523800001, 0.0, 9.91e-08, 1e-08, 102
524577601, 0.42, 1.63e-07, 1e-08, 0
525096001, 0.0, 1.37e-07, 1e-08, 0
526132801, 0.07, 1.67e-07, 1e-08, 0
526392001, 0.0, 1.53e-07, 1e-08, 0
526651201, 0.0, 1.22e-07, 1e-08, 0
527169601, 0.08, 1.72e-07, 1e-08, 0
528465601, 0.5, 1.27e-07, 1e-08, 0
528984001, 0.26, 1.38e-07, 1e-08, 1
530280001, 0.0, 1.49e-07, 1e-08, 0
530539201, 0.81, 1.72e-07, 1e-08, 0
531576001, 0.0, 1.62e-07, 1e-08, 0
531835201, 0.82, 2.21e-07, 1e-08, 0
532094401, 0.44, 1.57e-07, 1e-08, 0
532353601, 0.73, 1.6e-07, 1e-08, 0
532612801, 0.05, 1.13e-07, 1e-08, 0
532872001, 0.0, 1.15e-07, 1e-08, 0
533131201, 0.52, 1.73e-07, 1e-08, 0
533649601, 0.63, 1.91e-07, 1e-08, 0
533908801, 0.66, 1.91e-07, 1e-08, 0
534168001, 0.22, 1.97e-07, 1e-08, 0
534427201, 0.02, 1.97e-07, 1e-08, 1
534686401, 0.0, 2.1e-07, 1e-08, 0
534945601, 0.4, 2.33e-07, 1e-08, 102
535464001, 0.0, 1.1e-07, 1e-08, 0
535723201, 0.36, 1.73e-07, 1e-08, 0
536241601, 0.0, 1.19e-07, 1e-08, 0
536500801, 0.19, 1.5e-07, 1e-08, 0
536760001, 0.03, 1.54e-07, 1e-08, 0
537019201, 0.0, 1.04e-07, 1e-08, 102
537537601, 0.12, 1.47e-07, 1e-08, 0
537796801, 0.41, 1.86e-07, 1e-08, 1
538056001, 0.84, 2.02e-07, 1e-08, 0
538315201, 0.0, 1.11e-07, 1e-08, 0
538574401, 0.0, 1.7e-07, 1e-08, 0
538833601, 0.0, 1.41e-07, 1e-08, 0
539092801, 0.0, 1.69e-07, 1e-08, 0
539352001, 0.7, 1.52e-07, 1e-08, 0
539870401, 0.0, 9.98e-08, 1e-08, 0
540907201, 0.0, 1.71e-07, 1e-08, 1
541425601, 0.11, 1.23e-07, 1e-08, 0
541684801, 0.08, 1.36e-07, 1e-08, 0
541944001, 0.01, 1.16e-07, 1e-08, 1
542203201, 0.0, 1.26e-07, 1e-08, 0
542462401, 0.04, 1.42e-07, 1e-08, 102
542721601, 0.4, 9.53e-08, 1e-08, 0
544536001, 0.0, 1.65e-06, 1e-08, 0
544795201, 0.0, 7.4e-07, 1e-08, 0
545054401, 0.15, 3.8e-07, 1e-08, 0
545313601, 0.0, 2.07e-07, 1e-08, 0
546091201, 0.02, 7.46e-08, 1e-08, 0
546350401, 0.65, 1.23e-07, 1e-08, 0
546868801, 0.28, 2.13e-07, 1e-08, 0
547128001, 0.0, 9.55e-07, 1e-08, 0
547646401, 0.2, 2.52e-07, 1e-08, 1
548424001, 0.62, 5.79e-07, 1e-08, 0
548942401, 0.04, 2.37e-07, 1e-08, 0
549201601, 0.0, 1.58e-07, 1e-08, 0
549720001, 0.0, 1.51e-07, 1e-08, 102
549979201, 0.0, 1.36e-07, 1e-08, 0
550238401, 0.13, 1.33e-07, 1e-08, 0
550756801, 0.0, 9.16e-08, 1e-08, 0
551016001, 0.0, 6.5e-08, 1e-08, 102
551275201, 0.0, 1.31e-05, 1e-08, 102
551534401, 0.0, 2.23e-06, 1e-08, 0
551793601, 0.0, 5.85e-08, 1e-08, 0
552052801, 0.0, 8.01e-08, 1e-08, 0
552312001, 0.0, 1.42e-07, 1e-08, 0
552571201, 0.14, 1.99e-07, 1e-08, 0
552830401, 0.75, 2.99e-07, 1e-08, 0
553089601, 0.0, 2.32e-07, 1e-08, 0
553348801, 0.35, 3.54e-07, 1e-08, 0
554385601, 0.15, 2.13e-07, 1e-08, 0
554904001, 0.0, 1.64e-07, 1e-08, 102
555163201, 0.0, 3.58e-07, 1e-08, 0
555422401, 0.0, 1.22e-06, 1e-08, 0
555681601, 0.0, 4.74e-06, 1e-08, 0
556459201, 0.0, 8.62e-08, 1e-08, 0
556718401, 0.05, 1.14e-07, 1e-08, 0
556977601, 0.0, 1.08e-07, 1e-08, 0
557496001, 0.53, 1.74e-07, 1e-08, 0
557755201, 0.0, 1.42e-07, 1e-08, 0
558273601, 0.0, 8.15e-07, 1e-08, 0
558532801, 0.22, 1.82e-07, 1e-08, 0
558792001, 0.0, 8.52e-08, 1e-08, 0
559051201, 0.15, 1.4e-07, 1e-08, 0
559569601, 0.0, 2.71e-07, 1e-08, 102
559828801, 0.94, 9.47e-07, 1e-08, 0
560088001, 0.0, 2.36e-06, 1e-08, 0
560347201, 0.0, 9.33e-06, 1e-08, 102
560606401, 0.0, 9.67e-08, 1e-08, 102
560865601, 0.16, 9.91e-08, 1e-08, 0
561124801, 0.08, 1.01e-07, 1e-08, 102
561384001, 0.0, 9.2e-08, 1e-08, 0
562161601, 0.06, 1.78e-07, 1e-08, 0
562420801, 0.62, 1.33e-07, 1e-08, 0
562680001, 0.0, 8.88e-08, 1e-08, 0
562939201, 0.68, 1.69e-07, 1e-08, 0
563457601, 0.01, 1.75e-07, 1e-08, 0
563716801, 0.0, 1.06e-07, 1e-08, 0
563976001, 0.0, 1.15e-07, 1e-08, 0
564494401, 0.58, 1.42e-06, 1e-08, 0
564753601, 0.0, 3.01e-06, 1e-08, 0
565012801, 0.89, 1.95e-07, 1e-08, 0
565272001, 0.05, 1.26e-07, 1e-08, 0
566049601, 0.0, 1.23e-07, 1e-08, 0
566827201, 0.0, 2.52e-07, 1e-08, 102
567086401, 0.01, 5.16e-07, 1e-08, 0
567345601, 0.0, 1.39e-06, 1e-08, 1
567604801, 0.0, 6.79e-07, 1e-08, 0
568382401, 0.58, 2.2e-07, 1e-08, 0
568641601, 0.0, 1.14e-07, 1e-08, 0
568900801, 0.0, 1.02e-07, 1e-08, 0
569160001, 0.38, 1.3e-07, 1e-08, 0
569419201, 0.0, 8.12e-08, 1e-08, 0
569678401, 0.0, 1.14e-07, 1e-08, 0
570456001, 0.0, 2.28e-07, 1e-08, 0
570715201, 0.0, 1.85e-07, 1e-08, 102
570974401, 0.01, 2.22e-07, 1e-08, 0
571752001, 0.0, 2.15e-07, 1e-08, 0
572011201, 0.0, 2.45e-07, 1e-08, 0
572270401, 0.2, 1.61e-07, 1e-08, 102
572788801, 0.0, 1.42e-07, 1e-08, 0
573307201, 0.61, 2.27e-07, 1e-08, 0
573566401, 0.42, 2.12e-07, 1e-08, 0
573825601, 0.38, 1.45e-07, 1e-08, 0
574084801, 0.63, 1.52e-07, 1e-08, 0
574344001, 0.31, 1.13e-07, 1e-08, 0
574603201, 0.0, 8.07e-08, 1e-08, 0
575380801, 0.0, 1.78e-07, 1e-08, 0
575899201, 0.0, 1.22e-07, 1e-08, 0
576417601, 0.0, 1.97e-07, 1e-08, 0
576676801, 0.04, 1.94e-07, 1e-08, 0
577195201, 0.51, 1.49e-07, 1e-08, 0
577972801, 0.0, 7.98e-08, 1e-08, 0
578232001, 0.24, 1.63e-07, 1e-08, 0
578750401, 0.59, 1.45e-07, 1e-08, 1
579009601, 0.0, 1.37e-07, 1e-08, 0
579268801, 0.2, 1.93e-07, 1e-08, 102
579528001, 0.0, 1.31e-07, 1e-08, 0
579787201, 0.0, 1.38e-07, 1e-08, 0
580046401, 0.14, 2.05e-07, 1e-08, 0
580305601, 0.0, 1.5e-07, 1e-08, 0
580564801, 0.0, 1.56e-07, 1e-08, 0
581083201, 0.0, 1.61e-07, 1e-08, 0
581342401, 0.01, 1.9e-07, 1e-08, 102
581601601, 0.0, 1.92e-07, 1e-08, 102
581860801, 0.01, 1.83e-07, 1e-08, 1
582120001, 0.39, 1.33e-07, 1e-08, 0
582379201, 0.0, 1.05e-07, 1e-08, 102
582897601, 0.0, 9.17e-08, 1e-08, 0
583156801, 0.11, 1.56e-07, 1e-08, 0
584452801, 0.48, 1.67e-07, 1e-08, 102
584971201, 0.0, 1.74e-07, 1e-08, 1
585230401, 0.0, 2.02e-07, 1e-08, 0
585489601, 0.08, 3.88e-07, 1e-08, 0
585748801, 0.0, 2.43e-07, 1e-08, 0
586008001, 0.19, 2.16e-07, 1e-08, 0
586267201, 0.0, 1.77e-07, 1e-08, 0
586526401, 0.57, 1.62e-07, 1e-08, 0
587563201, 0.0, 1.07e-07, 1e-08, 0
587822401, 0.67, 1.59e-07, 1e-08, 102
588081601, 0.0, 1.45e-07, 1e-08, 102
588340801, 0.63, 1.65e-07, 1e-08, 0
588600001, 0.41, 1.29e-07, 1e-08, 0
589118401, 0.0, 7.63e-08, 1e-08, 0
589377601, 0.0, 1.22e-07, 1e-08, 0
589636801, 0.1, 1.34e-07, 1e-08, 0
590155201, 0.0, 1.54e-07, 1e-08, 0
590414401, 0.0, 1.33e-07, 1e-08, 0
590673601, 0.1, 1.71e-07, 1e-08, 0
590932801, 0.0, 2.01e-07, 1e-08, 0
591192001, 0.0, 1.31e-07, 1e-08, 102
591451201, 0.0, 8.89e-08, 1e-08, 0
591710401, 0.55, 1.61e-07, 1e-08, 0
591969601, 0.0, 9.37e-08, 1e-08, 0
592228801, 0.18, 1.21e-07, 1e-08, 0
592488001, 0.56, 1.73e-07, 1e-08, 0
592747201, 0.25, 1.19e-07, 1e-08, 0
593265601, 0.53, 1.44e-07, 1e-08, 0
593524801, 0.29, 1.74e-07, 1e-08, 0
594043201, 0.48, 1.85e-07, 1e-08, 0
594302401, 0.0, 1.1e-07, 1e-08, 0
594561601, 0.0, 1.74e-07, 1e-08, 102
594820801, 0.63, 2.47e-07, 1e-08, 0
595080001, 0.96, 2.47e-07, 1e-08, 102
595857601, 0.0, 1.31e-07, 1e-08, 0
596116801, 0.0, 1.03e-07, 1e-08, 0
596635201, 0.69, 1.37e-07, 1e-08, 0
596894401, 0.13, 1.56e-07, 1e-08, 0
597931201, 0.6, 1.45e-07, 1e-08, 0
598190401, 0.03, 1.85e-07, 1e-08, 0
598449601, 0.0, 3.33e-07, 1e-08, 0
598708801, 0.61, 6.1e-07, 1e-08, 0
598968001, 0.86, 1e-06, 1e-08, 0
599227201, 0.99, 1.94e-06, 1e-08, 0
599486401, 0.89, 1.43e-06, 1e-08, 0
600264001, 0.16, 1.88e-07, 1e-08, 0
600523201, 0.0, 1.31e-07, 1e-08, 0
601041601, 0.31, 1.6e-07, 1e-08, 0
601300801, 0.1, 1.23e-07, 1e-08, 0
601819201, 0.0, 1.06e-07, 1e-08, 102
602078401, 0.09, 1.43e-07, 1e-08, 1
602337601, 0.0, 1.37e-07, 1e-08, 0
602596801, 0.12, 1.8e-07, 1e-08, 0
602856001, 0.0, 1.61e-07, 1e-08, 0
603115201, 0.57, 2.2e-07, 1e-08, 0
603374401, 0.84, 3e-07, 1e-08, 0
604152001, 0.0, 1.57e-07, 1e-08, 0
604411201, 0.0, 1.2e-07, 1e-08, 0
604670401, 0.91, 2.11e-07, 1e-08, 0
605188801, 0.77, 2.3e-07, 1e-08, 0
605448001, 0.0, 1.13e-07, 1e-08, 102
605707201, 0.2, 1.15e-07, 1e-08, 0
605966401, 0.26, 1.54e-07, 1e-08, 0
606484801, 0.63, 1.44e-07, 1e-08, 0
607003201, 0.33, 2.85e-07, 1e-08, 0
607262401, 0.0, 1.69e-07, 1e-08, 0
607780801, 0.0, 1.26e-07, 1e-08, 0
608817601, 0.0, 8.66e-08, 1e-08, 0
609076801, 0.01, 1.24e-07, 1e-08, 1
609336001, 0.71, 1.43e-07, 1e-08, 0
610632001, 0.0, 8.62e-08, 1e-08, 102
610891201, 0.88, 1.39e-07, 1e-08, 0
611150401, 0.0, 1.1e-07, 1e-08, 0
611409601, 0.0, 1.43e-07, 1e-08, 0
611668801, 0.0, 1.07e-07, 1e-08, 0
612187201, 0.13, 2.08e-07, 1e-08, 0
612446401, 0.76, 1.83e-07, 1e-08, 0
612964801, 0.48, 2.15e-07, 1e-08, 0
613483201, 0.04, 3.13e-07, 1e-08, 0
614520001, 0.1, 1.5e-07, 1e-08, 0
615038401, 0.0, 1.24e-07, 1e-08, 0
615816001, 0.0, 9.83e-08, 1e-08, 0
616075201, 0.0, 1.56e-07, 1e-08, 0
616334401, 0.11, 2e-07, 1e-08, 0
616852801, 0.0, 1.55e-07, 1e-08, 0
617112001, 0.84, 2.59e-07, 1e-08, 0
617371201, 0.0, 1.8e-07, 1e-08, 0
617889601, 0.0, 1.55e-07, 1e-08, 0
618148801, 0.0, 2.3e-07, 1e-08, 102
618667201, 0.0, 1.17e-07, 1e-08, 0
619444801, 0.32, 1.58e-07, 1e-08, 0
619704001, 0.0, 8.96e-08, 1e-08, 0
619963201, 0.0, 1.33e-07, 1e-08, 102
620222401, 0.0, 1.1e-07, 1e-08, 0
620740801, 0.0, 1.16e-07, 1e-08, 0
621000001, 0.2, 1.47e-07, 1e-08, 1
621259201, 0.0, 1.12e-07, 1e-08, 0
621518401, 0.05, 9.72e-08, 1e-08, 0
621777601, 0.0, 1.73e-07, 1e-08, 0
622036801, 0.05, 2.09e-07, 1e-08, 0
622555201, 0.0, 1.17e-07, 1e-08, 1
622814401, 0.54, 2.16e-07, 1e-08, 0
623332801, 0.03, 1.12e-07, 1e-08, 0
623592001, 0.56, 1.24e-07, 1e-08, 0
623851201, 0.0, 1.48e-07, 1e-08, 102
624110401, 0.05, 9.75e-08, 1e-08, 0
625147201, 0.0, 9.11e-08, 1e-08, 0
625406401, 0.01, 1.07e-07, 1e-08, 0
626443201, 0.0, 1.46e-07, 1e-08, 0
626702401, 0.0, 1.4e-07, 1e-08, 0
626961601, 0.0, 1.94e-07, 1e-08, 0
627220801, 0.0, 1.55e-07, 1e-08, 0
627480001, 0.41, 1.79e-07, 1e-08, 0
627739201, 0.41, 1.42e-07, 1e-08, 0
627998401, 0.0, 9.68e-08, 1e-08, 0
628516801, 0.16, 1.45e-07, 1e-08, 0
628776001, 0.0, 1.08e-07, 1e-08, 0
629035201, 0.0, 1.13e-07, 1e-08, 102
629294401, 0.0, 8.56e-08, 1e-08, 0
630331201, 0.0, 1.64e-07, 1e-08, 0
630590401, 0.0, 2.57e-07, 1e-08, 0
630849601, 0.43, 9.14e-07, 1e-08, 0
631368001, 0.0, 7.15e-07, 1e-08, 0
631627201, 0.0, 3.74e-07, 1e-08, 102
631886401, 0.1, 4.24e-07, 1e-08, 0
632664001, 0.0, 1.03e-07, 1e-08, 0
633182401, 0.47, 1.34e-07, 1e-08, 0
633441601, 0.09, 9.59e-08, 1e-08, 0
633700801, 0.25, 1.06e-07, 1e-08, 0
633960001, 0.0, 9.28e-08, 1e-08, 0
634219201, 0.0, 1.46e-07, 1e-08, 0
635256001, 0.08, 2.05e-07, 1e-08, 0
635515201, 0.23, 2.61e-07, 1e-08, 0
636033601, 0.02, 1.81e-07, 1e-08, 0
636292801, 0.0, 1.84e-07, 1e-08, 102
637070401, 0.0, 2.05e-07, 1e-08, 102
637329601, 0.23, 1.59e-07, 1e-08, 0
637848001, 0.11, 1.37e-07, 1e-08, 0
638107201, 0.0, 1.01e-07, 1e-08, 0
638366401, 0.0, 9.89e-08, 1e-08, 0
639144001, 0.0, 1.28e-07, 1e-08, 0
639403201, 0.0, 1.83e-07, 1e-08, 0
639921601, 0.49, 2.23e-07, 1e-08, 0
640180801, 0.0, 1.35e-07, 1e-08, 0
640699201, 0.17, 1.97e-07, 1e-08, 0
640958401, 0.51, 1.34e-07, 1e-08, 0
641217601, 0.0, 1.14e-07, 1e-08, 0
641476801, 0.23, 1.11e-07, 1e-08, 0
641736001, 0.67, 1.52e-07, 1e-08, 0
642254401, 0.92, 1.56e-07, 1e-08, 0
642513601, 0.83, 1.57e-07, 1e-08, 0
643291201, 0.93, 1.53e-07, 1e-08, 0
644068801, 0.12, 2.45e-07, 1e-08, 0
644328001, 0.73, 2.9e-07, 1e-08, 0
644587201, 0.0, 1.43e-07, 1e-08, 0
644846401, 0.03, 2.26e-07, 1e-08, 0
645364801, 0.11, 3.65e-07, 1e-08, 0
645883201, 0.73, 2.28e-07, 1e-08, 0
646401601, 0.39, 2.01e-07, 1e-08, 0
646660801, 0.37, 1.57e-07, 1e-08, 0
646920001, 0.78, 1.51e-07, 1e-08, 0
647438401, 0.24, 1.69e-07, 1e-08, 0
647697601, 0.61, 1.77e-07, 1e-08, 0
647956801, 0.65, 1.82e-07, 1e-08, 0
648216001, 0.16, 9.7e-08, 1e-08, 0
648475201, 0.47, 1.14e-07, 1e-08, 0
648734401, 0.0, 1.85e-07, 1e-08, 0
648993601, 0.0, 2.32e-07, 1e-08, 102
649252801, 0.7, 3.11e-07, 1e-08, 0
649512001, 0.07, 1.87e-07, 1e-08, 0
649771201, 0.48, 2.62e-07, 1e-08, 0
650289601, 0.0, 1.31e-07, 1e-08, 0
650808001, 0.0, 1.06e-07, 1e-08, 102
651067201, 0.0, 7.44e-08, 1e-08, 0
651326401, 0.48, 8.85e-08, 1e-08, 0
651844801, 0.33, 1.39e-07, 1e-08, 0
652104001, 0.0, 1.18e-07, 1e-08, 0
652622401, 0.09, 1.32e-07, 1e-08, 1
652881601, 0.0, 7.94e-08, 1e-08, 0
653140801, 0.01, 6.96e-08, 1e-08, 0
653400001, 0.45, 1.68e-07, 1e-08, 0
653659201, 0.0, 1.76e-07, 1e-08, 0
654177601, 0.0, 1.06e-07, 1e-08, 0
654436801, 0.0, 1.14e-07, 1e-08, 102
654696001, 0.0, 1.27e-07, 1e-08, 0
654955201, 0.0, 1.37e-07, 1e-08, 102
655732801, 0.33, 9.56e-08, 1e-08, 0
656510401, 0.01, 1.29e-07, 1e-08, 1
657547201, 0.0, 1.58e-07, 1e-08, 0
657806401, 0.0, 1.16e-07, 1e-08, 0
658065601, 0.49, 2.34e-07, 1e-08, 0
658324801, 0.0, 1.56e-07, 1e-08, 0
658584001, 0.05, 2.62e-07, 1e-08, 0
659361601, 0.0, 1.15e-07, 1e-08, 0
659620801, 0.0, 1.37e-07, 1e-08, 0
659880001, 0.0, 1.17e-07, 1e-08, 0
660139201, 0.68, 1.08e-07, 1e-08, 0
660657601, 0.0, 1.16e-07, 1e-08, 0
660916801, 0.0, 1.33e-07, 1e-08, 0
661435201, 0.0, 1.16e-07, 1e-08, 0
661694401, 0.1, 1.72e-07, 1e-08, 0
662212801, 0.57, 2.61e-07, 1e-08, 0
662472001, 0.0, 3.15e-07, 1e-08, 0
662731201, 0.0, 3.98e-07, 1e-08, 0
662990401, 0.0, 7.23e-07, 1e-08, 0
663249601, 0.0, 9.17e-07, 1e-08, 0
663508801, 0.0, 6.43e-07, 1e-08, 102
663768001, 0.0, 2.7e-07, 1e-08, 0
664027201, 0.0, 1.9e-07, 1e-08, 0
664286401, 0.0, 1.29e-07, 1e-08, 0
664545601, 0.3, 1.96e-07, 1e-08, 0
664804801, 0.51, 1.41e-07, 1e-08, 0
665064001, 0.14, 1.05e-07, 1e-08, 0
665323201, 0.0, 8.35e-08, 1e-08, 0
665841601, 0.02, 1.41e-07, 1e-08, 0
666100801, 0.37, 2.09e-07, 1e-08, 0
666360001, 0.65, 1.42e-07, 1e-08, 0
666619201, 0.73, 1.59e-07, 1e-08, 0
666878401, 0.0, 1.33e-07, 1e-08, 0
667396801, 0.37, 2.05e-07, 1e-08, 0
667656001, 0.0, 1.46e-07, 1e-08, 0
667915201, 0.96, 1.87e-07, 1e-08, 0
668174401, 0.03, 1.82e-07, 1e-08, 0
668433601, 0.0, 1.98e-07, 1e-08, 102
668692801, 0.94, 1.75e-07, 1e-08, 0
668952001, 0.51, 2.55e-07, 1e-08, 0
669211201, 0.17, 1.99e-07, 1e-08, 0
669470401, 0.0, 8.84e-08, 1e-08, 0
669729601, 0.48, 1.73e-07, 1e-08, 102
669988801, 0.5, 1.62e-07, 1e-08, 0
670248001, 0.27, 1.62e-07, 1e-08, 0
670507201, 0.0, 1.32e-07, 1e-08, 0
671284801, 0.65, 2.01e-07, 1e-08, 0
671803201, 0.03, 1.39e-07, 1e-08, 0
672062401, 0.47, 1.95e-07, 1e-08, 1
672580801, 0.09, 1.46e-07, 1e-08, 0
672840001, 0.0, 1.17e-07, 1e-08, 0
673099201, 0.0, 1.34e-07, 1e-08, 0
673358401, 0.0, 1.12e-07, 1e-08, 0
673617601, 0.0, 1.01e-07, 1e-08, 1
673876801, 0.0, 1.2e-07, 1e-08, 1
674136001, 0.0, 1.18e-07, 1e-08, 0
674395201, 0.12, 9.99e-08, 1e-08, 0
674654401, 0.0, 8.57e-08, 1e-08, 0
674913601, 0.0, 8.62e-08, 1e-08, 0
675172801, 0.39, 1.77e-07, 1e-08, 0
675432001, 0.0, 1.18e-07, 1e-08, 0
675950401, 0.0, 1.27e-07, 1e-08, 0
676209601, 0.0, 1.98e-07, 1e-08, 0
676728001, 0.0, 3.46e-07, 1e-08, 102
676987201, 0.0, 3.13e-07, 1e-08, 102
677246401, 0.89, 4.4e-07, 1e-08, 0
677505601, 0.0, 2.26e-07, 1e-08, 0
678024001, 0.0, 1.34e-07, 1e-08, 0
678542401, 0.0, 8.95e-08, 1e-08, 0
679320001, 0.0, 7.8e-08, 1e-08, 0
679579201, 0.0, 1.02e-07, 1e-08, 0
679838401, 0.0, 1.19e-07, 1e-08, 0
680097601, 0.0, 1.5e-07, 1e-08, 0
680616001, 0.0, 1.82e-07, 1e-08, 1
680875201, 0.96, 3.12e-07, 1e-08, 0
681134401, 0.61, 3.05e-07, 1e-08, 0
681652801, 0.0, 2.02e-07, 1e-08, 102
681912001, 0.0, 1.53e-07, 1e-08, 0
682171201, 0.0, 1.3e-07, 1e-08, 101
682430401, 0.11, 1.35e-07, 1e-08, 0
682689601, 0.03, 1.6e-07, 1e-08, 1
683208001, 0.01, 1.16e-07, 1e-08, 0
683467201, 0.04, 1.18e-07, 1e-08, 1
683726401, 0.56, 1.45e-07, 1e-08, 0
683985601, 0.0, 1.25e-07, 1e-08, 1
684244801, 0.0, 9.99e-08, 1e-08, 102
684504001, 0.0, 1.04e-07, 1e-08, 101
684763201, 0.0, 9.06e-08, 1e-08, 101
685022401, 0.0, 7.59e-08, 1e-08, 102
685281601, 0.53, 1.85e-07, 1e-08, 0
685540801, 0.0, 8.36e-08, 1e-08, 101
685800001, 0.2, 1.52e-07, 1e-08, 0
686318401, 0.0, 1.36e-07, 1e-08, 102
686577601, 0.59, 1.05e-07, 1e-08, 0
687873601, 0.0, 1.08e-07, 1e-08, 101
688132801, 0.0, 1.04e-07, 1e-08, 101
688392001, 0.0, 9.51e-08, 1e-08, 101
688651201, 0.0, 1.04e-07, 1e-08, 101
688910401, 0.0, 8.81e-08, 1e-08, 101
689169601, 0.02, 1.31e-07, 1e-08, 1
689947201, 0.24, 1.75e-07, 1e-08, 0
690724801, 0.64, 4.69e-07, 1e-08, 0
690984001, 0.04, 3.26e-07, 1e-08, 0
691243201, 0.46, 2.34e-07, 1e-08, 0
691502401, 0.0, 1.85e-07, 1e-08, 102
692020801, 0.0, 1.22e-07, 1e-08, 101
692280001, 0.0, 1.19e-07, 1e-08, 102
692798401, 0.27, 1.54e-07, 1e-08, 102
693057601, 0.6, 1.56e-07, 1e-08, 0
693576001, 0.0, 1.08e-07, 1e-08, 102
694094401, 0.44, 2.61e-07, 1e-08, 0
694612801, 0.0, 4.09e-07, 1e-08, 0
694872001, 0.0, 7.44e-07, 1e-08, 101
695649601, 0.0, 2.38e-07, 1e-08, 101
696168001, 0.81, 1.55e-07, 1e-08, 0
696427201, 0.5, 1.57e-07, 1e-08, 0
696945601, 0.22, 1.16e-07, 1e-08, 0
697204801, 0.06, 8.93e-08, 1e-08, 0
697464001, 0.11, 1.47e-07, 1e-08, 0
697723201, 0.64, 1.08e-07, 1e-08, 0
697982401, 0.0, 1.43e-07, 1e-08, 101
698500801, 0.0, 9.83e-08, 1e-08, 101
699278401, 0.99, 1.69e-07, 1e-08, 0
699537601, 0.51, 1.87e-07, 1e-08, 0
700056001, 0.0, 1.65e-07, 1e-08, 102
700315201, 0.68, 2.11e-07, 1e-08, 0
700574401, 0.0, 1.33e-07, 1e-08, 101
700833601, 0.73, 2.37e-07, 1e-08, 0
701870401, 0.2, 1.57e-07, 1e-08, 0
702129601, 0.05, 1.28e-07, 1e-08, 0
702907201, 0.0, 1.69e-07, 1e-08, 101
703166401, 0.0, 1.73e-07, 1e-08, 102
703425601, 0.0, 1.48e-07, 1e-08, 102
704462401, 0.0, 1.09e-07, 1e-08, 102
704721601, 0.24, 1.67e-07, 1e-08, 0
704980801, 0.1, 1.51e-07, 1e-08, 0
705240001, 0.0, 6.33e-08, 1e-08, 101
705499201, 0.0, 7.46e-08, 1e-08, 101
706276801, 0.0, 9.9e-08, 1e-08, 102
707054401, 0.61, 1.77e-07, 1e-08, 102
707313601, 0.0, 1.69e-07, 1e-08, 101
707572801, 0.65, 2.22e-07, 1e-08, 0
708091201, 0.76, 2.74e-07, 1e-08, 0
708868801, 0.03, 3.22e-07, 1e-08, 1
709128001, 0.0, 3.8e-07, 1e-08, 101
710683201, 0.95, 2.22e-07, 1e-08, 0
710942401, 0.0, 9.42e-08, 1e-08, 101
711201601, 0.0, 1.28e-07, 1e-08, 101
711460801, 0.0, 1.44e-07, 1e-08, 101
711720001, 0.0, 9.92e-08, 1e-08, 101
711979201, 0.96, 1.53e-07, 1e-08, 0
712238401, 0.78, 1.93e-07, 1e-08, 0
712497601, 0.0, 1.65e-07, 1e-08, 102
712756801, 0.66, 1.58e-07, 1e-08, 0
713016001, 0.0, 1.97e-07, 1e-08, 101
713275201, 0.03, 1.5e-07, 1e-08, 0
713534401, 0.0, 1.66e-07, 1e-08, 1
714571201, 0.92, 1.46e-07, 1e-08, 0
714830401, 0.09, 1.77e-07, 1e-08, 0
715089601, 0.0, 8.26e-08, 1e-08, 102
715348801, 0.77, 1.15e-07, 1e-08, 0
715608001, 0.68, 1.11e-07, 1e-08, 0
715867201, 0.0, 1e-07, 1e-08, 102
716385601, 0.0, 1.23e-07, 1e-08, 0
716644801, 0.0, 1.1e-07, 1e-08, 101
717163201, 0.0, 1.65e-07, 1e-08, 102
717681601, 0.23, 1.95e-07, 1e-08, 0
717940801, 0.0, 1.16e-07, 1e-08, 101
718459201, 0.0, 1.5e-07, 1e-08, 1
718718401, 0.0, 1.2e-07, 1e-08, 102
718977601, 0.33, 1.45e-07, 1e-08, 0
719236801, 0.21, 1.29e-07, 1e-08, 0
719496001, 0.0, 5.59e-08, 1e-08, 101
719755201, 0.66, 1.57e-07, 1e-08, 0
720014401, 0.13, 1.26e-07, 1e-08, 0
720532801, 0.56, 1.98e-07, 1e-08, 0
720792001, 0.0, 1.32e-07, 1e-08, 102
721310401, 0.0, 1.14e-07, 1e-08, 102
721828801, 0.95, 1.85e-07, 1e-08, 0
722347201, 0.0, 2.22e-07, 1e-08, 101
722865601, 0.16, 2.02e-07, 1e-08, 0
723124801, 0.48, 2.77e-07, 1e-08, 0
723384001, 0.0, 1.72e-07, 1e-08, 101
723643201, 0.48, 1.24e-07, 1e-08, 0
723902401, 0.0, 1.42e-07, 1e-08, 102
724161601, 0.19, 1.69e-07, 1e-08, 1
725457601, 0.18, 1.52e-07, 1e-08, 0
726235201, 0.0, 2.55e-07, 1e-08, 101
726494401, 0.0, 4.53e-07, 1e-08, 101
726753601, 0.0, 8.48e-07, 1e-08, 101
727012801, 0.09, 1.26e-06, 1e-08, 0
727272001, 0.0, 3.88e-07, 1e-08, 101
727531201, 0.0, 2.84e-07, 1e-08, 102
728049601, 0.0, 9.9e-08, 1e-08, 101
728568001, 0.0, 1.24e-07, 1e-08, 0
728827201, 0.0, 1.2e-07, 1e-08, 101
729086401, 0.0, 9.71e-08, 1e-08, 101
729345601, 0.0, 7.24e-08, 1e-08, 101
729864001, 0.0, 9.08e-08, 1e-08, 102
730123201, 0.0, 1.05e-07, 1e-08, 101
730382401, 0.0, 1.44e-07, 1e-08, 0
730641601, 0.0, 9.52e-08, 1e-08, 101
730900801, 0.0, 1.32e-07, 1e-08, 101
731160001, 0.0, 1.24e-07, 1e-08, 101
731419201, 0.38, 2.27e-07, 1e-08, 0
731937601, 0.0, 1.5e-07, 1e-08, 101
732196801, 0.0, 1.43e-07, 1e-08, 101
732456001, 0.61, 2.59e-07, 1e-08, 0
732715201, 0.59, 1.44e-07, 1e-08, 0
732974401, 0.99, 2.08e-07, 1e-08, 0
733492801, 0.96, 1.51e-07, 1e-08, 0
733752001, 0.58, 1.71e-07, 1e-08, 0
734011201, 0.18, 1.21e-07, 1e-08, 0
734270401, 0.11, 1.3e-07, 1e-08, 1
734529601, 0.0, 1.1e-07, 1e-08, 101
735048001, 0.03, 1.85e-07, 1e-08, 0
735566401, 0.07, 1.65e-07, 1e-08, 102
735825601, 0.0, 1.97e-07, 1e-08, 101
736084801, 0.0, 1.3e-07, 1e-08, 102
736344001, 0.0, 7.99e-08, 1e-08, 101
736862401, 0.0, 1.07e-07, 1e-08, 101
737899201, 0.1, 1.34e-07, 1e-08, 0
738158401, 0.07, 1.14e-07, 1e-08, 0
738936001, 0.0, 1.19e-07, 1e-08, 101
739195201, 0.8, 1.42e-07, 1e-08, 0
739454401, 0.0, 1.16e-07, 1e-08, 101
739972801, 0.05, 1.95e-07, 1e-08, 0
740750401, 0.57, 3.38e-07, 1e-08, 0
741009601, 0.0, 2.53e-07, 1e-08, 102
741268801, 0.35, 4.29e-07, 1e-08, 0
741787201, 0.41, 1.81e-07, 1e-08, 0
742046401, 0.0, 1.32e-07, 1e-08, 102
