timestamp, ts, flux, flux_error, photon_index, photon_index_interval, fit_tolerance, fit_convergence
251251201, 3.29, 5.56e-09, 5.52e-09, 1.73, 0.54, 1e-08, 0
261619201, 1.47, 1.17e-08, 1.72e-08, 2.43, 1.01, 1e-08, 0
277171201, 2.91, 2.96e-08, 2.42e-08, 2.82, 0.65, 1e-08, 0
279763201, 2.39, 2.34e-08, 1.9e-08, 3.03, 0.72, 1e-08, 0
282355201, 4.75, 1.34e-08, 1.61e-08, 1.98, 0.79, 1e-08, 0
284947201, 1.75, 6.26e-09, 7.46e-09, 1.88, 0.65, 1e-08, 0
287539201, 9.8, 1.15e-08, 7.58e-09, 1.8, 0.37, 1e-08, 0
290131201, 109.13, 1.53e-07, 2.9e-08, 2.29, 0.15, 1e-08, 0
292723201, 39.5, 5.26e-08, 1.6e-08, 2.22, 0.21, 1e-08, 0
295315201, 39.72, 2.88e-08, 1.14e-08, 1.73, 0.23, 1e-08, 0
297907201, 147.87, 1.06e-07, 1.78e-08, 2.2, 0.13, 1e-08, 0
300499201, 36.06, 5.64e-08, 1.76e-08, 2.23, 0.22, 1e-08, 0
303091201, 96.8, 5.52e-08, 1.55e-08, 1.82, 0.18, 1e-08, 0
305683201, 23.94, 7.08e-08, 2.23e-08, 2.76, 0.34, 1e-08, 0
308275201, 7.46, 3.11e-08, 2.15e-08, 2.31, 0.45, 1e-08, 0
310867201, 7.98, 6.42e-09, 4.2e-09, 1.47, 0.37, 1e-08, 0
313459201, 4.57, 5.95e-08, 3.62e-08, 5.0, 0, 1e-08, 0
316051201, 36.01, 4e-08, 1.25e-08, 2.12, 0.22, 1e-08, 0
318643201, 22.8, 5.75e-08, 1.94e-08, 2.42, 0.27, 1e-08, 0
321235201, 7.12, 1.45e-08, 1.1e-08, 2.0, 0.45, 1e-08, 0
323827201, 11.52, 5.83e-08, 2.6e-08, 2.69, 0.37, 1e-08, 0
326419201, 2.86, 3.23e-08, 2.22e-08, 3.05, 0.62, 1e-08, 0
331603201, 11.74, 6.66e-08, 2.82e-08, 2.9, 0.54, 1e-08, 0
334195201, 6.33, 3.98e-08, 2.76e-08, 3.3, 4, 1e-08, 102
336787201, 6.3, 6.8e-08, 3e-08, 4.78, 1.37, 1e-08, 0
341971201, 2.46, 1.27e-08, 1.26e-08, 2.15, 0.55, 1e-08, 0
344563201, 3.98, 3.51e-08, 2.18e-08, 2.93, 0.66, 1e-08, 0
352339201, 2.93, 7.74e-09, 1.06e-08, 1.96, 0.77, 1e-08, 0
354931201, 4.48, 3.74e-08, 2.28e-08, 2.94, 0.49, 1e-08, 0
375667201, 2.52, 8.77e-10, 1.78e-09, 1.15, 1.04, 1e-08, 0
378259201, 5.14, 2.39e-08, 1.81e-08, 2.38, 0.53, 1e-08, 0
386035201, 6.87, 1.64e-08, 2.12e-08, 2.22, 0.73, 1e-08, 0
388627201, 13.95, 1.94e-08, 9.99e-09, 1.91, 0.31, 1e-08, 0
393811201, 5.78, 1.75e-09, 1.87e-09, 1.11, 0.54, 1e-08, 0
398995201, 4.64, 3.36e-08, 2.1e-08, 2.84, 0.54, 1e-08, 0
401587201, 25.77, 5.68e-08, 2.12e-08, 2.37, 0.27, 1e-08, 0
404179201, 1.61, 2.46e-08, 2.08e-08, 5.0, 0, 1e-08, 0
406771201, 12.74, 4.74e-08, 1.85e-08, 2.63, 0.31, 1e-08, 0
409363201, 2.99, 2.65e-08, 1.73e-08, 5.0, 0, 1e-08, 0
422323201, 3.34, 3.27e-08, 2.21e-08, 5.0, 0, 1e-08, 0
430099201, 20.66, 1.76e-08, 9.11e-09, 1.88, 0.3, 1e-08, 0
432691201, 6.08, 3.94e-08, 2e-08, 5.0, 0, 1e-08, 0
440467201, 2.88, 3.33e-08, 1.68e-08, 3.91, 4.57, 1e-08, 102
448243201, 3.42, 2.02e-08, 1.45e-08, 2.65, 0.5, 1e-08, 0
453427201, 5.41, 8.34e-10, 7.28e-10, 0.6, 0.58, 1e-08, 0
456019201, 6.79, 6.56e-09, 4.43e-09, 1.46, 0.38, 1e-08, 0
458611201, 5.22, 3.66e-08, 1.87e-08, 3.21, 0.56, 1e-08, 0
463795201, 3.09, 5.87e-10, 8.92e-10, 0.74, 0.91, 1e-08, 0
466387201, 4.51, 4.47e-08, 2.58e-08, 5.0, 0, 1e-08, 0
468979201, 8.84, 4.68e-08, 2.31e-08, 2.72, 0.43, 1e-08, 0
471571201, 2.57, 2.96e-08, 2.01e-08, 3.86, 1.22, 1e-08, 0
479347201, 1.64, 1.25e-09, 2.74e-09, 1.39, 1.1, 1e-08, 0
481939201, 3.78, 4.96e-10, 6.73e-10, 0.34, 0.95, 1e-08, 0
484531201, 1.69, 2.79e-08, 1.68e-07, 4.39, 1.67, 1e-08, 0
497491201, 4.6, 3.17e-08, 1.85e-08, 2.84, 0.49, 1e-08, 0
500083201, 3.82, 1.56e-08, 1.24e-08, 2.34, 0.51, 1e-08, 0
507859201, 7.3, 4.32e-09, 3.73e-09, 1.52, 0.43, 1e-08, 0
515635201, 1.43, 1.56e-08, 1.67e-08, 2.42, 0.64, 1e-08, 0
520819201, 4.87, 2.06e-08, 1.77e-08, 2.4, 0.57, 1e-08, 0
526003201, 1.4, 2.51e-08, 2.52e-08, 5.0, 0, 1e-08, 0
528595201, 2.23, 3.98e-08, 3.2e-08, 5.0, 0, 1e-08, 0
531187201, 7.46, 4.63e-10, 6.39e-10, 0.44, 0.96, 1e-08, 0
533779201, 17.81, 2.66e-08, 1.4e-08, 1.9, 0.32, 1e-08, 0
536371201, 7.4, 1.58e-09, 1.81e-09, 1.16, 0.6, 1e-08, 0
538963201, 1.21, 8e-10, 1.96e-09, 1.4, 1.2, 1e-08, 0
546739201, 6.59, 2.45e-08, 1.45e-08, 2.4, 0.4, 1e-08, 0
551923201, 2.24, 2.78e-08, 2.4e-08, 2.82, 0.71, 1e-08, 0
554515201, 1.11, 2.06e-08, 2.05e-08, 4.11, 2.24, 1e-08, 0
559699201, 1.27, 1.76e-08, 2.63e-08, 2.22, 0.93, 1e-08, 0
562291201, 1.51, 2.37e-08, 2.33e-08, 2.57, 0.67, 1e-08, 0
567475201, 8.48, 3.02e-08, 1.83e-08, 2.15, 0.38, 1e-08, 0
575251201, 2.04, 2.24e-08, 2.07e-08, 2.71, 0.67, 1e-08, 0
580435201, 1.41, 2.47e-09, 5.2e-09, 1.28, 1.05, 1e-08, 0
583027201, 1.37, 3.08e-08, 2.9e-08, 3.7, 1.4, 1e-08, 0
595987201, 1.02, 3.83e-08, 1.79e-07, 3.97, 1.36, 1e-08, 0
598579201, 2.44, 2.77e-09, 3.46e-09, 1.41, 0.63, 1e-08, 0
611539201, 2.38, 4.11e-08, 9.4e-08, 3.28, 7.14, 1e-08, 102
616723201, 6.03, 5.42e-10, 6.66e-10, 0.0, 0, 1e-08, 0
619315201, 5.39, 5.28e-08, 2.48e-08, 4.06, 0.9, 1e-08, 0
621907201, 8.79, 2.51e-08, 1.48e-08, 2.4, 0.41, 1e-08, 0
624499201, 2.25, 1.77e-08, 2.44e-08, 2.57, 0.88, 1e-08, 0
632275201, 1.7, 2.54e-08, 2.36e-08, 5.0, 0, 1e-08, 0
634867201, 1.92, 1.92e-08, 1.83e-08, 2.95, 0.8, 1e-08, 0
637459201, 5.61, 1.64e-09, 1.61e-09, 1.15, 0.5, 1e-08, 0
640051201, 1.64, 3.64e-09, 6.31e-09, 1.63, 0.86, 1e-08, 0
642643201, 4.81, 6.64e-08, 3.55e-08, 3.31, 0.67, 1e-08, 0
645235201, 1.76, 3.17e-08, 3.02e-08, 2.72, 1.22, 1e-08, 0
647827201, 4.9, 1.71e-09, 2.67e-09, 1.19, 0.79, 1e-08, 0
653011201, 4.01, 2.85e-08, 8.87e-08, 2.92, 7.11, 1e-08, 102
655603201, 1.35, 2.66e-08, 2.53e-08, 5.0, 0, 1e-08, 0
660787201, 5.75, 2.74e-09, 2.89e-09, 1.14, 0.54, 1e-08, 0
676339201, 1.33, 3.46e-08, 4e-08, 3.01, 1.36, 1e-08, 0
691891201, 1.86, 4.69e-08, 4.09e-08, 5.0, 0, 1e-08, 0
697075201, 2.51, 3.22e-08, 2.28e-08, 5.0, 0, 1e-08, 0
704851201, 1.72, 3.92e-08, 3.49e-08, 5.0, 0, 1e-08, 0
707443201, 1.15, 7.1e-09, 2.36e-08, 2.25, 1.78, 1e-08, 0
722995201, 3.16, 6.3e-08, 3.65e-08, 3.9, 4.94, 1e-08, 102
725587201, 1.24, 8.46e-09, 1.4e-08, 2.31, 0.99, 1e-08, 0
728179201, 1.59, 1.41e-08, 1.49e-08, 2.83, 0.82, 1e-08, 0
