timestamp, ts, flux, flux_error, photon_index, photon_index_interval, fit_tolerance, fit_convergence
240753601, 1.22, 3.93e-08, 4.31e-08, 2.65, 1.05, 1e-08, 0
241272001, 2.74, 5.08e-08, 4.78e-08, 2.2, 1, 1e-08, 0
241790401, 9.73, 1.21e-07, 5.59e-08, 2.63, 0.68, 1e-08, 0
242049601, 2.65, 8.8e-08, 6.3e-08, 4.72, 1.7, 1e-08, 0
242308801, 4.94, 9.07e-08, 5.14e-08, 4.63, 2.31, 1e-08, 0
244123201, 5.35, 7.19e-08, 4.49e-08, 2.35, 0.67, 1e-08, 0
244382401, 6.69, 1.23e-07, 6.01e-08, 4.72, 1.58, 1e-08, 0
244900801, 3.38, 5.72e-08, 4.37e-08, 2.49, 0.7, 1e-08, 0
245160001, 16.67, 8.75e-08, 6.25e-08, 1.87, 0.68, 1e-08, 0
245678401, 7.18, 9.05e-08, 5.84e-08, 2.19, 0.6, 1e-08, 0
245937601, 4.57, 2.25e-08, 2.19e-08, 1.07, 0.81, 1e-08, 0
246196801, 4.61, 9.99e-08, 6.71e-08, 3.2, 0.89, 1e-08, 0
246456001, 2.7, 3.51e-08, 3.18e-08, 2.2, 0.87, 1e-08, 0
246974401, 3.31, 2.59e-08, 2.8e-08, 1.95, 0.86, 1e-08, 0
247233601, 5.32, 6.11e-08, 3.87e-08, 2.26, 0.6, 1e-08, 0
247752001, 7.81, 7.52e-08, 4.57e-08, 2.43, 0.69, 1e-08, 0
248011201, 6.54, 1.07e-07, 5.28e-08, 3.57, 0.89, 1e-08, 0
248270401, 2.6, 3.84e-08, 3.4e-08, 2.36, 0.83, 1e-08, 0
248529601, 8.02, 1.45e-07, 6.59e-08, 4.97, 0.61, 1e-08, 0
248788801, 11.62, 6.59e-08, 3.93e-08, 1.87, 0.48, 1e-08, 0
249566401, 2.35, 8.01e-08, 6.11e-08, 4.14, 2, 1e-08, 0
249825601, 1.19, 3.18e-08, 4.02e-08, 2.76, 1.32, 1e-08, 0
250344001, 3.4, 4e-08, 3.88e-08, 1.78, 0.73, 1e-08, 0
250603201, 4.21, 2.06e-08, 2e-08, 1.27, 0.75, 1e-08, 0
250862401, 7.36, 1.69e-07, 7.69e-08, 4.01, 1.83, 1e-08, 0
251899201, 2.79, 5.59e-09, 6.93e-09, 0.46, 0.94, 1e-08, 0
252158401, 13.05, 1.04e-07, 4.41e-08, 2.66, 0.53, 1e-08, 0
252417601, 3.95, 8.1e-08, 4.98e-08, 3.29, 0.84, 1e-08, 0
252676801, 4.6, 1.08e-07, 7.8e-08, 5.0, 0, 1e-08, 0
253454401, 15.7, 1.68e-07, 7.68e-08, 2.94, 0.62, 1e-08, 0
254232001, 5.42, 1.06e-07, 5.91e-08, 3.37, 1.01, 1e-08, 0
255787201, 2.44, 6.27e-09, 8.33e-09, 0.78, 0.94, 1e-08, 0
256046401, 3.41, 7.93e-08, 5.24e-08, 3.26, 0.96, 1e-08, 0
256824001, 2.08, 9.81e-09, 2.41e-08, 1.37, 1.65, 1e-08, 0
257083201, 3.46, 4.84e-08, 4.01e-08, 2.31, 0.76, 1e-08, 0
257342401, 3.2, 8.16e-08, 6.13e-08, 5.0, 0, 1e-08, 0
257601601, 1.66, 3.38e-08, 4.36e-08, 2.58, 1.37, 1e-08, 0
257860801, 2.89, 7.04e-08, 4.94e-08, 5.0, 0, 1e-08, 0
258897601, 9.65, 1.64e-07, 7.4e-08, 3.35, 0.82, 1e-08, 0
259156801, 7.06, 1.05e-07, 6.09e-08, 3.02, 1.08, 1e-08, 0
260193601, 2.66, 6.57e-08, 4.82e-08, 3.0, 1.06, 1e-08, 0
260452801, 2.34, 7.45e-08, 6.06e-08, 2.95, 1.13, 1e-08, 0
260971201, 1.67, 4.19e-08, 4.01e-08, 2.76, 0.86, 1e-08, 0
261489601, 10.99, 8.74e-08, 4.16e-08, 2.18, 0.43, 1e-08, 0
262008001, 3.99, 2.86e-08, 2.37e-08, 1.99, 0.72, 1e-08, 0
262785601, 1.84, 8.01e-08, 6.7e-08, 5.0, 0, 1e-08, 0
263304001, 2.58, 6.34e-08, 4.95e-08, 3.12, 1.11, 1e-08, 0
263822401, 3.13, 4.11e-08, 3.52e-08, 1.97, 0.7, 1e-08, 0
264081601, 1.23, 1.42e-08, 2.18e-08, 1.48, 1.12, 1e-08, 0
264340801, 2.4, 6.03e-08, 5.96e-08, 2.78, 1.43, 1e-08, 0
264600001, 4.74, 2.33e-08, 3.47e-08, 1.58, 1.08, 1e-08, 0
264859201, 3.18, 8.22e-08, 5.65e-08, 3.98, 1.35, 1e-08, 0
265118401, 7.84, 5.97e-08, 4.93e-08, 2.26, 0.81, 1e-08, 0
265377601, 6.82, 7.23e-08, 4.27e-08, 2.42, 0.57, 1e-08, 0
265636801, 2.48, 4.62e-08, 3.71e-08, 2.66, 0.85, 1e-08, 0
265896001, 4.61, 2.45e-08, 2.16e-08, 1.42, 0.69, 1e-08, 0
266155201, 8.99, 3.89e-08, 2.62e-08, 1.64, 0.73, 1e-08, 0
266414401, 13.19, 1.15e-07, 5.02e-08, 2.49, 0.53, 1e-08, 0
266673601, 1.72, 4.69e-08, 4.45e-08, 2.7, 0.97, 1e-08, 0
266932801, 3.92, 3.29e-08, 2.78e-08, 2.1, 0.68, 1e-08, 0
267451201, 2.6, 6.46e-08, 6.54e-08, 2.91, 1.64, 1e-08, 0
267710401, 5.16, 1.17e-07, 6.52e-08, 5.0, 0, 1e-08, 0
267969601, 1.55, 6.26e-08, 7.83e-08, 5.0, 0, 1e-08, 0
268228801, 1.02, 3.67e-08, 4.69e-08, 2.21, 0.95, 1e-08, 0
268747201, 3.91, 1.06e-07, 6.72e-08, 5.0, 0, 1e-08, 0
269006401, 2.62, 9.49e-08, 7e-08, 5.0, 0, 1e-08, 0
269265601, 22.33, 2.58e-07, 8.1e-08, 3.25, 0.55, 1e-08, 0
269524801, 16.55, 1.75e-07, 6.6e-08, 2.85, 0.48, 1e-08, 0
270043201, 5.78, 8.94e-08, 5.78e-08, 2.64, 0.68, 1e-08, 0
270302401, 4.39, 1.11e-07, 8.02e-08, 5.0, 0, 1e-08, 0
270561601, 1.12, 2.58e-08, 3.83e-08, 2.28, 1.92, 1e-08, 0
270820801, 1.57, 4.43e-09, 7.47e-09, 0.84, 1.25, 1e-08, 0
271080001, 1.95, 1.18e-08, 1.82e-08, 1.1, 1.11, 1e-08, 0
271598401, 2.95, 6.22e-08, 4.59e-08, 2.98, 0.79, 1e-08, 0
271857601, 8.7, 2.97e-08, 2e-08, 1.12, 0.5, 1e-08, 0
272376001, 1.23, 5.44e-08, 6.78e-08, 5.0, 0, 1e-08, 0
272635201, 4.64, 8.53e-08, 5.46e-08, 2.88, 0.86, 1e-08, 0
272894401, 6.32, 1.29e-07, 6.42e-08, 3.95, 1.38, 1e-08, 0
273931201, 1.92, 2.97e-08, 3.31e-08, 1.8, 0.9, 1e-08, 0
275745601, 2.34, 5.18e-08, 6.13e-08, 2.29, 1.07, 1e-08, 0
278078401, 2.17, 6.52e-08, 6.19e-08, 5.0, 0, 1e-08, 0
278337601, 2.72, 2.64e-08, 2.55e-08, 1.81, 0.81, 1e-08, 0
278596801, 5.55, 1.59e-08, 1.51e-08, 0.88, 0.75, 1e-08, 0
280411201, 3.29, 6.67e-08, 5.54e-08, 2.48, 0.8, 1e-08, 0
280929601, 3.61, 1.33e-08, 1.22e-08, 0.67, 0.64, 1e-08, 0
281188801, 1.15, 6.47e-08, 7.25e-08, 5.0, 0, 1e-08, 0
281966401, 2.3, 8e-08, 8.22e-08, 4.96, 0.56, 1e-08, 0
282225601, 1.07, 1.94e-08, 2.4e-08, 1.73, 0.88, 1e-08, 0
283262401, 1.02, 2.7e-08, 3.37e-08, 2.37, 1.2, 1e-08, 0
283780801, 2.19, 6.83e-08, 5.6e-08, 3.46, 1.05, 1e-08, 0
284817601, 1.03, 7.38e-08, 8.44e-08, 5.0, 0, 1e-08, 0
285336001, 12.66, 2.52e-07, 1.06e-07, 3.53, 0.7, 1e-08, 0
289224001, 1.27, 5.26e-08, 5.85e-08, 3.46, 1.57, 1e-08, 0
289483201, 2.8, 2.09e-08, 3.17e-08, 1.65, 1.09, 1e-08, 0
290520001, 3.87, 1.02e-07, 7.41e-08, 4.21, 11, 1e-08, 102
291816001, 4.36, 7.55e-08, 6.03e-08, 2.67, 0.98, 1e-08, 0
292334401, 4.82, 1.09e-07, 9.2e-08, 5.0, 0, 1e-08, 0
292593601, 5.27, 2.5e-08, 2.81e-08, 1.45, 0.86, 1e-08, 0
292852801, 3.91, 9.98e-08, 6.04e-08, 3.32, 0.87, 1e-08, 0
293112001, 1.21, 3.86e-08, 4.38e-08, 3.05, 1.64, 1e-08, 0
293371201, 9.97, 1.45e-07, 6.5e-08, 2.76, 0.63, 1e-08, 0
293630401, 6.62, 1.58e-08, 1.25e-08, 0.7, 0.58, 1e-08, 0
294148801, 2.34, 5.55e-08, 5.23e-08, 2.76, 0.97, 1e-08, 0
294667201, 3.38, 9.96e-08, 6.53e-08, 3.45, 0.95, 1e-08, 0
295444801, 2.33, 6.53e-08, 6.46e-08, 5.0, 0, 1e-08, 0
295704001, 1.26, 5.67e-08, 5.83e-08, 4.45, 2.31, 1e-08, 0
297259201, 2.54, 1.73e-08, 1.93e-08, 1.05, 0.73, 1e-08, 0
297518401, 1.86, 7.06e-08, 7.42e-08, 5.0, 0, 1e-08, 0
298814401, 1.97, 6.26e-08, 5.54e-08, 2.64, 0.91, 1e-08, 0
299073601, 13.44, 2.4e-07, 9.8e-08, 3.24, 0.79, 1e-08, 0
299332801, 6.16, 4.79e-08, 4.8e-08, 1.62, 0.89, 1e-08, 0
300369601, 4.97, 6.62e-08, 4.87e-08, 2.43, 0.86, 1e-08, 0
300888001, 1.14, 4.76e-08, 5.34e-08, 5.0, 0, 1e-08, 0
301406401, 1.47, 4.84e-08, 5.08e-08, 3.05, 2.35, 1e-08, 0
301924801, 1.94, 5.24e-08, 4.63e-08, 2.64, 0.88, 1e-08, 0
302184001, 2.83, 5.57e-08, 5.03e-08, 2.5, 0.93, 1e-08, 0
303739201, 2.96, 4.81e-08, 4.13e-08, 2.1, 0.72, 1e-08, 0
304516801, 2.39, 8.32e-08, 6.46e-08, 4.74, 2.71, 1e-08, 0
305812801, 10.09, 1.69e-07, 6.98e-08, 4.76, 1.4, 1e-08, 0
307108801, 3.24, 6.37e-09, 9.26e-09, 0.84, 1.01, 1e-08, 0
311515201, 1.97, 7.12e-08, 6.07e-08, 5.0, 0, 1e-08, 0
312033601, 1.92, 1e-07, 8.6e-08, 5.0, 0, 1e-08, 0
312811201, 2.39, 3.02e-08, 3.59e-08, 1.82, 1.2, 1e-08, 0
313329601, 7.67, 1.43e-07, 8.11e-08, 3.09, 0.96, 1e-08, 0
315403201, 1.05, 5.9e-08, 9.19e-08, 5.0, 0, 1e-08, 0
316958401, 1.07, 6.1e-08, 7.22e-08, 4.93, 1.47, 1e-08, 0
317217601, 4.48, 1.37e-08, 1.53e-08, 0.82, 0.75, 1e-08, 0
317736001, 3.03, 1.87e-08, 2.08e-08, 1.28, 0.76, 1e-08, 0
317995201, 3.5, 8.28e-09, 8.53e-09, 0.5, 0.8, 1e-08, 0
318513601, 10.87, 1.35e-07, 6.32e-08, 2.78, 0.68, 1e-08, 0
319032001, 4.17, 4.93e-08, 3.77e-08, 2.44, 0.87, 1e-08, 0
321624001, 1.58, 1.73e-08, 2.03e-08, 1.33, 0.77, 1e-08, 0
322142401, 2.43, 8.94e-08, 7.07e-08, 5.0, 0, 1e-08, 0
322920001, 2.14, 9.57e-08, 8.04e-08, 3.62, 1.43, 1e-08, 0
323179201, 11.95, 1.18e-07, 5.42e-08, 2.45, 0.52, 1e-08, 0
323956801, 3.22, 8.69e-08, 6.02e-08, 5.0, 0, 1e-08, 0
324475201, 2.14, 3.43e-08, 2.96e-08, 2.73, 0.79, 1e-08, 0
324734401, 1.54, 2.41e-08, 2.77e-08, 2.25, 1.2, 1e-08, 0
325512001, 7.01, 3.56e-08, 2.71e-08, 1.55, 0.53, 1e-08, 0
326030401, 2.66, 8.36e-08, 6.44e-08, 2.9, 1.52, 1e-08, 0
326289601, 4.42, 9.36e-08, 6.86e-08, 2.88, 1.05, 1e-08, 0
326548801, 1.44, 5.18e-08, 5.22e-08, 2.66, 1.05, 1e-08, 0
327067201, 1.21, 8.57e-09, 1.57e-08, 1.32, 1.27, 1e-08, 0
328104001, 1.07, 3.49e-08, 4.26e-08, 3.13, 1.73, 1e-08, 0
328363201, 2.22, 7.01e-08, 5.58e-08, 4.86, 1.52, 1e-08, 0
328622401, 15.66, 1.36e-07, 5.39e-08, 2.56, 0.49, 1e-08, 0
329400001, 4.57, 4.58e-08, 3.84e-08, 2.23, 0.71, 1e-08, 0
329918401, 9.13, 9.58e-08, 5.22e-08, 2.52, 0.58, 1e-08, 0
330436801, 3.43, 1.23e-07, 8.22e-08, 5.0, 0, 1e-08, 0
331214401, 5.97, 1.84e-07, 9.32e-08, 5.0, 0, 1e-08, 0
331473601, 1.12, 3.12e-08, 4.28e-08, 2.16, 1.12, 1e-08, 0
331992001, 5.99, 4.18e-09, 5.79e-09, 0.0, 0, 1e-08, 0
334324801, 2.76, 9.29e-08, 6.69e-08, 4.16, 1.53, 1e-08, 0
334843201, 2.32, 9.57e-08, 7.42e-08, 5.0, 0, 1e-08, 0
335361601, 5.86, 1.42e-07, 7.51e-08, 5.0, 0, 1e-08, 0
335620801, 5.65, 1e-07, 6e-08, 2.9, 0.76, 1e-08, 0
338472001, 3.75, 8.9e-08, 5.78e-08, 2.98, 0.86, 1e-08, 0
340027201, 1.6, 1.29e-08, 1.61e-08, 1.42, 0.91, 1e-08, 0
344433601, 2.68, 1.59e-08, 1.68e-08, 1.07, 0.82, 1e-08, 0
347803201, 1.26, 6.59e-08, 7.33e-08, 5.0, 0, 1e-08, 0
348840001, 2.25, 9.15e-08, 8.08e-08, 3.59, 1.62, 1e-08, 0
349358401, 3.78, 1.23e-07, 7.82e-08, 3.89, 1.06, 1e-08, 0
350136001, 3.24, 7.5e-08, 5.32e-08, 2.45, 0.71, 1e-08, 0
350913601, 9.67, 6.38e-08, 3.73e-08, 1.8, 0.53, 1e-08, 0
352987201, 1.08, 4.33e-08, 4.77e-08, 5.0, 0, 1e-08, 0
353246401, 1.75, 1.83e-08, 2.34e-08, 1.37, 0.96, 1e-08, 0
354801601, 5.85, 3.32e-08, 2.62e-08, 1.45, 0.59, 1e-08, 0
355060801, 1.36, 7.1e-08, 8.69e-08, 5.0, 0, 1e-08, 0
355320001, 3.51, 8.43e-08, 5.59e-08, 5.0, 0, 1e-08, 0
356875201, 1.7, 5.9e-08, 5.29e-08, 4.21, 1.78, 1e-08, 0
357134401, 1.5, 1.21e-08, 1.55e-08, 0.92, 0.92, 1e-08, 0
358689601, 4.21, 1.28e-07, 8.38e-08, 3.48, 1.14, 1e-08, 0
359208001, 4.11, 1.13e-07, 6.88e-08, 3.63, 1.13, 1e-08, 0
361022401, 1.69, 1.92e-08, 3.08e-08, 1.57, 1.22, 1e-08, 0
361540801, 3.32, 4.5e-08, 4.1e-08, 2.05, 0.97, 1e-08, 0
361800001, 3.31, 4.06e-09, 4.77e-09, 0.2, 0.94, 1e-08, 0
362318401, 2.0, 9.28e-08, 7.44e-08, 4.03, 14, 1e-08, 102
362836801, 2.07, 7.49e-08, 6.49e-08, 3.31, 1, 1e-08, 0
363873601, 5.13, 1.82e-07, 1e-07, 4.92, 0.99, 1e-08, 0
366206401, 2.8, 8.66e-08, 6.24e-08, 5.0, 0, 1e-08, 0
368020801, 3.43, 1.08e-07, 1.11e-07, 5.0, 0, 1e-08, 0
368280001, 2.88, 2.24e-08, 3.34e-08, 1.93, 1.16, 1e-08, 0
370094401, 1.05, 4.88e-08, 6.61e-08, 5.0, 0, 1e-08, 0
372168001, 4.33, 1.15e-07, 6.8e-08, 5.0, 0, 1e-08, 0
373982401, 1.12, 5.04e-08, 5.67e-08, 5.0, 0, 1e-08, 0
374241601, 2.44, 5.66e-08, 4.55e-08, 3.26, 1.29, 1e-08, 0
374760001, 18.54, 1.56e-07, 5.5e-08, 2.67, 0.47, 1e-08, 0
376315201, 3.63, 1.14e-07, 7.51e-08, 4.21, 1.59, 1e-08, 0
376574401, 2.15, 8.11e-08, 6.6e-08, 4.83, 2.47, 1e-08, 0
376833601, 4.75, 4.08e-08, 3.87e-08, 1.81, 0.69, 1e-08, 0
377092801, 3.97, 6.76e-08, 4.74e-08, 2.1, 0.67, 1e-08, 0
377611201, 1.64, 8.2e-08, 8.07e-08, 2.89, 1.07, 1e-08, 0
378648001, 1.15, 4.4e-08, 4.77e-08, 4.46, 2.29, 1e-08, 0
378907201, 8.53, 7.35e-08, 4.53e-08, 2.13, 0.56, 1e-08, 0
379166401, 11.16, 1.15e-07, 5.89e-08, 2.42, 0.58, 1e-08, 0
379425601, 5.64, 1.22e-07, 6.49e-08, 3.75, 1.4, 1e-08, 0
379944001, 2.97, 5.47e-08, 4.63e-08, 2.44, 0.85, 1e-08, 0
380980801, 1.72, 4.28e-08, 4.46e-08, 2.09, 0.81, 1e-08, 0
381758401, 7.42, 1.04e-07, 6.61e-08, 2.31, 0.71, 1e-08, 0
382276801, 3.04, 2.03e-08, 2.52e-08, 1.45, 0.97, 1e-08, 0
382536001, 1.62, 7.87e-08, 9.33e-08, 5.0, 0, 1e-08, 0
382795201, 6.91, 3.66e-08, 2.84e-08, 1.29, 0.56, 1e-08, 0
383313601, 4.19, 9.91e-08, 7.78e-08, 5.0, 0, 1e-08, 0
384091201, 2.78, 5.17e-08, 4.37e-08, 3.11, 1.26, 1e-08, 0
385128001, 3.29, 6.43e-08, 4.98e-08, 2.44, 0.76, 1e-08, 0
385387201, 2.02, 4.18e-08, 4.89e-08, 2.12, 0.98, 1e-08, 0
385646401, 1.18, 1.04e-08, 1.62e-08, 1.64, 1.14, 1e-08, 0
385905601, 1.39, 4.83e-08, 5.37e-08, 2.91, 1.15, 1e-08, 0
386683201, 3.53, 7.91e-08, 5.98e-08, 2.63, 0.85, 1e-08, 0
386942401, 3.35, 7.32e-08, 6.78e-08, 2.63, 0.96, 1e-08, 0
387720001, 3.94, 7.04e-08, 4.58e-08, 3.28, 1.03, 1e-08, 0
388497601, 3.49, 1.11e-07, 7.09e-08, 5.0, 0, 1e-08, 0
389016001, 2.24, 5.39e-08, 4.54e-08, 2.79, 0.87, 1e-08, 0
389275201, 9.89, 1.95e-07, 1.06e-07, 5.0, 0, 1e-08, 0
389793601, 4.89, 1.23e-08, 1.85e-08, 0.99, 1.13, 1e-08, 0
391089601, 1.2, 6.06e-08, 6.83e-08, 3.07, 1.1, 1e-08, 0
392126401, 3.41, 5.97e-08, 5.15e-08, 2.52, 0.98, 1e-08, 0
392385601, 1.96, 1.91e-08, 2.16e-08, 1.41, 0.83, 1e-08, 0
393163201, 1.79, 6.31e-08, 5.66e-08, 5.0, 0, 1e-08, 0
394200001, 1.43, 4.97e-08, 4.93e-08, 2.46, 0.88, 1e-08, 0
395236801, 8.33, 5.02e-08, 3.08e-08, 1.25, 0.5, 1e-08, 0
397569601, 2.17, 7.26e-08, 5.76e-08, 5.0, 0, 1e-08, 0
398088001, 1.86, 1.06e-08, 1.48e-08, 1.08, 1, 1e-08, 0
398347201, 2.65, 9.97e-08, 7.34e-08, 5.0, 0, 1e-08, 0
398606401, 3.05, 5.8e-08, 4.7e-08, 2.39, 1, 1e-08, 0
399902401, 2.07, 7.7e-08, 7.6e-08, 3.52, 1.72, 1e-08, 0
400161601, 2.66, 4.6e-08, 3.88e-08, 2.32, 0.8, 1e-08, 0
401976001, 4.89, 1.05e-07, 6.12e-08, 3.89, 1.11, 1e-08, 0
403012801, 1.25, 2.95e-08, 3.7e-08, 2.79, 1.36, 1e-08, 0
403790401, 3.24, 3.19e-09, 3.19e-09, 0.0, 0, 1e-08, 0
405086401, 4.0, 8.73e-08, 6.88e-08, 5.0, 0, 1e-08, 0
405864001, 1.56, 6.26e-08, 5.94e-08, 4.9, 2.71, 1e-08, 0
406641601, 4.66, 1.08e-07, 8.39e-08, 3.64, 1.9, 1e-08, 0
410270401, 1.99, 6.61e-09, 9.46e-09, 0.56, 1.01, 1e-08, 0
412344001, 3.72, 6.58e-08, 4.02e-08, 5.0, 0, 1e-08, 0
413121601, 1.15, 5.44e-08, 7.28e-08, 5.0, 0, 1e-08, 0
413380801, 2.69, 8.16e-08, 7.12e-08, 3.0, 1.94, 1e-08, 0
414158401, 5.39, 3.03e-08, 2.64e-08, 1.69, 0.67, 1e-08, 0
416750401, 3.05, 5.48e-09, 6.4e-09, 0.37, 1.02, 1e-08, 0
417268801, 5.7, 1.24e-07, 6.71e-08, 5.0, 0, 1e-08, 0
419342401, 2.86, 9.91e-08, 7.17e-08, 4.34, 2.57, 1e-08, 0
420120001, 2.85, 2.93e-08, 2.56e-08, 1.56, 0.65, 1e-08, 0
420897601, 1.11, 3.24e-08, 3.88e-08, 2.9, 1.11, 1e-08, 0
421934401, 6.07, 1.37e-07, 7.48e-08, 5.0, 0, 1e-08, 0
422452801, 2.55, 5.58e-08, 5.11e-08, 2.23, 0.84, 1e-08, 0
423748801, 2.87, 1.99e-08, 2.19e-08, 1.01, 0.8, 1e-08, 0
424267201, 1.07, 6.1e-08, 6.91e-08, 5.0, 0, 1e-08, 0
425304001, 2.52, 8.09e-08, 6.63e-08, 5.0, 0, 1e-08, 0
426859201, 1.11, 7.17e-08, 8.05e-08, 4.86, 2.23, 1e-08, 0
427377601, 1.42, 8.2e-08, 9.01e-08, 3.84, 2.34, 1e-08, 0
427636801, 1.74, 2.9e-08, 3.12e-08, 1.64, 0.74, 1e-08, 0
428155201, 1.5, 2.49e-08, 3.78e-08, 2.15, 1.24, 1e-08, 0
429710401, 2.73, 8.46e-08, 6.43e-08, 5.0, 0, 1e-08, 0
430488001, 1.61, 3.6e-08, 3.57e-08, 2.67, 0.93, 1e-08, 0
431524801, 6.47, 1.43e-08, 1.55e-08, 1.06, 0.88, 1e-08, 0
432820801, 1.13, 1.11e-08, 2e-08, 1.42, 1.22, 1e-08, 0
433339201, 1.75, 2.6e-08, 3.12e-08, 1.72, 0.96, 1e-08, 0
434376001, 1.08, 4.51e-08, 5.06e-08, 5.0, 0, 1e-08, 0
435412801, 1.0, NaN, NaN, NaN, NaN, 1e-08, 0
435931201, 1.0, NaN, NaN, NaN, NaN, 1e-08, 0
436708801, 3.81, 1.01e-07, 7.98e-08, 2.88, 1.04, 1e-08, 0
436968001, 2.06, 7.81e-08, 6.57e-08, 5.0, 0, 1e-08, 0
438782401, 1.76, 9.98e-09, 1.46e-08, 1.1, 1.03, 1e-08, 0
439300801, 1.91, 7.22e-08, 7.46e-08, 5.0, 0, 1e-08, 0
440078401, 7.88, 3.9e-09, 3.95e-09, 0.0, 0, 1e-08, 0
440337601, 2.31, 8.47e-09, 1.09e-08, 0.59, 0.97, 1e-08, 0
441633601, 4.45, 9.67e-08, 7.14e-08, 3.08, 0.97, 1e-08, 0
442411201, 6.42, 9.64e-08, 6.04e-08, 2.84, 0.74, 1e-08, 0
442670401, 2.85, 8.67e-08, 6.23e-08, 4.24, 1.47, 1e-08, 0
443448001, 1.04, 4.16e-08, 4.9e-08, 2.72, 1.44, 1e-08, 0
443966401, 4.3, 4.55e-09, 5.83e-09, 0.11, 1.04, 1e-08, 0
445780801, 4.78, 9.74e-08, 5.85e-08, 2.69, 0.59, 1e-08, 0
446558401, 5.62, 1.66e-07, 8.82e-08, 5.0, 0, 1e-08, 0
446817601, 2.11, 1.24e-08, 1.84e-08, 1.26, 1, 1e-08, 0
447336001, 1.36, 1.34e-08, 2.05e-08, 1.51, 1.13, 1e-08, 0
447595201, 3.92, 5.63e-08, 4.79e-08, 2.11, 0.82, 1e-08, 0
448632001, 8.73, 7.54e-08, 4.58e-08, 1.92, 0.57, 1e-08, 0
450705601, 3.04, 1.03e-07, 7.29e-08, 4.87, 1.48, 1e-08, 0
454075201, 6.81, 1.8e-07, 1.13e-07, 5.0, 0, 1e-08, 0
456926401, 4.17, 7.2e-08, 6.1e-08, 3.27, 1.25, 1e-08, 0
457185601, 3.02, 6.38e-08, 5.41e-08, 2.66, 1.05, 1e-08, 0
457444801, 24.31, 2.1e-07, 7.3e-08, 2.84, 0.49, 1e-08, 0
457704001, 3.29, 5.19e-08, 4.07e-08, 2.44, 0.8, 1e-08, 0
457963201, 2.52, 7.66e-08, 5.86e-08, 5.0, 0, 1e-08, 0
458481601, 8.9, 1.17e-07, 6.08e-08, 2.28, 0.52, 1e-08, 0
458740801, 2.11, 9.41e-08, 7.9e-08, 5.0, 0, 1e-08, 0
459259201, 3.61, 6.53e-08, 5.06e-08, 2.07, 0.74, 1e-08, 0
459518401, 4.46, 8.64e-08, 7.36e-08, 2.8, 0.93, 1e-08, 0
459777601, 7.62, 1.25e-07, 6.77e-08, 2.73, 0.65, 1e-08, 0
461073601, 1.25, 1.95e-08, 2.97e-08, 1.79, 1.43, 1e-08, 0
461592001, 1.2, 5.26e-08, 5.45e-08, 3.29, 1.93, 1e-08, 0
462888001, 1.82, 6.17e-08, 6.06e-08, 2.9, 1.26, 1e-08, 0
464184001, 12.92, 6.37e-09, 5.45e-09, 0.0, 0, 1e-08, 0
464702401, 7.08, 3.57e-08, 2.66e-08, 1.42, 0.64, 1e-08, 0
464961601, 3.66, 1.05e-07, 6.88e-08, 4.02, 1.64, 1e-08, 0
465220801, 2.33, 5.13e-08, 4.78e-08, 2.61, 1.28, 1e-08, 0
465480001, 4.4, 9.69e-08, 5.9e-08, 4.82, 1.59, 1e-08, 0
466516801, 6.91, 1.24e-07, 6.02e-08, 4.32, 1.27, 1e-08, 0
466776001, 8.43, 1.79e-08, 2.18e-08, 1.1, 0.84, 1e-08, 0
467812801, 10.91, 9.19e-08, 4.5e-08, 2.11, 0.51, 1e-08, 0
468072001, 3.51, 1.01e-07, 6.52e-08, 4.9, 1.22, 1e-08, 0
468590401, 2.22, 7.56e-08, 6.26e-08, 3.32, 1.91, 1e-08, 0
468849601, 6.13, 8.94e-08, 5.17e-08, 2.53, 0.6, 1e-08, 0
469108801, 13.66, 1.56e-07, 6.48e-08, 2.78, 0.51, 1e-08, 0
469627201, 4.05, 3.3e-08, 3.02e-08, 1.72, 0.72, 1e-08, 0
470145601, 1.84, 4.81e-08, 4.67e-08, 2.48, 0.91, 1e-08, 0
470404801, 3.45, 2.3e-08, 2e-08, 1.25, 0.68, 1e-08, 0
470664001, 3.05, 4.9e-08, 5.3e-08, 2.08, 0.95, 1e-08, 0
471960001, 2.22, 6.74e-08, 7.14e-08, 5.0, 0, 1e-08, 0
472737601, 1.15, 7.63e-08, 6.79e-08, 4.28, 16.3, 1e-08, 1
473256001, 4.92, 1.23e-07, 7.71e-08, 2.99, 0.77, 1e-08, 0
473515201, 1.82, 8.73e-08, 7.49e-08, 4.3, 1.68, 1e-08, 0
473774401, 7.56, 1.54e-07, 7.42e-08, 3.04, 0.67, 1e-08, 0
474292801, 3.92, 5.35e-09, 5.86e-09, 0.82, 0.73, 1e-08, 0
476107201, 5.64, 5.84e-08, 4.01e-08, 2.02, 0.76, 1e-08, 0
476366401, 1.21, 4.79e-08, 4.98e-08, 3.2, 1.19, 1e-08, 0
478180801, 1.19, 8.67e-09, 1.36e-08, 1.02, 1.14, 1e-08, 0
478440001, 1.14, 1.62e-08, 2.24e-08, 1.63, 0.96, 1e-08, 0
478699201, 2.08, 6.7e-08, 6e-08, 2.71, 0.95, 1e-08, 0
479217601, 4.55, 4.53e-08, 4.15e-08, 1.79, 0.75, 1e-08, 0
479476801, 5.07, 1.06e-07, 5.99e-08, 3.39, 0.89, 1e-08, 0
479736001, 2.77, 3.93e-08, 3.37e-08, 2.35, 0.79, 1e-08, 0
480254401, 3.37, 1.58e-08, 1.58e-08, 1.16, 0.74, 1e-08, 0
481550401, 8.09, 5.02e-08, 3.46e-08, 1.58, 0.57, 1e-08, 0
481809601, 3.08, 2.69e-08, 3.18e-08, 1.98, 0.97, 1e-08, 0
482068801, 4.03, 2.65e-08, 3.37e-08, 1.69, 0.9, 1e-08, 0
482328001, 3.36, 1.19e-07, 8.28e-08, 3.64, 1.12, 1e-08, 0
483364801, 11.88, 9.66e-08, 5.92e-08, 1.93, 0.59, 1e-08, 0
484920001, 2.77, 5.01e-08, 4.19e-08, 2.41, 0.86, 1e-08, 0
485179201, 3.88, 1.09e-07, 6.8e-08, 5.0, 0, 1e-08, 0
486216001, 1.59, 7.91e-09, 1.58e-08, 0.97, 1.34, 1e-08, 0
487512001, 1.93, 3.48e-08, 4.53e-08, 2.16, 1.05, 1e-08, 0
487771201, 5.53, 1.64e-07, 1.11e-07, 5.0, 0, 1e-08, 0
488808001, 2.81, 3.69e-08, 3.72e-08, 1.99, 0.84, 1e-08, 0
489326401, 6.35, 1.36e-07, 8.71e-08, 5.0, 0, 1e-08, 0
489585601, 3.24, 4.61e-08, 4.51e-08, 2.1, 0.86, 1e-08, 0
490881601, 1.04, 7.93e-09, 1.19e-08, 0.84, 1.02, 1e-08, 0
491400001, 1.0, 3.1e-08, 3.71e-08, 2.07, 0.98, 1e-08, 0
492177601, 1.3, 9.04e-08, 9.58e-08, 5.0, 0, 1e-08, 0
493214401, 7.78, 4.2e-08, 2.83e-08, 1.55, 0.52, 1e-08, 0
494510401, 1.93, 5.8e-08, 4.81e-08, 4.04, 2.26, 1e-08, 0
494769601, 2.18, 6.39e-08, 5.11e-08, 3.42, 1.16, 1e-08, 0
495288001, 1.13, 5.54e-08, 5.95e-08, 4.82, 2.6, 1e-08, 0
495806401, 3.04, 9.04e-08, 6.15e-08, 3.13, 0.79, 1e-08, 0
496324801, 1.99, 5.17e-08, 5.62e-08, 3.53, 2.12, 1e-08, 0
497361601, 3.26, 2.89e-08, 2.51e-08, 2.35, 0.76, 1e-08, 0
497620801, 1.25, 1.69e-08, 3.19e-08, 1.9, 1.48, 1e-08, 0
499176001, 1.9, 4.17e-08, 3.87e-08, 2.43, 0.83, 1e-08, 0
501768001, 4.39, 1.02e-07, 6.21e-08, 5.0, 0, 1e-08, 0
502027201, 14.35, 1.45e-07, 6.29e-08, 2.63, 0.55, 1e-08, 0
502286401, 7.59, 9.96e-08, 5.04e-08, 2.78, 0.69, 1e-08, 0
502545601, 1.07, 4.79e-09, 1.26e-08, 0.51, 2.04, 1e-08, 0
503064001, 3.18, 7.29e-08, 5.19e-08, 2.43, 0.81, 1e-08, 0
503582401, 3.66, 3.82e-08, 3.28e-08, 1.88, 0.7, 1e-08, 0
503841601, 4.21, 2.91e-08, 2.99e-08, 1.74, 0.79, 1e-08, 0
504100801, 5.64, 8.17e-08, 5.13e-08, 2.78, 0.76, 1e-08, 0
504360001, 9.16, 1.33e-07, 6.51e-08, 2.66, 0.65, 1e-08, 0
504619201, 2.54, 9.46e-08, 7.44e-08, 3.97, 2.55, 1e-08, 0
505137601, 3.19, 1.04e-07, 7.2e-08, 2.98, 0.75, 1e-08, 0
505656001, 2.47, 1.09e-07, 7.98e-08, 3.45, 1.29, 1e-08, 0
505915201, 1.86, 1.42e-08, 1.76e-08, 1.17, 1.02, 1e-08, 0
506433601, 7.82, 1.35e-07, 7.52e-08, 2.67, 0.9, 1e-08, 0
506692801, 8.31, 1.38e-07, 6.78e-08, 3.47, 0.89, 1e-08, 0
506952001, 6.78, 3.94e-08, 3.35e-08, 1.52, 0.69, 1e-08, 0
507211201, 4.16, 1.06e-07, 8.71e-08, 5.0, 0, 1e-08, 0
507470401, 2.3, 7.8e-08, 6.12e-08, 4.79, 2.48, 1e-08, 0
507729601, 2.82, 6.57e-08, 4.92e-08, 3.34, 1.14, 1e-08, 0
507988801, 1.34, 3.9e-08, 5.14e-08, 2.85, 1.53, 1e-08, 0
509284801, 10.48, 1.77e-07, 7.6e-08, 2.97, 0.57, 1e-08, 0
509544001, 2.78, 3.46e-08, 3.41e-08, 1.86, 0.73, 1e-08, 0
509803201, 5.39, 9.78e-08, 6.1e-08, 2.88, 0.74, 1e-08, 0
511099201, 1.01, 1.74e-08, 2.47e-08, 1.51, 1.24, 1e-08, 0
511358401, 1.52, 4.26e-08, 4.11e-08, 2.53, 0.8, 1e-08, 0
512395201, 2.48, 6.35e-08, 4.82e-08, 4.2, 2.15, 1e-08, 0
514209601, 1.75, 9.32e-08, 9.7e-08, 5.0, 0, 1e-08, 0
514468801, 3.64, 1.41e-07, 9.01e-08, 4.86, 1.29, 1e-08, 0
514728001, 1.81, 1.03e-07, 1.07e-07, 5.0, 0, 1e-08, 0
515246401, 1.15, 6.19e-09, 9.51e-09, 0.83, 1.04, 1e-08, 0
515505601, 6.55, 5.19e-08, 3.38e-08, 1.71, 0.52, 1e-08, 0
515764801, 1.11, 4.87e-08, 5.24e-08, 4.85, 3.08, 1e-08, 0
516024001, 2.68, 8.29e-08, 6e-08, 4.01, 1.42, 1e-08, 0
516283201, 11.97, 1.18e-07, 5.18e-08, 2.7, 0.57, 1e-08, 0
517838401, 1.24, 5.32e-08, 6.88e-08, 5.0, 0, 1e-08, 0
518097601, 1.35, 6.21e-08, 6.18e-08, 5.0, 0, 1e-08, 0
518356801, 4.32, 1.21e-08, 1.62e-08, 0.87, 0.9, 1e-08, 0
518616001, 22.26, 6.35e-08, 2.66e-08, 1.75, 0.36, 1e-08, 0
519134401, 1.92, 1.1e-07, 9.28e-08, 5.0, 0, 1e-08, 0
519652801, 2.65, 2.13e-08, 2.44e-08, 1.42, 0.91, 1e-08, 0
520689601, 8.87, 1.25e-07, 5.61e-08, 4.01, 1.13, 1e-08, 0
521208001, 4.98, 7.94e-08, 6.47e-08, 2.67, 1.09, 1e-08, 0
521467201, 13.29, 1.78e-07, 6.6e-08, 3.9, 0.81, 1e-08, 0
521726401, 3.53, 5.3e-08, 4.82e-08, 2.16, 0.79, 1e-08, 0
521985601, 9.12, 1.39e-07, 6.89e-08, 2.74, 0.54, 1e-08, 0
522244801, 6.52, 1.75e-07, 8.49e-08, 3.88, 1.38, 1e-08, 0
523281601, 4.96, 1.37e-07, 8.1e-08, 3.25, 0.9, 1e-08, 0
523540801, 5.31, 1.75e-07, 9.31e-08, 4.86, 1.34, 1e-08, 0
523800001, 1.21, 6.81e-08, 7.51e-08, 3.9, 3.29, 1e-08, 0
524059201, 2.1, 9.23e-08, 7.65e-08, 5.0, 0, 1e-08, 0
524318401, 2.61, 8.41e-08, 6.47e-08, 3.57, 1.23, 1e-08, 0
524577601, 1.25, 6.91e-09, 9.08e-09, 0.61, 0.92, 1e-08, 0
524836801, 1.49, 5.42e-08, 6.37e-08, 5.0, 0, 1e-08, 0
525096001, 1.46, 2.65e-08, 3.91e-08, 2.31, 1.16, 1e-08, 0
525873601, 1.74, 6.34e-08, 5.65e-08, 5.0, 0, 1e-08, 0
526651201, 3.92, 1.12e-08, 1.19e-08, 0.76, 0.74, 1e-08, 0
526910401, 4.85, 7.74e-08, 5.18e-08, 2.02, 0.63, 1e-08, 0
527428801, 1.54, 6.36e-08, 6.12e-08, 3.21, 1.09, 1e-08, 0
527688001, 3.38, 1.59e-08, 1.98e-08, 1.1, 0.92, 1e-08, 0
528724801, 2.96, 9.66e-08, 6.74e-08, 5.0, 0, 1e-08, 0
528984001, 2.59, 5.82e-08, 4.58e-08, 2.59, 0.89, 1e-08, 0
529243201, 2.59, 7.04e-08, 6.77e-08, 5.0, 0, 1e-08, 0
529761601, 1.16, 5.21e-08, 6.56e-08, 5.0, 0, 1e-08, 0
530020801, 6.28, 1.21e-07, 8.69e-08, 5.0, 0, 1e-08, 0
530280001, 6.91, 2.15e-08, 1.94e-08, 1.24, 0.72, 1e-08, 0
530539201, 1.71, 4.05e-08, 3.91e-08, 2.55, 0.98, 1e-08, 0
531057601, 1.15, 6.49e-09, 1.05e-08, 1.23, 1.23, 1e-08, 0
532353601, 2.25, 5.53e-08, 5.25e-08, 2.46, 0.95, 1e-08, 0
532872001, 6.45, 9.77e-08, 5.46e-08, 2.52, 0.63, 1e-08, 0
536760001, 1.02, 3.87e-08, 4.62e-08, 2.38, 0.96, 1e-08, 0
538056001, 2.19, 2.77e-08, 4.75e-08, 1.65, 1.38, 1e-08, 0
538833601, 4.47, 8.86e-08, 6.05e-08, 3.22, 1.2, 1e-08, 0
539092801, 4.59, 1.27e-07, 7.3e-08, 4.89, 1.75, 1e-08, 0
539352001, 3.4, 3.91e-08, 3.64e-08, 1.84, 0.87, 1e-08, 0
539870401, 5.21, 7.66e-08, 4.52e-08, 2.46, 0.61, 1e-08, 0
540129601, 14.55, 6.56e-08, 5.22e-08, 1.98, 0.7, 1e-08, 0
540388801, 8.19, 3.99e-08, 3.23e-08, 1.53, 0.62, 1e-08, 0
540648001, 2.8, 8.07e-08, 6.05e-08, 3.2, 0.95, 1e-08, 0
540907201, 1.17, 2.6e-08, 3.77e-08, 2.33, 1.34, 1e-08, 0
541166401, 16.31, 1.44e-07, 6.51e-08, 2.29, 0.45, 1e-08, 0
541944001, 10.11, 1.55e-07, 7.8e-08, 2.62, 0.66, 1e-08, 0
542203201, 14.81, 2.73e-07, 9.3e-08, 3.76, 0.71, 1e-08, 0
542721601, 7.01, 4.95e-08, 2.77e-08, 2.39, 0.54, 1e-08, 0
546091201, 5.31, 4.98e-08, 4.29e-08, 1.72, 0.73, 1e-08, 0
547128001, 1.31, 5.79e-09, 7.51e-09, 0.66, 0.8, 1e-08, 0
547387201, 2.98, 6.95e-08, 6.55e-08, 5.0, 0, 1e-08, 0
549460801, 1.17, 6.09e-08, 6.31e-08, 3.57, 1.43, 1e-08, 0
550238401, 1.67, 1.19e-07, 1.09e-07, 5.0, 0, 1e-08, 0
551016001, 3.76, 7.04e-09, 1.07e-08, 0.85, 1.13, 1e-08, 0
552830401, 19.12, 0.000585, 0, 5.0, 0, 1e-08, 0
553089601, 6.75, 0.000585, 0, 5.0, 0, 1e-08, 0
553608001, 1.08, 1.49e-05, 1.66e-05, 5.0, 0, 1e-08, 0
554904001, 1.67, 3.86e-08, 4.18e-08, 2.38, 0.93, 1e-08, 0
555940801, 5.52, 1.5e-07, 8.18e-08, 5.0, 0, 1e-08, 0
559569601, 3.41, 8.52e-08, 5.48e-08, 4.39, 3.71, 1e-08, 0
559828801, 5.11, 1.54e-07, 1.06e-07, 5.0, 0, 1e-08, 0
560088001, 1.52, 3.58e-09, 1.07e-08, 0.36, 0.86, 1e-08, 0
562680001, 2.17, 2.56e-09, 3.55e-09, 0.37, 1.09, 1e-08, 0
563457601, 1.27, 4.87e-08, 5.1e-08, 3.31, 2.17, 1e-08, 0
564494401, 3.65, 1.05e-07, 7.39e-08, 3.36, 1.01, 1e-08, 0
564753601, 1.36, 3.54e-08, 4.08e-08, 2.02, 1.03, 1e-08, 0
565272001, 1.09, 6.59e-08, 7.11e-08, 5.0, 0, 1e-08, 0
565531201, 7.2, 1.41e-07, 7.42e-08, 4.11, 1.51, 1e-08, 0
566308801, 4.49, 4.59e-08, 3.34e-08, 2.52, 0.85, 1e-08, 0
566568001, 4.41, 1.26e-08, 1.55e-08, 0.48, 1.09, 1e-08, 0
567345601, 1.77, 2.06e-07, 2.02e-07, 3.21, 1.36, 1e-08, 0
568123201, 3.63, 5.26e-08, 5.63e-08, 1.38, 0.89, 1e-08, 0
568900801, 6.86, 9.21e-09, 1.06e-08, 0.49, 0.81, 1e-08, 0
569160001, 2.69, 1.11e-07, 8.31e-08, 4.87, 1.45, 1e-08, 0
570456001, 2.72, 5.23e-08, 5.27e-08, 2.86, 1.19, 1e-08, 0
570974401, 1.3, 2.99e-07, 3.32e-07, 3.13, 1.37, 1e-08, 0
571492801, 6.64, 8.59e-07, 5.63e-07, 3.48, 1.03, 1e-08, 0
572529601, 4.72, 8.83e-08, 5.26e-08, 3.07, 0.79, 1e-08, 0
572788801, 5.81, 6.05e-09, 8.93e-09, 0.55, 1.17, 1e-08, 0
573048001, 2.97, 7.85e-08, 6.44e-08, 2.45, 0.75, 1e-08, 0
573566401, 1.17, 5.85e-08, 7.58e-08, 2.83, 2.23, 1e-08, 0
574862401, 3.07, 8.82e-08, 6.48e-08, 3.44, 1.19, 1e-08, 0
575640001, 1.18, 2.95e-08, 3.37e-08, 2.43, 1, 1e-08, 0
575899201, 8.98, 1.01e-07, 5.42e-08, 2.64, 0.64, 1e-08, 0
576158401, 2.61, 7.61e-08, 5.89e-08, 3.39, 1.26, 1e-08, 0
576417601, 5.19, 9.71e-09, 1.03e-08, 0.0, 0, 1e-08, 0
576676801, 14.72, 8.68e-08, 4.22e-08, 1.86, 0.44, 1e-08, 0
577454401, 1.41, 1.04e-08, 1.3e-08, 1.07, 0.79, 1e-08, 0
577972801, 6.87, 2.15e-08, 1.62e-08, 1.01, 0.6, 1e-08, 0
578232001, 2.23, 2.59e-08, 3.09e-08, 1.63, 0.85, 1e-08, 0
578750401, 3.52, 8.68e-08, 6.81e-08, 2.89, 0.95, 1e-08, 0
579268801, 2.72, 4.63e-08, 4.87e-08, 2.12, 0.95, 1e-08, 0
579528001, 1.53, 6.85e-08, 6.48e-08, 3.84, 2.02, 1e-08, 0
580046401, 5.16, 8.61e-08, 6.09e-08, 2.77, 1.26, 1e-08, 0
580824001, 17.97, 2.17e-08, 1.33e-08, 0.31, 0.53, 1e-08, 0
581342401, 4.53, 6.6e-08, 4.3e-08, 2.32, 0.63, 1e-08, 0
581601601, 2.1, 8.31e-08, 9.77e-08, 3.74, 3.48, 1e-08, 0
582120001, 4.81, 4.67e-09, 5.83e-09, 0.21, 1.05, 1e-08, 0
582638401, 1.58, 2.95e-08, 3.75e-08, 1.85, 1.04, 1e-08, 0
582897601, 2.55, 4.16e-08, 4.58e-08, 2.26, 0.96, 1e-08, 0
583156801, 2.11, 5.74e-09, 8.75e-09, 0.26, 1.13, 1e-08, 0
583934401, 2.56, 1.16e-07, 1.05e-07, 5.0, 0, 1e-08, 0
584452801, 1.27, 9.99e-08, 1.11e-07, 5.0, 0, 1e-08, 0
584712001, 6.5, 0.000585, 0, 5.0, 0, 1e-08, 0
584971201, 16.09, 0.000585, 1e-06, 5.0, 0, 1e-08, 0
585230401, 27.5, 0.000585, 0, 5.0, 0, 1e-08, 0
585489601, 11.93, 0.000118, 5.51e-05, 0.57, 0.45, 1e-08, 0
585748801, 13.21, 0.000372, 0.000261, 4.47, 0.86, 1e-08, 0
587304001, 7.28, 1.63e-07, 8.02e-08, 3.3, 0.95, 1e-08, 0
587822401, 2.63, 7.49e-09, 7.89e-09, 0.47, 0.78, 1e-08, 0
588081601, 2.73, 1.16e-08, 1.24e-08, 0.49, 0.76, 1e-08, 0
589118401, 2.7, 1.1e-07, 8.1e-08, 5.0, 0, 1e-08, 0
589636801, 1.4, 7.72e-08, 7.9e-08, 5.0, 0, 1e-08, 0
589896001, 2.27, 9.37e-09, 1.13e-08, 0.85, 0.82, 1e-08, 0
590673601, 3.61, 9.52e-08, 6.37e-08, 4.96, 0.92, 1e-08, 0
590932801, 5.62, 1.58e-07, 8.11e-08, 4.28, 3.11, 1e-08, 0
593006401, 1.6, 4.38e-08, 4.17e-08, 2.64, 0.85, 1e-08, 0
593784001, 10.47, 5.65e-08, 4.34e-08, 1.68, 0.69, 1e-08, 0
594561601, 3.58, 8.53e-08, 5.66e-08, 5.0, 0, 1e-08, 0
595598401, 5.63, 1.16e-07, 6.51e-08, 2.83, 0.68, 1e-08, 0
595857601, 2.83, 6.37e-08, 4.92e-08, 2.45, 0.74, 1e-08, 0
596116801, 21.52, 2.15e-07, 7.3e-08, 2.53, 0.4, 1e-08, 0
596376001, 3.45, 4.67e-08, 4.83e-08, 1.98, 0.8, 1e-08, 0
596635201, 10.78, 5.18e-08, 4.93e-08, 1.75, 0.77, 1e-08, 0
596894401, 2.35, 8.19e-08, 6.9e-08, 3.0, 1.38, 1e-08, 0
597931201, 3.43, 1.27e-07, 8.1e-08, 4.85, 1.68, 1e-08, 0
599227201, 2.51, 4.79e-07, 5.32e-07, 2.67, 1.17, 1e-08, 0
602337601, 3.59, 5.06e-08, 4.34e-08, 2.11, 0.83, 1e-08, 0
603115201, 1.32, 1.71e-07, 1.9e-07, 2.64, 0.93, 1e-08, 0
603374401, 2.37, 4.12e-07, 4.14e-07, 5.0, 0, 1e-08, 0
604152001, 2.55, 1.1e-08, 1.26e-08, 1.05, 0.83, 1e-08, 0
604670401, 8.47, 2.18e-08, 2.63e-08, 1.16, 0.85, 1e-08, 0
605188801, 3.29, 1.8e-07, 1.19e-07, 5.0, 0, 1e-08, 0
605966401, 6.38, 2.01e-07, 1.26e-07, 5.0, 0, 1e-08, 0
609854401, 1.22, 5.8e-08, 6.77e-08, 5.0, 0, 1e-08, 0
610113601, 1.56, 1.04e-07, 9.72e-08, 4.8, 1.64, 1e-08, 0
610891201, 1.28, 1.47e-08, 2.13e-08, 1.65, 1.12, 1e-08, 0
611150401, 6.76, 1.55e-07, 9.2e-08, 4.13, 8.68, 1e-08, 102
611668801, 2.25, 5.26e-08, 4.96e-08, 2.58, 0.88, 1e-08, 0
612187201, 1.57, 7.18e-08, 8.72e-08, 5.0, 0, 1e-08, 0
613742401, 1.01, 1.52e-08, 2.44e-08, 1.22, 1.31, 1e-08, 0
614520001, 2.46, 6.6e-08, 5.52e-08, 2.21, 0.81, 1e-08, 0
615297601, 1.11, 4.52e-08, 5.28e-08, 2.69, 1.11, 1e-08, 0
615816001, 1.33, 3.28e-08, 5.42e-08, 2.71, 1.7, 1e-08, 0
618408001, 7.47, 4.66e-09, 6.12e-09, 0.0, 0, 1e-08, 0
619185601, 4.04, 1.15e-07, 7.42e-08, 2.9, 0.78, 1e-08, 0
619963201, 5.99, 1.32e-07, 6.92e-08, 3.61, 0.92, 1e-08, 0
620481601, 2.99, 4.62e-08, 4.67e-08, 2.04, 0.84, 1e-08, 0
621000001, 3.24, 8.13e-08, 6.95e-08, 3.43, 1.2, 1e-08, 0
621777601, 11.65, 1.89e-07, 7.4e-08, 3.46, 0.72, 1e-08, 0
622036801, 1.41, 5.69e-08, 5.71e-08, 3.27, 1.27, 1e-08, 0
623073601, 1.14, 1.82e-08, 2.29e-08, 1.98, 0.97, 1e-08, 0
624110401, 12.7, 1.17e-07, 5.68e-08, 2.5, 0.59, 1e-08, 0
624628801, 3.01, 4.01e-08, 5.38e-08, 2.08, 1.19, 1e-08, 0
625147201, 1.45, 1.71e-08, 2.72e-08, 1.76, 1.37, 1e-08, 0
625665601, 7.58, 1.11e-07, 5.6e-08, 2.44, 0.65, 1e-08, 0
625924801, 1.97, 6.97e-08, 5.85e-08, 5.0, 0, 1e-08, 0
626184001, 1.19, 5.35e-08, 6.74e-08, 5.0, 0, 1e-08, 0
626443201, 1.3, 8.63e-08, 8.48e-08, 4.21, 1.43, 1e-08, 0
626702401, 1.56, 3.98e-08, 4.33e-08, 2.41, 0.99, 1e-08, 0
626961601, 3.19, 3.07e-08, 2.77e-08, 1.92, 0.7, 1e-08, 0
627220801, 5.75, 6.26e-08, 4.32e-08, 2.12, 0.61, 1e-08, 0
627739201, 4.1, 1.34e-07, 8.2e-08, 4.9, 1.14, 1e-08, 0
627998401, 11.31, 1.96e-07, 8.1e-08, 2.88, 0.6, 1e-08, 0
628257601, 13.45, 1.52e-07, 7.5e-08, 2.57, 0.6, 1e-08, 0
628516801, 11.67, 1.63e-08, 1.12e-08, 0.64, 0.54, 1e-08, 0
628776001, 2.1, 4.53e-08, 6.15e-08, 2.59, 1.32, 1e-08, 0
630072001, 4.37, 1.04e-07, 6.41e-08, 3.11, 1.07, 1e-08, 0
630331201, 8.15, 2.79e-07, 1.41e-07, 3.12, 0.88, 1e-08, 0
632145601, 6.66, 9.07e-08, 5.51e-08, 2.0, 0.61, 1e-08, 0
632923201, 1.17, 4.47e-08, 5.29e-08, 2.84, 1.16, 1e-08, 0
633182401, 16.54, 1.56e-07, 6.11e-08, 2.23, 0.42, 1e-08, 0
634996801, 5.08, 5.89e-07, 3.48e-07, 5.0, 0, 1e-08, 0
635774401, 1.82, 6.71e-08, 6.9e-08, 2.5, 1.23, 1e-08, 0
636033601, 1.48, 5.45e-08, 5.23e-08, 5.0, 0, 1e-08, 0
638107201, 1.32, 3.04e-08, 3.88e-08, 1.63, 1, 1e-08, 0
639144001, 3.31, 2.29e-08, 1.94e-08, 1.11, 0.62, 1e-08, 0
640699201, 2.72, 7.48e-08, 5.11e-08, 4.31, 11.9, 1e-08, 1
641476801, 2.0, 6.1e-08, 4.9e-08, 4.04, 2.48, 1e-08, 0
641995201, 1.13, 5.19e-08, 7.73e-08, 2.95, 3.16, 1e-08, 0
642513601, 2.53, 9.33e-08, 7.25e-08, 3.44, 1.11, 1e-08, 0
643032001, 8.68, 2.25e-07, 9.5e-08, 3.98, 1.25, 1e-08, 0
643550401, 3.12, 9.28e-08, 6.33e-08, 5.0, 0, 1e-08, 0
643809601, 2.57, 9.43e-08, 6.99e-08, 4.23, 2.04, 1e-08, 0
645364801, 2.94, 1.58e-07, 1.08e-07, 3.94, 1.77, 1e-08, 0
647697601, 3.6, 1.63e-07, 1.01e-07, 4.19, 1.89, 1e-08, 0
648734401, 4.74, 9.13e-06, 5.49e-06, 5.0, 0, 1e-08, 0
650030401, 1.94, 8.61e-08, 9.22e-08, 5.0, 0, 1e-08, 0
650289601, 1.89, 1.04e-08, 2.82e-08, 0.67, 0.89, 1e-08, 0
650548801, 1.38, 7.73e-08, 7.58e-08, 4.47, 2.28, 1e-08, 0
650808001, 2.31, 3.67e-08, 3.77e-08, 1.96, 0.84, 1e-08, 0
651585601, 6.71, 3.12e-08, 2.58e-08, 1.2, 0.67, 1e-08, 0
652363201, 10.36, 2.28e-07, 8.9e-08, 3.57, 0.69, 1e-08, 0
652622401, 2.89, 8.48e-08, 6.03e-08, 4.61, 1.55, 1e-08, 0
653918401, 1.76, 7.76e-08, 6.75e-08, 5.0, 0, 1e-08, 0
654436801, 1.15, 4.2e-08, 4.76e-08, 2.93, 1.29, 1e-08, 0
654696001, 10.78, 2.12e-07, 8.1e-08, 3.92, 0.94, 1e-08, 0
654955201, 5.22, 6.89e-08, 4.19e-08, 3.31, 0.94, 1e-08, 0
655214401, 7.27, 8.28e-08, 5.73e-08, 3.07, 0.99, 1e-08, 0
655473601, 8.29, 1.15e-07, 5.21e-08, 3.28, 0.74, 1e-08, 0
656510401, 1.02, 3.73e-08, 4.66e-08, 2.58, 1.22, 1e-08, 0
657028801, 2.41, 7.53e-08, 6.09e-08, 2.56, 0.87, 1e-08, 0
657547201, 11.19, 8.04e-08, 3.94e-08, 2.0, 0.47, 1e-08, 0
658324801, 6.19, 3.97e-08, 3.48e-08, 1.53, 0.63, 1e-08, 0
658584001, 1.46, 3.46e-08, 4.22e-08, 2.04, 1.07, 1e-08, 0
658843201, 4.65, 1.01e-07, 6.39e-08, 2.95, 0.83, 1e-08, 0
659361601, 9.01, 1.61e-07, 6.99e-08, 2.99, 0.69, 1e-08, 0
659620801, 1.05, 7.04e-08, 8.29e-08, 3.64, 1.84, 1e-08, 0
660398401, 3.35, 5.37e-08, 4.83e-08, 2.0, 0.94, 1e-08, 0
660916801, 1.47, 6.19e-08, 7.24e-08, 3.07, 1.47, 1e-08, 0
661176001, 1.46, 4.19e-08, 4.59e-08, 2.28, 1.12, 1e-08, 0
661435201, 4.58, 1.22e-07, 7.41e-08, 3.08, 0.67, 1e-08, 0
661694401, 4.3, 1.14e-07, 7.5e-08, 2.86, 0.8, 1e-08, 0
662212801, 4.26, 8.1e-08, 6.69e-08, 2.13, 0.83, 1e-08, 0
664027201, 2.5, 1.07e-07, 1.06e-07, 5.0, 0, 1e-08, 0
664545601, 2.23, 3.88e-09, 5.11e-09, 0.23, 1.04, 1e-08, 0
665323201, 11.59, 2.85e-07, 1.06e-07, 5.0, 0, 1e-08, 0
665582401, 9.13, 1.99e-07, 8.5e-08, 5.0, 0, 1e-08, 0
665841601, 1.44, 3.98e-08, 4.36e-08, 2.37, 0.91, 1e-08, 0
666878401, 10.43, 1.33e-07, 9.61e-08, 1.68, 0.6, 1e-08, 0
667396801, 2.11, 8.49e-08, 9.43e-08, 2.17, 0.97, 1e-08, 0
667656001, 6.33, 1.37e-07, 6.99e-08, 3.94, 1.31, 1e-08, 0
668174401, 6.63, 1.38e-07, 6.72e-08, 5.0, 0, 1e-08, 0
668433601, 1.74, 7e-08, 6.21e-08, 3.76, 1.29, 1e-08, 0
668692801, 1.27, 8e-08, 8.18e-08, 5.0, 0, 1e-08, 0
668952001, 5.05, 2e-07, 1.08e-07, 4.46, 1.47, 1e-08, 0
669211201, 2.46, 1.33e-07, 9.92e-08, 3.35, 1.02, 1e-08, 0
670248001, 1.85, 8.58e-08, 9.74e-08, 5.0, 0, 1e-08, 0
670766401, 2.58, 3.9e-08, 4.3e-08, 2.03, 0.86, 1e-08, 0
671544001, 1.15, 1.71e-08, 4.01e-08, 2.03, 1.85, 1e-08, 0
673099201, 8.82, 1.82e-08, 1.49e-08, 1.11, 0.63, 1e-08, 0
673358401, 1.45, 4.86e-08, 4.68e-08, 4.02, 2.39, 1e-08, 0
673617601, 4.75, 1.21e-07, 8.22e-08, 5.0, 0, 1e-08, 0
673876801, 7.57, 1.56e-07, 7.01e-08, 4.12, 1.39, 1e-08, 0
674136001, 2.85, 1.32e-07, 9.92e-08, 4.26, 1.85, 1e-08, 0
674395201, 1.31, 4.68e-08, 6e-08, 2.94, 1.32, 1e-08, 0
674654401, 1.63, 3.04e-08, 3.77e-08, 1.94, 1.09, 1e-08, 0
675172801, 4.01, 1.33e-07, 8.22e-08, 5.0, 0, 1e-08, 0
675432001, 1.7, 6.17e-08, 7.84e-08, 5.0, 0, 1e-08, 0
675950401, 3.82, 1.17e-07, 6.89e-08, 4.15, 1.95, 1e-08, 0
678801601, 1.22, 6.71e-08, 7.11e-08, 5.0, 0, 1e-08, 0
679838401, 5.39, 1.78e-07, 9.22e-08, 4.39, 1.6, 1e-08, 0
680097601, 8.93, 1.04e-07, 6.98e-08, 2.01, 0.63, 1e-08, 0
681912001, 1.16, 1.52e-08, 2.68e-08, 1.85, 1.46, 1e-08, 0
683208001, 2.39, 1.15e-07, 1.06e-07, 5.0, 0, 1e-08, 0
683985601, 3.8, 5.88e-08, 4.23e-08, 2.27, 0.62, 1e-08, 0
684244801, 2.15, 1.73e-08, 2.24e-08, 1.66, 1, 1e-08, 0
685800001, 1.74, 6.57e-08, 8.12e-08, 5.0, 0, 1e-08, 0
686836801, 4.82, 2.51e-09, 2.88e-09, 0.02, 0.95, 1e-08, 0
687614401, 1.61, 6.33e-08, 5.77e-08, 4.14, 1.44, 1e-08, 0
687873601, 1.12, 5.61e-08, 6.11e-08, 5.0, 0, 1e-08, 0
688651201, 1.89, 7.4e-08, 6.49e-08, 4.79, 2.58, 1e-08, 0
689688001, 2.2, 6.39e-08, 5.51e-08, 3.19, 1.25, 1e-08, 0
689947201, 2.68, 7.23e-08, 5.37e-08, 5.0, 0, 1e-08, 0
691243201, 4.85, 7.03e-08, 6.39e-08, 1.97, 0.82, 1e-08, 0
691502401, 1.54, 9.64e-08, 9.34e-08, 5.0, 0, 1e-08, 0
692020801, 2.5, 4.92e-08, 4.46e-08, 1.97, 0.71, 1e-08, 0
692539201, 14.81, 3.06e-07, 1.03e-07, 4.24, 0.69, 1e-08, 0
696168001, 1.8, 1.95e-08, 2.61e-08, 1.8, 1.01, 1e-08, 0
696945601, 3.24, 1.31e-07, 1.04e-07, 5.0, 0, 1e-08, 0
697204801, 9.04, 1.72e-07, 8.12e-08, 3.06, 0.64, 1e-08, 0
699537601, 1.69, 2.36e-08, 3.86e-08, 1.76, 1.22, 1e-08, 0
700056001, 2.36, 8.44e-08, 6.26e-08, 4.14, 1.71, 1e-08, 0
700574401, 1.7, 7.42e-08, 7e-08, 5.0, 0, 1e-08, 0
700833601, 1.52, 6e-08, 5.82e-08, 4.11, 15.4, 1e-08, 102
701092801, 9.07, 1.18e-07, 5.62e-08, 3.18, 0.63, 1e-08, 0
701352001, 3.79, 1.38e-07, 9.22e-08, 4.77, 1.48, 1e-08, 0
703166401, 1.67, 5.77e-08, 6.01e-08, 5.0, 0, 1e-08, 0
704203201, 2.96, 9.53e-08, 7.45e-08, 5.0, 0, 1e-08, 0
704980801, 3.58, 5.46e-09, 8.85e-09, 0.91, 1.16, 1e-08, 0
705758401, 4.57, 7.73e-08, 5.59e-08, 2.7, 0.74, 1e-08, 0
706017601, 2.09, 2.23e-08, 2.93e-08, 1.28, 0.93, 1e-08, 0
706536001, 17.9, 2.97e-07, 1.03e-07, 3.17, 0.47, 1e-08, 0
707313601, 11.7, 2.3e-07, 8.9e-08, 4.89, 1.2, 1e-08, 0
708091201, 2.98, 1.01e-07, 7.82e-08, 2.83, 1.01, 1e-08, 0
709128001, 1.66, 1.27e-07, 1.36e-07, 5.0, 0, 1e-08, 0
710424001, 5.68, 1.28e-07, 7.09e-08, 2.94, 0.77, 1e-08, 0
710942401, 1.89, 7.35e-08, 6.72e-08, 3.02, 1.27, 1e-08, 0
711201601, 21.93, 3.61e-07, 1.08e-07, 3.61, 0.5, 1e-08, 0
711979201, 6.15, 1.46e-07, 8.72e-08, 2.98, 0.85, 1e-08, 0
712238401, 1.69, 4.46e-08, 7.63e-08, 1.09, 1.38, 1e-08, 0
713016001, 2.81, 6.09e-08, 7.11e-08, 1.04, 0.91, 1e-08, 0
713275201, 1.69, 2.24e-07, 2.18e-07, 2.87, 1.07, 1e-08, 0
713793601, 1.47, 6.03e-08, 5.75e-08, 5.0, 0, 1e-08, 0
714052801, 3.57, 1.09e-07, 6.9e-08, 5.0, 0, 1e-08, 0
714312001, 3.47, 8.88e-08, 6.12e-08, 3.35, 1.14, 1e-08, 0
714830401, 2.35, 8.89e-08, 8.29e-08, 5.0, 0, 1e-08, 0
715089601, 4.64, 6.87e-08, 5.13e-08, 1.84, 0.65, 1e-08, 0
715348801, 5.03, 1.26e-07, 8.72e-08, 5.0, 0, 1e-08, 0
716126401, 2.16, 8.52e-08, 7.2e-08, 3.45, 1.31, 1e-08, 0
716904001, 2.41, 1.01e-08, 1.43e-08, 1.21, 1.18, 1e-08, 0
717163201, 4.02, 9.22e-08, 5.6e-08, 4.66, 1.36, 1e-08, 0
717422401, 2.92, 2.29e-08, 2.52e-08, 1.41, 0.85, 1e-08, 0
717681601, 3.85, 7.94e-08, 5.68e-08, 2.78, 0.89, 1e-08, 0
719755201, 4.22, 8.42e-08, 5.89e-08, 2.68, 0.69, 1e-08, 0
720532801, 2.84, 9.15e-08, 6.57e-08, 3.99, 3.02, 1e-08, 0
720792001, 9.57, 1.47e-07, 6.48e-08, 2.86, 0.58, 1e-08, 0
721051201, 1.3, 5.22e-08, 5.2e-08, 3.74, 2.81, 1e-08, 0
721828801, 1.57, 4.53e-08, 4.85e-08, 2.75, 1.09, 1e-08, 0
722606401, 4.99, 1.24e-07, 7.02e-08, 3.67, 0.92, 1e-08, 0
723902401, 1.43, 8.19e-08, 8e-08, 5.0, 0, 1e-08, 0
724680001, 2.43, 9.43e-08, 7.28e-08, 4.32, 2.25, 1e-08, 0
725198401, 8.6, 1.35e-07, 6.3e-08, 3.04, 0.6, 1e-08, 0
725976001, 6.98, 2.81e-07, 1.9e-07, 2.51, 0.85, 1e-08, 0
727790401, 21.34, 2.79e-07, 8.6e-08, 3.46, 0.59, 1e-08, 0
728827201, 1.54, 7.78e-08, 7.33e-08, 4.5, 1.79, 1e-08, 0
729086401, 4.25, 1.26e-07, 7.48e-08, 3.35, 0.75, 1e-08, 0
729345601, 1.24, 7.74e-08, 7.98e-08, 5.0, 0, 1e-08, 0
730900801, 8.82, 1.99e-07, 9.4e-08, 3.58, 0.74, 1e-08, 0
731678401, 1.35, 5.11e-08, 5.11e-08, 3.59, 1.54, 1e-08, 0
732196801, 1.4, 5.06e-09, 6.75e-09, 0.13, 1, 1e-08, 0
732456001, 1.32, 8.62e-08, 1.04e-07, 5.0, 0, 1e-08, 0
732974401, 1.39, 4.29e-08, 4.58e-08, 2.91, 1.17, 1e-08, 0
733752001, 1.92, 6.64e-08, 6.86e-08, 2.65, 1.53, 1e-08, 0
734270401, 1.59, 1.41e-08, 2.12e-08, 1.49, 1.14, 1e-08, 0
734529601, 3.34, 1.03e-07, 6.92e-08, 3.38, 1.11, 1e-08, 0
734788801, 21.55, 1.61e-07, 6.6e-08, 2.21, 0.47, 1e-08, 0
735048001, 3.33, 3.06e-08, 2.83e-08, 1.61, 0.75, 1e-08, 0
735566401, 4.66, 3.48e-08, 4.94e-08, 1.94, 1.16, 1e-08, 0
735825601, 13.25, 2.68e-08, 1.61e-08, 0.8, 0.47, 1e-08, 0
736084801, 15.52, 1.57e-07, 5.4e-08, 2.88, 0.45, 1e-08, 0
736862401, 4.86, 8.69e-08, 5.09e-08, 3.39, 1.07, 1e-08, 0
737121601, 2.83, 8.34e-08, 5.96e-08, 3.61, 1.33, 1e-08, 0
739713601, 1.77, 5.37e-08, 6.22e-08, 2.8, 1.2, 1e-08, 0
740232001, 1.59, 2.69e-08, 3.39e-08, 1.26, 0.9, 1e-08, 0
740750401, 1.4, 6.43e-08, 9.17e-08, 2.0, 1.08, 1e-08, 0
741787201, 1.26, 7.41e-09, 1.09e-08, 0.83, 0.92, 1e-08, 0
742046401, 1.7, 1.4e-08, 2.15e-08, 1.31, 1.02, 1e-08, 0
