timestamp, ts, flux, flux_error, photon_index, photon_index_interval, fit_tolerance, fit_convergence
239716801, 4.52, 1.02e-07, 6.01e-08, 3.68, 2.81, 1e-08, 102
240235201, 1.76, 1.67e-08, 2.39e-08, 1.84, 0.68, 1e-08, 0
240494401, 7.41, 3.87e-08, 3.7e-08, 1.86, 0.49, 1e-08, 0
241012801, 2.58, 5.92e-08, 4.98e-08, 2.99, 1, 1e-08, 0
241790401, 3.03, 4.08e-08, 3.52e-08, 2.35, 0.63, 1e-08, 0
242827201, 1.26, 2.44e-08, 2.75e-08, 2.26, 0.62, 1e-08, 0
243086401, 7.76, 2.54e-09, 2.77e-09, 0.89, 0.64, 1e-08, 0
243345601, 1.91, 2.17e-08, 2.45e-08, 2.11, 0.61, 1e-08, 0
243604801, 2.79, 2.12e-08, 2.78e-08, 1.97, 0.71, 1e-08, 0
244123201, 6.43, 5.28e-08, 3.88e-08, 2.29, 0.5, 1e-08, 0
244382401, 1.41, 3.6e-08, 4.5e-08, 2.56, 0.97, 1e-08, 0
245160001, 9.25, 1.76e-08, 1.95e-08, 1.61, 0.53, 1e-08, 0
246196801, 7.68, 4.63e-08, 3.38e-08, 2.13, 0.47, 1e-08, 0
246456001, 6.44, 1.27e-07, 8.01e-07, 7.13, 2.12, 1e-08, 102
247752001, 2.54, 7.9e-09, 1.12e-08, 1.84, 0.74, 1e-08, 0
248011201, 4.4, 3.18e-08, 3.38e-08, 1.93, 0.59, 1e-08, 0
249048001, 9.23, 1.34e-08, 1.47e-08, 1.47, 0.49, 1e-08, 0
250084801, 8.13, 6.09e-09, 7.72e-09, 1.25, 0.67, 1e-08, 0
251640001, 2.86, 4.93e-08, 3.94e-08, 2.75, 0.65, 1e-08, 0
252158401, 7.75, 4.57e-09, 4.15e-09, 0.98, 0.49, 1e-08, 0
252936001, 1.13, 3.69e-08, 4.96e-07, 6.72, 4.51, 1e-08, 102
253972801, 2.22, 3.11e-08, 3.73e-08, 2.51, 0.9, 1e-08, 0
256046401, 1.51, 5.42e-08, 4.68e-08, 4.42, 4.19, 1e-08, 102
258897601, 1.96, 6.55e-08, 6.44e-08, 2.7, 0.86, 1e-08, 0
259675201, 1.02, 2.43e-08, 3.23e-08, 2.38, 1.03, 1e-08, 0
260193601, 1.84, 1.65e-08, 3.15e-08, 2.3, 1.29, 1e-08, 0
261230401, 1.98, 5.93e-09, 8.86e-09, 1.55, 0.67, 1e-08, 0
261748801, 1.46, 3.68e-09, 6.25e-09, 1.44, 0.79, 1e-08, 0
264081601, 1.77, 2.94e-08, 4.64e-08, 2.24, 1.16, 1e-08, 0
265118401, 6.11, 6.76e-09, 1.17e-08, 1.47, 0.82, 1e-08, 0
265377601, 9.74, 2.49e-09, 2.59e-09, 0.61, 0.74, 1e-08, 0
266155201, 1.06, 2.4e-08, 6.27e-08, 2.55, 1.86, 1e-08, 0
267451201, 7.01, 1.08e-08, 1.22e-08, 1.44, 0.5, 1e-08, 0
267710401, 7.28, 8.17e-08, 4.75e-08, 2.69, 0.58, 1e-08, 0
267969601, 6.28, 8.21e-09, 1.13e-08, 1.41, 0.66, 1e-08, 0
268228801, 4.74, 2.83e-08, 6.62e-08, 2.08, 1.29, 1e-08, 0
270561601, 5.2, 3.54e-08, 2.87e-08, 1.98, 0.48, 1e-08, 0
271339201, 1.45, 2.28e-08, 3.17e-08, 2.23, 0.8, 1e-08, 0
271598401, 4.11, 8.02e-08, 9.8e-08, 3.06, 5.1, 1e-08, 0
271857601, 1.48, 3.21e-08, 4.27e-08, 2.47, 1.34, 1e-08, 0
272116801, 4.59, 9.43e-08, 7.1e-07, 7.03, 2.52, 1e-08, 102
272376001, 2.04, 5.6e-08, 5.12e-08, 3.0, 1, 1e-08, 0
272635201, 9.23, 1.6e-07, 7.52e-08, 3.53, 2.08, 1e-08, 102
273412801, 1.5, 3.92e-08, 4.08e-08, 2.51, 0.72, 1e-08, 0
277300801, 13.81, 4.39e-09, 5.41e-09, 0.8, 0.88, 1e-08, 0
277819201, 3.78, 7.2e-08, 7.12e-08, 3.27, 3.43, 1e-08, 102
278596801, 3.0, 6.56e-08, 1.07e-07, 3.23, 4.02, 1e-08, 102
280152001, 1.38, 5.05e-08, 6.13e-08, 3.1, 1.39, 1e-08, 0
281707201, 13.51, 3.38e-09, 4.18e-09, 0.73, 0.95, 1e-08, 0
283003201, 5.8, 1.08e-07, 5.42e-08, 4.92, 2.41, 1e-08, 102
283262401, 1.12, 4.05e-08, 4.42e-08, 2.94, 1.05, 1e-08, 0
283521601, 4.52, 5.27e-09, 7.55e-09, 1.33, 0.72, 1e-08, 0
285595201, 1.79, 6.31e-08, 5.3e-08, 3.76, 4.1, 1e-08, 102
288705601, 4.59, 8.77e-09, 1.86e-08, 1.56, 1.02, 1e-08, 0
289742401, 3.59, 2.51e-08, 3.25e-08, 2.05, 0.74, 1e-08, 0
291816001, 1.05, 2.92e-08, 3.36e-08, 2.65, 0.92, 1e-08, 0
292075201, 2.35, 5.04e-08, 4.35e-08, 2.84, 0.81, 1e-08, 0
292334401, 3.9, 2.81e-08, 2.49e-08, 1.86, 0.48, 1e-08, 0
294408001, 3.56, 3.57e-08, 3.98e-08, 2.44, 0.82, 1e-08, 0
295185601, 3.06, 6.68e-08, 7.94e-08, 3.08, 3.8, 1e-08, 102
295704001, 4.13, 7.04e-09, 9.64e-09, 1.39, 0.69, 1e-08, 0
297777601, 2.18, 1.61e-08, 1.82e-08, 1.53, 0.68, 1e-08, 0
298555201, 3.47, 1.06e-07, 6.91e-08, 3.95, 3.06, 1e-08, 102
300369601, 1.31, 5.09e-08, 6.59e-07, 6.83, 4.35, 1e-08, 102
300628801, 1.38, 2.25e-08, 3.26e-08, 2.17, 1, 1e-08, 0
301924801, 2.1, 7.31e-08, 1.55e-06, 3.86, 3.75, 1e-08, 102
303480001, 3.97, 9.52e-08, 6.09e-08, 3.22, 0.93, 1e-08, 0
305553601, 8.28, 3.43e-08, 2.53e-08, 1.79, 0.38, 1e-08, 0
309441601, 3.49, 4.91e-08, 3.9e-08, 2.82, 1.24, 1e-08, 0
310219201, 1.92, 7.55e-09, 8.53e-09, 1.36, 0.55, 1e-08, 0
310478401, 1.19, 3.71e-08, 4.29e-08, 2.89, 1.92, 1e-08, 0
310737601, 1.3, 8.64e-09, 1.37e-08, 1.76, 0.76, 1e-08, 0
312033601, 1.86, 1.76e-08, 2.07e-08, 1.86, 0.59, 1e-08, 0
312811201, 1.54, 4.53e-08, 4.53e-08, 2.55, 0.91, 1e-08, 0
313588801, 7.11, 1.17e-07, 6.71e-08, 3.4, 2.33, 1e-08, 102
314366401, 2.28, 6.78e-08, 5.92e-08, 3.37, 3.85, 1e-08, 102
315144001, 1.92, 5.24e-08, 5.08e-08, 3.04, 1.36, 1e-08, 0
316699201, 2.97, 6.02e-09, 7.98e-09, 1.57, 0.72, 1e-08, 0
326808001, 2.84, 4.35e-09, 5.84e-09, 1.22, 0.67, 1e-08, 0
328881601, 2.37, 2.8e-08, 2.93e-08, 2.33, 0.74, 1e-08, 0
332251201, 12.29, 3.02e-09, 3.04e-09, 0.4, 0.79, 1e-08, 0
339768001, 1.46, 3.27e-08, 3.64e-08, 2.23, 0.8, 1e-08, 0
342619201, 2.24, 5.66e-08, 4.57e-08, 2.89, 0.87, 1e-08, 0
347025601, 3.21, 6.96e-08, 5.06e-08, 2.98, 0.83, 1e-08, 0
347803201, 2.08, 4.54e-08, 3.82e-08, 2.64, 0.74, 1e-08, 0
348321601, 3.86, 8.79e-08, 6.33e-08, 3.44, 3.25, 1e-08, 102
349358401, 1.35, 2.27e-08, 2.72e-08, 1.96, 0.61, 1e-08, 0
350654401, 3.79, 6.03e-08, 4.55e-08, 2.68, 1.41, 1e-08, 0
350913601, 2.07, 6.61e-08, 5.11e-08, 4.6, 3.72, 1e-08, 102
351432001, 3.74, 8.23e-08, 1.45e-06, 4.53, 3.06, 1e-08, 102
351950401, 1.56, 4.75e-08, 4.37e-08, 3.7, 4.48, 1e-08, 102
352209601, 1.38, 3.6e-08, 3.67e-08, 2.83, 0.93, 1e-08, 0
358171201, 5.54, 8.99e-08, 6.22e-08, 2.9, 0.94, 1e-08, 0
361281601, 2.13, 6.34e-08, 4.96e-08, 3.56, 3.84, 1e-08, 102
362059201, 1.32, 7.05e-09, 1.15e-08, 1.62, 0.77, 1e-08, 0
362318401, 3.15, 8.95e-08, 5.67e-08, 4.98, 3.14, 1e-08, 102
363096001, 1.54, 4.32e-08, 4.54e-08, 2.91, 0.98, 1e-08, 0
363355201, 2.94, 8.65e-09, 1.53e-08, 1.79, 0.86, 1e-08, 0
364392001, 2.9, 8.27e-09, 1.11e-08, 1.67, 0.68, 1e-08, 0
364910401, 5.62, 2.5e-08, 2.72e-08, 1.82, 0.59, 1e-08, 0
370353601, 1.7, 4.53e-08, 5.3e-07, 6.79, 3.93, 1e-08, 102
370612801, 1.61, 1.73e-08, 2.48e-08, 2.08, 0.84, 1e-08, 0
371908801, 1.1, 2.61e-08, 3.36e-08, 2.44, 1.01, 1e-08, 0
373982401, 5.83, 7.88e-09, 1.29e-08, 1.48, 0.76, 1e-08, 0
375019201, 1.02, 1.04e-08, 1.46e-08, 1.77, 0.69, 1e-08, 0
375537601, 5.39, 9.36e-08, 4.84e-08, 6.29, 2.45, 1e-08, 102
376574401, 1.96, 2.72e-08, 3.49e-08, 2.03, 0.71, 1e-08, 0
377092801, 2.38, 6.18e-09, 1.11e-08, 1.39, 0.82, 1e-08, 0
377870401, 2.15, 6.71e-08, 5.98e-08, 3.6, 4.05, 1e-08, 102
378129601, 8.74, 2.18e-08, 1.88e-08, 1.68, 0.45, 1e-08, 0
378388801, 2.56, 1.16e-08, 1.55e-08, 1.8, 0.69, 1e-08, 0
378648001, 1.09, 3.51e-08, 4.16e-08, 2.92, 1.05, 1e-08, 0
378907201, 6.76, 9.29e-08, 5.61e-08, 2.59, 0.52, 1e-08, 0
379684801, 4.21, 1.02e-07, 6.51e-08, 3.5, 2.88, 1e-08, 102
381240001, 4.38, 1.43e-07, 8.09e-08, 4.27, 2.69, 1e-08, 102
382017601, 2.14, 3.88e-08, 3.69e-08, 2.36, 0.72, 1e-08, 0
382795201, 1.73, 3.89e-08, 5.64e-08, 2.92, 2.93, 1e-08, 0
383054401, 1.21, 2.77e-08, 3.41e-08, 2.69, 0.99, 1e-08, 0
383313601, 3.12, 3.02e-08, 2.58e-08, 2.07, 0.49, 1e-08, 0
384091201, 5.32, 1.05e-08, 1.61e-08, 1.78, 0.75, 1e-08, 0
384350401, 15.7, 4.82e-09, 5.29e-09, 0.98, 0.6, 1e-08, 0
387201601, 5.47, 7.3e-08, 4.58e-08, 2.53, 0.5, 1e-08, 0
387460801, 4.94, 5.61e-08, 4.48e-08, 2.41, 0.57, 1e-08, 0
390830401, 1.21, 4.45e-08, 5.07e-08, 2.73, 1.02, 1e-08, 0
392385601, 14.62, 9.87e-08, 4.31e-08, 2.6, 0.42, 1e-08, 0
392644801, 2.14, 5.88e-08, 5.23e-08, 3.07, 1.05, 1e-08, 0
392904001, 4.37, 4.83e-09, 5.69e-09, 1.26, 0.61, 1e-08, 0
394200001, 1.34, 3.94e-08, 4.18e-08, 2.46, 0.75, 1e-08, 0
394459201, 1.75, 4.34e-08, 4.68e-08, 2.32, 0.76, 1e-08, 0
395236801, 2.4, 2.12e-08, 2.34e-08, 1.92, 0.75, 1e-08, 0
395496001, 2.22, 8.82e-08, 6.67e-08, 5.65, 3.58, 1e-08, 102
396273601, 1.32, 3.93e-08, 5.73e-08, 2.71, 1.56, 1e-08, 0
397828801, 1.36, 3.18e-08, 3.52e-08, 2.5, 0.87, 1e-08, 0
398347201, 4.13, 8.64e-08, 5.36e-08, 7.0, 0.21, 1e-08, 0
398865601, 2.8, 9.26e-08, 1.77e-06, 4.08, 3.35, 1e-08, 102
402494401, 2.1, 1.95e-08, 3.17e-08, 2.37, 1.14, 1e-08, 0
403012801, 3.61, 6.23e-08, 1.11e-07, 3.23, 3.95, 1e-08, 102
403790401, 2.02, 2.58e-08, 4.05e-08, 2.36, 1.15, 1e-08, 0
404049601, 6.68, 3.35e-08, 2.54e-08, 2.17, 0.46, 1e-08, 0
404308801, 7.33, 1.04e-07, 5.52e-08, 2.75, 0.54, 1e-08, 0
404827201, 4.07, 4.97e-08, 4.35e-08, 2.33, 0.64, 1e-08, 0
406123201, 9.21, 4.95e-09, 6.36e-09, 1.22, 0.66, 1e-08, 0
406382401, 1.44, 4.75e-08, 4.77e-08, 3.19, 5, 1e-08, 102
406641601, 3.86, 3.41e-08, 2.98e-08, 2.2, 0.6, 1e-08, 0
407678401, 1.28, 2.16e-08, 2.8e-08, 2.36, 1.03, 1e-08, 0
410011201, 1.23, 4.9e-08, 4.71e-08, 5.18, 4.71, 1e-08, 102
410270401, 1.31, 3.01e-08, 3.74e-08, 2.54, 1.59, 1e-08, 0
410529601, 11.5, 3.84e-08, 2.35e-08, 1.86, 0.37, 1e-08, 0
412862401, 1.48, 4.31e-08, 3.89e-08, 3.8, 4.43, 1e-08, 102
413640001, 1.83, 1.6e-08, 2.03e-08, 1.75, 0.64, 1e-08, 0
414676801, 7.65, 3.95e-08, 3.4e-08, 2.23, 0.6, 1e-08, 0
414936001, 1.35, 3.71e-08, 3.83e-08, 2.89, 1, 1e-08, 0
416232001, 3.34, 7.07e-08, 5.15e-08, 2.83, 0.73, 1e-08, 0
418305601, 10.04, 3.58e-09, 4.09e-09, 0.92, 0.69, 1e-08, 0
418564801, 2.76, 1.09e-08, 2.15e-08, 1.55, 0.87, 1e-08, 0
418824001, 1.74, 4.84e-08, 5.86e-08, 2.98, 5, 1e-08, 102
419083201, 6.59, 4.14e-09, 4.66e-09, 1.07, 0.61, 1e-08, 0
419342401, 4.66, 9.59e-08, 5.39e-08, 4.86, 2.64, 1e-08, 102
421675201, 2.52, 3.81e-08, 3.92e-08, 2.55, 0.93, 1e-08, 0
422193601, 4.08, 1.45e-08, 1.55e-08, 1.7, 0.56, 1e-08, 0
423489601, 7.34, 1.25e-08, 1.98e-08, 1.5, 0.75, 1e-08, 0
424526401, 2.43, 9.7e-08, 7.59e-08, 3.76, 3.67, 1e-08, 102
424785601, 1.24, 1.5e-08, 2.54e-08, 2.07, 1.02, 1e-08, 0
425304001, 13.99, 1.17e-07, 6.62e-08, 2.17, 0.42, 1e-08, 0
425563201, 4.47, 4.26e-08, 3.78e-08, 1.96, 0.57, 1e-08, 0
425822401, 8.02, 5.18e-08, 3.99e-08, 2.12, 0.52, 1e-08, 0
426081601, 9.04, 5.29e-09, 6.98e-09, 1.17, 0.63, 1e-08, 0
426340801, 2.4, 4.67e-09, 7.31e-09, 1.17, 0.78, 1e-08, 0
427377601, 1.69, 4.88e-08, 5.33e-08, 2.87, 0.98, 1e-08, 0
429710401, 1.7, 3.17e-08, 3.34e-08, 1.88, 0.53, 1e-08, 0
430228801, 1.05, 1.2e-08, 2.18e-08, 1.96, 0.95, 1e-08, 0
431006401, 2.39, 8.55e-09, 1.26e-08, 1.71, 0.79, 1e-08, 0
431265601, 2.43, 9.78e-08, 9.2e-07, 7.04, 3.15, 1e-08, 1
431524801, 3.4, 1.06e-07, 7.61e-08, 3.43, 3.23, 1e-08, 102
432043201, 1.04, 4.57e-08, 1.85e-07, 2.88, 4.72, 1e-08, 0
432561601, 2.04, 3.42e-08, 4.41e-08, 2.5, 0.93, 1e-08, 0
433857601, 5.8, 6.34e-08, 5.85e-08, 2.39, 0.68, 1e-08, 0
435412801, 13.84, 1.14e-07, 5.3e-08, 2.4, 0.38, 1e-08, 0
436708801, 9.27, 5.87e-09, 7.91e-09, 1.2, 0.67, 1e-08, 0
437745601, 2.95, 3.22e-08, 3.26e-08, 2.15, 0.62, 1e-08, 0
438264001, 4.67, 4.02e-09, 4.78e-09, 0.88, 0.7, 1e-08, 0
438782401, 1.83, 3.57e-08, 3.61e-08, 2.33, 0.73, 1e-08, 0
439300801, 9.45, 4.06e-08, 3.77e-08, 1.97, 0.52, 1e-08, 0
439560001, 2.24, 3.24e-08, 3.35e-08, 2.1, 0.62, 1e-08, 0
439819201, 4.02, 7.89e-09, 9.51e-09, 1.53, 0.58, 1e-08, 0
441892801, 4.29, 3.06e-08, 3.51e-08, 2.17, 0.68, 1e-08, 0
442152001, 1.75, 1.03e-08, 2.04e-08, 1.61, 0.95, 1e-08, 0
442670401, 1.41, 3.27e-08, 3.96e-08, 2.62, 1.32, 1e-08, 0
442929601, 9.75, 3.96e-09, 4.73e-09, 0.99, 0.71, 1e-08, 0
443707201, 1.34, 4.44e-08, 5.26e-08, 3.2, 5.21, 1e-08, 102
444744001, 1.64, 2.53e-08, 2.89e-08, 1.94, 0.57, 1e-08, 0
445003201, 4.11, 4.71e-08, 4.33e-08, 2.45, 0.69, 1e-08, 0
445262401, 1.4, 5.2e-08, 5.2e-08, 2.96, 0.9, 1e-08, 0
445521601, 2.46, 2.02e-08, 3.13e-08, 2.04, 0.87, 1e-08, 0
446040001, 2.67, 1.33e-08, 1.88e-08, 1.66, 0.63, 1e-08, 0
446817601, 2.69, 6.38e-09, 9.35e-09, 1.55, 0.73, 1e-08, 0
447076801, 7.99, 1.56e-08, 1.58e-08, 1.64, 0.53, 1e-08, 0
447595201, 2.95, 1.36e-08, 1.96e-08, 1.85, 0.79, 1e-08, 0
448372801, 6.28, 1.09e-07, 5.72e-08, 3.06, 0.64, 1e-08, 0
448891201, 4.5, 9.18e-08, 5.5e-08, 4.78, 2.76, 1e-08, 102
449409601, 1.49, 3.26e-08, 3.92e-08, 2.53, 0.8, 1e-08, 0
449668801, 2.46, 6.83e-09, 1.07e-08, 1.25, 0.72, 1e-08, 0
451224001, 4.44, 5.64e-08, 3.95e-08, 2.24, 0.48, 1e-08, 0
452520001, 1.53, 3.75e-08, 4.27e-08, 2.98, 1.18, 1e-08, 0
452779201, 3.18, 7.16e-08, 4.81e-08, 3.1, 1, 1e-08, 0
453297601, 1.1, 2.55e-09, 3.82e-09, 0.89, 0.78, 1e-08, 0
454334401, 7.52, 8.28e-08, 5.62e-08, 2.44, 0.48, 1e-08, 0
454593601, 4.84, 9.98e-09, 1.54e-08, 1.67, 0.78, 1e-08, 0
454852801, 1.24, 6.33e-09, 1.1e-08, 1.58, 0.79, 1e-08, 0
456408001, 1.49, 3.13e-08, 4.05e-08, 2.52, 1.14, 1e-08, 0
456667201, 2.6, 7.97e-08, 8.63e-08, 3.05, 4.25, 1e-08, 102
456926401, 5.94, 7.61e-08, 4.81e-08, 2.47, 0.55, 1e-08, 0
457444801, 1.42, 4.86e-08, 4.28e-08, 5.54, 4.43, 1e-08, 102
457704001, 7.87, 7.11e-08, 5.47e-08, 2.77, 0.75, 1e-08, 0
458740801, 1.8, 3.9e-08, 4.4e-08, 2.56, 0.85, 1e-08, 0
459259201, 13.72, 1.84e-08, 2e-08, 1.41, 0.49, 1e-08, 0
459777601, 2.08, 8.29e-08, 7.91e-08, 3.3, 4.04, 1e-08, 102
460296001, 3.27, 1.74e-08, 2.88e-08, 1.95, 0.86, 1e-08, 0
461332801, 2.52, 1.91e-08, 2.75e-08, 1.88, 0.77, 1e-08, 0
462369601, 2.23, 1.96e-08, 2.54e-08, 1.88, 0.7, 1e-08, 0
462888001, 1.4, 5.32e-08, 5.27e-08, 3.22, 1.42, 1e-08, 0
463665601, 6.09, 4.12e-08, 3.42e-08, 1.95, 0.48, 1e-08, 0
464702401, 6.21, 2.46e-08, 2.42e-08, 1.96, 0.54, 1e-08, 0
465220801, 3.34, 5.18e-08, 3.69e-08, 2.67, 0.62, 1e-08, 0
465480001, 14.33, 3.32e-09, 3.77e-09, 0.83, 0.72, 1e-08, 0
466516801, 1.29, 2.72e-08, 4.07e-08, 2.6, 1.18, 1e-08, 0
468072001, 1.68, 6.32e-08, 5.66e-08, 3.17, 0.86, 1e-08, 0
468331201, 1.84, 5.54e-08, 6.74e-08, 3.32, 4.76, 1e-08, 102
468590401, 3.81, 1.2e-08, 1.83e-08, 1.63, 0.68, 1e-08, 0
469108801, 1.42, 3.68e-08, 3.75e-08, 2.61, 0.71, 1e-08, 0
470923201, 1.13, 4.85e-08, 5.23e-08, 3.78, 2.25, 1e-08, 0
473256001, 1.62, 4.58e-08, 4.71e-08, 2.53, 0.7, 1e-08, 0
474033601, 1.48, 4.11e-08, 4.2e-08, 3.0, 1.07, 1e-08, 0
474552001, 8.86, 7.19e-09, 9.22e-09, 1.29, 0.6, 1e-08, 0
474811201, 3.14, 6.04e-08, 5.24e-08, 3.36, 3.68, 1e-08, 102
475070401, 7.87, 2.09e-08, 2.37e-08, 1.81, 0.55, 1e-08, 0
478440001, 3.68, 8.74e-08, 5.37e-08, 3.82, 2.99, 1e-08, 102
480254401, 1.31, 2.15e-08, 6.75e-08, 2.37, 2.24, 1e-08, 0
480513601, 1.98, 4.87e-08, 3.76e-08, 5.28, 3.92, 1e-08, 102
481032001, 1.0, 2.59e-08, 3.33e-08, 2.49, 0.94, 1e-08, 0
482587201, 1.25, 2.12e-08, 2.83e-08, 2.06, 0.73, 1e-08, 0
482846401, 5.35, 4.21e-09, 5.25e-09, 1.01, 0.69, 1e-08, 0
485438401, 2.0, 2.8e-08, 3.22e-08, 2.42, 0.76, 1e-08, 0
492696001, 13.08, 5.97e-09, 5.45e-09, 0.94, 0.49, 1e-08, 0
497102401, 1.17, 1.65e-08, 2.45e-08, 2.11, 0.83, 1e-08, 0
497620801, 1.93, 5.56e-08, 4.94e-08, 2.86, 0.92, 1e-08, 0
498139201, 4.47, 1.12e-08, 1.63e-08, 1.7, 0.72, 1e-08, 0
498916801, 1.15, 5.24e-08, 6.28e-08, 3.44, 5.25, 1e-08, 102
499694401, 4.1, 4.26e-08, 7.76e-08, 2.55, 1.63, 1e-08, 0
500212801, 27.59, 2.3e-08, 1.7e-08, 1.38, 0.36, 1e-08, 0
500472001, 2.23, 4.12e-08, 4.29e-08, 2.36, 0.71, 1e-08, 0
500990401, 1.03, 4.81e-08, 5.49e-08, 3.35, 1.5, 1e-08, 0
503582401, 2.9, 7.27e-08, 4.83e-08, 5.13, 3.25, 1e-08, 102
503841601, 3.07, 5.32e-08, 4.07e-08, 2.62, 0.62, 1e-08, 0
504619201, 3.25, 8.98e-08, 6.51e-08, 3.66, 3.34, 1e-08, 102
505396801, 7.67, 5.61e-08, 4.57e-08, 2.17, 0.49, 1e-08, 0
506174401, 2.47, 3.98e-08, 3.38e-08, 2.26, 0.56, 1e-08, 0
507470401, 2.5, 2.7e-08, 2.5e-08, 1.95, 0.51, 1e-08, 0
507988801, 1.57, 5.44e-08, 4.85e-08, 3.93, 4.38, 1e-08, 102
509803201, 1.97, 2.53e-08, 3.38e-08, 2.38, 0.93, 1e-08, 0
512136001, 11.16, 2.87e-08, 2.59e-08, 1.76, 0.47, 1e-08, 0
513691201, 12.82, 6.4e-09, 7.92e-09, 1.12, 0.58, 1e-08, 0
514468801, 5.21, 1.11e-08, 9.91e-09, 1.31, 0.42, 1e-08, 0
514728001, 7.66, 5.17e-08, 5.03e-08, 2.3, 0.59, 1e-08, 0
514987201, 6.03, 7.54e-08, 5.97e-08, 2.71, 0.73, 1e-08, 0
515505601, 2.73, 4.42e-09, 5.66e-09, 1.21, 0.62, 1e-08, 0
516024001, 2.13, 2.05e-08, 2.39e-08, 2.27, 0.83, 1e-08, 0
516283201, 1.14, 4.48e-08, 4.77e-08, 3.09, 5.39, 1e-08, 102
516542401, 9.98, 1.6e-08, 1.71e-08, 1.53, 0.52, 1e-08, 0
516801601, 3.49, 7.42e-08, 6.73e-07, 6.95, 3.04, 1e-08, 102
517060801, 4.47, 4.87e-08, 4.15e-08, 2.36, 0.66, 1e-08, 0
517320001, 5.04, 3.06e-08, 3.19e-08, 2.02, 0.56, 1e-08, 0
517579201, 1.37, 2.85e-08, 3.26e-08, 2.36, 1.08, 1e-08, 0
518097601, 3.01, 1.19e-08, 1.78e-08, 1.55, 0.64, 1e-08, 0
519134401, 2.36, 9.45e-08, 7.73e-08, 3.64, 1.39, 1e-08, 0
519912001, 2.61, 5.66e-09, 7.84e-09, 1.49, 0.68, 1e-08, 0
520171201, 5.59, 7.15e-09, 9.77e-09, 1.39, 0.62, 1e-08, 0
521208001, 7.02, 5.37e-08, 3.83e-08, 2.25, 0.54, 1e-08, 0
521467201, 3.98, 7.61e-08, 4.51e-08, 4.89, 2.94, 1e-08, 102
521726401, 6.61, 1.15e-07, 1.59e-06, 6.91, 2.31, 1e-08, 102
521985601, 3.32, 2.92e-08, 3.23e-08, 2.11, 0.64, 1e-08, 0
522244801, 3.43, 2.58e-08, 2.49e-08, 1.76, 0.47, 1e-08, 0
523800001, 6.33, 5.44e-09, 7.34e-09, 1.2, 0.67, 1e-08, 0
524836801, 11.91, 2.84e-09, 2.85e-09, 0.31, 0.83, 1e-08, 0
525614401, 5.5, 1.37e-07, 7.02e-08, 4.6, 2.41, 1e-08, 102
526651201, 1.03, 4.5e-09, 7.41e-09, 1.55, 0.81, 1e-08, 0
526910401, 3.14, 3.69e-08, 3.22e-08, 2.11, 0.56, 1e-08, 0
527169601, 7.37, 3.83e-08, 3.02e-08, 1.87, 0.46, 1e-08, 0
527688001, 2.69, 2.76e-08, 3.24e-08, 2.26, 0.72, 1e-08, 0
528206401, 2.68, 7.06e-08, 8.95e-08, 3.3, 3.95, 1e-08, 102
530020801, 2.21, 2.71e-08, 3.98e-08, 2.12, 0.84, 1e-08, 0
531316801, 1.24, 5.31e-08, 5.18e-08, 3.72, 4.77, 1e-08, 102
531576001, 7.11, 1.12e-08, 1.1e-08, 1.3, 0.45, 1e-08, 0
532353601, 16.09, 3.98e-08, 2.89e-08, 1.65, 0.36, 1e-08, 0
534168001, 1.52, 4.51e-08, 5.58e-07, 6.79, 4.15, 1e-08, 102
535464001, 3.76, 4.27e-08, 3.81e-08, 2.47, 0.74, 1e-08, 0
535723201, 2.67, 4.39e-08, 3.46e-08, 2.46, 0.57, 1e-08, 0
536241601, 2.05, 2.55e-08, 2.57e-08, 2.19, 0.66, 1e-08, 0
538574401, 6.01, 1.45e-08, 1.56e-08, 1.57, 0.48, 1e-08, 0
538833601, 7.01, 1.82e-08, 2.38e-08, 1.7, 0.58, 1e-08, 0
539870401, 4.3, 5.34e-08, 4.83e-08, 2.34, 0.67, 1e-08, 0
540648001, 3.76, 4.56e-08, 3.79e-08, 2.69, 0.79, 1e-08, 0
542203201, 2.67, 3.07e-08, 3.42e-08, 2.23, 0.64, 1e-08, 0
542721601, 1.08, 1.29e-08, 2.4e-08, 2.08, 0.96, 1e-08, 0
545313601, 1.13, 9.91e-07, 1.47e-06, 2.51, 1.05, 1e-08, 0
546609601, 1.33, 2.22e-07, 2.54e-07, 3.36, 1.78, 1e-08, 0
546868801, 1.91, 9.87e-09, 1.54e-08, 2.02, 0.85, 1e-08, 0
547387201, 4.35, 1.75e-09, 1.99e-09, 0.97, 0.63, 1e-08, 0
547646401, 9.55, 1.79e-09, 2.09e-09, 0.95, 0.68, 1e-08, 0
548683201, 2.21, 6.69e-09, 1.09e-08, 1.37, 0.72, 1e-08, 0
549720001, 2.89, 2.19e-08, 2.84e-08, 2.3, 0.88, 1e-08, 0
549979201, 2.68, 5.04e-08, 4.8e-08, 2.78, 0.99, 1e-08, 0
550497601, 1.12, 1.28e-07, 1.47e-07, 2.62, 0.79, 1e-08, 0
553608001, 7.45, 8.94e-08, 7.76e-08, 2.13, 0.57, 1e-08, 0
555422401, 4.15, 1.03e-08, 1.77e-08, 1.68, 0.75, 1e-08, 0
559051201, 1.1, 2.98e-08, 3.55e-08, 3.12, 1.29, 1e-08, 0
560606401, 5.31, 1.65e-08, 2.84e-08, 1.36, 0.81, 1e-08, 0
562420801, 3.14, 3.48e-08, 2.74e-08, 2.47, 0.62, 1e-08, 0
566049601, 1.37, 1.29e-08, 2.18e-08, 2.35, 1.45, 1e-08, 0
573825601, 1.67, 8.61e-09, 1.3e-08, 1.76, 0.8, 1e-08, 0
574603201, 3.46, 3.47e-08, 2.92e-08, 2.08, 0.49, 1e-08, 0
575380801, 5.04, 2.84e-08, 3.42e-08, 2.17, 0.71, 1e-08, 0
576676801, 2.98, 6.27e-08, 4.86e-08, 3.54, 3.47, 1e-08, 102
577454401, 3.06, 3.43e-08, 2.88e-08, 2.52, 0.68, 1e-08, 0
577713601, 3.41, 2.79e-08, 3.04e-08, 2.42, 0.75, 1e-08, 0
579528001, 6.0, 1.22e-08, 1.39e-08, 1.35, 0.52, 1e-08, 0
583934401, 2.01, 2.05e-08, 2.55e-08, 2.14, 0.74, 1e-08, 0
585748801, 2.08, 8.47e-08, 1.02e-07, 2.76, 1.07, 1e-08, 0
586267201, 4.61, 1.5e-08, 1.54e-08, 1.77, 0.56, 1e-08, 0
586526401, 2.96, 4.8e-08, 4.97e-08, 2.57, 1.09, 1e-08, 0
586785601, 4.32, 5.14e-09, 6.37e-09, 1.29, 0.62, 1e-08, 0
588081601, 1.36, 5.59e-08, 5.89e-08, 3.6, 4.82, 1e-08, 102
588859201, 1.35, 5.51e-08, 6.2e-08, 2.66, 1.12, 1e-08, 0
589118401, 2.02, 9.44e-08, 1.14e-07, 3.58, 4.66, 1e-08, 102
590155201, 3.47, 5.68e-08, 4.28e-08, 2.61, 0.6, 1e-08, 0
591451201, 1.44, 4.08e-08, 3.69e-08, 3.29, 4.58, 1e-08, 102
591969601, 5.48, 1.39e-07, 7.72e-08, 3.86, 1.64, 1e-08, 102
592747201, 1.99, 6.21e-09, 9.87e-09, 1.68, 0.85, 1e-08, 0
594302401, 3.34, 3.93e-08, 3.62e-08, 2.38, 0.66, 1e-08, 0
594820801, 2.51, 2.67e-08, 2.61e-08, 2.38, 0.7, 1e-08, 0
595857601, 3.36, 9e-08, 7.46e-07, 7.01, 2.78, 1e-08, 102
596116801, 4.49, 9.71e-08, 5.47e-08, 4.96, 2.71, 1e-08, 102
597412801, 10.71, 1.46e-07, 5.9e-08, 3.83, 1.97, 1e-08, 102
599227201, 7.89, 8.91e-08, 9.68e-08, 2.4, 0.76, 1e-08, 0
600523201, 3.59, 4.6e-08, 4.11e-08, 1.99, 0.48, 1e-08, 0
600782401, 7.1, 9.6e-09, 1.04e-08, 1.2, 0.48, 1e-08, 0
601819201, 5.9, 9.22e-08, 5.5e-08, 2.79, 0.7, 1e-08, 0
602078401, 1.71, 5.11e-08, 6.07e-07, 6.83, 3.99, 1e-08, 102
603374401, 84.54, 84600.0, 0, 10.0, 0, 1e-08, 0
604929601, 2.19, 2.09e-08, 3.35e-08, 2.04, 0.91, 1e-08, 0
605448001, 1.1, 2.91e-08, 4.08e-08, 2.51, 1.05, 1e-08, 0
606225601, 1.54, 5.8e-08, 9.89e-08, 3.58, 4.98, 1e-08, 102
606484801, 4.49, 9.02e-08, 4.51e-07, 7.02, 1.68, 1e-08, 102
607780801, 1.43, 2.08e-08, 3.43e-08, 2.34, 1.12, 1e-08, 0
608040001, 3.12, 7.61e-08, 5.09e-08, 3.53, 3.34, 1e-08, 102
610372801, 4.91, 2.4e-08, 3.43e-08, 2.02, 0.81, 1e-08, 0
611928001, 3.83, 6.77e-08, 6.33e-08, 3.15, 2.81, 1e-08, 0
612964801, 1.28, 8.07e-09, 1.28e-08, 1.75, 0.73, 1e-08, 0
613224001, 1.25, 1.95e-09, 2.71e-09, 0.82, 0.75, 1e-08, 0
614260801, 1.1, 3.05e-08, 3.78e-08, 1.89, 0.52, 1e-08, 0
614779201, 5.08, 1.29e-07, 7.02e-08, 4.36, 2.61, 1e-08, 102
617630401, 1.08, 3.8e-08, 6.28e-08, 1.52, 0.78, 1e-08, 0
617889601, 5.6, 2.93e-07, 2.22e-07, 2.32, 0.61, 1e-08, 0
618667201, 3.31, 9.22e-09, 1.45e-08, 1.5, 0.76, 1e-08, 0
619444801, 3.0, 3.89e-08, 4.1e-08, 2.43, 0.72, 1e-08, 0
622296001, 3.53, 7.07e-08, 4.45e-08, 3.88, 3.14, 1e-08, 102
623851201, 2.95, 1.98e-08, 2.54e-08, 2.02, 0.74, 1e-08, 0
624628801, 2.8, 3.03e-08, 3.31e-08, 2.26, 0.67, 1e-08, 0
626184001, 5.59, 1.11e-07, 5.91e-08, 7.08, 0.18, 1e-08, 0
626702401, 10.5, 8.12e-09, 9.16e-09, 1.36, 0.52, 1e-08, 0
627739201, 23.84, 1.79e-08, 1.31e-08, 1.32, 0.34, 1e-08, 0
629553601, 2.73, 6.92e-08, 5.19e-08, 3.75, 3.51, 1e-08, 102
631627201, 1.97, 1.65e-07, 1.71e-07, 3.06, 1.07, 1e-08, 0
632923201, 1.9, 1.39e-08, 2.34e-08, 1.93, 0.88, 1e-08, 0
633441601, 1.01, 4.03e-08, 4.82e-08, 2.54, 0.78, 1e-08, 0
635515201, 28.32, 2910.0, 0, 10.0, 0, 1e-08, 0
636552001, 4.05, 5.39e-09, 6.62e-09, 1.47, 0.64, 1e-08, 0
636811201, 7.9, 1.17e-07, 6.31e-08, 2.93, 1.03, 1e-08, 0
642513601, 1.17, 2.19e-08, 3.16e-08, 2.07, 0.87, 1e-08, 0
644587201, 2.46, 6.42e-08, 8.29e-08, 3.03, 4.13, 1e-08, 102
645105601, 2.58, 3.98e-08, 3.29e-08, 2.57, 1.39, 1e-08, 0
645883201, 4.24, 3.98e-08, 4.54e-08, 2.35, 0.76, 1e-08, 0
646920001, 1.52, 2.64e-08, 3.21e-08, 2.1, 0.75, 1e-08, 0
647438401, 4.7, 1.13e-07, 7.4e-08, 3.57, 2.77, 1e-08, 102
647956801, 3.4, 2.68e-08, 2.28e-08, 2.07, 0.55, 1e-08, 0
648475201, 337.81, 84600.0, 0, 10.0, 0, 1e-08, 0
651326401, 3.94, 1.32e-08, 1.53e-08, 1.64, 0.61, 1e-08, 0
651844801, 1.03, 4.89e-09, 7.73e-09, 1.38, 0.67, 1e-08, 0
658065601, 5.32, 3.25e-08, 3.07e-08, 1.79, 0.51, 1e-08, 0
659361601, 4.7, 3.92e-09, 5.64e-09, 1.23, 0.7, 1e-08, 0
660139201, 8.68, 3.89e-09, 4.83e-09, 0.96, 0.74, 1e-08, 0
660916801, 3.88, 7.2e-09, 9.71e-09, 1.32, 0.62, 1e-08, 0
662990401, 3.79, 2.23e-07, 1.38e-07, 7.31, 0.21, 1e-08, 0
665323201, 4.11, 7.98e-09, 1.43e-08, 1.28, 0.78, 1e-08, 0
668692801, 1.95, 5.87e-08, 1.07e-07, 3.6, 4.78, 1e-08, 102
669729601, 1.29, 6.68e-08, 1.2e-07, 4.35, 2.2, 1e-08, 102
671284801, 6.67, 9.89e-08, 5.08e-08, 3.59, 2.43, 1e-08, 102
672580801, 2.66, 3.4e-08, 2.8e-08, 2.91, 0.8, 1e-08, 0
673099201, 1.58, 2.01e-08, 2.18e-08, 2.19, 0.68, 1e-08, 0
673617601, 2.75, 5.75e-08, 4.12e-08, 2.9, 0.67, 1e-08, 0
673876801, 1.64, 3.82e-08, 4.15e-08, 2.48, 0.84, 1e-08, 0
675172801, 2.44, 2.35e-08, 2.64e-08, 2.32, 0.75, 1e-08, 0
676728001, 3.63, 1.93e-08, 1.82e-08, 1.9, 0.56, 1e-08, 0
677246401, 1.42, 5.43e-09, 7.55e-09, 1.2, 0.62, 1e-08, 0
678024001, 2.9, 8.06e-08, 6.55e-08, 2.93, 0.81, 1e-08, 0
678542401, 2.77, 7.13e-08, 6.78e-08, 2.98, 0.92, 1e-08, 0
679060801, 2.36, 6.02e-08, 5.79e-08, 3.22, 3.73, 1e-08, 0
679579201, 1.89, 1.88e-08, 2.74e-08, 2.26, 0.88, 1e-08, 0
680356801, 259.82, 84600.0, 0, 10.0, 0, 1e-08, 0
680616001, 24.92, 0.000543, 0.00018, 3.73, 0.12, 1e-08, 0
684244801, 1.28, 2.02e-08, 4.19e-08, 2.2, 1.29, 1e-08, 0
684504001, 3.71, 2.89e-08, 3.97e-08, 2.08, 0.93, 1e-08, 0
685800001, 4.05, 2.04e-08, 2.22e-08, 1.76, 0.56, 1e-08, 0
686059201, 4.29, 6.73e-08, 4.38e-08, 2.82, 0.71, 1e-08, 0
694353601, 7.62, 8460000.0, 0, 10.0, 0, 1e-08, 0
695908801, 3.95, 5.91e-09, 7.77e-09, 1.33, 0.62, 1e-08, 0
696686401, 1.21, 9.88e-09, 1.79e-08, 1.97, 1.02, 1e-08, 0
696945601, 4.71, 1.49e-07, 9.39e-08, 3.09, 1.06, 1e-08, 0
697204801, 4.02, 1.3e-07, 7.49e-08, 5.9, 2.71, 1e-08, 102
697464001, 1.7, 2.44e-08, 3.32e-08, 2.31, 0.83, 1e-08, 0
698241601, 1.88, 1.63e-08, 3.03e-08, 1.86, 0.99, 1e-08, 0
699537601, 1.43, 1.14e-08, 1.75e-08, 1.65, 0.82, 1e-08, 0
700315201, 2.19, 4.73e-08, 4.71e-08, 2.67, 0.86, 1e-08, 0
705758401, 1.43, 6.14e-08, 5.38e-08, 4.31, 4.48, 1e-08, 102
706017601, 1.81, 7.21e-09, 1.11e-08, 1.4, 0.65, 1e-08, 0
706536001, 1.49, 1.62e-08, 2.25e-08, 1.93, 0.64, 1e-08, 0
707313601, 3.51, 9.55e-08, 6.65e-08, 3.83, 3.02, 1e-08, 102
707572801, 1.13, 2.44e-08, 4.18e-08, 2.45, 1.21, 1e-08, 0
707832001, 3.26, 3.55e-08, 3.19e-08, 2.43, 0.65, 1e-08, 0
710683201, 12.1, 8.08e-09, 7.03e-09, 1.12, 0.47, 1e-08, 0
711201601, 1.05, 3.42e-08, 4e-08, 2.21, 0.69, 1e-08, 0
712238401, 240.47, 8460000.0, 0, 10.0, 0, 1e-08, 0
714571201, 2.95, 9.72e-08, 6.59e-08, 4.26, 3.28, 1e-08, 102
714830401, 1.96, 3.36e-08, 3.53e-08, 2.29, 0.67, 1e-08, 0
716904001, 3.36, 8.22e-09, 9.7e-09, 1.2, 0.72, 1e-08, 0
718200001, 3.28, 6.24e-08, 3.26e-07, 10.0, 0, 1e-08, 1
718977601, 1.61, 2.87e-08, 3.24e-08, 2.71, 1.25, 1e-08, 0
720014401, 1.14, 4.97e-08, 4.88e-08, 5.9, 4.86, 1e-08, 102
720792001, 4.85, 9.59e-09, 1.56e-08, 1.7, 0.8, 1e-08, 0
722347201, 4.92, 2.95e-08, 4.34e-08, 2.32, 0.95, 1e-08, 0
724161601, 2.07, 7.7e-09, 1.25e-08, 1.62, 0.75, 1e-08, 0
724680001, 2.48, 5.75e-08, 6.07e-08, 2.51, 0.84, 1e-08, 0
725198401, 6.97, 4.34e-09, 5.5e-09, 1.15, 0.68, 1e-08, 0
725457601, 9.32, 5.98e-08, 3.5e-08, 2.27, 0.41, 1e-08, 0
727790401, 3.53, 2.95e-08, 3.56e-08, 2.2, 0.9, 1e-08, 0
728049601, 3.25, 2.28e-08, 3.37e-08, 1.98, 0.79, 1e-08, 0
729345601, 1.05, 4.36e-08, 4.61e-08, 4.06, 5.27, 1e-08, 102
730123201, 1.06, 7.79e-08, 8.89e-08, 3.15, 1.02, 1e-08, 0
730641601, 11.74, 1.52e-08, 1.6e-08, 0.93, 0.6, 1e-08, 0
732196801, 1.59, 5.34e-08, 5.05e-08, 3.36, 1.07, 1e-08, 0
732974401, 2.22, 5.98e-08, 4.41e-08, 6.01, 3.57, 1e-08, 102
734270401, 1.26, 2.37e-08, 3.21e-08, 2.45, 1.2, 1e-08, 0
734788801, 21.27, 5.97e-09, 4.44e-09, 0.71, 0.5, 1e-08, 0
735307201, 1.67, 2.88e-08, 3.6e-08, 2.45, 0.95, 1e-08, 0
735825601, 3.23, 6e-08, 4.62e-08, 2.6, 0.64, 1e-08, 0
736603201, 4.31, 7.31e-08, 9.86e-07, 6.22, 2.26, 1e-08, 0
737121601, 4.34, 1.61e-08, 1.46e-08, 1.77, 0.46, 1e-08, 0
737640001, 1.43, 2.47e-08, 3.56e-08, 2.09, 0.92, 1e-08, 0
738417601, 3.2, 3.22e-08, 3.35e-08, 2.08, 0.59, 1e-08, 0
738676801, 3.94, 3.41e-08, 2.88e-08, 2.36, 0.69, 1e-08, 0
740491201, 1.17, 2.81e-08, 3.3e-08, 2.81, 1.02, 1e-08, 0
742046401, 2.9, 3.63e-08, 3.7e-08, 2.14, 0.61, 1e-08, 0
