timestamp, ts, flux, flux_error, photon_index, photon_index_interval, fit_tolerance, fit_convergence
241099201, 1.45, 1.48e-08, 1.51e-08, 2.18, 0, 1e-08, 0
243518401, 1.01, 1.84e-08, 2.15e-08, 2.18, 0, 1e-08, 0
248356801, 1.55, 1.96e-08, 2e-08, 2.18, 0, 1e-08, 0
254404801, 1.78, 1.92e-08, 1.71e-08, 2.18, 0, 1e-08, 0
255614401, 4.69, 2.79e-08, 2.07e-08, 2.18, 0, 1e-08, 0
260452801, 1.38, 2.19e-08, 2.13e-08, 2.18, 0, 1e-08, 0
261662401, 2.01, 1.71e-08, 1.61e-08, 2.18, 0, 1e-08, 0
262872001, 1.24, 1.29e-08, 1.4e-08, 2.18, 0, 1e-08, 0
264081601, 4.92, 3.46e-08, 2e-08, 2.18, 0, 1e-08, 0
267105601, 7.21, 2.97e-08, 1.77e-08, 2.18, 0, 1e-08, 0
270734401, 1.96, 2.08e-08, 1.87e-08, 2.18, 0, 1e-08, 0
271339201, 2.46, 1.89e-08, 1.61e-08, 2.18, 0, 1e-08, 0
279806401, 6.8, 2.29e-08, 1.41e-08, 2.18, 0, 1e-08, 0
288878401, 1.27, 2.48e-08, 2.44e-08, 2.18, 0, 1e-08, 0
298555201, 2.98, 1.99e-08, 1.62e-08, 2.18, 0, 1e-08, 0
299764801, 3.77, 3.39e-08, 2.23e-08, 2.18, 0, 1e-08, 0
300369601, 2.98, 1.73e-08, 1.71e-08, 2.18, 0, 1e-08, 0
300974401, 2.0, 1.93e-08, 1.69e-08, 2.18, 0, 1e-08, 0
303393601, 1.57, 1.23e-08, 1.27e-08, 2.18, 0, 1e-08, 0
305812801, 1.89, 1.58e-08, 1.6e-08, 2.18, 0, 1e-08, 0
309441601, 1.09, 1.04e-08, 1.35e-08, 2.18, 0, 1e-08, 0
311256001, 6.93, 2.84e-08, 1.67e-08, 2.18, 0, 1e-08, 0
316094401, 12.02, 3.03e-08, 1.75e-08, 2.18, 0, 1e-08, 0
322747201, 6.36, 1.61e-08, 1.11e-08, 2.18, 0, 1e-08, 0
326376001, 1.13, 1.18e-08, 1.45e-08, 2.18, 0, 1e-08, 0
329400001, 6.9, 4.01e-08, 2.27e-08, 2.18, 0, 1e-08, 0
331214401, 3.36, 3e-08, 2.08e-08, 2.18, 0, 1e-08, 0
331819201, 1.98, 2.62e-08, 2.15e-08, 2.18, 0, 1e-08, 0
349963201, 4.05, 1.25e-08, 1.19e-08, 2.18, 0, 1e-08, 0
352987201, 2.57, 2.86e-08, 2.3e-08, 2.18, 0, 1e-08, 0
353592001, 1.2, 2.08e-08, 2.11e-08, 2.18, 0, 1e-08, 0
364478401, 1.3, 1.86e-08, 1.94e-08, 2.18, 0, 1e-08, 0
365083201, 1.43, 2.52e-08, 2.44e-08, 2.18, 0, 1e-08, 0
365688001, 1.04, 1.76e-08, 1.95e-08, 2.18, 0, 1e-08, 0
371736001, 2.39, 1.16e-08, 1.21e-08, 2.18, 0, 1e-08, 0
374155201, 6.66, 3.54e-08, 2.01e-08, 2.18, 0, 1e-08, 0
378993601, 6.23, 3.24e-08, 1.8e-08, 2.18, 0, 1e-08, 0
384436801, 3.06, 2.06e-08, 1.82e-08, 2.18, 0, 1e-08, 0
388670401, 2.23, 1.52e-08, 1.46e-08, 2.18, 0, 1e-08, 0
389275201, 3.94, 2.53e-08, 1.73e-08, 2.18, 0, 1e-08, 0
390484801, 2.38, 1.62e-08, 1.26e-08, 2.18, 0, 1e-08, 0
393508801, 2.0, 1.04e-08, 1.15e-08, 2.18, 0, 1e-08, 0
398952001, 3.9, 5.04e-08, 3.03e-08, 2.18, 0, 1e-08, 0
403185601, 2.07, 1.56e-08, 1.45e-08, 2.18, 0, 1e-08, 0
417096001, 1.56, 1.26e-08, 1.55e-08, 2.18, 0, 1e-08, 0
417700801, 1.05, 4.14e-08, 4.61e-08, 2.18, 0, 1e-08, 0
420724801, 4.15, 4.22e-08, 2.47e-08, 2.18, 0, 1e-08, 0
431006401, 6.53, 6.12e-08, 3.75e-08, 2.18, 0, 1e-08, 0
434030401, 2.11, 3.01e-08, 2.71e-08, 2.18, 0, 1e-08, 0
448545601, 4.79, 7.51e-08, 4.47e-08, 2.18, 0, 1e-08, 0
451569601, 1.67, 3.08e-08, 2.66e-08, 2.18, 0, 1e-08, 0
455803201, 2.07, 2.8e-08, 2.19e-08, 2.18, 0, 1e-08, 0
456408001, 1.51, 2.03e-08, 2.04e-08, 2.18, 0, 1e-08, 0
458222401, 1.76, 2.66e-08, 2.25e-08, 2.18, 0, 1e-08, 0
460036801, 2.71, 2.67e-08, 1.94e-08, 2.18, 0, 1e-08, 0
461246401, 7.35, 1.73e-08, 1.42e-08, 2.18, 0, 1e-08, 0
461851201, 7.26, 1.6e-08, 1.32e-08, 2.18, 0, 1e-08, 0
462456001, 2.57, 9.28e-09, 9.62e-09, 2.18, 0, 1e-08, 0
465480001, 10.22, 6.05e-08, 2.59e-08, 2.18, 0, 1e-08, 0
468504001, 2.02, 1.65e-08, 1.53e-08, 2.18, 0, 1e-08, 0
479390401, 2.31, 2.81e-08, 2.22e-08, 2.18, 0, 1e-08, 0
479995201, 1.98, 1.81e-08, 1.65e-08, 2.18, 0, 1e-08, 0
481204801, 2.13, 1.1e-08, 1.22e-08, 2.18, 0, 1e-08, 0
481809601, 1.74, 2.21e-08, 2.01e-08, 2.18, 0, 1e-08, 0
483019201, 2.01, 1.42e-08, 1.32e-08, 2.18, 0, 1e-08, 0
493905601, 5.17, 1.79e-08, 1.52e-08, 2.18, 0, 1e-08, 0
496929601, 8.38, 3.48e-08, 2.02e-08, 2.18, 0, 1e-08, 0
502977601, 2.9, 2.02e-08, 1.83e-08, 2.18, 0, 1e-08, 0
505396801, 1.16, 1.14e-08, 1.29e-08, 2.18, 0, 1e-08, 0
506606401, 1.32, 1.93e-08, 1.97e-08, 2.18, 0, 1e-08, 0
508420801, 1.7, 1.24e-08, 1.33e-08, 2.18, 0, 1e-08, 0
510235201, 1.24, 1.96e-08, 2.04e-08, 2.18, 0, 1e-08, 0
515678401, 4.09, 2.08e-08, 1.67e-08, 2.18, 0, 1e-08, 0
516888001, 2.07, 2.05e-08, 1.76e-08, 2.18, 0, 1e-08, 0
518702401, 1.9, 1.32e-08, 1.41e-08, 2.18, 0, 1e-08, 0
522331201, 1.72, 1.37e-08, 1.37e-08, 2.18, 0, 1e-08, 0
524145601, 1.92, 1.52e-08, 1.5e-08, 2.18, 0, 1e-08, 0
528379201, 1.78, 1.03e-08, 1.15e-08, 2.18, 0, 1e-08, 0
528984001, 11.08, 2.91e-08, 1.76e-08, 2.18, 0, 1e-08, 0
530798401, 5.19, 1.9e-08, 1.25e-08, 2.18, 0, 1e-08, 0
531403201, 2.84, 1.06e-08, 1.07e-08, 2.18, 0, 1e-08, 0
532612801, 7.02, 3.1e-08, 1.86e-08, 2.18, 0, 1e-08, 0
547128001, 8.85, 1.73e-08, 1.09e-08, 2.18, 0, 1e-08, 0
547732801, 10.7, 3.25e-08, 1.47e-08, 2.18, 0, 1e-08, 0
548337601, 21.59, 2.27e-07, 8.1e-08, 2.18, 0, 1e-08, 0
548942401, 6.78, 2.48e-08, 1.53e-08, 2.18, 0, 1e-08, 0
549547201, 4.79, 1.94e-08, 1.31e-08, 2.18, 0, 1e-08, 0
550152001, 3.33, 2.19e-08, 1.81e-08, 2.18, 0, 1e-08, 0
551361601, 52.38, 6.92e-08, 1.6e-08, 2.18, 0, 1e-08, 0
551966401, 3.02, 3.54e-07, 2.74e-07, 2.18, 0, 1e-08, 0
552571201, 1.05, 1.16e-08, 1.47e-08, 2.18, 0, 1e-08, 0
553176001, 6.84, 2.37e-08, 1.31e-08, 2.18, 0, 1e-08, 0
553780801, 7.92, 2.68e-08, 1.26e-08, 2.18, 0, 1e-08, 0
554385601, 3.34, 3.03e-08, 2.39e-08, 2.18, 0, 1e-08, 0
554990401, 1.63, 1.5e-08, 1.38e-08, 2.18, 0, 1e-08, 0
556200001, 2.18, 2.82e-08, 2.52e-08, 2.18, 0, 1e-08, 0
556804801, 5.8, 3.62e-08, 2.01e-08, 2.18, 0, 1e-08, 0
557409601, 3.34, 2.22e-08, 1.5e-08, 2.18, 0, 1e-08, 0
558619201, 1.82, 1.62e-08, 1.38e-08, 2.18, 0, 1e-08, 0
559828801, 2.87, 1.37e-08, 1.08e-08, 2.18, 0, 1e-08, 0
560433601, 4.69, 1.76e-08, 1.28e-08, 2.18, 0, 1e-08, 0
564667201, 2.66, 1.19e-08, 1.01e-08, 2.18, 0, 1e-08, 0
567691201, 1.44, 6.3e-09, 7.71e-09, 2.18, 0, 1e-08, 0
568296001, 3.23, 4.53e-09, 4.81e-09, 2.18, 0, 1e-08, 0
571924801, 3.09, 1.23e-08, 1.09e-08, 2.18, 0, 1e-08, 0
573739201, 1.65, 1.18e-08, 1.2e-08, 2.18, 0, 1e-08, 0
574344001, 1.57, 2.34e-08, 2.2e-08, 2.18, 0, 1e-08, 0
575553601, 6.81, 3.02e-08, 1.76e-08, 2.18, 0, 1e-08, 0
576763201, 4.78, 3.78e-08, 2.18e-08, 2.18, 0, 1e-08, 0
580996801, 3.85, 2.2e-08, 1.63e-08, 2.18, 0, 1e-08, 0
583416001, 4.01, 2.89e-08, 1.99e-08, 2.18, 0, 1e-08, 0
584020801, 2.51, 1.5e-08, 1.27e-08, 2.18, 0, 1e-08, 0
593092801, 1.49, 2.24e-08, 2.16e-08, 2.18, 0, 1e-08, 0
594302401, 1.01, 1.16e-08, 1.49e-08, 2.18, 0, 1e-08, 0
596721601, 2.54, 1.13e-08, 1.12e-08, 2.18, 0, 1e-08, 0
597931201, 1.07, 7.7e-09, 1.04e-08, 2.18, 0, 1e-08, 0
600955201, 2.69, 2.03e-08, 1.77e-08, 2.18, 0, 1e-08, 0
602769601, 3.12, 1.16e-08, 9.92e-09, 2.18, 0, 1e-08, 0
603374401, 10.0, 2.7e-08, 1.5e-08, 2.18, 0, 1e-08, 0
604584001, 2.61, 2.57e-08, 1.94e-08, 2.18, 0, 1e-08, 0
607608001, 3.78, 1.48e-08, 1.4e-08, 2.18, 0, 1e-08, 0
608212801, 1.61, 1.68e-08, 1.66e-08, 2.18, 0, 1e-08, 0
611841601, 3.37, 1.5e-08, 1.42e-08, 2.18, 0, 1e-08, 0
618494401, 1.26, 1.85e-08, 1.89e-08, 2.18, 0, 1e-08, 0
619704001, 9.78, 1.78e-08, 1.42e-08, 2.18, 0, 1e-08, 0
622728001, 2.08, 2.13e-08, 1.81e-08, 2.18, 0, 1e-08, 0
628171201, 7.83, 2.53e-08, 2.03e-08, 2.18, 0, 1e-08, 0
631800001, 2.35, 1.09e-08, 9.72e-09, 2.18, 0, 1e-08, 0
632404801, 1.07, 1.54e-08, 1.76e-08, 2.18, 0, 1e-08, 0
635428801, 18.33, 3.18e-08, 1.39e-08, 2.18, 0, 1e-08, 0
636033601, 4.62, 1.77e-08, 1.49e-08, 2.18, 0, 1e-08, 0
636638401, 4.83, 2.77e-08, 1.79e-08, 2.18, 0, 1e-08, 0
637848001, 4.32, 1.74e-08, 1.26e-08, 2.18, 0, 1e-08, 0
638452801, 6.58, 2.62e-08, 1.62e-08, 2.18, 0, 1e-08, 0
640267201, 13.76, 6.44e-08, 2.44e-08, 2.18, 0, 1e-08, 0
640872001, 1.34, 2.08e-08, 2.13e-08, 2.18, 0, 1e-08, 0
643291201, 1.61, 1.05e-08, 1.19e-08, 2.18, 0, 1e-08, 0
643896001, 2.52, 1.45e-08, 1.43e-08, 2.18, 0, 1e-08, 0
645710401, 2.66, 1.12e-08, 9.81e-09, 2.18, 0, 1e-08, 0
646920001, 1.37, 2.06e-08, 2e-08, 2.18, 0, 1e-08, 0
648129601, 1.26, 1.13e-08, 1.29e-08, 2.18, 0, 1e-08, 0
649339201, 8.48, 1.6e-08, 1.01e-08, 2.18, 0, 1e-08, 0
649944001, 3.31, 1.39e-08, 1.09e-08, 2.18, 0, 1e-08, 0
651153601, 1.27, 2.05e-08, 2.08e-08, 2.18, 0, 1e-08, 0
652363201, 4.75, 2.35e-08, 1.84e-08, 2.18, 0, 1e-08, 0
652968001, 3.62, 6.84e-09, 6.97e-09, 2.18, 0, 1e-08, 0
657201601, 1.16, 9.76e-09, 1.17e-08, 2.18, 0, 1e-08, 0
659016001, 4.72, 3.48e-08, 2.15e-08, 2.18, 0, 1e-08, 0
660225601, 6.12, 4.68e-08, 2.32e-08, 2.18, 0, 1e-08, 0
664459201, 7.93, 1.66e-08, 1.34e-08, 2.18, 0, 1e-08, 0
668692801, 11.67, 3.43e-08, 1.92e-08, 2.18, 0, 1e-08, 0
674136001, 3.5, 1.27e-08, 1.15e-08, 2.18, 0, 1e-08, 0
674740801, 1.0, 1.03e-08, 1.37e-08, 2.18, 0, 1e-08, 0
675345601, 6.2, 3.22e-08, 1.83e-08, 2.18, 0, 1e-08, 0
680184001, 1.33, 1.21e-08, 1.37e-08, 2.18, 0, 1e-08, 0
684417601, 1.03, 1.64e-08, 1.83e-08, 2.18, 0, 1e-08, 0
691675201, 10.31, 4.24e-08, 2.01e-08, 2.18, 0, 1e-08, 0
694094401, 7.27, 1.5e-08, 1.24e-08, 2.18, 0, 1e-08, 0
694699201, 2.21, 1.22e-08, 1.16e-08, 2.18, 0, 1e-08, 0
695908801, 3.06, 1.66e-08, 1.38e-08, 2.18, 0, 1e-08, 0
696513601, 6.09, 2.38e-08, 1.73e-08, 2.18, 0, 1e-08, 0
698328001, 1.34, 1.02e-08, 1.1e-08, 2.18, 0, 1e-08, 0
702561601, 3.77, 2.93e-08, 1.96e-08, 2.18, 0, 1e-08, 0
704980801, 10.06, 5.87e-08, 2.48e-08, 2.18, 0, 1e-08, 0
714657601, 1.38, 1.51e-08, 1.7e-08, 2.18, 0, 1e-08, 0
715262401, 2.11, 1.91e-08, 1.65e-08, 2.18, 0, 1e-08, 0
717076801, 4.45, 1.4e-08, 1.2e-08, 2.18, 0, 1e-08, 0
719496001, 3.23, 3.62e-08, 2.52e-08, 2.18, 0, 1e-08, 0
720100801, 2.35, 2.16e-08, 1.7e-08, 2.18, 0, 1e-08, 0
726753601, 6.95, 2.85e-08, 1.44e-08, 2.18, 0, 1e-08, 0
