timestamp, ts, flux, flux_error, photon_index, photon_index_interval, fit_tolerance, fit_convergence
239716801, 16.63, 1.4e-07, 7.53e-08, 2.52, 0.49, 1e-08, 0
239976001, 7.03, 5.93e-08, 5.37e-08, 2.05, 0.58, 1e-08, 0
240235201, 1.06, 2.08e-08, 3.53e-08, 2.25, 1.07, 1e-08, 0
240494401, 15.58, 1.62e-07, 8.7e-08, 2.47, 0.48, 1e-08, 0
240753601, 4.17, 2.59e-08, 4.19e-08, 1.84, 0.98, 1e-08, 0
241012801, 22.08, 1.99e-07, 7.7e-08, 2.47, 0.33, 1e-08, 0
241272001, 9.05, 2.31e-07, 9.7e-08, 3.76, 0.67, 1e-08, 0
241790401, 3.48, 1.44e-07, 8.72e-08, 3.89, 4.53, 1e-08, 102
242308801, 20.96, 2.06e-07, 9.6e-08, 2.59, 0.39, 1e-08, 0
242568001, 3.66, 6.55e-09, 8.66e-09, 0.97, 0.89, 1e-08, 0
242827201, 7.03, 9.47e-09, 1.24e-08, 0.96, 0.8, 1e-08, 0
243086401, 3.41, 9.78e-08, 8e-08, 2.93, 1.06, 1e-08, 0
243345601, 22.58, 1.62e-07, 7.49e-08, 2.24, 0.36, 1e-08, 0
243604801, 1.85, 9.55e-08, 8.96e-08, 2.87, 0.92, 1e-08, 0
244123201, 5.21, 2.85e-08, 2.57e-08, 1.85, 0.59, 1e-08, 0
244382401, 4.91, 1.71e-07, 1.02e-07, 4.19, 3.92, 1e-08, 102
244900801, 1.95, 1.06e-08, 2.16e-08, 1.5, 1.2, 1e-08, 0
245419201, 4.39, 4.24e-08, 3.53e-08, 2.03, 0.61, 1e-08, 0
245678401, 16.81, 6.98e-08, 4.92e-08, 1.82, 0.46, 1e-08, 0
245937601, 1.08, 7.29e-08, 8.89e-08, 5.0, 0, 1e-08, 0
246456001, 7.11, 4.29e-09, 5.37e-09, 0.0, 0, 1e-08, 0
246715201, 10.65, 2.78e-08, 3.06e-08, 1.52, 0.63, 1e-08, 0
246974401, 3.04, 1.54e-07, 1.18e-07, 3.81, 4.98, 1e-08, 102
247233601, 1.17, 4.75e-08, 7.23e-08, 2.9, 1.67, 1e-08, 0
247492801, 4.41, 1.57e-07, 1e-07, 3.27, 0.72, 1e-08, 0
247752001, 14.51, 3.2e-07, 1.35e-07, 5.0, 0, 1e-08, 0
248011201, 7.22, 8.39e-08, 7.69e-08, 2.27, 0.66, 1e-08, 0
248270401, 6.56, 6.75e-08, 6.45e-08, 2.26, 0.63, 1e-08, 0
248529601, 3.38, 4.9e-08, 4.4e-08, 2.14, 0.65, 1e-08, 0
248788801, 10.59, 4.75e-08, 5.57e-08, 1.85, 0.7, 1e-08, 0
249048001, 8.81, 1.4e-07, 7.62e-08, 2.76, 0.65, 1e-08, 0
249307201, 15.29, 2.7e-07, 9.7e-08, 2.91, 0.45, 1e-08, 0
249566401, 6.63, 1.2e-07, 6.72e-08, 2.61, 0.49, 1e-08, 0
249825601, 11.48, 2.13e-07, 8.7e-08, 3.01, 0.46, 1e-08, 0
250084801, 2.9, 2.03e-08, 3.38e-08, 1.72, 0.92, 1e-08, 0
250344001, 6.3, 6.33e-08, 5.18e-08, 2.29, 0.61, 1e-08, 0
250603201, 7.17, 1.66e-07, 9.41e-08, 3.11, 0.88, 1e-08, 0
250862401, 5.37, 9.77e-08, 7.65e-08, 2.57, 0.65, 1e-08, 0
251380801, 3.11, 1.34e-07, 8.78e-08, 3.92, 4.9, 1e-08, 102
252158401, 13.87, 5.23e-08, 5.48e-08, 1.6, 0.7, 1e-08, 0
252417601, 7.21, 2.05e-07, 1.49e-07, 3.65, 3.64, 1e-08, 102
252676801, 4.52, 3.62e-08, 4.98e-08, 2.14, 0.98, 1e-08, 0
252936001, 3.72, 2.12e-08, 3.54e-08, 1.97, 0.95, 1e-08, 0
253454401, 4.49, 2.86e-08, 4.74e-08, 1.86, 0.95, 1e-08, 0
253972801, 4.84, 1.53e-08, 1.92e-08, 1.38, 0.73, 1e-08, 0
254232001, 15.46, 2.23e-08, 2.29e-08, 1.25, 0.66, 1e-08, 0
255009601, 3.0, 9.16e-08, 7.05e-08, 3.13, 0.76, 1e-08, 0
255268801, 13.36, 2.27e-08, 2e-08, 1.49, 0.57, 1e-08, 0
255528001, 15.83, 1.5e-07, 6.88e-08, 2.31, 0.37, 1e-08, 0
255787201, 10.61, 5.13e-09, 5.18e-09, 0.52, 0.6, 1e-08, 0
256046401, 2.63, 1.52e-07, 1.12e-07, 4.01, 2.88, 1e-08, 0
256305601, 2.24, 7.95e-08, 8.66e-08, 3.09, 1.26, 1e-08, 0
256564801, 1.6, 6.63e-08, 8.19e-08, 2.93, 1.3, 1e-08, 0
257342401, 6.48, 6.42e-08, 4.78e-08, 1.94, 0.52, 1e-08, 0
257860801, 3.59, 1.41e-07, 1.09e-07, 5.0, 0, 1e-08, 0
258120001, 9.58, 4.22e-09, 4.51e-09, 0.29, 0.87, 1e-08, 0
258379201, 2.37, 1.15e-07, 8.99e-08, 3.73, 2.05, 1e-08, 0
258897601, 1.44, 1.14e-07, 1.21e-07, 3.24, 2.92, 1e-08, 0
259156801, 11.05, 1.31e-07, 9.38e-08, 2.42, 0.63, 1e-08, 0
259416001, 17.57, 4.62e-09, 6.39e-09, 0.0, 0, 1e-08, 0
259934401, 5.85, 3.52e-08, 3.96e-08, 1.93, 0.78, 1e-08, 0
260193601, 1.76, 1.08e-07, 2.44e-06, 4.36, 5.9, 1e-08, 102
260712001, 6.05, 6.74e-09, 8.85e-09, 1.07, 0.91, 1e-08, 0
261230401, 1.23, 9.06e-08, 1.92e-07, 3.38, 8.44, 1e-08, 102
261489601, 17.74, 4.29e-07, 1.28e-07, 4.69, 2.01, 1e-08, 102
261748801, 2.11, 1.13e-07, 1.34e-07, 3.61, 6.2, 1e-08, 102
262526401, 1.64, 1.03e-07, 9.18e-08, 3.88, 6.35, 1e-08, 102
262785601, 1.97, 1.11e-07, 8.89e-08, 3.92, 5.68, 1e-08, 102
263044801, 1.66, 3.82e-08, 1.06e-06, 2.68, 26.8, 1e-08, 102
263822401, 2.35, 6.77e-08, 7.31e-08, 2.39, 0.99, 1e-08, 0
264600001, 1.35, 9.17e-08, 3.18e-07, 4.1, 0.95, 1e-08, 0
266414401, 2.52, 1.03e-08, 1.7e-08, 1.46, 1, 1e-08, 0
267451201, 4.08, 9.91e-09, 1.3e-08, 1.21, 0.76, 1e-08, 0
268228801, 2.03, 7.88e-08, 8.43e-08, 3.12, 1.24, 1e-08, 0
268488001, 7.91, 5.34e-08, 6.58e-08, 1.91, 0.76, 1e-08, 0
269006401, 6.51, 1.78e-08, 2.59e-08, 1.51, 0.79, 1e-08, 0
269265601, 7.0, 8.89e-09, 1.19e-08, 1.2, 0.79, 1e-08, 0
269524801, 4.44, 1.3e-07, 7.81e-08, 3.39, 0.98, 1e-08, 0
269784001, 23.37, 1.35e-07, 6.5e-08, 2.17, 0.36, 1e-08, 0
270043201, 32.01, 2.42e-07, 8.5e-08, 2.35, 0.3, 1e-08, 0
270302401, 2.79, 2.43e-08, 3.41e-08, 1.85, 0.94, 1e-08, 0
270820801, 9.25, 2.01e-07, 1.06e-07, 3.08, 0.64, 1e-08, 0
271080001, 20.31, 8.76e-08, 4.66e-08, 1.89, 0.35, 1e-08, 0
271598401, 13.29, 2.69e-07, 2.81e-07, 3.37, 3.07, 1e-08, 102
271857601, 7.65, 3.45e-08, 2.83e-08, 1.46, 0.52, 1e-08, 0
272116801, 15.54, 5.23e-08, 4.37e-08, 1.8, 0.54, 1e-08, 0
272376001, 9.44, 2.62e-07, 1.42e-07, 5.0, 0, 1e-08, 0
272894401, 12.04, 2.56e-07, 9.8e-08, 3.75, 1.02, 1e-08, 0
273153601, 15.5, 2.5e-07, 8.6e-08, 3.56, 1.14, 1e-08, 0
273412801, 2.25, 6.72e-08, 5.77e-08, 2.49, 0.73, 1e-08, 0
273672001, 25.69, 1.69e-07, 7.82e-08, 2.33, 0.39, 1e-08, 0
273931201, 18.67, 8.45e-08, 6.67e-08, 1.96, 0.49, 1e-08, 0
274190401, 18.95, 3.73e-08, 2.71e-08, 1.38, 0.43, 1e-08, 0
274449601, 33.31, 2.29e-07, 6.8e-08, 2.54, 0.28, 1e-08, 0
274708801, 37.3, 6.95e-08, 4.07e-08, 1.66, 0.39, 1e-08, 0
274968001, 16.5, 1.28e-07, 6.4e-08, 2.5, 0.44, 1e-08, 0
275227201, 1.06, 7.08e-08, 7.44e-08, 3.64, 8.05, 1e-08, 102
275486401, 5.5, 4.23e-08, 4.71e-08, 2.06, 0.71, 1e-08, 0
275745601, 12.81, 3.62e-08, 5.76e-08, 1.72, 0.99, 1e-08, 0
276004801, 15.58, 8.35e-08, 5.56e-08, 2.02, 0.46, 1e-08, 0
276264001, 11.98, 2e-07, 9e-08, 3.48, 0.93, 1e-08, 0
276523201, 1.3, 4.18e-08, 4.69e-08, 2.62, 0.98, 1e-08, 0
277041601, 11.41, 1.31e-07, 6.72e-08, 2.73, 0.58, 1e-08, 0
277560001, 2.42, 8.98e-08, 6.54e-08, 3.54, 1.6, 1e-08, 0
277819201, 7.36, 2.68e-08, 2.1e-08, 1.36, 0.48, 1e-08, 0
278078401, 20.46, 1.3e-07, 5.6e-08, 2.04, 0.31, 1e-08, 0
278337601, 1.53, 3.17e-08, 4.59e-08, 2.4, 1.07, 1e-08, 0
278596801, 1.69, 6.11e-08, 1.27e-07, 3.26, 6.31, 1e-08, 0
278856001, 1.32, 1.61e-08, 2.23e-08, 1.78, 0.73, 1e-08, 0
279374401, 2.53, 1.8e-08, 2.98e-08, 1.9, 0.99, 1e-08, 0
279633601, 10.12, 1.21e-07, 7.78e-08, 2.62, 0.56, 1e-08, 0
279892801, 1.45, 1.06e-08, 1.31e-08, 1.04, 0.72, 1e-08, 0
280670401, 2.72, 6.67e-08, 5.81e-08, 2.58, 0.81, 1e-08, 0
280929601, 1.43, 7.22e-08, 8.41e-07, 3.72, 3.12, 1e-08, 0
281448001, 1.12, 6.11e-08, 7.27e-08, 5.0, 0, 1e-08, 0
281707201, 1.95, 9.32e-08, 8.61e-08, 5.0, 0, 1e-08, 0
281966401, 1.45, 6.96e-08, 1.77e-06, 4.04, 6.73, 1e-08, 102
282225601, 3.61, 3.17e-08, 3.26e-08, 2.1, 0.72, 1e-08, 0
282484801, 6.8, 9.18e-08, 7.43e-08, 2.67, 0.69, 1e-08, 0
282744001, 9.2, 1.15e-08, 1.29e-08, 1.3, 0.67, 1e-08, 0
283262401, 12.85, 3.16e-08, 4.54e-08, 1.62, 0.97, 1e-08, 0
283521601, 2.18, 5.72e-08, 5.66e-08, 3.0, 1.26, 1e-08, 0
284299201, 5.31, 7.47e-08, 4.72e-08, 2.33, 0.49, 1e-08, 0
284558401, 9.12, 5.28e-08, 3.6e-08, 1.99, 0.48, 1e-08, 0
284817601, 15.0, 1.62e-07, 7.92e-08, 2.83, 0.5, 1e-08, 0
285076801, 14.24, 2.19e-08, 1.78e-08, 1.32, 0.51, 1e-08, 0
285854401, 3.46, 7.53e-08, 7.06e-08, 2.84, 1.03, 1e-08, 0
286113601, 5.13, 4.36e-09, 5.61e-09, 0.33, 1.1, 1e-08, 0
286372801, 5.04, 1.24e-07, 6.81e-08, 3.31, 0.86, 1e-08, 0
286632001, 1.4, 7.86e-08, 8.64e-08, 5.0, 0, 1e-08, 0
287928001, 3.2, 3.03e-08, 2.6e-08, 1.83, 0.55, 1e-08, 0
288705601, 3.52, 3.49e-08, 3.61e-08, 2.19, 0.66, 1e-08, 0
289483201, 9.75, 8.12e-08, 4.68e-08, 2.34, 0.47, 1e-08, 0
289742401, 4.83, 8.49e-08, 5.82e-08, 2.79, 0.65, 1e-08, 0
290001601, 1.57, 2.7e-08, 3.51e-08, 2.31, 1.03, 1e-08, 0
290260801, 1.72, 3.69e-08, 3.92e-08, 2.65, 0.83, 1e-08, 0
291297601, 4.26, 1.19e-07, 7.6e-08, 2.91, 0.67, 1e-08, 0
291816001, 1.94, 3.86e-08, 4.7e-08, 2.63, 0.93, 1e-08, 0
293371201, 8.85, 7.74e-08, 5.33e-08, 2.31, 0.56, 1e-08, 0
294148801, 3.28, 5.45e-08, 4.5e-08, 2.37, 0.75, 1e-08, 0
294408001, 2.39, 9.83e-08, 1.11e-07, 3.45, 6.01, 1e-08, 102
294667201, 1.72, 6.08e-08, 5.92e-08, 2.82, 1.2, 1e-08, 0
294926401, 17.29, 7.88e-08, 4.72e-08, 2.01, 0.45, 1e-08, 0
295444801, 9.32, 2.21e-07, 8.9e-08, 4.75, 1.4, 1e-08, 0
295704001, 10.89, 5.04e-08, 3.63e-08, 1.82, 0.51, 1e-08, 0
295963201, 5.18, 1.04e-07, 7.89e-08, 2.87, 0.99, 1e-08, 0
296222401, 6.5, 1.28e-07, 7e-08, 3.08, 0.69, 1e-08, 0
296481601, 6.98, 5.36e-08, 4.51e-08, 2.14, 0.6, 1e-08, 0
296740801, 5.4, 8.96e-08, 5.94e-08, 2.6, 0.56, 1e-08, 0
297000001, 1.73, 3.01e-08, 3.84e-08, 2.23, 0.87, 1e-08, 0
297518401, 1.0, 6.4e-08, 8.19e-08, 5.0, 0, 1e-08, 0
297777601, 2.58, 2.65e-08, 3.5e-08, 2.12, 1, 1e-08, 0
298036801, 2.57, 1.37e-08, 2.39e-08, 1.91, 1.12, 1e-08, 0
298296001, 8.26, 3.9e-08, 2.72e-08, 1.96, 0.48, 1e-08, 0
298814401, 2.12, 2.48e-08, 2.94e-08, 1.75, 0.66, 1e-08, 0
299073601, 7.2, 1.82e-07, 2.33e-07, 3.82, 9.38, 1e-08, 0
299592001, 2.74, 4.15e-08, 4.23e-08, 2.33, 0.74, 1e-08, 0
299851201, 6.75, 3.19e-08, 3.3e-08, 1.62, 0.78, 1e-08, 0
300369601, 4.56, 1.31e-07, 9e-08, 5.0, 0, 1e-08, 0
300628801, 4.86, 1.32e-07, 7.59e-08, 3.47, 1.67, 1e-08, 0
300888001, 1.7, 2.28e-08, 3.04e-08, 2.07, 0.89, 1e-08, 0
301147201, 5.38, 4.06e-08, 3.93e-08, 1.9, 0.62, 1e-08, 0
301406401, 12.19, 2.7e-08, 2.62e-08, 1.5, 0.63, 1e-08, 0
301665601, 9.96, 8.59e-08, 4.51e-08, 2.19, 0.4, 1e-08, 0
301924801, 8.95, 1.56e-08, 1.49e-08, 1.34, 0.6, 1e-08, 0
302184001, 23.35, 1.44e-08, 1.15e-08, 0.81, 0.56, 1e-08, 0
302443201, 9.75, 7.87e-08, 5.14e-08, 2.21, 0.47, 1e-08, 0
302702401, 5.3, 1.29e-07, 6.82e-08, 3.52, 0.64, 1e-08, 0
302961601, 4.24, 1.44e-07, 8.3e-08, 4.12, 4, 1e-08, 102
303220801, 6.09, 4.22e-09, 6.17e-09, 0.62, 1.3, 1e-08, 0
303480001, 6.21, 4.47e-09, 5.47e-09, 0.73, 0.89, 1e-08, 0
303739201, 1.63, 8.13e-08, 7.45e-08, 3.8, 6.56, 1e-08, 102
303998401, 2.82, 4.99e-09, 6.89e-09, 1.08, 0.9, 1e-08, 0
304257601, 13.12, 1.16e-07, 6.12e-08, 2.48, 0.46, 1e-08, 0
304516801, 10.16, 1.19e-07, 5.78e-08, 2.28, 0.39, 1e-08, 0
304776001, 1.32, 6.55e-08, 1.06e-07, 4.61, 0.67, 1e-08, 0
305035201, 6.1, 1.95e-08, 1.83e-08, 1.49, 0.58, 1e-08, 0
305294401, 2.04, 5.02e-08, 5.59e-08, 2.87, 1.1, 1e-08, 0
305553601, 4.6, 3.16e-08, 3.51e-08, 1.74, 0.7, 1e-08, 0
306072001, 8.51, 4.02e-08, 3.79e-08, 1.93, 0.65, 1e-08, 0
306331201, 6.01, 1.56e-07, 7.91e-08, 3.65, 3.72, 1e-08, 102
307627201, 12.34, 8.7e-08, 8.42e-08, 2.29, 0.72, 1e-08, 0
307886401, 3.98, 8.66e-08, 7.44e-08, 2.93, 1.33, 1e-08, 0
308145601, 21.37, 5.81e-08, 6.79e-08, 1.72, 0.72, 1e-08, 0
308404801, 24.82, 1.51e-07, 5.8e-08, 2.22, 0.31, 1e-08, 0
308664001, 26.93, 1.05e-07, 4.89e-08, 2.0, 0.35, 1e-08, 0
308923201, 17.9, 1.31e-07, 6.3e-08, 2.27, 0.39, 1e-08, 0
309182401, 27.71, 1.16e-07, 4.7e-08, 2.03, 0.3, 1e-08, 0
309441601, 13.44, 2.35e-07, 8.6e-08, 3.81, 3.38, 1e-08, 0
309700801, 31.82, 9.67e-08, 4.63e-08, 1.89, 0.33, 1e-08, 0
309960001, 3.19, 3.98e-08, 3.88e-08, 2.04, 0.71, 1e-08, 0
310996801, 17.89, 1.81e-08, 1.56e-08, 1.2, 0.54, 1e-08, 0
311256001, 17.88, 1.12e-07, 5.77e-08, 2.19, 0.39, 1e-08, 0
311515201, 17.76, 9.15e-09, 8.56e-09, 0.72, 0.66, 1e-08, 0
311774401, 2.55, 2.6e-08, 3.15e-08, 1.86, 0.77, 1e-08, 0
312033601, 21.96, 1.76e-07, 7.5e-08, 2.41, 0.37, 1e-08, 0
312292801, 5.33, 4.01e-08, 4.12e-08, 1.97, 0.67, 1e-08, 0
312811201, 8.14, 1.12e-07, 5.68e-08, 2.69, 0.53, 1e-08, 0
313070401, 32.49, 1.92e-07, 6.6e-08, 2.31, 0.31, 1e-08, 0
313329601, 14.47, 1.07e-07, 5.51e-08, 2.2, 0.39, 1e-08, 0
313848001, 1.18, 6.2e-08, 6.4e-08, 4.39, 3.27, 1e-08, 0
314107201, 5.29, 2.82e-08, 2.25e-08, 1.52, 0.51, 1e-08, 0
314366401, 1.51, 3.15e-08, 3.91e-08, 2.61, 0.89, 1e-08, 0
314625601, 5.9, 5.04e-08, 4.64e-08, 2.26, 0.6, 1e-08, 0
315144001, 3.03, 1.06e-07, 6.42e-08, 4.05, 4.65, 1e-08, 102
315403201, 1.63, 7.11e-08, 7.48e-08, 3.72, 6.61, 1e-08, 102
315921601, 3.25, 8.15e-08, 5.95e-08, 3.15, 1.24, 1e-08, 0
316180801, 3.17, 6.38e-08, 5.82e-08, 2.52, 0.73, 1e-08, 0
317736001, 3.0, 7.17e-08, 6.02e-08, 3.1, 1.16, 1e-08, 0
317995201, 10.77, 5.88e-08, 3.61e-08, 1.77, 0.42, 1e-08, 0
318254401, 2.54, 6.76e-08, 5.52e-08, 2.7, 0.7, 1e-08, 0
318513601, 16.1, 1.57e-07, 6.68e-08, 2.61, 0.39, 1e-08, 0
319032001, 5.56, 2.62e-08, 2.85e-08, 1.68, 0.62, 1e-08, 0
319291201, 5.41, 1.49e-07, 8.42e-08, 3.38, 1.3, 1e-08, 0
319809601, 2.67, 6.8e-08, 5.82e-08, 2.95, 0.82, 1e-08, 0
320068801, 5.42, 7.5e-08, 6.12e-08, 2.36, 0.74, 1e-08, 0
320328001, 2.65, 5.25e-08, 5.44e-08, 2.31, 0.72, 1e-08, 0
320587201, 11.66, 1.4e-07, 6.58e-08, 2.72, 0.47, 1e-08, 0
320846401, 19.14, 1.63e-07, 6.93e-08, 2.28, 0.35, 1e-08, 0
321105601, 12.99, 1.37e-07, 6.58e-08, 2.52, 0.45, 1e-08, 0
321364801, 8.59, 4.87e-08, 3.24e-08, 1.85, 0.44, 1e-08, 0
321624001, 21.08, 7.07e-08, 4.41e-08, 1.96, 0.45, 1e-08, 0
321883201, 24.23, 1.13e-07, 5.22e-08, 2.11, 0.35, 1e-08, 0
322142401, 14.33, 1.94e-07, 7.6e-08, 2.85, 0.42, 1e-08, 0
323179201, 3.99, 2.68e-08, 4.49e-08, 2.1, 1.03, 1e-08, 0
323438401, 23.94, 1.79e-07, 7.5e-08, 2.33, 0.37, 1e-08, 0
323697601, 2.46, 1.37e-08, 1.95e-08, 1.6, 0.9, 1e-08, 0
323956801, 10.99, 8.91e-08, 4.49e-08, 2.3, 0.4, 1e-08, 0
324216001, 16.21, 1.98e-07, 7.8e-08, 2.75, 0.39, 1e-08, 0
324734401, 8.34, 5.57e-07, 4.31e-07, 1.69, 0.6, 1e-08, 0
325252801, 22.85, 1.45e-07, 6.01e-08, 2.41, 0.36, 1e-08, 0
325512001, 3.3, 9.02e-08, 8.47e-08, 3.22, 2.23, 1e-08, 0
325771201, 32.81, 1.23e-07, 6.18e-08, 1.99, 0.35, 1e-08, 0
326030401, 5.51, 6.36e-08, 5.66e-08, 2.36, 0.65, 1e-08, 0
326289601, 5.82, 6.67e-08, 5.75e-08, 2.35, 0.69, 1e-08, 0
326548801, 11.9, 6.45e-08, 7.46e-08, 1.95, 0.84, 1e-08, 0
326808001, 22.67, 6.99e-08, 6e-08, 1.8, 0.63, 1e-08, 0
327067201, 7.39, 1.34e-07, 6.81e-08, 3.3, 1.04, 1e-08, 0
327326401, 1.95, 7.93e-08, 6.44e-08, 3.43, 1.9, 1e-08, 0
327585601, 6.95, 5.87e-08, 4.74e-08, 2.06, 0.55, 1e-08, 0
327844801, 27.66, 1.75e-07, 6.8e-08, 2.34, 0.33, 1e-08, 0
328104001, 9.56, 8.63e-08, 5.4e-08, 2.31, 0.57, 1e-08, 0
328363201, 2.78, 6.4e-08, 5.38e-08, 2.69, 0.68, 1e-08, 0
328622401, 13.27, 9.17e-08, 5.75e-08, 2.24, 0.52, 1e-08, 0
328881601, 18.38, 1.38e-07, 6e-08, 2.44, 0.39, 1e-08, 0
329140801, 18.92, 5.76e-08, 3.35e-08, 1.61, 0.37, 1e-08, 0
329400001, 14.34, 8.12e-08, 4.96e-08, 2.05, 0.44, 1e-08, 0
329659201, 10.73, 1.97e-08, 1.75e-08, 1.29, 0.58, 1e-08, 0
329918401, 1.83, 2.69e-08, 3.05e-08, 2.05, 0.69, 1e-08, 0
330177601, 9.7, 3.89e-08, 2.98e-08, 1.78, 0.49, 1e-08, 0
330436801, 7.07, 1.51e-07, 1.38e-07, 3.09, 1.77, 1e-08, 0
331214401, 7.36, 1.74e-07, 7.81e-08, 4.15, 0.99, 1e-08, 0
331473601, 6.01, 3.52e-08, 3.46e-08, 1.92, 0.71, 1e-08, 0
331732801, 21.95, 1.91e-07, 7e-08, 2.55, 0.39, 1e-08, 0
331992001, 3.97, 2.94e-08, 3.35e-08, 1.78, 0.76, 1e-08, 0
332251201, 33.27, 3.26e-08, 2.28e-08, 1.17, 0.45, 1e-08, 0
332510401, 6.51, 1.28e-07, 7.18e-08, 3.01, 0.82, 1e-08, 0
332769601, 3.77, 1.09e-08, 1.15e-08, 1.18, 0.65, 1e-08, 0
333288001, 1.8, 9.9e-08, 3.18e-07, 4.5, 0.86, 1e-08, 0
333547201, 14.34, 1.28e-07, 6.79e-08, 2.46, 0.45, 1e-08, 0
333806401, 1.55, 5.21e-08, 5.68e-08, 2.9, 1.02, 1e-08, 0
334324801, 11.47, 1.05e-07, 5.52e-08, 2.31, 0.43, 1e-08, 0
334584001, 9.39, 5.87e-08, 5.15e-08, 2.08, 0.56, 1e-08, 0
334843201, 1.24, 7.89e-08, 7.51e-08, 4.12, 7.13, 1e-08, 102
335102401, 4.1, 3.95e-08, 4e-08, 2.04, 0.69, 1e-08, 0
335361601, 10.07, 7.67e-08, 4.81e-08, 2.35, 0.52, 1e-08, 0
335620801, 3.01, 1.1e-07, 6.79e-08, 4.4, 4.6, 1e-08, 102
335880001, 48.14, 1.78e-07, 6.6e-08, 1.97, 0.27, 1e-08, 0
336139201, 9.67, 1.15e-07, 6.11e-08, 2.48, 0.5, 1e-08, 0
336398401, 12.85, 2.49e-07, 9e-08, 4.33, 2.55, 1e-08, 102
336657601, 20.69, 2.95e-08, 3.1e-08, 1.21, 0.71, 1e-08, 0
336916801, 27.56, 2.4e-07, 7.8e-08, 2.83, 0.37, 1e-08, 0
337176001, 3.07, 2.45e-07, 1.74e-07, 4.29, 4.73, 1e-08, 102
337435201, 9.84, 1.07e-07, 7.8e-08, 2.16, 0.54, 1e-08, 0
337694401, 4.99, 8.32e-08, 5.58e-08, 2.57, 0.56, 1e-08, 0
337953601, 7.16, 8.3e-08, 5.02e-08, 2.62, 0.5, 1e-08, 0
338212801, 4.7, 1.29e-07, 9.82e-08, 3.43, 4.49, 1e-08, 102
338472001, 15.61, 1.03e-07, 5.7e-08, 2.25, 0.42, 1e-08, 0
338731201, 1.47, 6.47e-08, 8.12e-08, 3.65, 7.62, 1e-08, 102
338990401, 4.1, 5.82e-09, 7.16e-09, 1.19, 0.81, 1e-08, 0
339249601, 4.57, 1.44e-07, 8.32e-08, 3.6, 2.45, 1e-08, 0
340545601, 14.91, 1.42e-08, 1.42e-08, 0.9, 0.66, 1e-08, 0
340804801, 7.49, 6.66e-08, 4.26e-08, 2.13, 0.54, 1e-08, 0
341064001, 1.78, 1.45e-08, 2.44e-08, 1.67, 1.02, 1e-08, 0
341323201, 1.36, 6.87e-08, 8.04e-08, 3.81, 7.46, 1e-08, 102
341582401, 3.32, 1.06e-07, 1.58e-07, 3.42, 5.74, 1e-08, 102
341841601, 9.98, 1.96e-07, 1.04e-07, 5.0, 0, 1e-08, 0
342360001, 1.85, 6.35e-09, 1.11e-08, 1.35, 1.17, 1e-08, 0
343137601, 4.09, 2.75e-08, 3.41e-08, 1.8, 0.82, 1e-08, 0
343396801, 1.03, 2.1e-08, 3.46e-08, 2.29, 1.23, 1e-08, 0
343656001, 3.37, 1.26e-07, 9e-08, 5.0, 0, 1e-08, 0
344952001, 4.94, 1.54e-07, 9.4e-08, 3.79, 4.06, 1e-08, 102
345729601, 3.97, 1.88e-08, 1.9e-08, 1.46, 0.62, 1e-08, 0
345988801, 14.87, 1.63e-07, 7.09e-08, 2.7, 0.39, 1e-08, 0
346248001, 2.41, 5.43e-08, 7.89e-08, 2.78, 1.65, 1e-08, 0
346507201, 3.1, 4.69e-08, 4.67e-08, 2.44, 0.68, 1e-08, 0
346766401, 9.23, 6.25e-08, 4.34e-08, 2.09, 0.48, 1e-08, 0
347025601, 14.08, 1.11e-07, 5.48e-08, 2.12, 0.36, 1e-08, 0
347284801, 27.39, 2.2e-07, 7.6e-08, 2.49, 0.32, 1e-08, 0
347544001, 8.46, 4.05e-08, 3.03e-08, 1.73, 0.46, 1e-08, 0
347803201, 6.59, 1.11e-07, 6.18e-08, 3.13, 0.72, 1e-08, 0
348062401, 36.81, 2.25e-07, 6.9e-08, 2.41, 0.29, 1e-08, 0
348321601, 21.68, 1.46e-07, 5.28e-08, 2.14, 0.31, 1e-08, 0
348580801, 10.99, 1.4e-07, 7e-08, 2.68, 0.56, 1e-08, 0
348840001, 27.3, 6.03e-08, 4.45e-08, 1.63, 0.47, 1e-08, 0
349099201, 15.56, 7.9e-08, 4.8e-08, 1.8, 0.39, 1e-08, 0
349358401, 1.51, 2.03e-08, 3.29e-08, 1.87, 1.01, 1e-08, 0
349617601, 5.21, 4.28e-08, 4.05e-08, 2.08, 0.64, 1e-08, 0
349876801, 19.47, 7.74e-08, 4.24e-08, 1.89, 0.36, 1e-08, 0
350136001, 7.14, 1.69e-07, 8.59e-08, 3.55, 1.36, 1e-08, 0
350395201, 12.12, 1e-07, 5.6e-08, 2.23, 0.43, 1e-08, 0
350654401, 19.96, 1.73e-07, 7.6e-08, 2.5, 0.42, 1e-08, 0
350913601, 35.75, 1.89e-07, 7.9e-08, 2.24, 0.35, 1e-08, 0
351172801, 29.19, 9.14e-08, 3.97e-08, 1.76, 0.3, 1e-08, 0
351432001, 50.12, 1.76e-07, 5.9e-08, 1.93, 0.25, 1e-08, 0
351691201, 19.36, 2e-07, 7.9e-08, 2.67, 0.42, 1e-08, 0
351950401, 23.09, 2.63e-07, 8.5e-08, 3.12, 0.51, 1e-08, 0
352209601, 39.91, 1.22e-07, 4.01e-08, 1.72, 0.24, 1e-08, 0
352468801, 50.11, 1.56e-07, 6.28e-08, 1.95, 0.29, 1e-08, 0
352728001, 37.44, 2.6e-07, 7.4e-08, 2.44, 0.27, 1e-08, 0
352987201, 11.95, 1.81e-07, 1.08e-07, 2.02, 0.46, 1e-08, 0
353246401, 9.48, 1.5e-07, 6.99e-08, 2.59, 0.44, 1e-08, 0
353505601, 13.83, 4.65e-08, 3.33e-08, 1.61, 0.48, 1e-08, 0
353764801, 10.56, 1.94e-07, 8.1e-08, 3.38, 0.9, 1e-08, 0
354024001, 70.36, 3.09e-07, 7.35e-08, 2.33, 0.22, 1e-08, 0
354283201, 60.85, 2.12e-07, 7.2e-08, 2.01, 0.26, 1e-08, 0
354542401, 16.35, 2.1e-07, 8.1e-08, 2.79, 0.42, 1e-08, 0
354801601, 9.71, 1.35e-07, 7.28e-08, 2.87, 0.58, 1e-08, 0
355060801, 23.53, 9.8e-08, 5.01e-08, 1.99, 0.37, 1e-08, 0
355320001, 5.58, 1.29e-07, 6.88e-08, 3.07, 0.73, 1e-08, 0
355579201, 13.66, 1.63e-07, 7.18e-08, 2.69, 0.44, 1e-08, 0
355838401, 8.13, 9.54e-08, 6.35e-08, 2.51, 0.56, 1e-08, 0
356097601, 3.75, 1.24e-07, 9.03e-08, 5.0, 0, 1e-08, 0
357134401, 5.66, 1e-07, 6.58e-08, 2.84, 0.6, 1e-08, 0
357393601, 1.6, 2.44e-08, 3.11e-08, 1.81, 0.81, 1e-08, 0
357652801, 5.61, 1.06e-07, 6.82e-08, 2.71, 0.7, 1e-08, 0
357912001, 3.0, 1.01e-07, 9.51e-08, 3.77, 5.35, 1e-08, 102
358430401, 1.91, 8.94e-08, 7.55e-08, 3.81, 6.09, 1e-08, 102
358948801, 1.19, 3.42e-08, 4.95e-08, 2.85, 1.36, 1e-08, 0
359208001, 16.16, 2e-07, 8e-08, 3.12, 0.48, 1e-08, 0
359467201, 9.64, 1.49e-07, 6.31e-08, 3.12, 0.52, 1e-08, 0
359726401, 10.12, 5.82e-08, 3.46e-08, 1.94, 0.4, 1e-08, 0
360244801, 2.85, 8.69e-09, 1.26e-08, 1.36, 0.97, 1e-08, 0
360504001, 16.89, 1.48e-07, 7.82e-08, 2.53, 0.59, 1e-08, 0
360763201, 5.35, 9.61e-08, 6.57e-08, 2.82, 0.67, 1e-08, 0
361022401, 3.16, 1.05e-07, 7.6e-08, 3.45, 3.29, 1e-08, 0
361281601, 4.56, 8.47e-09, 8.94e-09, 1.01, 0.74, 1e-08, 0
361540801, 2.38, 7.37e-08, 6.21e-08, 3.05, 1.03, 1e-08, 0
361800001, 17.8, 1.4e-07, 6.22e-08, 2.42, 0.39, 1e-08, 0
362318401, 1.72, 6.03e-09, 9.59e-09, 0.89, 1.01, 1e-08, 0
362836801, 8.42, 6.53e-09, 7.1e-09, 0.71, 0.69, 1e-08, 0
363096001, 5.32, 1.02e-07, 8.42e-08, 2.83, 0.75, 1e-08, 0
363355201, 2.67, 9.85e-08, 7.46e-08, 3.24, 1.48, 1e-08, 0
363614401, 9.61, 2.43e-08, 3.16e-08, 1.62, 0.82, 1e-08, 0
363873601, 1.11, 6.2e-08, 6.49e-08, 3.13, 3.64, 1e-08, 0
364132801, 7.94, 1.17e-07, 7.38e-08, 2.35, 0.58, 1e-08, 0
364392001, 1.12, 6.34e-08, 1.36e-07, 4.66, 0.79, 1e-08, 0
365428801, 10.99, 5.97e-08, 3.75e-08, 1.96, 0.43, 1e-08, 0
365688001, 1.94, 7.04e-08, 8.57e-08, 3.06, 3.76, 1e-08, 0
365947201, 1.51, 7.72e-08, 6.49e-08, 4.25, 6.47, 1e-08, 102
366465601, 4.9, 1.48e-08, 1.39e-08, 1.36, 0.6, 1e-08, 0
366724801, 25.04, 1.27e-07, 7.69e-08, 2.15, 0.45, 1e-08, 0
366984001, 1.86, 4.11e-08, 5.1e-08, 2.69, 1.06, 1e-08, 0
367243201, 2.55, 1.03e-07, 9.82e-08, 3.47, 5.74, 1e-08, 102
367502401, 8.3, 1.01e-07, 8.22e-08, 2.54, 0.71, 1e-08, 0
367761601, 2.92, 6.72e-08, 5.86e-08, 3.02, 1.05, 1e-08, 0
368020801, 6.3, 9.51e-08, 5.01e-08, 2.49, 0.47, 1e-08, 0
368539201, 15.4, 8.88e-08, 4.43e-08, 2.12, 0.39, 1e-08, 0
368798401, 5.99, 1.59e-07, 7.51e-08, 4.49, 3.37, 1e-08, 102
369057601, 3.52, 9.53e-08, 8.15e-08, 3.51, 5.31, 1e-08, 0
369576001, 1.51, 8.46e-08, 8.33e-08, 5.0, 0, 1e-08, 0
369835201, 7.32, 1.11e-07, 6.18e-08, 2.4, 0.46, 1e-08, 0
370872001, 6.71, 4.71e-09, 5.2e-09, 0.79, 0.76, 1e-08, 0
371131201, 2.89, 6.18e-08, 5.21e-08, 2.36, 0.65, 1e-08, 0
371908801, 7.14, 4.65e-09, 5.37e-09, 0.73, 0.8, 1e-08, 0
372686401, 4.18, 9.64e-08, 6.89e-08, 3.12, 0.73, 1e-08, 0
372945601, 3.18, 3.56e-08, 4.53e-08, 2.27, 0.9, 1e-08, 0
373723201, 27.14, 1.2e-07, 5.52e-08, 1.96, 0.33, 1e-08, 0
373982401, 29.1, 1.18e-07, 5.1e-08, 2.13, 0.33, 1e-08, 0
374241601, 13.38, 1.86e-08, 1.53e-08, 1.2, 0.53, 1e-08, 0
374500801, 7.75, 7.76e-08, 5.33e-08, 2.35, 0.49, 1e-08, 0
374760001, 5.74, 8.66e-08, 6.43e-08, 2.58, 0.78, 1e-08, 0
375278401, 10.12, 7.03e-08, 6.97e-08, 2.02, 0.7, 1e-08, 0
375537601, 4.26, 1.31e-07, 7.1e-08, 4.54, 4.03, 1e-08, 102
375796801, 3.9, 1.22e-07, 8.59e-08, 5.0, 0, 1e-08, 0
376056001, 6.81, 1.46e-08, 1.5e-08, 1.28, 0.64, 1e-08, 0
376315201, 3.26, 1.03e-07, 7.6e-08, 3.09, 0.89, 1e-08, 0
376833601, 3.73, 2.36e-08, 2.76e-08, 1.9, 0.76, 1e-08, 0
377092801, 14.11, 1.49e-07, 6.91e-08, 2.64, 0.47, 1e-08, 0
377870401, 7.3, 1.63e-07, 7.69e-08, 3.88, 3.43, 1e-08, 102
378388801, 1.55, 2.26e-08, 3.62e-08, 2.28, 1.1, 1e-08, 0
378648001, 1.08, 3.97e-08, 5.12e-08, 2.68, 1.03, 1e-08, 0
379166401, 2.26, 2.19e-08, 2.68e-08, 1.95, 0.79, 1e-08, 0
379944001, 4.75, 6.74e-08, 4.97e-08, 2.36, 0.59, 1e-08, 0
380203201, 1.84, 9.12e-08, 7.28e-08, 4.08, 5.87, 1e-08, 102
380462401, 4.42, 1.26e-07, 7.2e-08, 5.0, 0, 1e-08, 0
380721601, 3.65, 1.15e-07, 8.5e-08, 5.0, 0, 1e-08, 0
383054401, 1.58, 4.09e-08, 4.59e-08, 2.49, 1.23, 1e-08, 0
383313601, 2.96, 6.04e-09, 7.55e-09, 1.2, 0.8, 1e-08, 0
385128001, 4.83, 3.25e-08, 2.9e-08, 1.95, 0.6, 1e-08, 0
385905601, 4.75, 5.41e-09, 7.1e-09, 0.87, 0.86, 1e-08, 0
386164801, 1.8, 1.15e-08, 1.96e-08, 1.93, 1.1, 1e-08, 0
386683201, 3.41, 1.11e-07, 7.99e-08, 5.0, 0, 1e-08, 0
387720001, 5.08, 4.3e-08, 4.62e-08, 1.87, 0.71, 1e-08, 0
387979201, 1.01, 1.51e-08, 2.7e-08, 2.04, 1.02, 1e-08, 0
388238401, 4.33, 1.32e-07, 7.1e-08, 4.03, 4.06, 1e-08, 102
388497601, 1.15, 5.87e-08, 7.24e-08, 5.0, 0, 1e-08, 0
389275201, 5.52, 8.69e-08, 7.03e-08, 2.52, 0.68, 1e-08, 0
389793601, 1.03, 5.22e-08, 6.67e-08, 5.0, 0, 1e-08, 0
390052801, 1.2, 8.77e-09, 1.62e-08, 1.76, 1.27, 1e-08, 0
390830401, 2.87, 3.32e-08, 3.74e-08, 2.02, 0.72, 1e-08, 0
391089601, 7.37, 1.13e-07, 6.91e-08, 2.83, 0.67, 1e-08, 0
391348801, 9.23, 1.34e-07, 6.8e-08, 2.92, 0.53, 1e-08, 0
391608001, 1.02, 1.77e-08, 3.5e-08, 1.85, 1.28, 1e-08, 0
392644801, 3.8, 1.6e-08, 2.26e-08, 1.62, 0.82, 1e-08, 0
392904001, 1.87, 5.49e-08, 5.42e-08, 2.73, 0.75, 1e-08, 0
393163201, 1.49, 7.09e-08, 8.7e-08, 5.0, 0, 1e-08, 0
393681601, 2.77, 4.41e-08, 3.93e-08, 2.2, 0.66, 1e-08, 0
395755201, 4.48, 6.07e-08, 4.35e-08, 2.33, 0.54, 1e-08, 0
396532801, 3.92, 9.08e-08, 1.1e-07, 3.09, 1.45, 1e-08, 0
396792001, 10.71, 5.14e-09, 4.97e-09, 0.41, 0.7, 1e-08, 0
397051201, 3.77, 4.26e-08, 3.62e-08, 2.37, 0.64, 1e-08, 0
397828801, 3.97, 2.53e-08, 2.62e-08, 1.8, 0.6, 1e-08, 0
398347201, 2.41, 1.11e-07, 8.8e-08, 5.0, 0, 1e-08, 0
399384001, 1.12, 1.09e-07, 1.36e-07, 5.0, 0, 1e-08, 0
399902401, 3.21, 5.81e-08, 6.49e-08, 1.79, 0.76, 1e-08, 0
400680001, 3.58, 1.19e-07, 6.91e-08, 3.95, 4.43, 1e-08, 102
400939201, 3.58, 7.93e-08, 6.28e-08, 3.07, 1.11, 1e-08, 0
401198401, 6.63, 4.86e-09, 5.25e-09, 0.73, 0.71, 1e-08, 0
401716801, 3.28, 2.8e-08, 5.04e-08, 1.84, 1.12, 1e-08, 0
401976001, 10.71, 3.51e-09, 3.56e-09, 0.36, 0.73, 1e-08, 0
403012801, 1.22, 6.48e-08, 2.38e-07, 4.64, 0.98, 1e-08, 0
406123201, 1.78, 6.8e-08, 7.39e-08, 3.36, 1.98, 1e-08, 0
406641601, 2.73, 5.86e-08, 5.24e-08, 2.44, 0.67, 1e-08, 0
406900801, 18.23, 8.79e-08, 4.41e-08, 1.98, 0.35, 1e-08, 0
407160001, 12.82, 1.28e-08, 1.43e-08, 1.11, 0.66, 1e-08, 0
407419201, 1.24, 7.38e-08, 7.34e-08, 3.3, 3.29, 1e-08, 0
407678401, 4.44, 1.37e-07, 7.83e-08, 3.28, 0.81, 1e-08, 0
407937601, 3.62, 5.28e-08, 4.67e-08, 2.25, 0.67, 1e-08, 0
408456001, 1.22, 4.79e-08, 5.42e-08, 2.85, 1.29, 1e-08, 0
409233601, 4.33, 2.01e-08, 1.8e-08, 0.69, 0.58, 1e-08, 0
409492801, 1.19, 1.37e-07, 1.35e-07, 4.1, 7.04, 1e-08, 102
410011201, 2.73, 4.69e-08, 4.97e-08, 1.9, 0.65, 1e-08, 0
410788801, 5.06, 1.59e-07, 1.05e-07, 3.09, 1.09, 1e-08, 0
413640001, 4.31, 2.73e-07, 1.8e-07, 4.15, 1.51, 1e-08, 0
413899201, 1.48, 9.69e-08, 1.05e-07, 3.38, 1.43, 1e-08, 0
414417601, 2.0, 5.43e-08, 6.86e-08, 2.52, 0.9, 1e-08, 0
414676801, 8.45, 2.14e-07, 1.11e-07, 3.23, 0.77, 1e-08, 0
415713601, 4.88, 1.4e-08, 1.61e-08, 0.92, 0.7, 1e-08, 0
415972801, 4.28, 1.06e-07, 7.9e-08, 3.04, 0.84, 1e-08, 0
416232001, 5.83, 1.73e-07, 9.02e-08, 3.01, 0.68, 1e-08, 0
417268801, 4.52, 6.74e-08, 6.15e-08, 2.31, 0.69, 1e-08, 0
417528001, 1.61, 1.92e-08, 3.26e-08, 1.74, 1.04, 1e-08, 0
417787201, 2.34, 3.09e-08, 3.82e-08, 1.61, 0.76, 1e-08, 0
418564801, 7.11, 2.15e-07, 1.22e-07, 2.81, 0.56, 1e-08, 0
419342401, 1.59, 6.56e-08, 6.87e-08, 2.81, 0.92, 1e-08, 0
420379201, 5.43, 2.61e-08, 2.59e-08, 1.85, 0.66, 1e-08, 0
420638401, 1.13, 6.33e-08, 7.18e-08, 3.62, 8.07, 1e-08, 102
420897601, 1.04, 4.23e-08, 2.28e-07, 3.14, 13.4, 1e-08, 0
421675201, 1.09, 6.61e-08, 6.57e-08, 4.57, 7.35, 1e-08, 102
421934401, 11.64, 2.2e-07, 1.11e-07, 5.0, 0, 1e-08, 0
422712001, 7.8, 1.35e-07, 7.91e-08, 3.03, 0.67, 1e-08, 0
423230401, 5.82, 1.96e-08, 1.9e-08, 1.74, 0.64, 1e-08, 0
423748801, 2.77, 5.15e-08, 4.41e-08, 2.88, 1.06, 1e-08, 0
424008001, 1.82, 1.28e-08, 2.46e-08, 2.04, 1.06, 1e-08, 0
424267201, 2.15, 6.61e-08, 5.78e-08, 5.0, 0, 1e-08, 0
424526401, 13.2, 1.01e-07, 4.4e-08, 2.6, 0.42, 1e-08, 0
424785601, 3.29, 9.01e-08, 6.3e-08, 5.0, 0, 1e-08, 0
425044801, 3.69, 8.08e-08, 8.14e-08, 3.09, 1.2, 1e-08, 0
425563201, 4.33, 1.34e-07, 8.87e-08, 5.0, 0, 1e-08, 0
426081601, 2.94, 4.54e-09, 5.57e-09, 0.84, 0.79, 1e-08, 0
426859201, 2.66, 1.78e-07, 1.29e-07, 4.47, 5, 1e-08, 102
427377601, 1.0, NaN, NaN, NaN, NaN, 1e-08, 102
427636801, 2.89, 2.22e-07, 1.59e-07, 4.06, 1.42, 1e-08, 0
428155201, 7.04, 4.38e-08, 3.93e-08, 1.97, 0.6, 1e-08, 0
429451201, 5.63, 1.58e-07, 8.58e-08, 3.42, 1.09, 1e-08, 0
430747201, 3.56, 6.29e-08, 5.7e-08, 2.28, 0.66, 1e-08, 0
431006401, 1.62, 6.82e-08, 6.97e-08, 2.76, 1.06, 1e-08, 0
431524801, 9.15, 4.19e-08, 4.5e-08, 1.43, 0.72, 1e-08, 0
432302401, 7.02, 1.9e-07, 1.29e-07, 2.57, 0.55, 1e-08, 0
432561601, 17.26, 1.26e-07, 8.11e-08, 2.0, 0.45, 1e-08, 0
432820801, 1.0, 8.92e-08, 1.02e-07, 3.73, 1.6, 1e-08, 0
433080001, 7.01, 2.33e-07, 1.12e-07, 4.17, 2.05, 1e-08, 0
433339201, 3.61, 2.02e-07, 1.25e-07, 3.84, 4.43, 1e-08, 102
433598401, 3.58, 2.87e-08, 3.77e-08, 1.96, 0.84, 1e-08, 0
433857601, 2.43, 8.98e-08, 7.11e-08, 2.95, 0.83, 1e-08, 0
434116801, 2.62, 2.4e-08, 2.96e-08, 1.72, 0.73, 1e-08, 0
434376001, 3.0, 1.17e-07, 7.98e-08, 4.88, 4.88, 1e-08, 102
434635201, 4.86, 7.33e-09, 8.69e-09, 0.84, 0.69, 1e-08, 0
434894401, 3.26, 1.13e-07, 7.62e-08, 4.58, 4.31, 1e-08, 102
435153601, 3.97, 5.46e-08, 4.55e-08, 2.24, 0.57, 1e-08, 0
435412801, 6.64, 1.75e-07, 9.6e-08, 3.96, 3.6, 1e-08, 102
436708801, 5.78, 3.38e-07, 1.74e-07, 4.46, 3.58, 1e-08, 102
438523201, 2.0, 1.05e-07, 1.04e-07, 5.0, 0, 1e-08, 0
439041601, 4.64, 1.36e-07, 9.61e-08, 5.0, 0, 1e-08, 0
439560001, 8.02, 6.3e-09, 5.71e-09, 0.55, 0.68, 1e-08, 0
439819201, 6.74, 3.69e-08, 6.99e-08, 1.89, 1.19, 1e-08, 0
440078401, 1.34, 7.32e-08, 1.42e-07, 4.37, 0.61, 1e-08, 0
440337601, 1.21, 6.41e-08, 7.2e-08, 5.0, 0, 1e-08, 0
440596801, 3.48, 1.17e-07, 8.71e-08, 5.0, 0, 1e-08, 0
441374401, 2.84, 5.21e-09, 6.99e-09, 0.8, 0.87, 1e-08, 0
441633601, 4.14, 1.28e-07, 7.98e-08, 3.99, 4.01, 1e-08, 102
442152001, 2.23, 1.1e-07, 8.3e-08, 4.76, 2.47, 1e-08, 0
442411201, 4.28, 1.3e-08, 1.5e-08, 1.45, 0.75, 1e-08, 0
442670401, 1.14, 4.97e-08, 5.25e-08, 3.18, 1.73, 1e-08, 0
442929601, 4.39, 1.33e-07, 7.18e-08, 4.37, 3.93, 1e-08, 102
443448001, 2.2, 9.62e-08, 4.54e-07, 4.1, 1.26, 1e-08, 0
443707201, 11.52, 9.08e-08, 4.52e-08, 2.13, 0.39, 1e-08, 0
444744001, 4.03, 1.35e-07, 4.77e-07, 4.47, 0.91, 1e-08, 0
445003201, 2.44, 5.55e-09, 7.65e-09, 1.22, 0.88, 1e-08, 0
445521601, 1.35, 5.08e-08, 5.71e-08, 2.88, 1.12, 1e-08, 0
445780801, 20.79, 1.32e-07, 5.7e-08, 2.16, 0.32, 1e-08, 0
446299201, 5.48, 1.14e-08, 2.18e-08, 1.48, 1.12, 1e-08, 0
446558401, 1.82, 4.06e-08, 4.36e-08, 2.33, 0.77, 1e-08, 0
446817601, 1.17, 7.14e-08, 9.56e-08, 4.57, 0.54, 1e-08, 1
447336001, 2.34, 9.82e-08, 6.88e-08, 4.53, 5.15, 1e-08, 102
448113601, 16.26, 1.1e-07, 5.7e-08, 2.26, 0.41, 1e-08, 0
448891201, 3.81, 1.24e-07, 7.2e-08, 3.93, 4.26, 1e-08, 102
449150401, 1.15, 5.07e-08, 5.52e-08, 2.74, 1.05, 1e-08, 0
451224001, 4.87, 1.45e-07, 7.62e-08, 4.17, 3.84, 1e-08, 102
451742401, 12.65, 8.74e-08, 5.29e-08, 2.12, 0.45, 1e-08, 0
452001601, 8.37, 1.18e-07, 7.62e-08, 2.76, 0.59, 1e-08, 0
452260801, 1.07, 4.82e-09, 7.6e-09, 0.96, 0.87, 1e-08, 0
453038401, 1.29, 4.98e-08, 5.52e-08, 2.94, 1.1, 1e-08, 0
454334401, 6.49, 1.6e-07, 7.82e-08, 3.64, 0.72, 1e-08, 0
454593601, 7.77, 1.55e-07, 8.19e-08, 3.3, 0.96, 1e-08, 0
454852801, 6.02, 1.77e-08, 2.52e-08, 1.47, 0.8, 1e-08, 0
455630401, 2.15, 9.08e-08, 8.01e-08, 3.57, 3.25, 1e-08, 0
456408001, 4.61, 1.06e-07, 1.03e-07, 2.3, 0.8, 1e-08, 0
456667201, 3.51, 1.52e-07, 1.31e-07, 3.48, 2.72, 1e-08, 0
457185601, 2.21, 8.84e-08, 6.45e-08, 4.03, 5.43, 1e-08, 102
457444801, 2.08, 1.09e-08, 1.5e-08, 1.46, 0.82, 1e-08, 0
457704001, 7.52, 1.37e-07, 7.18e-08, 3.15, 0.94, 1e-08, 0
457963201, 1.06, 3.08e-09, 4.7e-09, 0.52, 0.97, 1e-08, 0
458222401, 1.27, 4.64e-08, 5.86e-08, 2.87, 2.15, 1e-08, 0
458740801, 2.2, 1.11e-07, 8.62e-08, 4.53, 1.31, 1e-08, 0
459000001, 2.51, 6.99e-08, 6.9e-08, 2.95, 1.36, 1e-08, 0
459518401, 5.78, 1.15e-08, 1.42e-08, 1.46, 0.76, 1e-08, 0
459777601, 5.3, 2.7e-08, 2.3e-08, 1.7, 0.55, 1e-08, 0
460814401, 3.44, 1.19e-07, 8.33e-08, 5.0, 0, 1e-08, 0
461073601, 1.96, 4.33e-08, 5.75e-08, 2.46, 1.23, 1e-08, 0
461332801, 1.18, 7.8e-09, 1.22e-08, 1.64, 0.97, 1e-08, 0
461592001, 3.63, 6.18e-08, 5.54e-08, 2.63, 0.77, 1e-08, 0
461851201, 6.84, 1.57e-07, 7.39e-08, 3.34, 0.82, 1e-08, 0
462628801, 2.12, 9.93e-09, 1.59e-08, 1.62, 1.02, 1e-08, 0
462888001, 1.39, 2.78e-09, 3.79e-09, 0.42, 0.92, 1e-08, 0
464702401, 1.05, 3.44e-09, 5.12e-09, 0.83, 0.84, 1e-08, 0
465480001, 1.82, 7.14e-08, 6.95e-08, 3.23, 2.2, 1e-08, 0
467035201, 3.74, 9.57e-08, 6.63e-08, 2.88, 0.65, 1e-08, 0
467553601, 1.52, 3.15e-08, 4.41e-08, 2.62, 1.17, 1e-08, 0
468072001, 3.44, 1.12e-07, 8.69e-08, 3.5, 5, 1e-08, 102
468590401, 1.08, 5.35e-08, 5.77e-08, 3.07, 1.8, 1e-08, 0
468849601, 4.39, 5.05e-08, 4.8e-08, 2.35, 0.74, 1e-08, 0
470404801, 3.77, 4.79e-08, 6.21e-08, 2.47, 1.14, 1e-08, 0
470664001, 1.27, 7.05e-08, 7.04e-08, 4.21, 3.11, 1e-08, 0
471960001, 1.45, 6.19e-08, 6.38e-08, 3.61, 7.38, 1e-08, 102
472219201, 3.55, 1.09e-07, 7.6e-08, 3.93, 4.73, 1e-08, 102
472478401, 9.4, 1.93e-07, 8.5e-08, 3.2, 0.87, 1e-08, 0
472737601, 1.63, 1.16e-08, 2.15e-08, 1.61, 1.15, 1e-08, 0
474292801, 3.04, 1.23e-07, 1.04e-07, 5.0, 0, 1e-08, 0
475070401, 1.98, 6.21e-09, 8.36e-09, 1.1, 0.78, 1e-08, 0
475329601, 7.57, 1.77e-07, 9.89e-08, 5.0, 0, 1e-08, 0
476366401, 4.54, 1.2e-07, 6.42e-08, 3.8, 4.1, 1e-08, 102
476884801, 2.29, 9.76e-08, 7.04e-08, 3.92, 5.4, 1e-08, 102
477144001, 6.5, 6.4e-08, 9.48e-08, 2.54, 1.17, 1e-08, 0
477662401, 2.37, 7.62e-09, 1.02e-08, 1.21, 0.81, 1e-08, 0
478699201, 1.77, 6.04e-08, 5.87e-08, 2.79, 1.1, 1e-08, 0
480513601, 2.24, 4.16e-08, 3.95e-08, 2.46, 0.8, 1e-08, 0
480772801, 3.74, 1.59e-08, 1.91e-08, 1.61, 0.74, 1e-08, 0
481291201, 9.52, 6.86e-09, 1.1e-08, 0.98, 1.01, 1e-08, 0
481550401, 9.27, 1.44e-07, 8.11e-08, 3.02, 0.61, 1e-08, 0
482328001, 2.47, 1.01e-07, 7.82e-08, 5.0, 0, 1e-08, 0
482846401, 4.52, 5.58e-08, 4.9e-08, 2.27, 0.69, 1e-08, 0
483105601, 2.0, 6.88e-08, 6.42e-08, 3.1, 1.09, 1e-08, 0
483364801, 1.59, 8.07e-09, 1.61e-08, 1.53, 1.2, 1e-08, 0
485697601, 1.33, 5.04e-09, 8.48e-09, 0.98, 1.05, 1e-08, 0
486216001, 3.1, 3.23e-08, 2.95e-08, 1.96, 0.62, 1e-08, 0
486993601, 2.83, 3.85e-08, 4.47e-08, 1.88, 0.72, 1e-08, 0
487252801, 5.03, 5.85e-08, 5.94e-08, 2.41, 0.68, 1e-08, 0
488289601, 6.93, 5.84e-09, 6.28e-09, 0.68, 0.74, 1e-08, 0
489067201, 6.08, 5.81e-09, 7.91e-09, 1.08, 0.91, 1e-08, 0
489326401, 3.4, 4.21e-09, 4.78e-09, 0.65, 0.7, 1e-08, 0
489585601, 1.57, 7.04e-08, 6.44e-08, 4.11, 6.25, 1e-08, 102
489844801, 5.0, 1.2e-07, 1.32e-07, 3.31, 4.7, 1e-08, 102
490104001, 3.48, 1.67e-08, 2.39e-08, 1.6, 0.82, 1e-08, 0
490363201, 4.78, 2.45e-08, 3.13e-08, 1.97, 0.8, 1e-08, 0
490622401, 1.65, 1.76e-08, 3.28e-08, 1.81, 1.15, 1e-08, 0
490881601, 7.2, 1.26e-07, 7.53e-08, 2.63, 0.52, 1e-08, 0
491400001, 11.49, 6.64e-08, 4.24e-08, 2.1, 0.47, 1e-08, 0
491659201, 5.34, 4.31e-08, 3.12e-08, 1.98, 0.54, 1e-08, 0
491918401, 15.32, 1.24e-07, 5e-08, 2.93, 0.5, 1e-08, 0
492177601, 11.04, 7.1e-08, 4.11e-08, 2.54, 0.5, 1e-08, 0
492955201, 4.99, 1.41e-07, 9.62e-08, 5.0, 0, 1e-08, 0
493214401, 3.26, 1.12e-07, 8.81e-08, 5.0, 0, 1e-08, 0
493473601, 2.51, 9.96e-08, 7.24e-08, 3.9, 6.16, 1e-08, 0
493992001, 1.24, 1.17e-08, 2.79e-08, 1.92, 1.54, 1e-08, 0
495288001, 14.94, 6.4e-08, 6.53e-08, 2.0, 0.65, 1e-08, 0
495547201, 4.0, 1.18e-07, 7.61e-08, 3.49, 1.67, 1e-08, 0
496324801, 7.11, 7.4e-08, 4.29e-08, 2.16, 0.42, 1e-08, 0
496584001, 12.15, 1.31e-07, 6.7e-08, 2.74, 0.47, 1e-08, 0
497880001, 4.15, 1.33e-07, 9.78e-08, 3.65, 4.55, 1e-08, 102
499435201, 4.05, 6.63e-08, 7.96e-08, 2.68, 1.2, 1e-08, 0
499694401, 5.43, 9.6e-08, 6.83e-08, 2.5, 0.7, 1e-08, 0
500212801, 8.23, 3.36e-07, 1.61e-07, 4.17, 1.12, 1e-08, 0
500472001, 1.04, 1.04e-07, 1.42e-07, 5.0, 0, 1e-08, 0
500731201, 2.21, 1.88e-07, 2.05e-07, 5.0, 0, 1e-08, 0
501249601, 5.37, 1.79e-08, 5.2e-08, 1.5, 1.55, 1e-08, 0
501508801, 3.56, 2.36e-08, 2.33e-08, 1.53, 0.58, 1e-08, 0
503323201, 3.25, 1.13e-07, 8.5e-08, 5.0, 0, 1e-08, 0
504360001, 6.48, 4.97e-09, 5.41e-09, 0.68, 0.7, 1e-08, 0
504619201, 2.67, 9.23e-08, 6.65e-08, 3.27, 1.11, 1e-08, 0
504878401, 3.38, 9.99e-08, 9.93e-08, 1.51, 0.6, 1e-08, 0
505137601, 3.73, 1.37e-07, 1e-07, 3.23, 1.18, 1e-08, 0
505396801, 2.86, 9.61e-08, 6.89e-08, 3.41, 2.29, 1e-08, 0
506174401, 5.59, 1.91e-08, 2.07e-08, 1.56, 0.72, 1e-08, 0
506692801, 5.12, 1.36e-07, 8.98e-08, 5.0, 0, 1e-08, 0
506952001, 4.24, 1.22e-07, 7.1e-08, 3.78, 4.19, 1e-08, 102
507470401, 7.84, 1.76e-07, 1.06e-06, 5.0, 0, 1e-08, 102
507988801, 1.34, 7.38e-08, 7.14e-08, 4.44, 3.43, 1e-08, 0
508507201, 1.96, 2.85e-08, 2.81e-08, 1.94, 0.61, 1e-08, 0
509025601, 1.01, 6.23e-08, 6.99e-08, 3.54, 8.14, 1e-08, 102
510321601, 1.66, 7.59e-08, 6.63e-08, 4.28, 6.03, 1e-08, 102
511876801, 1.6, 1.85e-08, 2.42e-08, 2.09, 0.84, 1e-08, 0
512136001, 10.39, 1.54e-07, 6.39e-08, 3.02, 0.5, 1e-08, 0
512395201, 7.03, 1.79e-07, 7.92e-08, 4.51, 3.16, 1e-08, 102
514209601, 5.13, 1.05e-08, 1.48e-08, 1.41, 0.88, 1e-08, 0
514468801, 2.64, 9.52e-08, 8.1e-08, 5.0, 0, 1e-08, 0
515764801, 3.38, 1.16e-07, 8.12e-08, 5.0, 0, 1e-08, 0
516024001, 2.5, 9.97e-08, 8.12e-08, 5.0, 0, 1e-08, 0
516542401, 4.73, 9.22e-09, 1.35e-08, 1.37, 0.9, 1e-08, 0
517579201, 3.39, 1e-07, 7.58e-08, 5.0, 0, 1e-08, 0
518616001, 11.15, 5.46e-08, 4.34e-08, 1.4, 0.48, 1e-08, 0
519134401, 4.56, 8.94e-09, 8.45e-09, 1.01, 0.58, 1e-08, 0
519393601, 3.62, 1.09e-07, 1.07e-07, 3.63, 5.03, 1e-08, 102
519652801, 1.14, 7.69e-08, 9.7e-08, 3.68, 7.24, 1e-08, 102
520430401, 2.24, 3e-08, 4.58e-08, 2.24, 0.99, 1e-08, 0
521208001, 2.58, 6.73e-08, 5.55e-08, 2.69, 0.75, 1e-08, 0
521726401, 4.33, 1.3e-07, 8.11e-08, 3.7, 4.3, 1e-08, 102
521985601, 5.76, 1.48e-07, 9.61e-08, 5.0, 0, 1e-08, 0
522504001, 7.4, 6.52e-08, 4.7e-08, 2.23, 0.49, 1e-08, 0
523800001, 4.4, 4.33e-08, 5.6e-08, 2.28, 0.89, 1e-08, 0
524059201, 4.56, 2.35e-08, 4.71e-08, 1.9, 1.22, 1e-08, 0
524836801, 6.58, 6.57e-08, 5.55e-08, 2.1, 0.58, 1e-08, 0
525355201, 4.6, 1.34e-07, 7.02e-08, 4.45, 3.83, 1e-08, 102
525614401, 4.55, 4.19e-08, 3.96e-08, 2.12, 0.74, 1e-08, 0
525873601, 2.71, 6.68e-08, 5.54e-08, 2.52, 0.66, 1e-08, 0
526392001, 1.05, 2.13e-08, 6.44e-08, 2.03, 1.86, 1e-08, 0
526651201, 9.97, 2.18e-07, 8.8e-08, 3.93, 0.81, 1e-08, 0
527169601, 2.08, 3.02e-08, 3.8e-08, 2.03, 1.06, 1e-08, 0
527688001, 3.86, 1.34e-07, 9.68e-08, 5.0, 0, 1e-08, 0
528465601, 1.93, 4.64e-08, 5.44e-08, 2.91, 1.32, 1e-08, 0
528724801, 4.1, 1.39e-07, 1.11e-07, 5.0, 0.11, 1e-08, 0
529243201, 2.03, 4.5e-08, 5.43e-08, 2.57, 0.87, 1e-08, 0
530020801, 2.78, 4.64e-08, 4.48e-08, 2.06, 0.67, 1e-08, 0
530280001, 8.15, 1.69e-08, 1.71e-08, 1.51, 0.65, 1e-08, 0
530539201, 2.05, 6.91e-08, 5.7e-08, 3.24, 1.07, 1e-08, 0
531057601, 6.75, 3.47e-08, 4.12e-08, 1.81, 0.7, 1e-08, 0
531576001, 1.4, 7.3e-08, 8.22e-08, 5.0, 0, 1e-08, 0
532094401, 1.77, 4.06e-08, 4.83e-08, 2.43, 0.97, 1e-08, 0
532353601, 1.78, 8.82e-08, 7.57e-08, 5.0, 0, 1e-08, 0
532612801, 6.94, 6.78e-08, 6.64e-08, 2.44, 0.7, 1e-08, 0
532872001, 3.31, 3.52e-08, 4.67e-08, 2.36, 1.01, 1e-08, 0
533908801, 4.31, 8.67e-08, 5.54e-08, 2.6, 0.52, 1e-08, 0
534168001, 5.12, 5.84e-09, 7.85e-09, 1.02, 0.86, 1e-08, 0
534427201, 3.86, 1.4e-07, 7.99e-08, 4.0, 4.12, 1e-08, 102
535204801, 9.5, 1.92e-07, 8.5e-08, 4.25, 1.51, 1e-08, 0
535723201, 8.44, 1.05e-07, 5.91e-08, 2.8, 0.64, 1e-08, 0
535982401, 2.72, 1.01e-07, 7.49e-08, 3.9, 5.19, 1e-08, 102
536500801, 1.86, 6.02e-08, 6.29e-08, 2.73, 1.18, 1e-08, 0
537019201, 5.83, 1.26e-07, 8.12e-08, 3.53, 1.69, 1e-08, 0
537537601, 2.88, 8.87e-08, 6.34e-08, 3.07, 1.08, 1e-08, 0
538056001, 6.26, 2.26e-08, 2.42e-08, 2.08, 0.71, 1e-08, 0
538315201, 1.41, 2.42e-08, 2.68e-08, 2.22, 0.71, 1e-08, 0
539870401, 1.59, 7.49e-09, 9.03e-09, 1.06, 0.7, 1e-08, 0
540388801, 6.07, 1.61e-07, 9.22e-08, 5.0, 0, 1e-08, 0
540907201, 5.0, 1.01e-07, 8.58e-08, 2.83, 1.21, 1e-08, 0
541425601, 5.97, 3.48e-08, 2.88e-08, 1.66, 0.51, 1e-08, 0
545054401, 4.87, 7.7e-08, 4.31e-08, 3.22, 1.02, 1e-08, 0
545313601, 3.73, 1.53e-08, 1.94e-08, 1.89, 0.78, 1e-08, 0
545572801, 3.65, 3.13e-08, 3.32e-08, 2.42, 0.83, 1e-08, 0
546609601, 2.18, 4.97e-08, 7.71e-08, 3.46, 6.6, 1e-08, 102
547905601, 1.09, 1.66e-08, 2.59e-08, 1.7, 0.87, 1e-08, 0
548164801, 7.87, 1.35e-07, 5.59e-08, 4.27, 2.98, 1e-08, 102
548683201, 4.01, 1.52e-08, 2.59e-08, 1.76, 1.06, 1e-08, 0
548942401, 1.95, 8.35e-08, 7.34e-08, 5.0, 0, 1e-08, 0
549201601, 1.16, 5.49e-08, 8.04e-07, 4.64, 3.71, 1e-08, 0
549460801, 1.84, 8.15e-08, 7.45e-08, 5.0, 0, 1e-08, 0
549979201, 2.6, 8.89e-08, 6.44e-08, 3.5, 1.62, 1e-08, 0
550497601, 1.57, 3.57e-08, 4.12e-08, 2.81, 1.26, 1e-08, 0
550756801, 4.52, 4.03e-09, 5.07e-09, 1.13, 0.75, 1e-08, 0
552052801, 3.55, 5.72e-08, 4.28e-08, 2.92, 0.8, 1e-08, 0
552571201, 2.61, 9.98e-08, 7.73e-08, 5.0, 0, 1e-08, 0
552830401, 6.39, 1.32e-07, 8.1e-08, 3.76, 3.74, 1e-08, 102
553348801, 3.5, 9.81e-08, 6.89e-08, 5.0, 0, 1e-08, 0
553608001, 3.56, 1.05e-07, 6.23e-08, 4.19, 4.38, 1e-08, 102
553867201, 5.8, 7.78e-08, 5.52e-08, 2.57, 0.63, 1e-08, 0
554126401, 16.66, 1.06e-07, 4.82e-08, 2.42, 0.38, 1e-08, 0
554385601, 6.89, 4.3e-08, 2.93e-08, 2.36, 0.46, 1e-08, 0
556200001, 2.13, 5.75e-08, 4.43e-08, 5.0, 0, 1e-08, 0
556459201, 2.12, 6.32e-08, 4.89e-08, 3.59, 5.45, 1e-08, 102
556977601, 1.87, 6.85e-08, 5.55e-08, 3.79, 6.04, 1e-08, 102
557236801, 6.01, 1.25e-07, 6.12e-08, 4.96, 0.57, 1e-08, 0
557496001, 1.55, 5.21e-08, 8.09e-08, 3.19, 11, 1e-08, 0
557755201, 1.67, 6.63e-08, 5.84e-08, 3.56, 2.74, 1e-08, 0
560606401, 2.57, 7.61e-08, 3.75e-07, 3.64, 1.33, 1e-08, 0
560865601, 7.47, 5.06e-08, 2.94e-08, 2.32, 0.43, 1e-08, 0
561384001, 2.48, 4.33e-08, 3.44e-08, 2.86, 0.76, 1e-08, 0
561643201, 4.14, 9.15e-08, 5.17e-08, 4.45, 1.29, 1e-08, 0
561902401, 20.15, 5.36e-08, 3.09e-08, 1.96, 0.39, 1e-08, 0
563198401, 1.37, 4.92e-08, 4.69e-08, 3.68, 7.39, 1e-08, 102
563457601, 1.54, 2.1e-08, 2.57e-08, 2.1, 0.77, 1e-08, 0
564235201, 6.66, 2.08e-07, 1.28e-07, 3.06, 0.81, 1e-08, 0
566568001, 4.74, 3.15e-08, 3.32e-08, 1.96, 0.63, 1e-08, 0
567086401, 1.9, 1.05e-08, 1.79e-08, 1.54, 0.94, 1e-08, 0
569678401, 2.48, 6.59e-08, 6.83e-08, 3.12, 1.33, 1e-08, 0
571492801, 7.76, 1.3e-07, 5.11e-08, 4.51, 2.91, 1e-08, 102
571752001, 5.5, 1.58e-08, 1.94e-08, 1.71, 0.73, 1e-08, 0
572011201, 4.77, 9.51e-08, 6.7e-08, 3.42, 1.71, 1e-08, 0
572788801, 21.71, 5.64e-08, 3.45e-08, 1.69, 0.42, 1e-08, 0
573048001, 3.89, 1.09e-07, 6.49e-08, 3.5, 1.31, 1e-08, 0
573307201, 1.49, 7.77e-08, 7.32e-08, 3.46, 7.03, 1e-08, 102
573566401, 2.75, 6.58e-09, 8.34e-09, 1.33, 0.82, 1e-08, 0
573825601, 4.77, 1.43e-07, 9.3e-08, 5.0, 0, 1e-08, 0
574862401, 4.77, 1.4e-07, 7.51e-08, 3.62, 1.38, 1e-08, 0
575121601, 2.51, 8.54e-08, 1.11e-07, 3.45, 6.26, 1e-08, 102
575899201, 6.6, 1.15e-07, 6.4e-08, 2.77, 0.62, 1e-08, 0
576158401, 3.19, 1.03e-07, 8.12e-08, 5.0, 0, 1e-08, 0
576676801, 2.72, 4.01e-08, 3.89e-08, 2.17, 0.72, 1e-08, 0
576936001, 4.81, 1.6e-07, 1.42e-07, 3.68, 11.4, 1e-08, 0
577195201, 6.98, 4.57e-08, 4.95e-08, 2.1, 0.75, 1e-08, 0
577454401, 1.68, 5.11e-08, 4.74e-08, 2.85, 0.9, 1e-08, 0
578491201, 7.19, 6.2e-09, 8.59e-09, 1.01, 0.92, 1e-08, 0
578750401, 2.61, 1.03e-07, 7.59e-08, 5.0, 0, 1e-08, 0
579009601, 4.59, 1.29e-07, 8.12e-08, 3.46, 1.82, 1e-08, 0
579268801, 1.56, 4.45e-09, 6.33e-09, 1.11, 0.86, 1e-08, 0
579528001, 3.42, 6.1e-08, 5.6e-08, 2.51, 0.7, 1e-08, 0
579787201, 2.52, 4.84e-08, 3.98e-08, 2.22, 0.64, 1e-08, 0
580305601, 1.67, 9.34e-08, 9.07e-08, 5.0, 0, 1e-08, 0
581342401, 1.32, 5.19e-09, 7.39e-09, 1.18, 1.02, 1e-08, 0
581601601, 1.67, 3.23e-08, 3.58e-08, 2.37, 0.99, 1e-08, 0
582120001, 3.15, 3.38e-08, 3e-08, 1.73, 0.55, 1e-08, 0
582638401, 2.87, 7.8e-09, 1.25e-08, 1.32, 1, 1e-08, 0
582897601, 1.88, 9.73e-08, 1.12e-07, 4.99, 0.21, 1e-08, 0
583416001, 4.68, 9.18e-08, 6.74e-08, 2.94, 0.71, 1e-08, 0
584193601, 3.05, 7.77e-08, 6.11e-08, 2.53, 0.63, 1e-08, 0
584712001, 2.0, 4.09e-09, 5.99e-09, 1.21, 0.99, 1e-08, 0
585748801, 5.86, 1.14e-07, 5.8e-08, 3.39, 0.83, 1e-08, 0
586526401, 6.88, 1.92e-07, 2.71e-07, 3.44, 7.2, 1e-08, 0
587563201, 7.88, 1.9e-07, 8.2e-08, 4.78, 1.99, 1e-08, 0
587822401, 4.73, 1.38e-08, 2.02e-08, 1.5, 0.92, 1e-08, 0
588600001, 1.38, 6.41e-09, 1.11e-08, 1.53, 1.07, 1e-08, 0
589377601, 5.99, 1.28e-07, 7.39e-08, 5.0, 0, 1e-08, 0
590673601, 4.57, 9.41e-08, 7.4e-08, 2.66, 0.81, 1e-08, 0
590932801, 3.0, 2.24e-08, 2.71e-08, 1.85, 0.69, 1e-08, 0
591451201, 1.81, 1.52e-08, 1.57e-08, 1.85, 0.61, 1e-08, 0
591710401, 1.23, 2.97e-08, 3.26e-08, 2.35, 0.8, 1e-08, 0
592228801, 2.7, 1.11e-07, 5.95e-07, 4.5, 1.38, 1e-08, 0
592747201, 1.11, 5.76e-08, 2.04e-07, 4.07, 0.97, 1e-08, 0
593784001, 1.18, 5.82e-08, 2.63e-07, 3.46, 10.4, 1e-08, 102
594043201, 1.59, 6.33e-08, 6.75e-08, 2.9, 1.19, 1e-08, 0
594561601, 1.54, 2.1e-08, 2.54e-08, 1.96, 0.78, 1e-08, 0
595080001, 1.01, 5.54e-08, 6.26e-08, 3.93, 0.88, 1e-08, 0
595339201, 9.48, 7.23e-09, 7.86e-09, 0.97, 0.66, 1e-08, 0
596376001, 2.52, 3.69e-08, 3.25e-08, 2.09, 0.62, 1e-08, 0
596635201, 1.08, 5.85e-08, 6.85e-08, 5.0, 0, 1e-08, 0
596894401, 1.39, 1.41e-08, 1.98e-08, 1.66, 0.81, 1e-08, 0
597412801, 1.65, 6.29e-09, 1.02e-08, 1.41, 1.06, 1e-08, 0
597672001, 6.02, 1.05e-07, 5.89e-08, 2.71, 0.51, 1e-08, 0
598968001, 3.99, 4.72e-09, 4.58e-09, 0.76, 0.59, 1e-08, 0
599227201, 3.63, 9.02e-08, 5.81e-08, 5.0, 0, 1e-08, 0
600004801, 12.69, 1.88e-07, 6.6e-08, 4.43, 2.4, 1e-08, 102
600264001, 4.87, 1.25e-07, 8.4e-08, 5.0, 0, 1e-08, 0
601041601, 3.53, 2.3e-08, 2.77e-08, 1.79, 0.68, 1e-08, 0
601300801, 5.17, 9.57e-08, 6.33e-08, 2.38, 0.55, 1e-08, 0
602078401, 1.07, 2.8e-08, 7.6e-08, 2.48, 2.39, 1e-08, 0
603115201, 1.02, 9.81e-09, 2.94e-08, 2.08, 1.97, 1e-08, 0
603892801, 3.71, 3.85e-08, 3.59e-08, 2.3, 0.65, 1e-08, 0
604411201, 1.52, 4.59e-09, 6.98e-09, 0.97, 0.88, 1e-08, 0
604929601, 1.77, 8.18e-08, 8.71e-08, 5.0, 0, 1e-08, 0
605188801, 7.08, 1.15e-07, 7.09e-08, 2.7, 0.56, 1e-08, 0
605707201, 5.44, 1.12e-08, 1.13e-08, 1.05, 0.65, 1e-08, 0
606225601, 1.2, 1.28e-08, 1.67e-08, 1.61, 0.7, 1e-08, 0
606484801, 3.85, 1.13e-07, 6.92e-08, 3.58, 1.47, 1e-08, 0
607003201, 5.01, 1.24e-07, 6.7e-08, 3.77, 2.52, 1e-08, 0
607262401, 2.69, 1.08e-07, 7.31e-08, 3.6, 5.11, 1e-08, 102
609336001, 1.31, 1.71e-08, 2.3e-08, 1.87, 0.79, 1e-08, 0
609854401, 6.32, 1.61e-07, 9.19e-08, 5.0, 0, 1e-08, 0
610372801, 1.84, 7.79e-08, 5.07e-07, 4.27, 1.75, 1e-08, 0
611409601, 14.78, 3.36e-09, 4.42e-09, 0.0, 0, 1e-08, 0
611928001, 2.81, 9.63e-08, 7.85e-08, 5.0, 0, 1e-08, 0
612446401, 2.9, 9.21e-09, 1.34e-08, 1.31, 0.87, 1e-08, 0
612705601, 1.24, 6.19e-08, 6.31e-08, 5.0, 0, 1e-08, 0
614260801, 3.01, 7.22e-08, 6.27e-08, 2.85, 0.93, 1e-08, 0
615038401, 6.78, 1.66e-07, 9.39e-08, 5.0, 0, 1e-08, 0
615816001, 1.03, 1.04e-08, 1.58e-08, 1.58, 0.88, 1e-08, 0
616075201, 3.12, 1.27e-08, 1.89e-08, 1.63, 0.86, 1e-08, 0
616852801, 8.68, 1.11e-07, 5.49e-08, 2.92, 0.6, 1e-08, 0
617889601, 1.74, 6.2e-08, 6.5e-08, 3.62, 6.79, 1e-08, 102
618148801, 1.22, 4.89e-08, 5.5e-08, 2.59, 0.77, 1e-08, 0
618408001, 2.06, 1.59e-08, 3.43e-08, 1.79, 1.23, 1e-08, 0
618667201, 1.18, 1.58e-08, 2.98e-08, 1.8, 1.46, 1e-08, 0
619185601, 4.38, 9.1e-08, 6.28e-08, 2.8, 0.58, 1e-08, 0
619963201, 3.29, 9.95e-08, 8.14e-08, 5.0, 0, 1e-08, 0
621259201, 3.84, 6.29e-08, 4.89e-08, 2.57, 0.64, 1e-08, 0
622814401, 1.22, 6.03e-08, 1.64e-06, 4.17, 7.08, 1e-08, 102
623592001, 3.74, 9.12e-08, 6e-08, 5.0, 0, 1e-08, 0
624110401, 2.5, 9.02e-08, 6.95e-08, 4.69, 0.61, 1e-08, 0
624369601, 9.8, 9.59e-08, 8.33e-08, 2.38, 0.71, 1e-08, 0
624628801, 5.09, 1.37e-07, 8.81e-08, 5.0, 0, 1e-08, 0
624888001, 1.16, 7.14e-08, 7.48e-08, 3.81, 0.84, 1e-08, 0
625665601, 5.51, 3.5e-09, 4.78e-09, 0.0, 0, 1e-08, 0
626702401, 1.12, 4.15e-08, 4.8e-08, 2.76, 1.02, 1e-08, 0
627739201, 4.31, 6.14e-08, 4.85e-08, 2.7, 0.82, 1e-08, 0
628257601, 7.22, 1.35e-07, 6.92e-08, 3.42, 0.82, 1e-08, 0
629035201, 1.88, 6.46e-08, 5.55e-08, 2.73, 0.87, 1e-08, 0
629294401, 10.56, 1.15e-07, 5.12e-08, 2.24, 0.37, 1e-08, 0
629553601, 3.46, 1.07e-07, 7.37e-08, 3.58, 2.17, 1e-08, 0
629812801, 10.97, 2.96e-08, 2.73e-08, 1.42, 0.6, 1e-08, 0
630072001, 7.42, 1.77e-07, 9.47e-08, 5.0, 0, 1e-08, 0
630590401, 1.46, 3.91e-08, 4.24e-08, 2.46, 0.82, 1e-08, 0
631108801, 4.41, 1.04e-07, 6.39e-08, 5.0, 0, 1e-08, 0
631368001, 5.29, 2.94e-08, 3.04e-08, 2.19, 0.7, 1e-08, 0
631627201, 1.15, 1.9e-08, 2.26e-08, 2.28, 0.82, 1e-08, 0
631886401, 3.05, 1.76e-08, 1.9e-08, 1.66, 0.67, 1e-08, 0
632404801, 2.01, 2.01e-08, 2.18e-08, 1.92, 0.7, 1e-08, 0
632664001, 5.59, 9.33e-08, 5.38e-08, 2.65, 0.56, 1e-08, 0
633182401, 7.41, 1.24e-07, 6.8e-08, 2.79, 0.54, 1e-08, 0
633441601, 2.85, 1.07e-07, 7.39e-08, 4.82, 2.02, 1e-08, 0
633700801, 1.58, 7.14e-08, 5.94e-08, 3.82, 6.62, 1e-08, 102
633960001, 4.97, 5.17e-08, 4.36e-08, 2.09, 0.59, 1e-08, 0
634737601, 3.84, 8.42e-08, 5.39e-08, 2.99, 0.7, 1e-08, 0
634996801, 15.61, 2.19e-08, 1.48e-08, 1.51, 0.44, 1e-08, 0
635256001, 8.08, 2.06e-08, 2.25e-08, 1.8, 0.69, 1e-08, 0
635515201, 5.09, 6.73e-08, 7.88e-08, 3.02, 1.48, 1e-08, 0
635774401, 1.06, 3.4e-08, 2.03e-07, 2.66, 13.6, 1e-08, 102
636033601, 1.85, 7.76e-08, 7.45e-08, 5.0, 0, 1e-08, 0
636292801, 2.21, 9.45e-08, 7.33e-08, 5.0, 0, 1e-08, 0
636811201, 1.25, 4.81e-08, 5.37e-08, 3.22, 1.71, 1e-08, 0
637329601, 2.32, 9.57e-08, 7.74e-08, 4.1, 5.58, 1e-08, 102
637588801, 1.18, 6.75e-08, 6.85e-08, 3.66, 7.55, 1e-08, 102
637848001, 4.87, 6.85e-08, 4.94e-08, 2.4, 0.6, 1e-08, 0
638366401, 10.38, 6.33e-08, 4.19e-08, 1.97, 0.47, 1e-08, 0
638625601, 1.92, 7.82e-08, 6.87e-08, 3.13, 1.29, 1e-08, 0
639403201, 1.18, 3.31e-08, 4.19e-08, 2.63, 1.05, 1e-08, 0
640958401, 3.39, 1.02e-07, 8.01e-08, 3.15, 1.71, 1e-08, 0
641217601, 2.96, 5.35e-09, 7.36e-09, 1.1, 0.81, 1e-08, 0
641476801, 3.15, 9.03e-08, 6.18e-08, 3.2, 1.01, 1e-08, 0
641736001, 1.6, 8.09e-08, 7.02e-08, 3.96, 6.28, 1e-08, 102
642513601, 1.34, 3.06e-08, 4.15e-08, 2.28, 1.02, 1e-08, 0
642772801, 5.5, 1.96e-08, 1.77e-08, 1.44, 0.6, 1e-08, 0
643032001, 1.87, 7.12e-08, 6.28e-08, 3.62, 6.47, 1e-08, 102
643809601, 1.67, 6.7e-08, 1.39e-07, 3.35, 7.87, 1e-08, 102
644587201, 3.92, 1e-08, 1.18e-08, 1.48, 0.76, 1e-08, 0
644846401, 4.69, 9.36e-08, 6.43e-08, 2.81, 0.71, 1e-08, 0
645624001, 1.82, 4.3e-08, 4.72e-08, 2.95, 1.16, 1e-08, 0
647956801, 4.04, 8.75e-08, 5.97e-08, 3.12, 0.97, 1e-08, 0
648216001, 4.83, 1.03e-07, 6.82e-08, 2.82, 0.75, 1e-08, 0
648475201, 5.65, 1.19e-08, 1.36e-08, 1.35, 0.72, 1e-08, 0
649252801, 1.69, 5.73e-08, 5.18e-08, 3.38, 2.22, 1e-08, 0
649512001, 6.74, 1.32e-07, 6.08e-08, 3.71, 1.76, 1e-08, 0
650030401, 5.09, 5.1e-09, 7.21e-09, 0.8, 0.99, 1e-08, 0
651067201, 2.3, 9.51e-08, 1.34e-07, 3.38, 6.36, 1e-08, 102
651585601, 3.44, 1.24e-07, 8.69e-08, 3.93, 4.62, 1e-08, 102
652881601, 1.13, 3.67e-08, 4.48e-08, 3.12, 1.75, 1e-08, 0
653400001, 2.6, 7.17e-08, 5.2e-08, 3.11, 1.1, 1e-08, 0
653659201, 1.28, 6.62e-08, 6.7e-08, 3.87, 1.71, 1e-08, 0
654436801, 5.53, 4.3e-09, 4.99e-09, 0.82, 0.82, 1e-08, 0
654955201, 3.35, 1.04e-07, 7.41e-08, 5.0, 0, 1e-08, 0
655214401, 7.6, 9.03e-08, 5.36e-08, 2.71, 0.62, 1e-08, 0
655473601, 2.56, 3.56e-09, 4.91e-09, 1.11, 0.89, 1e-08, 0
655732801, 4.06, 3.25e-08, 3.73e-08, 2.06, 0.73, 1e-08, 0
655992001, 6.19, 5.15e-08, 4.68e-08, 2.26, 0.66, 1e-08, 0
656510401, 7.72, 3.9e-08, 2.9e-08, 1.75, 0.52, 1e-08, 0
657028801, 3.21, 1.05e-07, 1.43e-07, 3.57, 5.71, 1e-08, 102
657288001, 4.97, 4.54e-08, 4.03e-08, 2.16, 0.62, 1e-08, 0
657547201, 1.31, 3.05e-08, 5.36e-08, 2.52, 1.38, 1e-08, 0
658584001, 3.67, 5.71e-08, 4.89e-08, 2.54, 0.69, 1e-08, 0
659361601, 1.99, 2.54e-08, 3.59e-08, 2.36, 0.86, 1e-08, 0
659880001, 1.84, 5.06e-09, 7.13e-09, 1.07, 0.82, 1e-08, 0
660398401, 12.6, 8.35e-08, 5.25e-08, 2.11, 0.46, 1e-08, 0
661435201, 5.55, 1.19e-08, 1.57e-08, 1.29, 0.76, 1e-08, 0
661953601, 4.13, 2.02e-08, 3.29e-08, 1.99, 1.06, 1e-08, 0
662212801, 5.45, 1.03e-07, 6.5e-08, 2.84, 0.65, 1e-08, 0
662472001, 1.89, 4.2e-08, 5.65e-08, 2.96, 1.62, 1e-08, 0
663249601, 4.25, 8.5e-08, 4.92e-08, 3.93, 4.15, 1e-08, 102
663508801, 15.49, 3.92e-08, 2.29e-08, 1.81, 0.37, 1e-08, 0
663768001, 4.79, 3.79e-08, 2.86e-08, 2.1, 0.49, 1e-08, 0
664286401, 1.78, 8.68e-08, 7.41e-08, 4.51, 1.6, 1e-08, 0
664545601, 4.22, 1.57e-08, 1.63e-08, 1.58, 0.66, 1e-08, 0
664804801, 13.24, 4.55e-08, 3.26e-08, 1.59, 0.42, 1e-08, 0
665323201, 1.17, 1.14e-08, 1.87e-08, 1.59, 1, 1e-08, 0
666360001, 1.58, 3.74e-08, 3.8e-08, 2.51, 0.85, 1e-08, 0
666878401, 5.53, 6.73e-08, 4.06e-08, 2.65, 0.53, 1e-08, 0
667137601, 4.85, 7.65e-09, 7.86e-09, 1.09, 0.67, 1e-08, 0
668433601, 1.58, 6.32e-08, 5.8e-08, 3.03, 1.05, 1e-08, 0
668692801, 16.44, 6.84e-08, 4.57e-08, 2.0, 0.49, 1e-08, 0
668952001, 2.09, 7.89e-08, 4.28e-07, 4.28, 1.45, 1e-08, 0
669211201, 4.26, 4.21e-09, 4.89e-09, 0.65, 0.82, 1e-08, 0
669470401, 6.69, 1.08e-08, 1.07e-08, 0.98, 0.64, 1e-08, 0
669729601, 1.94, 5.08e-08, 6.21e-08, 2.77, 1.01, 1e-08, 0
669988801, 2.83, 9.11e-08, 6.39e-08, 3.15, 1.03, 1e-08, 0
670248001, 2.53, 1.05e-07, 7.58e-08, 4.43, 1.73, 1e-08, 0
670507201, 3.18, 5.2e-08, 5.19e-08, 2.71, 0.83, 1e-08, 0
671544001, 5.79, 7.73e-08, 5.49e-08, 2.49, 0.63, 1e-08, 0
671803201, 4.25, 1.05e-07, 1.33e-07, 3.48, 5.04, 1e-08, 102
672062401, 3.01, 6.19e-08, 5.11e-08, 2.82, 0.78, 1e-08, 0
672580801, 4.75, 8.04e-08, 5.84e-08, 2.68, 0.63, 1e-08, 0
672840001, 5.62, 7.01e-09, 7.8e-09, 1.22, 0.71, 1e-08, 0
673358401, 10.12, 5.05e-08, 2.89e-08, 1.83, 0.37, 1e-08, 0
673617601, 1.72, 7.73e-08, 6.65e-08, 3.41, 1.37, 1e-08, 0
673876801, 9.75, 1.01e-07, 5.61e-08, 2.42, 0.45, 1e-08, 0
674136001, 2.29, 1.13e-08, 1.38e-08, 1.17, 0.72, 1e-08, 0
674913601, 2.46, 8.62e-08, 6.59e-08, 3.41, 1.08, 1e-08, 0
675172801, 1.44, 4.48e-08, 5.11e-08, 2.73, 1.34, 1e-08, 0
675950401, 2.62, 8.57e-08, 7.21e-08, 3.41, 5.78, 1e-08, 102
676987201, 2.8, 3.27e-08, 3.3e-08, 2.07, 0.6, 1e-08, 0
677505601, 4.13, 1.11e-07, 7.92e-08, 5.0, 0, 1e-08, 0
677764801, 1.37, 6.26e-09, 1.03e-08, 1.32, 0.89, 1e-08, 0
678024001, 1.01, 5.39e-08, 6.61e-08, 3.47, 8.42, 1e-08, 0
679320001, 1.52, 7.45e-08, 7.26e-07, 5.0, 0, 1e-08, 102
680616001, 1.39, 5.43e-08, 5.48e-08, 3.42, 3.1, 1e-08, 0
680875201, 6.24, 6.12e-09, 8.1e-09, 1.12, 0.78, 1e-08, 0
681134401, 2.6, 8.04e-08, 4.16e-07, 4.59, 1.33, 1e-08, 0
681912001, 5.27, 1.08e-08, 1.45e-08, 1.25, 0.77, 1e-08, 0
682171201, 2.98, 5.76e-08, 4.64e-08, 2.47, 0.68, 1e-08, 0
682430401, 10.1, 2.08e-08, 1.43e-08, 1.15, 0.44, 1e-08, 0
683208001, 4.08, 8.49e-09, 1.13e-08, 1.39, 0.8, 1e-08, 0
683467201, 3.03, 1.05e-07, 7.07e-08, 3.79, 3.68, 1e-08, 0
683726401, 5.77, 3.71e-09, 3.94e-09, 0.72, 0.71, 1e-08, 0
683985601, 2.78, 1.04e-07, 6.68e-08, 4.69, 4.73, 1e-08, 102
684244801, 13.92, 9.62e-08, 6.28e-08, 2.39, 0.49, 1e-08, 0
684504001, 6.01, 1.49e-07, 9.1e-08, 5.0, 0, 1e-08, 0
684763201, 2.03, 7.03e-08, 6.46e-08, 5.0, 0, 1e-08, 0
685022401, 2.56, 1.77e-08, 2.15e-08, 1.8, 0.71, 1e-08, 0
685281601, 3.94, 3.26e-08, 3.59e-08, 2.16, 0.75, 1e-08, 0
685540801, 1.35, 7.1e-08, 6.93e-08, 4.4, 2.7, 1e-08, 0
685800001, 1.59, 8.16e-08, 7.84e-08, 5.0, 0, 1e-08, 0
686059201, 4.25, 2.12e-08, 1.82e-08, 1.4, 0.53, 1e-08, 0
686836801, 20.46, 1.39e-07, 5e-08, 2.5, 0.33, 1e-08, 0
687096001, 1.8, 3.35e-08, 4.27e-08, 2.61, 1.24, 1e-08, 0
687355201, 25.37, 1.37e-08, 9.08e-09, 0.99, 0.44, 1e-08, 0
688392001, 9.24, 2.13e-08, 2.02e-08, 1.52, 0.58, 1e-08, 0
688651201, 2.77, 9.97e-08, 6.84e-08, 3.71, 2.47, 1e-08, 0
688910401, 1.98, 4.31e-08, 4.47e-08, 2.57, 0.77, 1e-08, 0
689169601, 1.42, 3.33e-08, 4.2e-08, 2.49, 0.81, 1e-08, 0
689428801, 2.49, 8.49e-08, 6.7e-08, 3.14, 1.35, 1e-08, 0
689688001, 1.31, 7.61e-08, 8.48e-08, 5.0, 0, 1e-08, 0
689947201, 1.11, 6.35e-08, 6.67e-08, 4.45, 1.7, 1e-08, 0
690206401, 2.13, 5.94e-08, 6.74e-08, 3.18, 1.26, 1e-08, 0
690465601, 1.96, 8.2e-08, 6.41e-08, 3.3, 2.67, 1e-08, 0
690724801, 1.45, 5.66e-08, 4.93e-08, 4.08, 6.61, 1e-08, 102
690984001, 10.89, 6.72e-08, 3.89e-08, 2.35, 0.44, 1e-08, 0
691243201, 6.37, 4.76e-08, 4.57e-08, 2.2, 0.7, 1e-08, 0
691761601, 8.25, 7.61e-09, 6.3e-09, 1.02, 0.55, 1e-08, 0
692280001, 3.69, 3.35e-08, 3.5e-08, 2.17, 0.76, 1e-08, 0
692539201, 1.03, 6.31e-08, 6.98e-08, 3.83, 7.72, 1e-08, 102
692798401, 8.67, 1.05e-07, 6.68e-08, 2.69, 0.57, 1e-08, 0
693057601, 1.93, 6.73e-08, 7.07e-08, 3.1, 1.01, 1e-08, 0
694353601, 14.83, 8.54e-08, 5.27e-08, 2.41, 0.44, 1e-08, 0
694612801, 3.95, 3.82e-08, 4.05e-08, 2.22, 0.76, 1e-08, 0
694872001, 16.91, 6.37e-08, 3.74e-08, 2.04, 0.39, 1e-08, 0
695131201, 15.84, 7.06e-08, 5.17e-08, 2.38, 0.53, 1e-08, 0
695390401, 2.7, 1.18e-08, 2.44e-08, 2.02, 1.22, 1e-08, 0
695649601, 6.16, 1.18e-08, 1.62e-08, 1.57, 0.8, 1e-08, 0
695908801, 1.62, 7e-08, 7.08e-08, 5.0, 0, 1e-08, 0
696427201, 4.12, 1.01e-08, 1.48e-08, 1.33, 0.9, 1e-08, 0
696686401, 1.57, 1.65e-08, 2.14e-08, 1.79, 0.89, 1e-08, 0
696945601, 3.8, 3.37e-08, 4.26e-08, 1.92, 0.81, 1e-08, 0
697204801, 1.54, 3.61e-08, 3.92e-08, 2.11, 0.66, 1e-08, 0
698241601, 5.48, 1.62e-08, 2.52e-08, 1.74, 1.03, 1e-08, 0
698760001, 1.33, 5.04e-09, 6.57e-09, 1.04, 0.71, 1e-08, 0
699019201, 2.35, 5.47e-08, 4.52e-08, 3.17, 0.81, 1e-08, 0
699537601, 5.07, 5.74e-09, 7.56e-09, 1.12, 0.84, 1e-08, 0
700574401, 1.78, 8.24e-08, 8.36e-08, 5.0, 0, 1e-08, 0
700833601, 3.04, 2.28e-08, 2.02e-08, 1.6, 0.52, 1e-08, 0
701092801, 3.19, 1.89e-08, 2.3e-08, 1.85, 0.77, 1e-08, 0
701870401, 10.7, 3.59e-09, 3.82e-09, 0.21, 0.94, 1e-08, 0
702388801, 40.65, 4.54e-08, 2.34e-08, 1.28, 0.34, 1e-08, 0
702907201, 3.3, 4.63e-08, 4.15e-08, 2.21, 0.63, 1e-08, 0
703166401, 6.38, 8.14e-09, 1.08e-08, 1.04, 0.82, 1e-08, 0
703425601, 9.38, 1.75e-07, 7.51e-08, 3.44, 1.35, 1e-08, 0
703684801, 1.59, 3.91e-08, 4.53e-08, 2.59, 0.9, 1e-08, 0
703944001, 11.59, 9.96e-08, 6.44e-08, 2.44, 0.48, 1e-08, 0
704203201, 2.45, 4.8e-08, 5.99e-08, 2.42, 0.99, 1e-08, 0
704462401, 4.38, 1.4e-07, 9.21e-08, 3.28, 2.16, 1e-08, 0
704721601, 11.21, 1e-07, 5.4e-08, 2.3, 0.45, 1e-08, 0
704980801, 1.55, 1.44e-08, 2.69e-08, 1.88, 1.02, 1e-08, 0
705240001, 7.65, 7.91e-09, 7.77e-09, 1.11, 0.61, 1e-08, 0
705499201, 11.91, 3.88e-09, 4.47e-09, 0.52, 0.82, 1e-08, 0
706017601, 5.29, 1.17e-08, 2.19e-08, 1.32, 1.08, 1e-08, 0
706536001, 11.74, 1.09e-07, 6.4e-08, 2.63, 0.55, 1e-08, 0
706795201, 1.14, 2.92e-08, 5.31e-08, 2.25, 1.24, 1e-08, 0
707054401, 24.63, 2.74e-08, 1.88e-08, 1.17, 0.44, 1e-08, 0
707313601, 7.86, 2.68e-08, 1.99e-08, 1.62, 0.49, 1e-08, 0
707832001, 4.61, 1.28e-07, 7e-08, 3.79, 4.07, 1e-08, 102
708091201, 7.5, 8.5e-08, 8.29e-08, 2.41, 0.77, 1e-08, 0
708350401, 38.04, 9.96e-08, 4.14e-08, 1.82, 0.3, 1e-08, 0
708609601, 14.25, 1.43e-07, 6.98e-08, 2.83, 0.5, 1e-08, 0
708868801, 21.54, 3.44e-08, 2.42e-08, 1.59, 0.45, 1e-08, 0
709128001, 40.09, 1.3e-07, 5.22e-08, 2.17, 0.31, 1e-08, 0
709387201, 4.04, 3.49e-08, 4.7e-08, 2.27, 0.83, 1e-08, 0
709646401, 3.25, 7.11e-08, 5.49e-08, 2.72, 0.87, 1e-08, 0
709905601, 11.22, 1.39e-08, 1.14e-08, 1.04, 0.52, 1e-08, 0
710424001, 12.35, 1.81e-07, 8.43e-08, 3.05, 0.66, 1e-08, 0
710683201, 7.92, 1.15e-07, 6.11e-08, 2.87, 0.52, 1e-08, 0
711720001, 6.12, 4.2e-09, 4.61e-09, 0.71, 0.71, 1e-08, 0
712238401, 1.09, 2.15e-08, 2.96e-08, 2.49, 0.94, 1e-08, 0
712497601, 10.85, 5.44e-08, 3.46e-08, 2.07, 0.45, 1e-08, 0
712756801, 40.85, 2.83e-08, 1.38e-08, 1.19, 0.31, 1e-08, 0
713016001, 20.8, 1.26e-07, 5.29e-08, 2.48, 0.37, 1e-08, 0
713534401, 1.8, 2.1e-08, 4.2e-08, 2.45, 1.49, 1e-08, 0
713793601, 9.58, 2.28e-08, 2.03e-08, 1.46, 0.56, 1e-08, 0
714052801, 3.92, 1.28e-08, 1.67e-08, 1.48, 0.9, 1e-08, 0
714312001, 6.38, 7.85e-09, 1.29e-08, 1.26, 1.1, 1e-08, 0
714571201, 2.64, 5.7e-08, 4.63e-08, 2.37, 0.65, 1e-08, 0
714830401, 1.17, 5.72e-08, 6.16e-08, 3.56, 1.53, 1e-08, 0
715089601, 3.31, 3.61e-08, 3.69e-08, 1.97, 0.71, 1e-08, 0
715348801, 3.75, 4.19e-08, 5.45e-08, 2.24, 1.05, 1e-08, 0
715608001, 3.74, 1e-07, 6.48e-08, 2.98, 0.82, 1e-08, 0
715867201, 2.08, 8.95e-08, 8.37e-08, 5.0, 0, 1e-08, 0
716126401, 13.29, 2.43e-07, 8.6e-08, 4.3, 0.87, 1e-08, 0
716385601, 2.61, 9.96e-08, 7.15e-08, 4.79, 2.4, 1e-08, 0
717422401, 2.4, 1.06e-07, 7.59e-08, 3.97, 5.16, 1e-08, 102
717940801, 5.3, 1.41e-07, 8.78e-08, 5.0, 0, 1e-08, 0
718459201, 8.22, 1.87e-07, 7.7e-08, 4.58, 2.9, 1e-08, 102
718718401, 4.83, 3.38e-08, 3.41e-08, 2.21, 0.67, 1e-08, 0
719236801, 9.63, 2.1e-08, 2.15e-08, 1.63, 0.61, 1e-08, 0
719496001, 5.59, 7.39e-08, 5.63e-08, 2.78, 0.76, 1e-08, 0
720014401, 7.35, 8.7e-08, 6.41e-08, 2.56, 0.65, 1e-08, 0
720273601, 28.96, 1.47e-07, 5.42e-08, 2.16, 0.29, 1e-08, 0
720532801, 7.04, 4.25e-08, 3.16e-08, 1.99, 0.55, 1e-08, 0
721051201, 1.54, 7.31e-08, 8.18e-08, 3.0, 3.63, 1e-08, 0
722347201, 1.43, 6.99e-08, 7.11e-08, 5.0, 0, 1e-08, 0
722606401, 3.13, 9.56e-08, 7.04e-08, 5.0, 0, 1e-08, 0
723384001, 3.63, 1.85e-08, 2e-08, 1.83, 0.67, 1e-08, 0
723643201, 15.02, 1e-08, 9.29e-09, 0.87, 0.6, 1e-08, 0
723902401, 5.56, 2.14e-08, 2.22e-08, 1.56, 0.66, 1e-08, 0
724680001, 6.2, 1.71e-08, 2.01e-08, 1.51, 0.7, 1e-08, 0
724939201, 2.41, 1.18e-08, 2.22e-08, 1.86, 1.2, 1e-08, 0
725198401, 1.94, 7.2e-08, 5.98e-08, 5.0, 0, 1e-08, 0
725457601, 3.5, 1.12e-07, 6.79e-08, 4.63, 4.28, 1e-08, 102
725976001, 6.1, 3.1e-09, 3.51e-09, 0.63, 0.83, 1e-08, 0
726235201, 14.23, 1.36e-08, 1.29e-08, 1.13, 0.57, 1e-08, 0
726494401, 4.78, 6.62e-08, 4.57e-08, 2.69, 0.63, 1e-08, 0
726753601, 1.97, 2.98e-08, 2.78e-08, 2.23, 0.6, 1e-08, 0
727272001, 2.75, 3.25e-08, 2.67e-08, 2.15, 0.55, 1e-08, 0
727531201, 2.62, 2.2e-09, 2.86e-09, 0.0, 0, 1e-08, 0
727790401, 1.21, 5.09e-08, 5.59e-08, 3.11, 1.28, 1e-08, 0
728049601, 11.12, 1.09e-07, 6.3e-08, 2.61, 0.52, 1e-08, 0
728568001, 1.0, 6.12e-08, 6.68e-08, 3.73, 8.11, 1e-08, 102
729604801, 4.85, 1e-07, 9.28e-08, 3.01, 1.77, 1e-08, 0
730123201, 3.53, 1.15e-07, 7.82e-08, 5.0, 0, 1e-08, 0
730382401, 11.61, 7.11e-08, 4.01e-08, 2.31, 0.43, 1e-08, 0
730900801, 3.99, 9.24e-08, 5.28e-08, 4.79, 1.24, 1e-08, 0
731160001, 2.0, 7.63e-08, 5.89e-08, 3.36, 1.17, 1e-08, 0
731678401, 6.89, 9.71e-08, 8.47e-08, 2.69, 0.83, 1e-08, 0
732456001, 4.68, 4.43e-08, 4.45e-08, 2.28, 0.73, 1e-08, 0
733752001, 1.23, 1.23e-08, 2.05e-08, 2.17, 1.25, 1e-08, 0
734270401, 6.6, 1.44e-07, 7.69e-08, 3.43, 0.99, 1e-08, 0
734529601, 11.09, 4.24e-08, 2.77e-08, 1.74, 0.44, 1e-08, 0
735566401, 5.62, 4.6e-08, 4.98e-08, 1.97, 0.72, 1e-08, 0
735825601, 6.25, 1.39e-08, 1.4e-08, 1.46, 0.64, 1e-08, 0
736084801, 16.18, 2.55e-07, 9.6e-08, 3.07, 0.61, 1e-08, 0
736344001, 41.27, 3.43e-07, 8.2e-08, 2.76, 0.27, 1e-08, 0
736603201, 27.89, 1.2e-07, 5.51e-08, 2.17, 0.36, 1e-08, 0
736862401, 7.68, 2.53e-08, 3.35e-08, 1.8, 0.75, 1e-08, 0
737121601, 6.21, 6.63e-08, 4.68e-08, 2.39, 0.5, 1e-08, 0
737380801, 9.7, 2.25e-07, 1.26e-07, 5.0, 0, 1e-08, 0
737640001, 10.66, 1.73e-07, 7.82e-08, 3.1, 0.56, 1e-08, 0
737899201, 3.57, 8.18e-08, 5.91e-08, 2.91, 0.87, 1e-08, 0
738417601, 1.68, 2.85e-08, 3.69e-08, 2.36, 0.93, 1e-08, 0
739454401, 1.33, 1.21e-08, 1.57e-08, 1.49, 0.69, 1e-08, 0
739713601, 3.4, 1.18e-07, 7.51e-08, 5.0, 0, 1e-08, 0
740491201, 2.46, 2.11e-08, 2.73e-08, 1.93, 0.75, 1e-08, 0
740750401, 2.47, 9.53e-08, 6.77e-08, 4.35, 1.2, 1e-08, 0
741268801, 4.68, 5.53e-08, 4.66e-08, 2.18, 0.55, 1e-08, 0
742046401, 5.56, 6.73e-08, 7.55e-08, 2.47, 1.11, 1e-08, 0
