timestamp, ts, flux_upper_limits, fit_tolerance, fit_convergence
240235201, 0.73, 1.02e-07, 1e-08, 0
240753601, 0.04, 5.63e-08, 1e-08, 0
241531201, 0.0, 5.28e-08, 1e-08, 0
242308801, 0.31, 9.38e-08, 1e-08, 0
242827201, 0.11, 9.29e-08, 1e-08, 0
243086401, 0.72, 1.04e-07, 1e-08, 0
243864001, 0.3, 1.26e-07, 1e-08, 0
244123201, 0.08, 9.72e-08, 1e-08, 0
244382401, 0.44, 1.01e-07, 1e-08, 0
244641601, 0.0, 4.72e-08, 1e-08, 102
244900801, 0.0, 5.05e-08, 1e-08, 102
245160001, 0.53, 1.06e-07, 1e-08, 0
246456001, 0.53, 6.92e-08, 1e-08, 102
246974401, 0.62, 7.82e-08, 1e-08, 0
247233601, 0.73, 8.96e-08, 1e-08, 102
247492801, 0.0, 8.77e-08, 1e-08, 0
247752001, 0.0, 8.82e-08, 1e-08, 0
248011201, 0.16, 9.25e-08, 1e-08, 0
248270401, 0.72, 1.15e-07, 1e-08, 102
248529601, 0.0, 9.69e-08, 1e-08, 102
249048001, 0.0, 7.93e-08, 1e-08, 102
250862401, 0.15, 7.62e-08, 1e-08, 0
251380801, 0.0, 4.87e-08, 1e-08, 102
251899201, 0.0, 6.57e-08, 1e-08, 102
252417601, 0.0, 8.18e-08, 1e-08, 102
252676801, 0.0, 1e-07, 1e-08, 102
253195201, 0.0, 8.44e-08, 1e-08, 102
253454401, 0.0, 8.63e-08, 1e-08, 102
253972801, 0.55, 9.44e-08, 1e-08, 102
254491201, 0.0, 5.23e-08, 1e-08, 102
256564801, 0.0, 6.56e-08, 1e-08, 102
256824001, 0.42, 1.11e-07, 1e-08, 0
257083201, 0.0, 8.49e-08, 1e-08, 102
257342401, 0.56, 1.17e-07, 1e-08, 102
257601601, 0.0, 9.48e-08, 1e-08, 0
257860801, 0.0, 7.39e-08, 1e-08, 102
258120001, 0.0, 9.55e-08, 1e-08, 0
258379201, 0.61, 1.48e-07, 1e-08, 0
259416001, 0.0, 7.8e-08, 1e-08, 0
259675201, 0.0, 8.47e-08, 1e-08, 102
260712001, 0.01, 5.82e-08, 1e-08, 0
261230401, 0.0, 4.84e-08, 1e-08, 0
261489601, 0.0, 6.75e-08, 1e-08, 102
262267201, 0.0, 9.96e-08, 1e-08, 102
262526401, 0.0, 7.82e-08, 1e-08, 0
263304001, 0.0, 8.27e-08, 1e-08, 0
263822401, 0.0, 7.84e-08, 1e-08, 102
264081601, 0.36, 6.45e-08, 1e-08, 0
265377601, 0.0, 6.28e-08, 1e-08, 0
266155201, 0.23, 6.16e-08, 1e-08, 0
266673601, 0.71, 1.38e-07, 1e-08, 0
266932801, 0.0, 8.87e-08, 1e-08, 102
267451201, 0.0, 6.03e-08, 1e-08, 102
267969601, 0.39, 8.96e-08, 1e-08, 0
268228801, 0.0, 6.47e-08, 1e-08, 102
268747201, 0.0, 5.86e-08, 1e-08, 102
269006401, 0.85, 8.79e-08, 1e-08, 102
270043201, 0.08, 1.02e-07, 1e-08, 0
274190401, 0.0, 7.19e-08, 1e-08, 0
274449601, 0.63, 1.31e-07, 1e-08, 0
275227201, 0.38, 1e-07, 1e-08, 0
277819201, 0.0, 9.79e-08, 1e-08, 102
278596801, 0.0, 6.48e-08, 1e-08, 102
279374401, 0.0, 1.11e-07, 1e-08, 0
279633601, 0.0, 7.63e-08, 1e-08, 102
279892801, 0.0, 1.11e-07, 1e-08, 102
282484801, 0.43, 1.2e-07, 1e-08, 0
283262401, 0.0, 8.96e-08, 1e-08, 0
283521601, 0.04, 1.05e-07, 1e-08, 0
288187201, 0.38, 1.27e-07, 1e-08, 0
288705601, 0.18, 1.4e-07, 1e-08, 0
289224001, 0.3, 1.29e-07, 1e-08, 0
289483201, 0.0, 1e-07, 1e-08, 102
289742401, 0.08, 9.5e-08, 1e-08, 0
290260801, 0.63, 1.23e-07, 1e-08, 0
291038401, 0.0, 7.77e-08, 1e-08, 102
293112001, 0.0, 1.02e-07, 1e-08, 102
294408001, 0.0, 6.96e-08, 1e-08, 102
294926401, 0.0, 8.25e-08, 1e-08, 0
295185601, 0.0, 7.99e-08, 1e-08, 102
296222401, 0.0, 8.88e-08, 1e-08, 102
296481601, 0.95, 1.06e-07, 1e-08, 0
297518401, 0.0, 1.14e-07, 1e-08, 102
297777601, 0.45, 1.34e-07, 1e-08, 0
298296001, 0.0, 8.32e-08, 1e-08, 102
298555201, 0.0, 8.19e-08, 1e-08, 0
299073601, 0.0, 8.32e-08, 1e-08, 102
299332801, 0.27, 1.04e-07, 1e-08, 0
299592001, 0.0, 9.72e-08, 1e-08, 102
299851201, 0.46, 1.2e-07, 1e-08, 0
300110401, 0.0, 9.94e-08, 1e-08, 102
300369601, 0.69, 1.25e-07, 1e-08, 0
300888001, 0.0, 8.29e-08, 1e-08, 102
301406401, 0.33, 9.95e-08, 1e-08, 0
301665601, 0.0, 7.52e-08, 1e-08, 0
301924801, 0.04, 9.8e-08, 1e-08, 0
302961601, 0.0, 1.07e-07, 1e-08, 0
303220801, 0.0, 7.18e-08, 1e-08, 102
303480001, 0.0, 7.12e-08, 1e-08, 0
303739201, 0.0, 8.15e-08, 1e-08, 102
304257601, 0.05, 8.82e-08, 1e-08, 0
305035201, 0.12, 9.58e-08, 1e-08, 0
305294401, 0.0, 9.58e-08, 1e-08, 0
305812801, 0.0, 7.26e-08, 1e-08, 102
306072001, 0.0, 6.5e-08, 1e-08, 102
306331201, 0.0, 7.49e-08, 1e-08, 102
306849601, 0.05, 1.07e-07, 1e-08, 0
307108801, 0.0, 2.17e-07, 1e-08, 102
307368001, 0.0, 8.02e-08, 1e-08, 102
308664001, 0.0, 9.83e-08, 1e-08, 0
309700801, 0.01, 1.15e-07, 1e-08, 0
310219201, 0.0, 8.23e-08, 1e-08, 102
310478401, 0.0, 8.17e-08, 1e-08, 102
310737601, 0.0, 6.15e-08, 1e-08, 102
310996801, 0.0, 7.32e-08, 1e-08, 102
311515201, 0.0, 6.59e-08, 1e-08, 102
311774401, 0.0, 8.94e-08, 1e-08, 102
312292801, 0.0, 1.05e-07, 1e-08, 102
312811201, 0.0, 1.07e-07, 1e-08, 102
313329601, 0.0, 6.54e-08, 1e-08, 102
313588801, 0.0, 9.88e-08, 1e-08, 102
313848001, 0.0, 1.18e-07, 1e-08, 102
314107201, 0.43, 1.43e-07, 1e-08, 0
314366401, 0.0, 8.35e-08, 1e-08, 0
314625601, 0.0, 9.15e-08, 1e-08, 102
314884801, 0.0, 9.77e-08, 1e-08, 102
315144001, 0.76, 9.28e-08, 1e-08, 0
315403201, 0.0, 7.11e-08, 1e-08, 102
315921601, 0.0, 8.53e-08, 1e-08, 102
316180801, 0.0, 1e-07, 1e-08, 102
316440001, 0.0, 1.01e-07, 1e-08, 102
316699201, 0.0, 1.03e-07, 1e-08, 102
317217601, 0.02, 8.8e-08, 1e-08, 0
317736001, 0.15, 1.05e-07, 1e-08, 0
317995201, 0.15, 1.01e-07, 1e-08, 0
318254401, 0.0, 8.88e-08, 1e-08, 102
319032001, 0.0, 1.02e-07, 1e-08, 102
319550401, 0.13, 1.08e-07, 1e-08, 0
320328001, 0.09, 8.4e-08, 1e-08, 0
320587201, 0.0, 8.45e-08, 1e-08, 102
320846401, 0.22, 1.15e-07, 1e-08, 0
321105601, 0.13, 1.29e-07, 1e-08, 0
321883201, 0.0, 7.13e-08, 1e-08, 102
322142401, 0.0, 6.72e-08, 1e-08, 102
322660801, 0.0, 8.47e-08, 1e-08, 0
323179201, 0.0, 7.54e-08, 1e-08, 0
323956801, 0.0, 5.79e-08, 1e-08, 102
324475201, 0.0, 6.22e-07, 1e-08, 102
325252801, 0.0, 7.18e-08, 1e-08, 102
326030401, 0.0, 7.54e-08, 1e-08, 0
326808001, 0.0, 9.41e-08, 1e-08, 102
327844801, 0.0, 8.99e-08, 1e-08, 102
328363201, 0.0, 7.43e-08, 1e-08, 102
328622401, 0.0, 7.82e-08, 1e-08, 102
328881601, 0.0, 8.59e-08, 1e-08, 0
329659201, 0.29, 1.15e-07, 1e-08, 0
329918401, 0.0, 9.46e-08, 1e-08, 102
330436801, 0.27, 1.14e-07, 1e-08, 0
330696001, 0.0, 8.52e-08, 1e-08, 102
330955201, 0.56, 1.23e-07, 1e-08, 0
331214401, 0.03, 8.09e-08, 1e-08, 0
331732801, 0.41, 1.3e-07, 1e-08, 0
331992001, 0.0, 6.35e-08, 1e-08, 0
332251201, 0.0, 7.52e-08, 1e-08, 102
332510401, 0.0, 9.16e-08, 1e-08, 102
333288001, 0.0, 1.02e-07, 1e-08, 102
333806401, 0.0, 9.4e-08, 1e-08, 102
334065601, 0.29, 1.14e-07, 1e-08, 102
334584001, 0.1, 1.26e-07, 1e-08, 0
334843201, 0.0, 9.47e-08, 1e-08, 102
335102401, 0.0, 7.32e-08, 1e-08, 102
335361601, 0.25, 1.19e-07, 1e-08, 0
335620801, 0.0, 8.24e-08, 1e-08, 102
336139201, 0.08, 9.14e-08, 1e-08, 102
336398401, 0.05, 8.33e-08, 1e-08, 0
337953601, 0.0, 8.37e-08, 1e-08, 102
338472001, 0.12, 8.42e-08, 1e-08, 0
338731201, 0.25, 1.22e-07, 1e-08, 0
338990401, 0.0, 8.51e-08, 1e-08, 102
339249601, 0.89, 1.43e-07, 1e-08, 0
339768001, 0.0, 8.27e-08, 1e-08, 0
340286401, 0.0, 5.8e-08, 1e-08, 0
341323201, 0.0, 1.01e-07, 1e-08, 102
341582401, 0.06, 1.09e-07, 1e-08, 0
341841601, 0.0, 1.14e-07, 1e-08, 102
342360001, 0.0, 7.94e-08, 1e-08, 102
342619201, 0.05, 9.84e-08, 1e-08, 0
343137601, 0.13, 1.07e-07, 1e-08, 0
343396801, 0.0, 1.09e-07, 1e-08, 102
343915201, 0.0, 6.93e-08, 1e-08, 102
344174401, 0.0, 6.57e-08, 1e-08, 102
345211201, 0.0, 8.81e-08, 1e-08, 102
345470401, 0.0, 6.67e-08, 1e-08, 102
345729601, 0.0, 9.6e-08, 1e-08, 102
345988801, 0.33, 1.27e-07, 1e-08, 0
346507201, 0.82, 1.37e-07, 1e-08, 0
346766401, 0.0, 7.44e-08, 1e-08, 102
347544001, 0.0, 9.18e-08, 1e-08, 102
348062401, 0.44, 1.07e-07, 1e-08, 0
348580801, 0.28, 8.88e-08, 1e-08, 0
348840001, 0.89, 1.34e-07, 1e-08, 0
349099201, 0.0, 8.06e-08, 1e-08, 102
349876801, 0.0, 8.06e-08, 1e-08, 102
350136001, 0.0, 9.24e-08, 1e-08, 102
350395201, 0.97, 9.52e-08, 1e-08, 0
350654401, 0.42, 1.16e-07, 1e-08, 0
350913601, 0.29, 1.12e-07, 1e-08, 0
351172801, 0.0, 9.49e-08, 1e-08, 102
351432001, 0.41, 1.15e-07, 1e-08, 0
351691201, 0.13, 1.07e-07, 1e-08, 102
352728001, 0.61, 1.17e-07, 1e-08, 0
354542401, 0.0, 7.51e-08, 1e-08, 0
354801601, 0.0, 8.33e-08, 1e-08, 0
355060801, 0.0, 7.88e-08, 1e-08, 102
355320001, 0.0, 9.93e-08, 1e-08, 102
356356801, 0.0, 2.34e-07, 1e-08, 102
356875201, 0.33, 8.42e-08, 1e-08, 0
357912001, 0.0, 7.16e-08, 1e-08, 102
358171201, 0.0, 6.87e-08, 1e-08, 102
358689601, 0.06, 1.12e-07, 1e-08, 0
359208001, 0.61, 1.07e-07, 1e-08, 102
361022401, 0.0, 6.58e-08, 1e-08, 102
361281601, 0.0, 9.32e-08, 1e-08, 102
361540801, 0.0, 8.56e-08, 1e-08, 102
362059201, 0.75, 1.3e-07, 1e-08, 102
362836801, 0.0, 1.13e-07, 1e-08, 102
363355201, 0.98, 1.15e-07, 1e-08, 0
363614401, 0.0, 8.96e-08, 1e-08, 0
364392001, 0.0, 9.67e-08, 1e-08, 0
364651201, 0.51, 9.28e-08, 1e-08, 0
364910401, 0.0, 1.08e-07, 1e-08, 102
365428801, 0.0, 7.52e-08, 1e-08, 102
365688001, 0.02, 1.13e-07, 1e-08, 0
367243201, 0.92, 1.22e-07, 1e-08, 0
367761601, 0.7, 1.29e-07, 1e-08, 102
368020801, 0.0, 6.58e-08, 1e-08, 102
368280001, 0.0, 9.29e-08, 1e-08, 0
369057601, 0.0, 8.39e-08, 1e-08, 102
369316801, 0.37, 1.26e-07, 1e-08, 0
369576001, 0.0, 7.86e-08, 1e-08, 102
370094401, 0.67, 1.64e-07, 1e-08, 102
370353601, 0.0, 7.77e-06, 1e-08, 102
370612801, 0.0, -1.0, 1e-08, 101
371131201, 0.0, 7.21e-08, 1e-08, 102
371649601, 0.0, 1.12e-07, 1e-08, 0
371908801, 0.0, 7.58e-08, 1e-08, 0
372168001, 0.29, 1.2e-07, 1e-08, 0
372686401, 0.44, 1.3e-07, 1e-08, 0
372945601, 0.0, 7.79e-08, 1e-08, 0
373204801, 0.53, 1.4e-07, 1e-08, 0
373982401, 0.0, 7.38e-08, 1e-08, 102
374241601, 0.0, 8e-08, 1e-08, 102
375537601, 0.0, 8.09e-08, 1e-08, 102
376833601, 0.22, 1.1e-07, 1e-08, 102
377092801, 0.86, 9.94e-08, 1e-08, 0
377611201, 0.0, 1.14e-07, 1e-08, 102
377870401, 0.0, 7.19e-08, 1e-08, 102
378129601, 0.0, 8.27e-08, 1e-08, 102
378907201, 0.0, 6.41e-08, 1e-08, 102
379425601, 0.18, 1.27e-07, 1e-08, 0
379944001, 0.13, 8.8e-08, 1e-08, 0
380203201, 0.29, 1.12e-07, 1e-08, 0
380721601, 0.0, 5.05e-08, 1e-08, 102
381240001, 0.0, 7.82e-08, 1e-08, 102
381499201, 0.0, 7.05e-08, 1e-08, 102
381758401, 0.0, 8.85e-08, 1e-08, 102
382017601, 0.17, 1.08e-07, 1e-08, 0
382536001, 0.77, 1.34e-07, 1e-08, 0
382795201, 0.68, 8.08e-08, 1e-08, 102
383572801, 0.0, 6.47e-08, 1e-08, 0
383832001, 0.0, 8e-08, 1e-08, 102
384350401, 0.0, 3.2e-07, 1e-08, 102
384609601, 0.0, 7.74e-08, 1e-08, 102
384868801, 0.55, 1.28e-07, 1e-08, 0
386164801, 0.0, 9.76e-08, 1e-08, 102
386424001, 0.0, 8.66e-08, 1e-08, 102
386683201, 0.0, 9.7e-08, 1e-08, 102
386942401, 0.0, 7.7e-08, 1e-08, 0
387460801, 0.03, 1.19e-07, 1e-08, 0
387720001, 0.0, 6.96e-08, 1e-08, 102
387979201, 0.0, 7.66e-08, 1e-08, 102
388756801, 0.0, 9.71e-08, 1e-08, 102
389016001, 0.8, 8.62e-08, 1e-08, 0
390052801, 0.0, 8.8e-08, 1e-08, 102
391089601, 0.0, 8.7e-08, 1e-08, 102
391608001, 0.94, 1.48e-07, 1e-08, 0
391867201, 0.0, 9.4e-08, 1e-08, 102
392126401, 0.0, 9.17e-08, 1e-08, 102
394200001, 0.0, 7.5e-08, 1e-08, 102
394459201, 0.43, 1.35e-07, 1e-08, 0
394718401, 0.0, 7.6e-08, 1e-08, 102
394977601, 0.96, 1.14e-07, 1e-08, 102
395236801, 0.0, 9.39e-08, 1e-08, 102
395496001, 0.0, 1.07e-07, 1e-08, 102
395755201, 0.0, 8.2e-08, 1e-08, 102
396014401, 0.0, 7.15e-08, 1e-08, 102
396273601, 0.77, 1.34e-07, 1e-08, 0
396532801, 0.0, 1.01e-07, 1e-08, 102
396792001, 0.48, 1.27e-07, 1e-08, 0
397051201, 0.0, 9e-08, 1e-08, 0
397310401, 0.0, 8.19e-08, 1e-08, 102
397828801, 0.0, 9.07e-08, 1e-08, 102
398865601, 0.42, 8.44e-08, 1e-08, 0
399124801, 0.0, 5.89e-08, 1e-08, 0
399384001, 0.06, 7.75e-08, 1e-08, 0
399643201, 0.0, 6.28e-08, 1e-08, 0
400161601, 0.74, 9.75e-08, 1e-08, 102
400680001, 0.0, 6.89e-08, 1e-08, 0
400939201, 0.6, 1.22e-07, 1e-08, 0
401198401, 0.35, 1.23e-07, 1e-08, 0
401457601, 0.0, 9.56e-08, 1e-08, 102
401716801, 0.0, 8.09e-08, 1e-08, 102
401976001, 0.24, 1.49e-07, 1e-08, 0
402753601, 0.0, 8.19e-08, 1e-08, 0
403012801, 0.49, 1.15e-07, 1e-08, 0
403531201, 0.0, 9.81e-08, 1e-08, 102
403790401, 0.0, 1.46e-07, 1e-08, 0
404049601, 0.0, 2.14e-07, 1e-08, 102
404308801, 0.43, 1.35e-07, 1e-08, 0
404827201, 0.62, 1.09e-07, 1e-08, 0
405345601, 0.0, 7.49e-08, 1e-08, 102
406123201, 0.0, 1.18e-07, 1e-08, 102
406382401, 0.0, 8.93e-08, 1e-08, 102
407160001, 0.0, 9.24e-08, 1e-08, 102
407419201, 0.0, 9.28e-08, 1e-08, 102
407937601, 0.0, 5.12e-08, 1e-08, 102
408196801, 0.0, 7.46e-08, 1e-08, 102
408715201, 0.0, 1e-07, 1e-08, 102
408974401, 0.0, 1.52e-07, 1e-08, 102
409752001, 0.0, 6.34e-08, 1e-08, 102
411048001, 0.79, 5.77e-08, 1e-08, 0
412084801, 0.47, 5.18e-08, 1e-08, 0
412344001, 0.27, 2.02e-07, 1e-08, 0
412603201, 0.17, 1.63e-07, 1e-08, 0
413380801, 0.0, 5.97e-08, 1e-08, 0
414936001, 0.15, 5.45e-08, 1e-08, 0
415195201, 0.0, 2.39e-07, 1e-08, 0
415454401, 0.61, 5.35e-08, 1e-08, 0
417528001, 0.46, 5.97e-08, 1e-08, 0
418046401, 0.0, 7.73e-08, 1e-08, 102
418564801, 0.0, 4.94e-08, 1e-08, 102
419601601, 0.97, 7.14e-08, 1e-08, 0
420120001, 0.0, 8.5e-08, 1e-08, 102
420379201, 0.0, 6.64e-08, 1e-08, 102
420638401, 0.0, 9.87e-08, 1e-08, 102
421156801, 0.0, 5.16e-08, 1e-08, 102
421416001, 0.0, 7.55e-08, 1e-08, 102
421675201, 0.54, 1.02e-07, 1e-08, 0
421934401, 0.0, 1.07e-07, 1e-08, 0
422712001, 0.0, 8.93e-08, 1e-08, 102
422971201, 0.0, 6.6e-08, 1e-08, 102
423230401, 0.01, 1.84e-07, 1e-08, 0
423489601, 0.0, 3.76e-07, 1e-08, 102
423748801, 0.0, 1.54e-07, 1e-08, 102
424008001, 0.0, 1.75e-07, 1e-08, 102
424267201, 0.0, 1.49e-07, 1e-08, 102
424526401, 0.0, 1.98e-07, 1e-08, 102
424785601, 0.0, 1.18e-07, 1e-08, 102
425044801, 0.0, 7.77e-08, 1e-08, 102
426340801, 0.0, 5.68e-08, 1e-08, 102
426859201, 0.0, 4.6e-08, 1e-08, 0
427377601, 0.0, 4.99e-08, 1e-08, 102
429192001, 0.94, 6.7e-08, 1e-08, 0
431524801, 0.12, 5.46e-08, 1e-08, 0
433339201, 0.0, 3.01e-08, 1e-08, 102
433598401, 0.98, 5.64e-08, 1e-08, 0
434116801, 0.97, 5.54e-08, 1e-08, 0
434894401, 0.0, 3.35e-08, 1e-08, 102
435412801, 0.0, 3.41e-08, 1e-08, 102
435672001, 0.58, 6.78e-08, 1e-08, 0
436190401, 0.0, 3.33e-08, 1e-08, 0
436708801, 0.55, 7.63e-08, 1e-08, 0
438523201, 0.73, 4.7e-08, 1e-08, 102
439041601, 0.0, 3.45e-08, 1e-08, 102
439300801, 0.0, 3.63e-08, 1e-08, 102
439560001, 0.0, 9.09e-08, 1e-08, 102
440337601, 0.37, 1e-07, 1e-08, 0
440596801, 0.71, 1.34e-07, 1e-08, 0
441374401, 0.0, 7.41e-08, 1e-08, 102
442152001, 0.5, 1.16e-07, 1e-08, 102
442929601, 0.0, 7.73e-08, 1e-08, 102
443188801, 0.0, 1e-07, 1e-08, 102
443448001, 0.0, 8.22e-08, 1e-08, 102
443707201, 0.0, 9.57e-08, 1e-08, 102
443966401, 0.0, 6.32e-08, 1e-08, 102
444225601, 0.0, 7.1e-08, 1e-08, 102
444744001, 0.0, 8.75e-08, 1e-08, 0
445262401, 0.0, 7.13e-08, 1e-08, 102
445521601, 0.53, 1.25e-07, 1e-08, 102
445780801, 0.0, 8.01e-08, 1e-08, 102
446040001, 0.0, 8.59e-08, 1e-08, 102
446299201, 0.66, 9.7e-08, 1e-08, 102
446558401, 0.0, 6.78e-08, 1e-08, 102
447336001, 0.87, 1.44e-07, 1e-08, 0
447854401, 0.0, 7.74e-08, 1e-08, 102
448113601, 0.0, 6.69e-08, 1e-08, 102
448372801, 0.13, 5.26e-08, 1e-08, 0
448632001, 0.71, 6.13e-08, 1e-08, 0
449150401, 0.0, 4.91e-08, 1e-08, 0
449409601, 0.0, 3.18e-08, 1e-08, 102
449668801, 0.0, 4.39e-08, 1e-08, 102
449928001, 0.0, 6.34e-08, 1e-08, 102
450187201, 0.0, 9.1e-08, 1e-08, 102
450964801, 0.0, 9.23e-08, 1e-08, 102
451224001, 0.0, 8.37e-08, 1e-08, 102
452001601, 0.95, 1.16e-07, 1e-08, 0
452260801, 0.0, 8.56e-08, 1e-08, 102
452520001, 0.45, 7.31e-08, 1e-08, 0
452779201, 0.0, 8.3e-08, 1e-08, 102
453038401, 0.0, 9.19e-08, 1e-08, 0
453297601, 0.21, 9.87e-08, 1e-08, 102
453816001, 0.0, 6.66e-08, 1e-08, 102
454075201, 0.0, 8.99e-08, 1e-08, 0
454593601, 0.0, 1.19e-07, 1e-08, 102
454852801, 0.0, 7.37e-08, 1e-08, 102
455112001, 0.22, 1.09e-07, 1e-08, 0
455630401, 0.0, 9.46e-08, 1e-08, 0
456408001, 0.0, 1.41e-07, 1e-08, 0
456667201, 0.0, 1.33e-07, 1e-08, 102
457185601, 0.0, 1.24e-07, 1e-08, 102
457444801, 0.0, 9.74e-08, 1e-08, 102
457963201, 0.0, 8.68e-08, 1e-08, 102
458481601, 0.11, 1.03e-07, 1e-08, 0
458740801, 0.0, 9.94e-08, 1e-08, 102
459000001, 0.06, 1.11e-07, 1e-08, 0
459518401, 0.01, 8.34e-08, 1e-08, 0
460036801, 0.24, 1.09e-07, 1e-08, 0
460555201, 0.0, 9.68e-08, 1e-08, 0
460814401, 0.03, 9.64e-08, 1e-08, 0
461592001, 0.07, 9.95e-08, 1e-08, 0
462110401, 0.0, 1e-07, 1e-08, 102
462628801, 0.15, 1.07e-07, 1e-08, 0
462888001, 0.0, 1.05e-07, 1e-08, 102
463406401, 0.0, 8.62e-08, 1e-08, 0
463665601, 0.01, 1.12e-07, 1e-08, 0
464184001, 0.15, 1.02e-07, 1e-08, 0
464961601, 0.0, 9.2e-08, 1e-08, 102
465998401, 0.0, 7.73e-08, 1e-08, 102
466257601, 0.0, 8.45e-08, 1e-08, 102
466516801, 0.51, 1.11e-07, 1e-08, 0
466776001, 0.0, 7.15e-08, 1e-08, 102
467553601, 0.0, 8.55e-08, 1e-08, 102
467812801, 0.14, 1.21e-07, 1e-08, 0
468072001, 0.0, 8.85e-08, 1e-08, 0
468590401, 0.76, 1.35e-07, 1e-08, 102
468849601, 0.0, 8.36e-08, 1e-08, 102
469368001, 0.0, 8.99e-08, 1e-08, 102
469886401, 0.48, 7.35e-08, 1e-08, 0
470145601, 0.0, 6.66e-08, 1e-08, 0
470404801, 0.0, 7.89e-08, 1e-08, 102
470664001, 0.0, 7.44e-08, 1e-08, 102
471182401, 0.29, 1.19e-07, 1e-08, 0
471441601, 0.0, 7.66e-08, 1e-08, 102
471700801, 0.0, 9.1e-08, 1e-08, 102
471960001, 0.0, 9.99e-08, 1e-08, 102
472219201, 0.0, 8.09e-08, 1e-08, 102
472478401, 0.0, 1.22e-07, 1e-08, 102
472737601, 0.99, 7.73e-08, 1e-08, 0
472996801, 0.0, 1.08e-07, 1e-08, 102
473256001, 0.0, 5.27e-08, 1e-08, 102
473515201, 0.28, 1.16e-07, 1e-08, 0
473774401, 0.0, 6.16e-08, 1e-08, 102
474033601, 0.5, 1.07e-07, 1e-08, 0
474811201, 0.0, 6e-08, 1e-08, 102
475070401, 0.7, 1.08e-07, 1e-08, 102
475588801, 0.0, 7.09e-08, 1e-08, 102
476107201, 0.0, 9.21e-08, 1e-08, 102
476625601, 0.43, 1.1e-07, 1e-08, 0
476884801, 0.0, 7.28e-08, 1e-08, 102
477144001, 0.0, 6.71e-08, 1e-08, 0
477662401, 0.0, 5.23e-08, 1e-08, 102
477921601, 0.0, 9.77e-08, 1e-08, 0
478180801, 0.0, 9.66e-08, 1e-08, 102
478958401, 0.0, 5.84e-08, 1e-08, 102
479476801, 0.0, 9.59e-08, 1e-08, 102
480254401, 0.19, 1.02e-07, 1e-08, 0
480772801, 0.0, 6.62e-08, 1e-08, 102
481809601, 0.53, 1.27e-07, 1e-08, 0
482068801, 0.16, 9.73e-08, 1e-08, 0
482328001, 0.0, 9.09e-08, 1e-08, 102
482587201, 0.0, 7.48e-08, 1e-08, 102
483105601, 0.0, 9.33e-08, 1e-08, 102
483624001, 0.0, 8.08e-08, 1e-08, 102
483883201, 0.0, 9.13e-08, 1e-08, 0
484401601, 0.66, 1.33e-07, 1e-08, 0
484660801, 0.0, 1.01e-07, 1e-08, 102
485179201, 0.05, 9.11e-08, 1e-08, 0
485438401, 0.0, 8.28e-08, 1e-08, 102
485697601, 0.37, 1.18e-07, 1e-08, 0
485956801, 0.0, 8.84e-08, 1e-08, 102
486216001, 0.02, 1.14e-07, 1e-08, 0
486475201, 0.0, 1.1e-07, 1e-08, 102
486734401, 0.0, 1.22e-07, 1e-08, 102
486993601, 0.0, 8.51e-08, 1e-08, 102
487771201, 0.0, 6.21e-08, 1e-08, 102
488289601, 0.0, 4.76e-08, 1e-08, 102
488808001, 0.0, 7.03e-08, 1e-08, 0
489067201, 0.0, 8.27e-08, 1e-08, 102
489326401, 0.1, 9.88e-08, 1e-08, 0
489585601, 0.0, 1.14e-07, 1e-08, 102
490104001, 0.0, 7.37e-08, 1e-08, 102
491659201, 0.0, 7.02e-08, 1e-08, 102
491918401, 0.0, 3.79e-07, 1e-08, 102
492177601, 0.0, -1.0, 1e-08, 101
492696001, 0.0, 9.46e-08, 1e-08, 102
492955201, 0.0, 7.86e-08, 1e-08, 102
493214401, 0.0, 1.26e-07, 1e-08, 102
493473601, 0.25, 1.15e-07, 1e-08, 0
494510401, 0.0, 8.05e-08, 1e-08, 102
494769601, 0.0, 9.5e-08, 1e-08, 0
495547201, 0.31, 9.79e-08, 1e-08, 0
496324801, 0.47, 1.19e-07, 1e-08, 0
496843201, 0.0, 7.39e-08, 1e-08, 0
497880001, 0.62, 1.59e-07, 1e-08, 0
498139201, 0.0, 7.77e-08, 1e-08, 102
498398401, 0.0, 8.96e-08, 1e-08, 102
498657601, 0.0, 8.29e-08, 1e-08, 102
498916801, 0.16, 1.29e-07, 1e-08, 0
499176001, 0.69, 5.66e-08, 1e-08, 0
501249601, 0.0, 7.79e-08, 1e-08, 102
501768001, 0.0, 1.02e-07, 1e-08, 0
502286401, 0.07, 1.07e-07, 1e-08, 0
503064001, 0.82, 1.21e-07, 1e-08, 0
503323201, 0.0, 8.47e-08, 1e-08, 102
503582401, 0.0, 1.05e-07, 1e-08, 0
503841601, 0.0, 8.27e-08, 1e-08, 102
504360001, 0.95, 1.25e-07, 1e-08, 0
504878401, 0.0, 9.76e-08, 1e-08, 102
505137601, 0.12, 1.31e-07, 1e-08, 102
505396801, 0.0, 9.09e-08, 1e-08, 102
505656001, 0.66, 1.36e-07, 1e-08, 0
505915201, 0.0, 6.73e-08, 1e-08, 0
506433601, 0.0, 7.93e-08, 1e-08, 102
506952001, 0.0, 9.39e-08, 1e-08, 102
507729601, 0.0, 8.35e-08, 1e-08, 102
507988801, 0.0, 5.36e-08, 1e-08, 0
509025601, 0.0, 8.07e-08, 1e-08, 0
509544001, 0.0, 9.29e-08, 1e-08, 102
509803201, 0.0, 8.81e-08, 1e-08, 102
510062401, 0.0, 7.23e-08, 1e-08, 102
510321601, 0.42, 1.19e-07, 1e-08, 102
510580801, 0.0, 1.06e-07, 1e-08, 0
510840001, 0.0, 8.84e-08, 1e-08, 102
511358401, 0.0, 8.71e-08, 1e-08, 102
512395201, 0.95, 1.23e-07, 1e-08, 0
512654401, 0.21, 1.02e-07, 1e-08, 0
512913601, 0.01, 9.45e-08, 1e-08, 0
513172801, 0.0, 1.23e-07, 1e-08, 102
513432001, 0.0, 6.91e-08, 1e-08, 102
513691201, 0.0, 7.88e-08, 1e-08, 102
513950401, 0.0, 7.74e-08, 1e-08, 102
514209601, 0.5, 1.4e-07, 1e-08, 0
514468801, 0.21, 1.17e-07, 1e-08, 0
514728001, 0.0, 7.97e-08, 1e-08, 102
514987201, 0.0, 9.07e-08, 1e-08, 102
515505601, 0.11, 1.13e-07, 1e-08, 0
516024001, 0.0, 8.48e-08, 1e-08, 102
516283201, 0.0, 7.43e-08, 1e-08, 102
516542401, 0.0, 8.98e-08, 1e-08, 102
517060801, 0.77, 1.04e-07, 1e-08, 0
517320001, 0.0, 7.4e-08, 1e-08, 102
518097601, 0.0, 1.03e-07, 1e-08, 102
518356801, 0.0, 9.01e-08, 1e-08, 102
518616001, 0.32, 1.49e-07, 1e-08, 0
519912001, 0.0, 7.85e-08, 1e-08, 102
520171201, 0.0, 4.96e-08, 1e-08, 102
520689601, 0.0, 5.52e-08, 1e-08, 102
521208001, 0.08, 1.31e-07, 1e-08, 0
521467201, 0.0, 8.93e-08, 1e-08, 102
521726401, 0.61, 1.1e-07, 1e-08, 0
521985601, 0.0, 6.99e-08, 1e-08, 102
523022401, 0.0, 9.07e-08, 1e-08, 102
523281601, 0.0, 1e-07, 1e-08, 0
525873601, 0.17, 1.23e-07, 1e-08, 0
526651201, 0.0, 6.31e-08, 1e-08, 102
528206401, 0.82, 1.26e-07, 1e-08, 0
528465601, 0.0, 7.58e-08, 1e-08, 102
528724801, 0.23, 1.2e-07, 1e-08, 0
528984001, 0.07, 1.07e-07, 1e-08, 0
529502401, 0.0, 7.35e-08, 1e-08, 102
530280001, 0.77, 1.66e-07, 1e-08, 0
530539201, 0.0, 8.39e-08, 1e-08, 0
530798401, 0.0, 8.37e-08, 1e-08, 102
532094401, 0.2, 1.12e-07, 1e-08, 0
532353601, 0.0, 8.78e-08, 1e-08, 102
532872001, 0.0, 9.5e-08, 1e-08, 102
533908801, 0.0, 9.57e-08, 1e-08, 0
534168001, 0.0, 8.65e-08, 1e-08, 102
534686401, 0.0, 1.15e-07, 1e-08, 0
534945601, 0.0, 9.24e-08, 1e-08, 102
535204801, 0.0, 9.04e-08, 1e-08, 0
535464001, 0.0, 9.64e-08, 1e-08, 102
535982401, 0.08, 1.03e-07, 1e-08, 0
537537601, 0.0, 9.93e-08, 1e-08, 102
538315201, 0.42, 2.17e-07, 1e-08, 0
538833601, 0.0, 6.27e-08, 1e-08, 102
539092801, 0.0, 1.29e-07, 1e-08, 102
539611201, 0.43, 1.48e-07, 1e-08, 0
539870401, 0.0, 6.58e-08, 1e-08, 102
540388801, 0.56, 9.66e-08, 1e-08, 102
540648001, 0.0, 1.09e-07, 1e-08, 102
541166401, 0.45, 1.13e-07, 1e-08, 0
541684801, 0.0, 7.58e-08, 1e-08, 102
542462401, 0.0, 7.59e-08, 1e-08, 102
542721601, 0.0, 9.54e-08, 1e-08, 102
542980801, 0.0, 3.36e-07, 1e-08, 102
544536001, 0.07, 1.06e-07, 1e-08, 0
544795201, 0.61, 7.67e-08, 1e-08, 0
545054401, 0.0, 6.28e-08, 1e-08, 102
545572801, 0.0, 1.25e-07, 1e-08, 102
545832001, 0.0, 1.55e-07, 1e-08, 102
546091201, 0.0, 2.62e-07, 1e-08, 102
546350401, 0.0, 1.76e-06, 1e-08, 102
546609601, 0.0, -1.0, 1e-08, 101
546868801, 0.0, 6.49e-08, 1e-08, 102
547128001, 0.0, 5.26e-08, 1e-08, 102
547905601, 0.0, 5.69e-08, 1e-08, 102
548424001, 0.26, 9.08e-08, 1e-08, 0
548683201, 0.1, 1.83e-07, 1e-08, 102
549460801, 0.0, 1.77e-07, 1e-08, 102
549720001, 0.0, 1.26e-07, 1e-08, 102
550756801, 0.0, 4.56e-07, 1e-08, 102
551275201, 0.7, 6.29e-08, 1e-08, 0
551534401, 0.04, 5.25e-08, 1e-08, 0
551793601, 0.0, 4.74e-07, 1e-08, 0
552052801, 0.0, 2.76e-06, 1e-08, 102
552830401, 0.78, 9.83e-08, 1e-08, 102
553089601, 0.0, 9.63e-08, 1e-08, 102
553348801, 0.0, 1.11e-07, 1e-08, 102
553867201, 0.96, 1.01e-07, 1e-08, 0
554126401, 0.0, 7.29e-08, 1e-08, 102
554385601, 0.0, 8.1e-08, 1e-08, 0
554644801, 0.0, 6.26e-08, 1e-08, 0
554904001, 0.61, 9.23e-08, 1e-08, 0
555163201, 0.0, 7.11e-08, 1e-08, 102
556200001, 0.0, -1.0, 1e-08, 101
556459201, 0.0, -1.0, 1e-08, 101
556718401, 0.0, 1.22e-07, 1e-08, 102
556977601, 0.1, 7.35e-08, 1e-08, 0
558014401, 0.0, 6.56e-08, 1e-08, 0
558532801, 0.0, 1.3e-07, 1e-08, 102
559051201, 0.28, 1.48e-07, 1e-08, 0
559310401, 0.0, 9.74e-08, 1e-08, 102
559569601, 0.0, 8.55e-08, 1e-08, 102
559828801, 0.0, 5.81e-08, 1e-08, 102
560088001, 0.0, 4.3e-08, 1e-08, 102
560347201, 0.0, 5.56e-08, 1e-08, 102
560865601, 0.0, -1.0, 1e-08, 101
561124801, 0.0, 9.04e-06, 1e-08, 102
561384001, 0.0, 6.46e-07, 1e-08, 102
561643201, 0.0, 2.17e-07, 1e-08, 102
562680001, 0.0, 1.26e-07, 1e-08, 102
562939201, 0.56, 1.16e-07, 1e-08, 0
563716801, 0.0, 7.31e-08, 1e-08, 102
564753601, 0.11, 6.63e-08, 1e-08, 102
565012801, 0.0, 8.13e-08, 1e-08, 102
565272001, 0.0, 1.04e-07, 1e-08, 102
565531201, 0.17, 9.81e-08, 1e-08, 0
565790401, 0.81, 1.17e-07, 1e-08, 102
566049601, 0.0, 7.36e-08, 1e-08, 102
566827201, 0.0, 9.46e-08, 1e-08, 102
567864001, 0.14, 9.71e-08, 1e-08, 0
568123201, 0.81, 8.17e-08, 1e-08, 0
568382401, 0.74, 1.22e-07, 1e-08, 102
568641601, 0.0, 6.21e-08, 1e-08, 102
570196801, 0.0, 7.45e-08, 1e-08, 102
570456001, 0.0, 5.92e-08, 1e-08, 102
571233601, 0.99, 9.88e-08, 1e-08, 102
571492801, 0.77, 7.68e-08, 1e-08, 0
572788801, 0.36, 9.42e-08, 1e-08, 0
573307201, 0.0, 1.08e-07, 1e-08, 102
573566401, 0.0, 7.48e-08, 1e-08, 102
574862401, 0.0, 7.85e-08, 1e-08, 102
575121601, 0.1, 9.76e-08, 1e-08, 0
575640001, 0.03, 9.82e-08, 1e-08, 0
577454401, 0.04, 9.25e-08, 1e-08, 0
578491201, 0.0, 9.62e-08, 1e-08, 0
579268801, 0.05, 8.6e-08, 1e-08, 0
579787201, 0.69, 1.16e-07, 1e-08, 0
580564801, 0.0, 1.02e-07, 1e-08, 102
582120001, 0.9, 1.36e-07, 1e-08, 0
582638401, 0.0, 1.19e-07, 1e-08, 102
582897601, 0.0, 9.82e-08, 1e-08, 102
583156801, 0.8, 1.02e-07, 1e-08, 0
584452801, 0.7, 9.58e-08, 1e-08, 0
584712001, 0.26, 9.84e-08, 1e-08, 0
585230401, 0.0, 1.24e-07, 1e-08, 102
586267201, 0.0, 1.09e-07, 1e-08, 102
587304001, 0.9, 1.35e-07, 1e-08, 0
588081601, 0.0, 8.56e-08, 1e-08, 102
589636801, 0.0, 4.83e-08, 1e-08, 102
590414401, 0.81, 1.29e-07, 1e-08, 0
590673601, 0.0, 6.89e-08, 1e-08, 0
591192001, 0.0, 5.02e-08, 1e-08, 0
592228801, 0.0, 7.8e-08, 1e-08, 102
592488001, 0.49, 1.08e-07, 1e-08, 0
592747201, 0.0, 6.5e-08, 1e-08, 102
593784001, 0.0, 1.03e-07, 1e-08, 102
594043201, 0.23, 1.14e-07, 1e-08, 102
595080001, 0.0, 7.61e-08, 1e-08, 102
595598401, 0.0, 7.57e-08, 1e-08, 102
597412801, 0.0, 1.07e-07, 1e-08, 0
598708801, 0.86, 1.04e-07, 1e-08, 0
599227201, 0.1, 1.68e-07, 1e-08, 0
600004801, 0.0, 7.05e-08, 1e-08, 0
601041601, 0.0, 7.27e-08, 1e-08, 0
602856001, 0.0, 5.73e-08, 1e-08, 102
604152001, 0.85, 1.23e-07, 1e-08, 0
605448001, 0.0, 6.85e-08, 1e-08, 102
605707201, 0.21, 1.32e-07, 1e-08, 0
606484801, 0.0, 5.18e-08, 1e-08, 102
607780801, 0.03, 9.92e-08, 1e-08, 0
608040001, 0.2, 9.48e-08, 1e-08, 0
609336001, 0.0, 7.98e-08, 1e-08, 102
609595201, 0.0, 8.22e-08, 1e-08, 0
610632001, 0.0, 7.24e-08, 1e-08, 102
612705601, 0.25, 1.71e-07, 1e-08, 0
613224001, 0.0, 2.49e-07, 1e-08, 102
614779201, 0.0, 9.39e-08, 1e-08, 102
617371201, 0.0, 9.34e-08, 1e-08, 102
617630401, 0.0, 6.94e-08, 1e-08, 102
618408001, 0.23, 1.21e-07, 1e-08, 0
619185601, 0.0, 6.26e-08, 1e-08, 102
620222401, 0.0, 8.78e-08, 1e-08, 102
622036801, 0.0, 1.02e-07, 1e-08, 102
622296001, 0.0, 1.02e-07, 1e-08, 102
623851201, 0.63, 1.35e-07, 1e-08, 102
624369601, 0.0, 8.04e-08, 1e-08, 102
625406401, 0.0, 1.06e-07, 1e-08, 102
625665601, 0.0, 8e-08, 1e-08, 102
626961601, 0.71, 1.17e-07, 1e-08, 102
627739201, 0.0, 8.89e-08, 1e-08, 0
628516801, 0.0, 9.98e-08, 1e-08, 0
629812801, 0.0, 1.25e-07, 1e-08, 102
631108801, 0.0, 8.52e-08, 1e-08, 102
633960001, 0.0, 8.84e-08, 1e-08, 102
634996801, 0.0, 7.79e-08, 1e-08, 102
636552001, 0.0, 6.87e-08, 1e-08, 102
636811201, 0.0, 7.36e-08, 1e-08, 0
637329601, 0.5, 1.07e-07, 1e-08, 0
638107201, 0.0, 8.5e-08, 1e-08, 102
638884801, 0.0, 8.09e-08, 1e-08, 102
639144001, 0.0, 7.28e-08, 1e-08, 102
639403201, 0.0, 7.62e-08, 1e-08, 102
639662401, 0.0, 8.84e-08, 1e-08, 0
639921601, 0.0, 7.41e-08, 1e-08, 102
640699201, 0.59, 1.58e-07, 1e-08, 0
640958401, 0.0, 8.03e-08, 1e-08, 102
641476801, 0.0, 1.09e-07, 1e-08, 102
641995201, 0.75, 1.29e-07, 1e-08, 0
642772801, 0.0, 8.36e-08, 1e-08, 102
643550401, 0.0, 7.76e-08, 1e-08, 102
644068801, 0.0, 1.14e-07, 1e-08, 102
644328001, 0.59, 1.48e-07, 1e-08, 102
644587201, 0.91, 2.23e-07, 1e-08, 0
644846401, 0.85, 3.04e-07, 1e-08, 0
645105601, 0.17, 3.39e-07, 1e-08, 0
645624001, 0.0, 1.91e-07, 1e-08, 102
645883201, 0.0, 1.17e-07, 1e-08, 102
646142401, 0.0, 9.83e-08, 1e-08, 102
646401601, 0.0, 9.75e-08, 1e-08, 0
646920001, 0.0, 8.46e-08, 1e-08, 102
647438401, 0.73, 1.25e-07, 1e-08, 0
647697601, 0.0, 9.33e-08, 1e-08, 102
647956801, 0.0, 6.78e-08, 1e-08, 102
648216001, 0.33, 1.08e-07, 1e-08, 0
648475201, 0.17, 7.88e-08, 1e-08, 0
648734401, 0.58, 1.05e-07, 1e-08, 0
648993601, 0.0, 7.94e-08, 1e-08, 102
650030401, 0.24, 1.06e-07, 1e-08, 0
650289601, 0.0, 8.84e-08, 1e-08, 102
650808001, 0.21, 9.47e-08, 1e-08, 0
651067201, 0.0, 9.21e-08, 1e-08, 0
651585601, 0.75, 1.11e-07, 1e-08, 0
651844801, 0.99, 1.03e-07, 1e-08, 102
652104001, 0.16, 1.25e-07, 1e-08, 0
652363201, 0.0, 7.67e-08, 1e-08, 102
652881601, 0.0, 7.65e-08, 1e-08, 102
653140801, 0.0, 7.19e-08, 1e-08, 102
653400001, 0.0, 6.05e-08, 1e-08, 102
653918401, 0.65, 1.08e-07, 1e-08, 0
654177601, 0.0, 5.9e-08, 1e-08, 102
654436801, 0.77, 1.02e-07, 1e-08, 0
654696001, 0.66, 1.1e-07, 1e-08, 0
655214401, 0.0, 5.8e-08, 1e-08, 102
655992001, 0.0, 6.07e-08, 1e-08, 102
656251201, 0.08, 1.12e-07, 1e-08, 0
656510401, 0.0, 7.33e-08, 1e-08, 102
656769601, 0.0, 1.08e-07, 1e-08, 102
657028801, 0.0, 5.98e-08, 1e-08, 102
657547201, 0.2, 1.1e-07, 1e-08, 0
657806401, 0.6, 1.57e-07, 1e-08, 102
658065601, 0.35, 1.28e-07, 1e-08, 0
658324801, 0.0, 6.69e-08, 1e-08, 102
658584001, 0.0, 8.42e-08, 1e-08, 102
658843201, 0.5, 1.3e-07, 1e-08, 0
659361601, 0.73, 9.5e-08, 1e-08, 102
659880001, 0.0, 6.22e-08, 1e-08, 0
660139201, 0.0, 7.94e-08, 1e-08, 0
660657601, 0.27, 1.15e-07, 1e-08, 102
660916801, 0.0, 9.04e-08, 1e-08, 0
661435201, 0.0, 1e-07, 1e-08, 102
662212801, 0.0, 5.71e-08, 1e-08, 102
662731201, 0.0, 7.4e-08, 1e-08, 102
663249601, 0.37, 1.08e-07, 1e-08, 0
664027201, 0.0, 9.15e-08, 1e-08, 102
664545601, 0.0, 8.31e-08, 1e-08, 102
664804801, 0.0, 7.64e-08, 1e-08, 102
665064001, 0.0, 6.82e-08, 1e-08, 102
665323201, 0.0, 8.52e-08, 1e-08, 102
665841601, 0.0, 5.83e-08, 1e-08, 102
666100801, 0.11, 1.1e-07, 1e-08, 0
666619201, 0.15, 8.05e-08, 1e-08, 0
666878401, 0.0, 4.6e-08, 1e-08, 102
667656001, 0.0, 5.51e-08, 1e-08, 102
667915201, 0.74, 8.35e-08, 1e-08, 0
668174401, 0.92, 9.53e-08, 1e-08, 0
668692801, 0.22, 6.55e-08, 1e-08, 0
668952001, 0.0, 9.62e-08, 1e-08, 102
669470401, 0.0, 7.4e-08, 1e-08, 102
669729601, 0.0, 8.23e-08, 1e-08, 0
669988801, 0.0, 6.06e-08, 1e-08, 102
670248001, 0.0, 7.38e-08, 1e-08, 102
670766401, 0.0, 8.03e-08, 1e-08, 102
671025601, 0.0, 1.2e-07, 1e-08, 102
671803201, 0.13, 1.06e-07, 1e-08, 0
672062401, 0.55, 9.28e-08, 1e-08, 0
672321601, 0.5, 1.41e-07, 1e-08, 0
672580801, 0.19, 1.36e-07, 1e-08, 0
672840001, 0.27, 1.39e-07, 1e-08, 102
673099201, 0.0, 1.29e-07, 1e-08, 102
673617601, 0.74, 8.93e-08, 1e-08, 102
673876801, 0.57, 9.3e-08, 1e-08, 102
674395201, 0.0, 9.56e-08, 1e-08, 102
674654401, 0.0, 8.11e-08, 1e-08, 102
674913601, 0.0, 7.57e-08, 1e-08, 102
675432001, 0.0, 9.33e-08, 1e-08, 102
675691201, 0.7, 1.5e-07, 1e-08, 0
675950401, 0.0, 7.46e-08, 1e-08, 102
676728001, 0.0, 2.03e-07, 1e-08, 102
676987201, 0.0, 2.52e-07, 1e-08, 0
677246401, 0.0, 2.48e-07, 1e-08, 0
677505601, 0.47, 1.88e-07, 1e-08, 0
677764801, 0.0, 7.24e-08, 1e-08, 102
678283201, 0.0, 8.91e-08, 1e-08, 102
679060801, 0.0, 9.25e-08, 1e-08, 102
679579201, 0.0, 7.52e-08, 1e-08, 102
679838401, 0.13, 1.14e-07, 1e-08, 0
680097601, 0.0, 8.58e-08, 1e-08, 102
680616001, 0.0, 8.81e-08, 1e-08, 102
681134401, 0.22, 1.4e-07, 1e-08, 0
681393601, 0.0, 9.84e-08, 1e-08, 102
681652801, 0.0, 1.03e-07, 1e-08, 102
681912001, 0.17, 8.18e-08, 1e-08, 0
682171201, 0.28, 8.45e-08, 1e-08, 0
682430401, 0.06, 1.16e-07, 1e-08, 0
682689601, 0.0, 1.04e-07, 1e-08, 0
682948801, 0.23, 7.41e-08, 1e-08, 0
684244801, 0.0, 9.43e-08, 1e-08, 102
684763201, 0.37, 8.79e-08, 1e-08, 0
685022401, 0.08, 6.86e-08, 1e-08, 102
686059201, 0.0, 1.04e-07, 1e-08, 102
686836801, 0.03, 8.22e-08, 1e-08, 102
687355201, 0.36, 1.06e-07, 1e-08, 0
687873601, 0.0, 6.98e-08, 1e-08, 102
688132801, 0.0, 7.75e-08, 1e-08, 102
688392001, 0.0, 7.06e-08, 1e-08, 101
689169601, 0.0, 1.02e-07, 1e-08, 101
689688001, 0.0, 9.64e-08, 1e-08, 102
690206401, 0.26, 1.28e-07, 1e-08, 0
690465601, 0.67, 1.01e-07, 1e-08, 0
690984001, 0.83, 1.37e-07, 1e-08, 0
691761601, 0.75, 7.77e-08, 1e-08, 0
692539201, 0.0, 7.94e-08, 1e-08, 101
693057601, 0.0, 8.92e-08, 1e-08, 101
693576001, 0.0, 7.35e-08, 1e-08, 101
694353601, 0.0, 6.05e-08, 1e-08, 101
694612801, 0.02, 9.92e-08, 1e-08, 0
694872001, 0.0, 8.82e-08, 1e-08, 102
695131201, 0.0, 7.21e-08, 1e-08, 101
695390401, 0.0, 4.58e-08, 1e-08, 101
695649601, 0.0, 7.76e-08, 1e-08, 102
695908801, 0.0, 9.06e-08, 1e-08, 101
696427201, 0.44, 9.54e-08, 1e-08, 102
696945601, 0.0, 6.8e-08, 1e-08, 101
697464001, 0.0, 9.39e-08, 1e-08, 0
697723201, 0.99, 1.24e-07, 1e-08, 0
697982401, 0.0, 4.89e-08, 1e-08, 101
698241601, 0.72, 9.35e-08, 1e-08, 0
698760001, 0.73, 9.31e-08, 1e-08, 0
699537601, 0.2, 9.73e-08, 1e-08, 0
700056001, 0.0, 9.72e-08, 1e-08, 0
701092801, 0.0, 6.99e-08, 1e-08, 101
702129601, 0.0, 1.01e-07, 1e-08, 102
702907201, 0.58, 1.04e-07, 1e-08, 0
703166401, 0.28, 9.95e-08, 1e-08, 0
703425601, 0.0, 7.31e-08, 1e-08, 101
703944001, 0.0, 6.21e-08, 1e-08, 101
704203201, 0.0, 8.87e-08, 1e-08, 102
704462401, 0.0, 9.37e-08, 1e-08, 102
704980801, 0.0, 1.18e-07, 1e-08, 102
705240001, 0.0, 7.76e-08, 1e-08, 101
706017601, 0.0, 1.18e-07, 1e-08, 102
706536001, 0.0, 1.12e-07, 1e-08, 102
707054401, 0.0, 8.94e-08, 1e-08, 101
707313601, 0.07, 1.06e-07, 1e-08, 0
708091201, 0.0, 7.48e-08, 1e-08, 102
708350401, 0.66, 1.85e-07, 1e-08, 0
708868801, 0.0, 2.71e-07, 1e-08, 102
709646401, 0.0, 1.18e-07, 1e-08, 102
709905601, 0.24, 1.41e-07, 1e-08, 0
710164801, 0.0, 8.66e-08, 1e-08, 101
710424001, 0.0, 1.31e-07, 1e-08, 101
710942401, 0.0, 6.04e-08, 1e-08, 102
711201601, 0.0, 1.16e-07, 1e-08, 101
711460801, 0.0, 1.09e-07, 1e-08, 101
711979201, 0.19, 9.31e-08, 1e-08, 0
712238401, 0.96, 8.21e-08, 1e-08, 102
712497601, 0.67, 6.12e-08, 1e-08, 102
712756801, 0.0, 9.82e-08, 1e-08, 102
713016001, 0.04, 1.06e-07, 1e-08, 0
713793601, 0.0, 9.11e-08, 1e-08, 101
714830401, 0.0, 1.17e-07, 1e-08, 102
715089601, 0.49, 1.2e-07, 1e-08, 102
715608001, 0.0, 9.54e-08, 1e-08, 102
716126401, 0.0, 5.81e-08, 1e-08, 102
716644801, 0.26, 5.29e-08, 1e-08, 102
716904001, 0.0, 6.86e-08, 1e-08, 101
717163201, 0.0, 6.44e-08, 1e-08, 101
717422401, 0.0, 7.47e-08, 1e-08, 102
717681601, 0.26, 1.15e-07, 1e-08, 0
718200001, 0.0, 1.08e-07, 1e-08, 102
718459201, 0.0, 6.1e-08, 1e-08, 102
720014401, 0.0, 9.47e-08, 1e-08, 101
720273601, 0.23, 1.01e-07, 1e-08, 0
720792001, 0.0, 8.89e-08, 1e-08, 102
721051201, 0.0, 9.09e-08, 1e-08, 101
721828801, 0.0, 9.83e-08, 1e-08, 0
722347201, 0.0, 6.82e-08, 1e-08, 101
722865601, 0.79, 1.58e-07, 1e-08, 0
723124801, 0.0, 1.03e-07, 1e-08, 101
724161601, 0.34, 1.3e-07, 1e-08, 0
724420801, 0.73, 1.23e-07, 1e-08, 102
725457601, 0.07, 8.5e-08, 1e-08, 102
725716801, 0.0, 1.13e-07, 1e-08, 102
725976001, 0.44, 1.03e-07, 1e-08, 0
726235201, 0.03, 7.64e-08, 1e-08, 0
726494401, 0.23, 7.19e-08, 1e-08, 0
727012801, 0.04, 8.35e-08, 1e-08, 102
727272001, 0.0, 6.82e-08, 1e-08, 102
728049601, 0.0, 5.68e-08, 1e-08, 102
728308801, 0.0, 6.03e-08, 1e-08, 101
728568001, 0.0, 5.26e-08, 1e-08, 102
729086401, 0.0, 6.71e-08, 1e-08, 101
729604801, 0.9, 1.09e-07, 1e-08, 0
729864001, 0.0, 8.36e-08, 1e-08, 102
730382401, 0.56, 9.4e-08, 1e-08, 0
730641601, 0.0, 7.82e-08, 1e-08, 102
730900801, 0.32, 9.11e-08, 1e-08, 0
731419201, 0.0, 1.07e-07, 1e-08, 101
731937601, 0.63, 1.17e-07, 1e-08, 0
732456001, 0.39, 9.73e-08, 1e-08, 102
732715201, 0.0, 5.7e-08, 1e-08, 102
732974401, 0.0, 5.7e-08, 1e-08, 102
733492801, 0.0, 8.15e-08, 1e-08, 101
733752001, 0.01, 1.07e-07, 1e-08, 102
734270401, 0.64, 9.23e-08, 1e-08, 0
734529601, 0.0, 6.39e-08, 1e-08, 101
734788801, 0.16, 9.54e-08, 1e-08, 102
735307201, 0.0, 6.95e-08, 1e-08, 101
735566401, 0.22, 7.65e-08, 1e-08, 102
736084801, 0.83, 1.54e-07, 1e-08, 0
736344001, 0.0, 9.93e-08, 1e-08, 101
736603201, 0.0, 1.05e-07, 1e-08, 101
737121601, 0.31, 1.23e-07, 1e-08, 0
737640001, 0.0, 1.12e-07, 1e-08, 102
738417601, 0.0, 7.18e-08, 1e-08, 101
738676801, 0.67, 1.3e-07, 1e-08, 102
738936001, 0.0, 8.19e-08, 1e-08, 102
739454401, 0.05, 1.19e-07, 1e-08, 0
739713601, 0.37, 1.03e-07, 1e-08, 0
740232001, 0.0, 1.39e-07, 1e-08, 102
740491201, 0.0, 1.86e-07, 1e-08, 101
740750401, 0.0, 2.19e-07, 1e-08, 101
741009601, 0.0, 1.98e-07, 1e-08, 102
741268801, 0.0, 2.13e-07, 1e-08, 101
741528001, 0.73, 1.54e-07, 1e-08, 0
742046401, 0.0, 1.05e-07, 1e-08, 102
