timestamp, ts, flux, flux_error, photon_index, photon_index_interval, fit_tolerance, fit_convergence
240883201, 39.57, 9.14e-09, 4.56e-09, 1.57, 0.26, 1e-08, 0
243475201, 19.58, 8.24e-09, 7.08e-09, 1.79, 0.45, 1e-08, 0
246067201, 12.7, 2.43e-08, 1.42e-08, 2.3, 0.42, 1e-08, 0
248659201, 13.91, 2.85e-08, 1.26e-08, 2.6, 0.39, 1e-08, 0
251251201, 36.79, 1.24e-08, 6.67e-09, 1.75, 0.3, 1e-08, 0
253843201, 4.76, 6.76e-09, 9.86e-09, 2.2, 0.82, 1e-08, 0
256435201, 2.06, 8.88e-09, 9.63e-09, 2.42, 0.81, 1e-08, 0
259027201, 7.94, 8.86e-10, 1.52e-09, 1.07, 0.86, 1e-08, 0
261619201, 22.39, 5.16e-09, 3.48e-09, 1.43, 0.35, 1e-08, 0
264211201, 47.83, 2.04e-08, 9.2e-09, 1.77, 0.24, 1e-08, 0
266803201, 41.18, 1.48e-08, 7.51e-09, 1.75, 0.27, 1e-08, 0
269395201, 48.81, 1.72e-08, 6.8e-09, 1.66, 0.21, 1e-08, 0
271987201, 61.53, 2.59e-08, 9.3e-09, 1.9, 0.2, 1e-08, 0
274579201, 12.67, 1.9e-08, 1.98e-08, 2.28, 0.61, 1e-08, 0
279763201, 1.92, 5.62e-09, 6.77e-09, 2.04, 0.64, 1e-08, 0
282355201, 19.64, 8.28e-09, 6.51e-09, 1.7, 0.38, 1e-08, 0
284947201, 17.37, 2.15e-08, 1.03e-08, 2.14, 0.29, 1e-08, 0
287539201, 28.18, 1.27e-08, 9.29e-09, 1.8, 0.38, 1e-08, 0
290131201, 17.48, 2.99e-08, 1.32e-08, 2.35, 0.29, 1e-08, 0
292723201, 11.78, 1.92e-08, 1.29e-08, 2.13, 0.39, 1e-08, 0
295315201, 17.09, 7.26e-08, 2.31e-08, 5.0, 0, 1e-08, 0
297907201, 35.27, 1.65e-08, 7.42e-09, 1.8, 0.25, 1e-08, 0
300499201, 12.14, 1.99e-08, 1.14e-08, 2.19, 0.35, 1e-08, 0
303091201, 43.07, 1.51e-08, 9.01e-09, 1.69, 0.32, 1e-08, 0
305683201, 13.98, 2.45e-08, 1.39e-08, 2.26, 0.38, 1e-08, 0
308275201, 2.71, 3.07e-08, 2.05e-08, 4.68, 2.19, 1e-08, 0
310867201, 10.27, 1.39e-08, 1.16e-08, 2.13, 0.46, 1e-08, 0
313459201, 16.92, 1.05e-08, 9.51e-09, 2.0, 0.47, 1e-08, 0
316051201, 24.12, 1.71e-08, 1.21e-08, 1.99, 0.38, 1e-08, 0
318643201, 32.07, 6.37e-09, 3.74e-09, 1.39, 0.31, 1e-08, 0
321235201, 34.56, 5.79e-09, 3.59e-09, 1.33, 0.33, 1e-08, 0
323827201, 5.77, 1.36e-09, 1.7e-09, 1.17, 0.62, 1e-08, 0
326419201, 7.92, 9.2e-09, 1.56e-08, 1.92, 0.85, 1e-08, 0
329011201, 22.94, 1.8e-08, 8.68e-09, 1.96, 0.28, 1e-08, 0
331603201, 18.5, 8.82e-09, 7.56e-09, 1.8, 0.43, 1e-08, 0
334195201, 39.75, 3.28e-09, 2.16e-09, 1.03, 0.36, 1e-08, 0
336787201, 3.0, 1.42e-09, 1.46e-09, 1.1, 0.52, 1e-08, 0
339379201, 25.71, 1.95e-08, 1.09e-08, 2.09, 0.33, 1e-08, 0
341971201, 49.1, 2.45e-08, 1.17e-08, 1.89, 0.26, 1e-08, 0
344563201, 30.32, 9.86e-09, 7.74e-09, 1.6, 0.41, 1e-08, 0
347155201, 14.91, 1.06e-08, 7.61e-09, 1.81, 0.35, 1e-08, 0
349747201, 18.48, 3.22e-08, 1.94e-08, 2.41, 0.39, 1e-08, 0
352339201, 5.55, 9.64e-09, 8.14e-09, 2.02, 0.46, 1e-08, 0
354931201, 41.87, 8.49e-09, 4.82e-09, 1.43, 0.29, 1e-08, 0
357523201, 12.05, 1.42e-08, 1.33e-08, 2.01, 0.51, 1e-08, 0
360115201, 13.0, 1.79e-08, 1.49e-08, 2.15, 0.5, 1e-08, 0
362707201, 30.54, 7.54e-09, 4.66e-09, 1.45, 0.3, 1e-08, 0
365299201, 36.83, 1.38e-08, 6.89e-09, 1.71, 0.27, 1e-08, 0
367891201, 33.17, 1.56e-08, 9.09e-09, 1.79, 0.3, 1e-08, 0
370483201, 29.96, 8.25e-09, 4.54e-09, 1.61, 0.27, 1e-08, 0
373075201, 11.99, 4.06e-09, 4.13e-09, 1.3, 0.52, 1e-08, 0
375667201, 36.63, 2.02e-08, 9.4e-09, 1.82, 0.26, 1e-08, 0
378259201, 10.35, 1.31e-08, 1.07e-08, 2.13, 0.47, 1e-08, 0
380851201, 18.14, 1.89e-08, 8.98e-09, 1.98, 0.27, 1e-08, 0
383443201, 20.07, 1.08e-08, 8.39e-09, 1.88, 0.39, 1e-08, 0
386035201, 3.65, 1.23e-09, 1.72e-09, 1.37, 0.7, 1e-08, 0
388627201, 19.35, 1.08e-08, 8.9e-09, 1.74, 0.41, 1e-08, 0
391219201, 9.58, 1.17e-09, 1.02e-09, 0.89, 0.52, 1e-08, 0
393811201, 40.1, 1.08e-08, 6.1e-09, 1.46, 0.29, 1e-08, 0
396403201, 10.94, 3.08e-10, 3.21e-10, 0.08, 1.09, 1e-08, 0
398995201, 32.25, 1.02e-08, 4.79e-09, 1.42, 0.26, 1e-08, 0
401587201, 2.34, 2.68e-08, 1.94e-08, 3.87, 1.37, 1e-08, 0
404179201, 2.18, 1.37e-08, 1.6e-08, 2.65, 1.05, 1e-08, 0
406771201, 11.43, 3.99e-09, 3.37e-09, 1.35, 0.42, 1e-08, 0
409363201, 6.88, 4.58e-08, 2.79e-08, 2.79, 0.59, 1e-08, 0
411955201, 6.7, 1.28e-08, 9.39e-09, 2.3, 0.43, 1e-08, 0
414547201, 10.24, 2.44e-09, 2.03e-09, 1.08, 0.42, 1e-08, 0
417139201, 2.81, 1.39e-08, 1.31e-08, 2.24, 0.52, 1e-08, 0
419731201, 1.73, 5.59e-09, 1.21e-08, 2.08, 1.18, 1e-08, 0
422323201, 5.1, 3.21e-09, 3.1e-09, 1.55, 0.51, 1e-08, 0
424915201, 5.52, 8.61e-09, 7.59e-09, 2.08, 0.48, 1e-08, 0
427507201, 11.0, 2.11e-08, 1.48e-08, 2.46, 0.52, 1e-08, 0
430099201, 3.48, 2.47e-08, 1.77e-08, 2.85, 0.57, 1e-08, 0
432691201, 2.92, 6.16e-09, 8.56e-09, 1.78, 0.77, 1e-08, 0
443059201, 3.7, 2.02e-08, 1.6e-08, 2.7, 0.67, 1e-08, 0
445651201, 9.8, 9.02e-10, 8.78e-10, 0.97, 0.6, 1e-08, 0
448243201, 1.48, 2.02e-08, 2.57e-08, 3.27, 1.82, 1e-08, 0
453427201, 6.64, 5.72e-09, 9.38e-09, 1.78, 0.82, 1e-08, 0
456019201, 7.12, 6.29e-10, 1.21e-09, 0.89, 1.09, 1e-08, 0
458611201, 1.99, 3.75e-09, 6.15e-09, 1.86, 0.84, 1e-08, 0
461203201, 22.84, 1.38e-08, 1.14e-08, 1.95, 0.43, 1e-08, 0
463795201, 4.5, 1.13e-08, 1.26e-08, 2.22, 0.65, 1e-08, 0
466387201, 5.74, 2.45e-09, 2.66e-09, 1.49, 0.57, 1e-08, 0
468979201, 10.98, 1.02e-08, 9.02e-09, 2.03, 0.47, 1e-08, 0
471571201, 9.64, 1.02e-08, 7.39e-09, 1.77, 0.42, 1e-08, 0
474163201, 17.88, 2.29e-08, 1.27e-08, 2.34, 0.34, 1e-08, 0
476755201, 5.17, 9.27e-09, 7.44e-09, 2.01, 0.46, 1e-08, 0
479347201, 6.15, 2.49e-08, 2.2e-08, 2.71, 0.71, 1e-08, 0
481939201, 18.44, 2.63e-08, 1.84e-08, 2.16, 0.4, 1e-08, 0
484531201, 3.25, 2.82e-08, 2.26e-08, 2.99, 0.78, 1e-08, 0
487123201, 12.64, 2.83e-08, 1.97e-08, 2.38, 0.49, 1e-08, 0
489715201, 12.29, 1.39e-08, 8.97e-09, 2.02, 0.36, 1e-08, 0
492307201, 16.21, 4.48e-08, 1.63e-08, 2.92, 0.33, 1e-08, 0
494899201, 24.58, 1.94e-08, 1.02e-08, 1.93, 0.29, 1e-08, 0
497491201, 27.56, 3.57e-09, 1.81e-09, 1.12, 0.29, 1e-08, 0
500083201, 11.82, 5.28e-09, 5.01e-09, 1.5, 0.47, 1e-08, 0
502675201, 11.38, 1.98e-08, 1.17e-08, 2.34, 0.38, 1e-08, 0
505267201, 10.34, 4.63e-08, 3.38e-08, 3.41, 2.4, 1e-08, 102
507859201, 4.57, 1.35e-09, 2.16e-09, 1.49, 0.78, 1e-08, 0
510451201, 7.03, 7.21e-09, 1.03e-08, 1.89, 0.71, 1e-08, 0
513043201, 12.98, 2.76e-08, 1.42e-08, 2.41, 0.34, 1e-08, 0
515635201, 3.28, 1.92e-08, 1.64e-08, 2.64, 0.87, 1e-08, 0
518227201, 29.2, 1.05e-08, 6.71e-09, 1.68, 0.33, 1e-08, 0
520819201, 7.95, 3.8e-09, 4.29e-09, 1.64, 0.52, 1e-08, 0
523411201, 8.18, 4.05e-09, 3.68e-09, 1.65, 0.45, 1e-08, 0
526003201, 13.5, 1.82e-08, 1.2e-08, 2.27, 0.4, 1e-08, 0
528595201, 5.44, 1.38e-09, 1.23e-09, 1.06, 0.5, 1e-08, 0
531187201, 1.74, 9.91e-09, 1.55e-08, 2.45, 0.94, 1e-08, 0
533779201, 16.98, 3.54e-08, 2.55e-08, 2.62, 0.53, 1e-08, 0
536371201, 10.54, 2.88e-08, 1.57e-08, 2.46, 0.39, 1e-08, 0
538963201, 14.9, 4.91e-08, 2e-08, 2.85, 0.37, 1e-08, 0
541555201, 9.25, 3.43e-09, 3.41e-09, 1.49, 0.49, 1e-08, 0
546739201, 4.02, 6.53e-08, 4.58e-08, 3.37, 3.53, 1e-08, 102
549331201, 22.5, 2.13e-08, 1.31e-08, 1.99, 0.34, 1e-08, 0
551923201, 3.36, 2.28e-09, 3.36e-09, 1.62, 0.71, 1e-08, 0
554515201, 15.04, 1.2e-08, 1.17e-08, 2.04, 0.52, 1e-08, 0
557107201, 7.2, 4.08e-10, 5.15e-10, 0.57, 0.95, 1e-08, 0
559699201, 7.45, 1.72e-08, 1.15e-08, 2.56, 0.62, 1e-08, 0
562291201, 14.19, 1.68e-08, 1.14e-08, 2.03, 0.36, 1e-08, 0
564883201, 5.17, 4.47e-08, 2.36e-08, 3.89, 2.9, 1e-08, 102
570067201, 12.66, 3.28e-08, 1.94e-08, 2.7, 0.5, 1e-08, 0
575251201, 13.53, 4.93e-08, 2.01e-08, 2.89, 0.36, 1e-08, 0
577843201, 6.45, 1.33e-09, 2.04e-09, 1.06, 0.85, 1e-08, 0
580435201, 11.88, 1.19e-08, 9.68e-09, 1.98, 0.4, 1e-08, 0
583027201, 5.81, 1.14e-09, 1.71e-09, 1.08, 0.73, 1e-08, 0
585619201, 23.53, 1.98e-08, 9.5e-09, 2.03, 0.29, 1e-08, 0
588211201, 6.8, 2.3e-08, 1.63e-08, 2.61, 0.57, 1e-08, 0
590803201, 8.53, 5e-09, 5.12e-09, 1.46, 0.5, 1e-08, 0
593395201, 12.71, 3.33e-08, 2.2e-08, 2.52, 0.55, 1e-08, 0
595987201, 6.01, 1.35e-08, 2.22e-08, 2.14, 0.84, 1e-08, 0
598579201, 19.53, 2.27e-08, 1.2e-08, 2.21, 0.34, 1e-08, 0
601171201, 5.87, 1.6e-08, 1.42e-08, 2.4, 0.55, 1e-08, 0
606355201, 1.81, 2.32e-08, 1.99e-08, 3.18, 0.82, 1e-08, 0
611539201, 9.71, 3.85e-10, 4.49e-10, 0.34, 1.02, 1e-08, 0
614131201, 4.53, 3.89e-08, 2.2e-08, 5.0, 0, 1e-08, 0
616723201, 12.41, 1.36e-09, 1.59e-09, 1.18, 0.55, 1e-08, 0
624499201, 6.06, 1.59e-09, 2.73e-09, 1.34, 0.79, 1e-08, 0
629683201, 3.8, 2.74e-08, 1.74e-08, 3.24, 0.69, 1e-08, 0
632275201, 2.42, 2.63e-09, 5.43e-09, 1.88, 1.06, 1e-08, 0
634867201, 3.56, 7.24e-09, 6.28e-09, 2.14, 0.48, 1e-08, 0
637459201, 1.24, 1.5e-08, 3.74e-08, 2.96, 3.72, 1e-08, 0
640051201, 3.06, 1.65e-08, 5.85e-08, 2.57, 2.21, 1e-08, 0
642643201, 4.56, 2.74e-09, 6.54e-09, 1.57, 1.11, 1e-08, 0
647827201, 28.29, 1.97e-09, 1.48e-09, 1.04, 0.41, 1e-08, 0
650419201, 5.1, 2.36e-08, 1.38e-08, 2.71, 0.48, 1e-08, 0
655603201, 16.03, 4.42e-08, 2.38e-08, 2.45, 0.43, 1e-08, 0
658195201, 2.48, 1.69e-09, 2.96e-09, 1.39, 0.85, 1e-08, 0
663379201, 6.51, 1.79e-08, 1.4e-08, 2.55, 0.5, 1e-08, 0
668563201, 14.61, 1.39e-09, 1.55e-09, 0.99, 0.55, 1e-08, 0
671155201, 2.54, 1.93e-08, 1.58e-08, 2.63, 0.55, 1e-08, 0
673747201, 4.03, 4.88e-09, 4.77e-09, 1.62, 0.49, 1e-08, 0
676339201, 13.5, 4.54e-10, 5.27e-10, 0.48, 0.82, 1e-08, 0
689299201, 3.44, 2.64e-09, 3.59e-09, 1.62, 0.63, 1e-08, 0
694483201, 12.47, 1.81e-09, 1.62e-09, 1.25, 0.44, 1e-08, 0
699667201, 1.65, 4.28e-10, 6.34e-10, 1.1, 0.8, 1e-08, 0
702259201, 13.53, 7.51e-09, 5.2e-09, 1.69, 0.35, 1e-08, 0
704851201, 2.47, 3.2e-08, 2.98e-08, 2.58, 0.82, 1e-08, 0
707443201, 7.22, 2.44e-08, 1.48e-08, 2.68, 0.44, 1e-08, 0
710035201, 29.19, 1.23e-08, 6.62e-09, 1.76, 0.28, 1e-08, 0
715219201, 2.66, 1.51e-09, 2.47e-09, 1.58, 0.83, 1e-08, 0
717811201, 3.06, 1.94e-09, 2.99e-09, 1.3, 0.69, 1e-08, 0
722995201, 1.48, 1.75e-08, 1.73e-08, 2.68, 0.74, 1e-08, 0
725587201, 9.43, 6.65e-09, 8.65e-09, 1.93, 0.59, 1e-08, 0
730771201, 5.61, 2.18e-09, 2.23e-09, 1.51, 0.52, 1e-08, 0
733363201, 1.31, 1.75e-08, 2.14e-08, 3.22, 1.44, 1e-08, 0
735955201, 8.48, 8.08e-08, 3.24e-08, 3.77, 2.3, 1e-08, 102
738547201, 9.17, 5.42e-08, 2.32e-08, 5.0, 0, 1e-08, 0
