timestamp, ts, flux, flux_error, photon_index, photon_index_interval, fit_tolerance, fit_convergence
240494401, 3.0, 3.44e-08, 4.35e-08, 2.45, 0, 1e-08, 0
241704001, 1.66, 3.28e-08, 3.62e-08, 2.45, 0, 1e-08, 0
249566401, 7.08, 4.28e-08, 2.49e-08, 2.45, 0, 1e-08, 0
252590401, 1.28, 1.58e-08, 1.79e-08, 2.45, 0, 1e-08, 0
256219201, 1.4, 2.58e-08, 3.13e-08, 2.45, 0, 1e-08, 0
256824001, 1.04, 1.85e-08, 2.44e-08, 2.45, 0, 1e-08, 0
257428801, 8.49, 5.44e-08, 2.44e-08, 2.45, 0, 1e-08, 0
259243201, 3.39, 3.67e-08, 2.6e-08, 2.45, 0, 1e-08, 0
261662401, 1.77, 2.76e-08, 3.15e-08, 2.45, 0, 1e-08, 0
264686401, 2.46, 4.45e-08, 3.83e-08, 2.45, 0, 1e-08, 0
268920001, 12.42, 6.37e-08, 3.25e-08, 2.45, 0, 1e-08, 0
269524801, 2.04, 1.87e-08, 2.05e-08, 2.45, 0, 1e-08, 0
271944001, 4.59, 4.63e-08, 2.72e-08, 2.45, 0, 1e-08, 0
274363201, 1.09, 2.58e-08, 3.93e-08, 2.45, 0, 1e-08, 0
276177601, 1.23, 2.1e-08, 2.65e-08, 2.45, 0, 1e-08, 0
276782401, 1.68, 1.67e-08, 1.79e-08, 2.45, 0, 1e-08, 0
280411201, 2.94, 2.07e-08, 1.83e-08, 2.45, 0, 1e-08, 0
283435201, 1.92, 1.76e-08, 1.83e-08, 2.45, 0, 1e-08, 0
285249601, 4.45, 3.31e-08, 2.04e-08, 2.45, 0, 1e-08, 0
291297601, 8.3, 5.82e-08, 2.93e-08, 2.45, 0, 1e-08, 0
292507201, 1.58, 3.43e-08, 3.81e-08, 2.45, 0, 1e-08, 0
297345601, 1.63, 3.22e-08, 3.06e-08, 2.45, 0, 1e-08, 0
297950401, 7.85, 3.91e-08, 2.4e-08, 2.45, 0, 1e-08, 0
302184001, 1.0, 2.4e-08, 4.27e-08, 2.45, 0, 1e-08, 0
311256001, 1.18, 2.59e-08, 3.3e-08, 2.45, 0, 1e-08, 0
311860801, 2.65, 3.32e-08, 3.07e-08, 2.45, 0, 1e-08, 0
313070401, 1.04, 9.93e-09, 1.31e-08, 2.45, 0, 1e-08, 0
317304001, 2.67, 2.65e-08, 1.95e-08, 2.45, 0, 1e-08, 0
321537601, 10.2, 5.69e-08, 2.9e-08, 2.45, 0, 1e-08, 0
323352001, 2.71, 3.17e-08, 2.63e-08, 2.45, 0, 1e-08, 0
323956801, 6.64, 4.44e-08, 2.6e-08, 2.45, 0, 1e-08, 0
324561601, 1.37, 3.7e-08, 4.23e-08, 2.45, 0, 1e-08, 0
325771201, 3.5, 2.64e-08, 2.55e-08, 2.45, 0, 1e-08, 0
326376001, 17.71, 6.15e-08, 2.84e-08, 2.45, 0, 1e-08, 0
326980801, 10.67, 4.14e-08, 1.87e-08, 2.45, 0, 1e-08, 0
331819201, 4.69, 1.74e-08, 1.5e-08, 2.45, 0, 1e-08, 0
333633601, 9.8, 8.29e-08, 4.2e-08, 2.45, 0, 1e-08, 0
334238401, 5.75, 4.19e-08, 2.56e-08, 2.45, 0, 1e-08, 0
336657601, 2.48, 1.67e-08, 1.82e-08, 2.45, 0, 1e-08, 0
337867201, 1.99, 3.22e-08, 3.25e-08, 2.45, 0, 1e-08, 0
340286401, 5.41, 4.5e-08, 2.34e-08, 2.45, 0, 1e-08, 0
340891201, 2.33, 2.63e-08, 2.54e-08, 2.45, 0, 1e-08, 0
341496001, 13.44, 7.75e-08, 2.78e-08, 2.45, 0, 1e-08, 0
346939201, 1.41, 2.76e-08, 3.67e-08, 2.45, 0, 1e-08, 0
349358401, 4.42, 1.72e-08, 1.4e-08, 2.45, 0, 1e-08, 0
350568001, 12.76, 6.7e-08, 3.17e-08, 2.45, 0, 1e-08, 0
351777601, 2.39, 3.3e-08, 2.81e-08, 2.45, 0, 1e-08, 0
354196801, 2.12, 2.24e-08, 2.34e-08, 2.45, 0, 1e-08, 0
354801601, 2.02, 2.49e-08, 1.99e-08, 2.45, 0, 1e-08, 0
359035201, 2.43, 1.46e-08, 1.5e-08, 2.45, 0, 1e-08, 0
361454401, 1.83, 2.53e-08, 2.67e-08, 2.45, 0, 1e-08, 0
365688001, 5.74, 5.15e-08, 3.54e-08, 2.45, 0, 1e-08, 0
368107201, 2.46, 1.91e-08, 1.61e-08, 2.45, 0, 1e-08, 0
368712001, 40.36, 9.5e-08, 2.91e-08, 2.45, 0, 1e-08, 0
372945601, 4.66, 4.09e-08, 2.71e-08, 2.45, 0, 1e-08, 0
373550401, 9.28, 4.45e-08, 2.54e-08, 2.45, 0, 1e-08, 0
374155201, 2.76, 3.49e-08, 2.9e-08, 2.45, 0, 1e-08, 0
374760001, 1.38, 3.2e-08, 4.22e-08, 2.45, 0, 1e-08, 0
377179201, 1.19, 1.2e-08, 1.38e-08, 2.45, 0, 1e-08, 0
378993601, 1.99, 3.44e-08, 4.02e-08, 2.45, 0, 1e-08, 0
382622401, 2.05, 2.27e-08, 2.59e-08, 2.45, 0, 1e-08, 0
383832001, 5.65, 4.01e-08, 2.62e-08, 2.45, 0, 1e-08, 0
384436801, 5.82, 4.93e-08, 3.2e-08, 2.45, 0, 1e-08, 0
386251201, 14.97, 7.79e-08, 2.7e-08, 2.45, 0, 1e-08, 0
389275201, 2.2, 3.95e-08, 4.06e-08, 2.45, 0, 1e-08, 0
392299201, 1.01, 1.51e-08, 1.77e-08, 2.45, 0, 1e-08, 0
395323201, 1.33, 1.85e-08, 2.01e-08, 2.45, 0, 1e-08, 0
395928001, 1.21, 1.44e-08, 1.83e-08, 2.45, 0, 1e-08, 0
397742401, 2.6, 1.69e-08, 1.79e-08, 2.45, 0, 1e-08, 0
402580801, 1.96, 2e-08, 2.04e-08, 2.45, 0, 1e-08, 0
404395201, 1.76, 1.87e-08, 2.08e-08, 2.45, 0, 1e-08, 0
409233601, 1.66, 1.65e-08, 1.66e-08, 2.45, 0, 1e-08, 0
410443201, 1.54, 2.58e-08, 2.38e-08, 2.45, 0, 1e-08, 0
411048001, 2.91, 1.41e-08, 1.37e-08, 2.45, 0, 1e-08, 0
414072001, 4.9, 2.98e-08, 1.78e-08, 2.45, 0, 1e-08, 0
418910401, 1.71, 2.79e-08, 2.88e-08, 2.45, 0, 1e-08, 0
420120001, 1.36, 2.41e-08, 2.88e-08, 2.45, 0, 1e-08, 0
421329601, 1.16, 2.39e-08, 2.61e-08, 2.45, 0, 1e-08, 0
421934401, 1.76, 3.48e-08, 4.53e-08, 2.45, 0, 1e-08, 0
423144001, 3.77, 3.36e-08, 2.14e-08, 2.45, 0, 1e-08, 0
426168001, 21.85, 9.02e-08, 3.18e-08, 2.45, 0, 1e-08, 0
426772801, 42.16, 1.51e-07, 3.9e-08, 2.45, 0, 1e-08, 0
427377601, 4.2, 3.01e-08, 2.31e-08, 2.45, 0, 1e-08, 0
433425601, 7.82, 4.24e-08, 2.7e-08, 2.45, 0, 1e-08, 0
434030401, 3.07, 3.92e-08, 3.57e-08, 2.45, 0, 1e-08, 0
435240001, 32.65, 1.54e-07, 4.3e-08, 2.45, 0, 1e-08, 0
435844801, 20.84, 9.01e-08, 3.18e-08, 2.45, 0, 1e-08, 0
436449601, 23.92, 9.71e-08, 3.7e-08, 2.45, 0, 1e-08, 0
437054401, 18.32, 6.84e-08, 2.35e-08, 2.45, 0, 1e-08, 0
437659201, 3.28, 2.29e-08, 1.68e-08, 2.45, 0, 1e-08, 0
438868801, 36.64, 1.39e-07, 3.8e-08, 2.45, 0, 1e-08, 0
439473601, 43.85, 1.52e-07, 3.9e-08, 2.45, 0, 1e-08, 0
440078401, 56.19, 1.62e-07, 3.9e-08, 2.45, 0, 1e-08, 0
440683201, 31.75, 9.94e-08, 2.75e-08, 2.45, 0, 1e-08, 0
441288001, 18.01, 4.79e-08, 1.97e-08, 2.45, 0, 1e-08, 0
441892801, 72.97, 1.19e-07, 2.38e-08, 2.45, 0, 1e-08, 0
442497601, 46.29, 1.03e-07, 2.52e-08, 2.45, 0, 1e-08, 0
443102401, 64.18, 1.57e-07, 3.2e-08, 2.45, 0, 1e-08, 0
443707201, 3.37, 5.12e-08, 3.99e-08, 2.45, 0, 1e-08, 0
444312001, 7.63, 6.12e-08, 3.36e-08, 2.45, 0, 1e-08, 0
444916801, 12.78, 7.02e-08, 2.85e-08, 2.45, 0, 1e-08, 0
445521601, 5.07, 2.91e-08, 2.43e-08, 2.45, 0, 1e-08, 0
446126401, 139.02, 1.96e-07, 3e-08, 2.45, 0, 1e-08, 0
446731201, 10.61, 4.49e-08, 1.97e-08, 2.45, 0, 1e-08, 0
447940801, 11.04, 7.28e-08, 3.6e-08, 2.45, 0, 1e-08, 0
450360001, 4.31, 3.59e-08, 2.24e-08, 2.45, 0, 1e-08, 0
450964801, 1.01, 1.4e-08, 1.64e-08, 2.45, 0, 1e-08, 0
451569601, 13.31, 3.5e-08, 1.83e-08, 2.45, 0, 1e-08, 0
452174401, 2.68, 2.39e-08, 1.88e-08, 2.45, 0, 1e-08, 0
457617601, 8.13, 3.48e-08, 2.44e-08, 2.45, 0, 1e-08, 0
459432001, 4.84, 3.4e-08, 2.47e-08, 2.45, 0, 1e-08, 0
464270401, 2.65, 3.11e-08, 3.23e-08, 2.45, 0, 1e-08, 0
467294401, 1.72, 3.22e-08, 3.21e-08, 2.45, 0, 1e-08, 0
469108801, 2.41, 2.22e-08, 1.72e-08, 2.45, 0, 1e-08, 0
471528001, 5.71, 5.17e-08, 3.59e-08, 2.45, 0, 1e-08, 0
472132801, 1.98, 3.59e-08, 3.05e-08, 2.45, 0, 1e-08, 0
477576001, 2.37, 1.94e-08, 1.9e-08, 2.45, 0, 1e-08, 0
478785601, 1.9, 1.41e-08, 1.48e-08, 2.45, 0, 1e-08, 0
480600001, 11.28, 9.16e-08, 3.92e-08, 2.45, 0, 1e-08, 0
482414401, 1.66, 2.53e-08, 2.8e-08, 2.45, 0, 1e-08, 0
485438401, 1.12, 1.57e-08, 2.1e-08, 2.45, 0, 1e-08, 0
486043201, 3.42, 3.28e-08, 2.46e-08, 2.45, 0, 1e-08, 0
487857601, 1.05, 1.58e-08, 2.57e-08, 2.45, 0, 1e-08, 0
489672001, 8.72, 6.79e-08, 3.33e-08, 2.45, 0, 1e-08, 0
491486401, 6.53, 3.27e-08, 1.79e-08, 2.45, 0, 1e-08, 0
492091201, 4.37, 2.46e-08, 1.62e-08, 2.45, 0, 1e-08, 0
494510401, 1.23, 2.59e-08, 2.73e-08, 2.45, 0, 1e-08, 0
495115201, 15.57, 7.94e-08, 3.16e-08, 2.45, 0, 1e-08, 0
497534401, 6.43, 6.01e-08, 3.35e-08, 2.45, 0, 1e-08, 0
498744001, 3.37, 3.84e-08, 3.12e-08, 2.45, 0, 1e-08, 0
501163201, 2.25, 2.58e-08, 2.29e-08, 2.45, 0, 1e-08, 0
502977601, 9.33, 6.94e-08, 3.64e-08, 2.45, 0, 1e-08, 0
506001601, 4.23, 2.72e-08, 1.91e-08, 2.45, 0, 1e-08, 0
511444801, 3.34, 4.36e-08, 3.55e-08, 2.45, 0, 1e-08, 0
512049601, 3.79, 4.07e-08, 2.67e-08, 2.45, 0, 1e-08, 0
513259201, 4.03, 4.53e-08, 3.69e-08, 2.45, 0, 1e-08, 0
515678401, 9.71, 5.69e-08, 2.9e-08, 2.45, 0, 1e-08, 0
516283201, 14.15, 7.76e-08, 3.22e-08, 2.45, 0, 1e-08, 0
516888001, 15.07, 7.65e-08, 3.36e-08, 2.45, 0, 1e-08, 0
518097601, 5.87, 3.58e-08, 2.31e-08, 2.45, 0, 1e-08, 0
518702401, 1.34, 1.92e-08, 2.28e-08, 2.45, 0, 1e-08, 0
519307201, 2.67, 3.33e-08, 2.69e-08, 2.45, 0, 1e-08, 0
520516801, 20.67, 1.02e-07, 3.7e-08, 2.45, 0, 1e-08, 0
523540801, 2.9, 2.93e-08, 2.28e-08, 2.45, 0, 1e-08, 0
524145601, 3.96, 2.88e-08, 2.03e-08, 2.45, 0, 1e-08, 0
525355201, 1.55, 2.7e-08, 2.53e-08, 2.45, 0, 1e-08, 0
532008001, 6.2, 4.28e-08, 2.37e-08, 2.45, 0, 1e-08, 0
533822401, 5.32, 2.07e-08, 1.67e-08, 2.45, 0, 1e-08, 0
538660801, 2.17, 2.9e-08, 2.36e-08, 2.45, 0, 1e-08, 0
542894401, 3.34, 1.49e-07, 1.11e-07, 2.45, 0, 1e-08, 0
546523201, 5.41, 2.35e-08, 1.4e-08, 2.45, 0, 1e-08, 0
553176001, 13.92, 3.88e-08, 1.82e-08, 2.45, 0, 1e-08, 0
554385601, 1.36, 1.79e-08, 1.77e-08, 2.45, 0, 1e-08, 0
554990401, 3.28, 5.08e-08, 4.34e-08, 2.45, 0, 1e-08, 0
556804801, 5.94, 2.88e-08, 1.8e-08, 2.45, 0, 1e-08, 0
558014401, 5.51, 2.69e-08, 1.71e-08, 2.45, 0, 1e-08, 0
560433601, 3.56, 4.55e-08, 3.5e-08, 2.45, 0, 1e-08, 0
561038401, 1.87, 1.44e-08, 1.38e-08, 2.45, 0, 1e-08, 0
561643201, 2.73, 1.75e-08, 1.47e-08, 2.45, 0, 1e-08, 0
562248001, 2.23, 4.48e-08, 3.51e-08, 2.45, 0, 1e-08, 0
563457601, 1.34, 1.43e-08, 1.75e-08, 2.45, 0, 1e-08, 0
564062401, 3.38, 2.25e-08, 1.81e-08, 2.45, 0, 1e-08, 0
570110401, 4.89, 1.51e-08, 1.42e-08, 2.45, 0, 1e-08, 0
571320001, 1.7, 1.9e-08, 1.93e-08, 2.45, 0, 1e-08, 0
571924801, 1.02, 2.06e-08, 2.72e-08, 2.45, 0, 1e-08, 0
579787201, 3.31, 3.41e-08, 2.33e-08, 2.45, 0, 1e-08, 0
581601601, 1.68, 1.79e-08, 1.83e-08, 2.45, 0, 1e-08, 0
583416001, 3.6, 2.87e-08, 2.41e-08, 2.45, 0, 1e-08, 0
585835201, 5.96, 3.76e-08, 2.39e-08, 2.45, 0, 1e-08, 0
588254401, 1.55, 2e-08, 2.58e-08, 2.45, 0, 1e-08, 0
595512001, 6.74, 3.97e-08, 2.58e-08, 2.45, 0, 1e-08, 0
597326401, 2.8, 2.07e-08, 1.78e-08, 2.45, 0, 1e-08, 0
598536001, 2.74, 2.45e-08, 1.97e-08, 2.45, 0, 1e-08, 0
600350401, 1.51, 2.61e-08, 3.03e-08, 2.45, 0, 1e-08, 0
600955201, 2.08, 2.4e-08, 2.7e-08, 2.45, 0, 1e-08, 0
602164801, 2.33, 1.15e-08, 1.17e-08, 2.45, 0, 1e-08, 0
606398401, 1.0, 1.16e-08, 1.52e-08, 2.45, 0, 1e-08, 0
608817601, 2.24, 1.87e-08, 1.93e-08, 2.45, 0, 1e-08, 0
611841601, 2.41, 2.85e-08, 2.39e-08, 2.45, 0, 1e-08, 0
619099201, 4.7, 3.33e-08, 2.36e-08, 2.45, 0, 1e-08, 0
621518401, 9.66, 6.62e-08, 3.29e-08, 2.45, 0, 1e-08, 0
624542401, 9.48, 3.8e-08, 2.25e-08, 2.45, 0, 1e-08, 0
625147201, 1.52, 1.29e-08, 1.58e-08, 2.45, 0, 1e-08, 0
627566401, 4.58, 4.05e-08, 3.15e-08, 2.45, 0, 1e-08, 0
629380801, 1.38, 1.69e-08, 1.73e-08, 2.45, 0, 1e-08, 0
634824001, 1.95, 2.31e-08, 2.18e-08, 2.45, 0, 1e-08, 0
636638401, 2.78, 4.17e-08, 3.21e-08, 2.45, 0, 1e-08, 0
638452801, 2.04, 2.57e-08, 2.36e-08, 2.45, 0, 1e-08, 0
640872001, 2.18, 2.85e-08, 2.79e-08, 2.45, 0, 1e-08, 0
641476801, 7.93, 4.31e-08, 2.32e-08, 2.45, 0, 1e-08, 0
647524801, 2.34, 1.86e-08, 1.64e-08, 2.45, 0, 1e-08, 0
648734401, 5.77, 3.18e-08, 1.8e-08, 2.45, 0, 1e-08, 0
650548801, 7.81, 6.12e-08, 3.52e-08, 2.45, 0, 1e-08, 0
654177601, 1.73, 2.95e-08, 3.59e-08, 2.45, 0, 1e-08, 0
654782401, 1.33, 1.65e-08, 1.96e-08, 2.45, 0, 1e-08, 0
655387201, 1.2, 1.4e-08, 1.78e-08, 2.45, 0, 1e-08, 0
655992001, 9.09, 6e-08, 3.2e-08, 2.45, 0, 1e-08, 0
656596801, 11.52, 5.11e-08, 2.42e-08, 2.45, 0, 1e-08, 0
663249601, 1.18, 1.86e-08, 2.33e-08, 2.45, 0, 1e-08, 0
663854401, 2.92, 4.2e-08, 2.87e-08, 2.45, 0, 1e-08, 0
665064001, 1.44, 1.05e-08, 1.31e-08, 2.45, 0, 1e-08, 0
666878401, 1.07, 9.95e-09, 1.31e-08, 2.45, 0, 1e-08, 0
669297601, 1.54, 2.32e-08, 2.45e-08, 2.45, 0, 1e-08, 0
669902401, 8.25, 3.67e-08, 2.16e-08, 2.45, 0, 1e-08, 0
670507201, 5.17, 2.93e-08, 2.02e-08, 2.45, 0, 1e-08, 0
671112001, 2.28, 1.66e-08, 1.57e-08, 2.45, 0, 1e-08, 0
672926401, 2.03, 2.36e-08, 2.03e-08, 2.45, 0, 1e-08, 0
675345601, 4.61, 3.15e-08, 1.89e-08, 2.45, 0, 1e-08, 0
680184001, 6.94, 3.82e-08, 2.33e-08, 2.45, 0, 1e-08, 0
681998401, 1.88, 3e-08, 3.22e-08, 2.45, 0, 1e-08, 0
687441601, 2.84, 1.64e-08, 1.39e-08, 2.45, 0, 1e-08, 0
694699201, 6.64, 2.94e-08, 1.64e-08, 2.45, 0, 1e-08, 0
695304001, 1.22, 2.09e-08, 2.35e-08, 2.45, 0, 1e-08, 0
695908801, 5.48, 2.76e-08, 2.16e-08, 2.45, 0, 1e-08, 0
696513601, 1.65, 2.47e-08, 2.33e-08, 2.45, 0, 1e-08, 0
705585601, 5.06, 2.55e-08, 1.58e-08, 2.45, 0, 1e-08, 0
706190401, 3.32, 3.26e-08, 2.37e-08, 2.45, 0, 1e-08, 0
706795201, 3.84, 2.14e-08, 1.82e-08, 2.45, 0, 1e-08, 0
707400001, 4.05, 2.31e-08, 1.75e-08, 2.45, 0, 1e-08, 0
710424001, 2.37, 3.26e-08, 2.56e-08, 2.45, 0, 1e-08, 0
712238401, 2.22, 2.22e-08, 2.44e-08, 2.45, 0, 1e-08, 0
720100801, 1.96, 1.13e-08, 1.24e-08, 2.45, 0, 1e-08, 0
723124801, 3.99, 2.73e-08, 1.8e-08, 2.45, 0, 1e-08, 0
724939201, 4.4, 2.61e-08, 1.75e-08, 2.45, 0, 1e-08, 0
727963201, 3.1, 1.41e-08, 1.42e-08, 2.45, 0, 1e-08, 0
733406401, 2.7, 3.31e-08, 2.88e-08, 2.45, 0, 1e-08, 0
741268801, 3.79, 1.85e-08, 1.44e-08, 2.45, 0, 1e-08, 0
