timestamp, ts, flux, flux_error, photon_index, photon_index_interval, fit_tolerance, fit_convergence, reasons_for_removal
242913601, 2.58, 4.35e-08, 3.52e-08, 10.0, 0, 1e-08, 0, spectral_index_error_too_small
251380801, 1.24, 3.86e-08, 4.67e-08, 3.97, 9.17, 1e-08, 102, non_zero_quality
255614401, 6.01, 9.55e-08, 4.64e-08, 4.98, 4.39, 1e-08, 102, non_zero_quality
256219201, 4.17, 7.83e-08, 4.45e-08, 6.73, 4.88, 1e-08, 102, non_zero_quality
258638401, 3.32, 5.5e-08, 3.69e-08, 5.77, 6.15, 1e-08, 102, non_zero_quality
279806401, 4.59, 8.07e-08, 4.53e-08, 8.16, 5.06, 1e-08, 102, non_zero_quality
280411201, 3.9, 5.72e-08, 3.35e-08, 3.83, 5.98, 1e-08, 102, non_zero_quality
281620801, 2.96, 3.11e-08, 2.05e-08, 9.19, 6.06, 1e-08, 102, non_zero_quality
287668801, 4.19, 8.5e-08, 4.83e-08, 5.1, 5.34, 1e-08, 102, non_zero_quality
292507201, 1.92, 5.48e-08, 5.02e-08, 10.0, 0, 1e-08, 0, spectral_index_error_too_small
304603201, 1.48, 2.22e-08, 2.04e-08, 8.84, 8.08, 1e-08, 102, non_zero_quality
322747201, 3.11, 6.85e-08, 4.64e-08, 5.42, 6.33, 1e-08, 102, non_zero_quality
325166401, 2.0, 7.28e-08, 5.92e-08, 6.41, 7.21, 1e-08, 102, non_zero_quality
325771201, 2.29, 6.69e-08, 5.39e-08, 10.0, 0, 1e-08, 0, spectral_index_error_too_small
329400001, 3.25, 7.29e-08, 4.81e-08, 4.73, 5.84, 1e-08, 102, non_zero_quality
330609601, 4.93, 5.94e-08, 4.36e-08, 10.0, 0, 1e-08, 0, spectral_index_error_too_small
343310401, 3.85, 1.01e-07, 6.19e-08, 5.96, 5.39, 1e-08, 102, non_zero_quality
365688001, 2.44, 4.32e-08, 3.43e-07, 6.02, 2.6, 1e-08, 0, outlier_in_relative_flux
368712001, 1.42, 2.59e-08, 2.88e-08, 4.11, 8.96, 1e-08, 102, non_zero_quality
374155201, 2.85, 3.65e-08, 2.45e-08, 7.64, 6.03, 1e-08, 102, non_zero_quality
383227201, 2.47, 3.55e-08, 2.56e-08, 3.74, 7.26, 1e-08, 102, non_zero_quality
384436801, 4.69, 1.37e-07, 7.92e-08, 6.74, 5.37, 1e-08, 102, non_zero_quality
386856001, 5.79, 4.87e-08, 2.48e-08, 9.37, 4.58, 1e-08, 102, non_zero_quality
391089601, 8.18, 9.37e-08, 3.94e-08, 5.31, 3.92, 1e-08, 102, non_zero_quality
400161601, 3.15, 6.52e-08, 4.49e-08, 5.48, 5.87, 1e-08, 102, non_zero_quality
403185601, 1.1, 3.24e-08, 8.27e-08, 10.0, 1.64, 1e-08, 1, non_zero_quality
405000001, 5.48, 6.38e-08, 3.27e-08, 3.96, 5.19, 1e-08, 102, non_zero_quality
406814401, 2.23, 4.16e-08, 7e-07, 8.6, 5.36, 1e-08, 0, outlier_in_relative_flux
407419201, 1.18, 3.68e-08, 4.14e-08, 10.0, 0, 1e-08, 0, spectral_index_error_too_small
410443201, 2.5, 4.07e-08, 2.95e-08, 4.34, 7.2, 1e-08, 102, non_zero_quality
412862401, 3.9, 9.92e-08, 6.07e-08, 4.72, 5.48, 1e-08, 102, non_zero_quality
439473601, 1.87, 5.25e-08, 5.55e-07, 6.46, 3.42, 1e-08, 0, outlier_in_relative_flux
448545601, 1.95, 7.43e-08, 7.29e-08, 4.0, 8.2, 1e-08, 102, non_zero_quality
458827201, 1.53, 3.87e-08, 9.8e-08, 3.45, 11.5, 1e-08, 102, non_zero_quality
463060801, 1.59, 5.27e-08, 4.67e-08, 4.53, 8.37, 1e-08, 102, non_zero_quality
463665601, 6.66, 1.06e-07, 5.29e-08, 9.54, 4.38, 1e-08, 102, non_zero_quality
469713601, 1.0, NaN, NaN, NaN, NaN, 1e-08, 0, missing_flux||missing_flux_error
470318401, 2.71, 3.53e-08, 2.36e-08, 5.02, 6.29, 1e-08, 102, non_zero_quality
475156801, 3.1, 3.68e-08, 2.49e-08, 10.0, 0, 1e-08, 0, spectral_index_error_too_small
483019201, 3.88, 4.86e-08, 3.64e-07, 6.9, 2.44, 1e-08, 0, outlier_in_relative_flux
491486401, 1.4, 3.82e-08, 3.5e-08, 4.71, 8.8, 1e-08, 102, non_zero_quality
497534401, 2.63, 4.66e-08, 3.25e-08, 4.48, 6.53, 1e-08, 102, non_zero_quality
507211201, 1.91, 2.65e-08, 2.68e-07, 9.87, 6.52, 1e-08, 102, non_zero_quality||outlier_in_relative_flux
507816001, 2.42, 4.86e-08, 3.67e-08, 5.19, 6.6, 1e-08, 102, non_zero_quality
509025601, 1.0, NaN, NaN, NaN, NaN, 1e-08, 102, missing_flux||missing_flux_error||non_zero_quality
512654401, 2.32, 6.65e-08, 4.74e-08, 4.78, 7.01, 1e-08, 102, non_zero_quality
530193601, 6.36, 6.77e-08, 3.23e-08, 4.91, 4.32, 1e-08, 102, non_zero_quality
533217601, 2.52, 3.39e-08, 2.81e-08, 10.0, 0, 1e-08, 0, spectral_index_error_too_small
534427201, 3.73, 4.52e-08, 2.74e-08, 5.15, 5.47, 1e-08, 102, non_zero_quality
539265601, 3.39, 4.09e-08, 2.64e-08, 7.86, 5.71, 1e-08, 102, non_zero_quality
544708801, 1.66, 6.02e-08, 5.3e-08, 4.36, 7.8, 1e-08, 102, non_zero_quality
551361601, 2.57, 1.27e-07, 1.04e-07, 7.6, 7.91, 1e-08, 102, non_zero_quality
569505601, 4.51, 5.83e-08, 3.52e-08, 7.05, 5.13, 1e-08, 102, non_zero_quality
571320001, 3.76, 6.97e-08, 3.94e-08, 4.34, 5.51, 1e-08, 102, non_zero_quality
576763201, 3.17, 6.75e-08, 4.17e-08, 4.55, 6.06, 1e-08, 102, non_zero_quality
577972801, 2.09, 5.65e-08, 4.44e-08, 4.81, 7.09, 1e-08, 102, non_zero_quality
579182401, 5.0, 4.59e-08, 2.95e-08, 10.0, 0, 1e-08, 0, spectral_index_error_too_small
588859201, 2.43, 4.58e-08, 4.18e-08, 10.0, 0, 1e-08, 0, spectral_index_error_too_small
589464001, 1.73, 1.28e-07, 1.12e-07, 5.87, 7.91, 1e-08, 102, non_zero_quality
593697601, 1.08, 2.07e-08, 2.3e-08, 5.29, 9.65, 1e-08, 102, non_zero_quality
598536001, 1.09, 1.84e-08, 1.94e-08, 7.84, 9.2, 1e-08, 102, non_zero_quality
602164801, 3.71, 4.83e-08, 3.03e-08, 4.0, 5.67, 1e-08, 102, non_zero_quality
608212801, 1.15, 3.48e-08, 3.64e-08, 4.4, 9.53, 1e-08, 102, non_zero_quality
623332801, 2.56, 7.78e-08, 5.61e-08, 5.29, 6.46, 1e-08, 102, non_zero_quality
628171201, 1.31, 4.7e-08, 4.98e-08, 10.0, 0, 1e-08, 0, spectral_index_error_too_small
637848001, 2.29, 4.46e-08, 3.6e-08, 10.0, 0, 1e-08, 0, spectral_index_error_too_small
669297601, 1.32, 7.36e-08, 6.96e-08, 5.19, 8.48, 1e-08, 102, non_zero_quality
672926401, 2.36, 5.82e-08, 4.03e-08, 5.05, 6.68, 1e-08, 102, non_zero_quality
681998401, 1.99, 6.91e-08, 5.3e-08, 4.79, 7.29, 1e-08, 102, non_zero_quality
683208001, 2.65, 7.45e-08, 5.23e-08, 5.14, 6.33, 1e-08, 102, non_zero_quality
686232001, 3.23, 7.34e-08, 5.47e-08, 3.91, 6.67, 1e-08, 102, non_zero_quality
689860801, 3.44, 3.91e-08, 2.58e-08, 10.0, 0, 1e-08, 0, spectral_index_error_too_small
700747201, 3.23, 7.95e-08, 5.33e-08, 7.23, 5.83, 1e-08, 102, non_zero_quality
703771201, 5.61, 6.25e-08, 3.1e-08, 5.58, 4.57, 1e-08, 102, non_zero_quality
710424001, 6.76, 9.88e-08, 4.64e-08, 5.14, 4.22, 1e-08, 102, non_zero_quality
712843201, 5.83, 8.02e-08, 3.87e-08, 4.34, 4.73, 1e-08, 102, non_zero_quality
713448001, 6.62, 1.19e-07, 6.4e-08, 10.0, 0, 1e-08, 0, spectral_index_error_too_small
715867201, 10.66, 8.05e-08, 3.24e-08, 4.03, 3.92, 1e-08, 102, non_zero_quality
718891201, 3.15, 7.48e-08, 5.4e-08, 6.7, 6.05, 1e-08, 102, non_zero_quality
719496001, 7.54, 1.35e-07, 6.02e-08, 4.68, 4.24, 1e-08, 102, non_zero_quality
724939201, 2.34, 3.82e-08, 2.84e-08, 4.3, 7.14, 1e-08, 102, non_zero_quality
725544001, 20.42, 1.02e-07, 2.89e-08, 5.44, 2.63, 1e-08, 102, non_zero_quality
730382401, 1.42, 4.61e-08, 4.62e-08, 3.94, 9.11, 1e-08, 102, non_zero_quality
734011201, 8.22, 7.95e-08, 3.46e-08, 4.5, 3.99, 1e-08, 102, non_zero_quality
738849601, 1.77, 2.92e-08, 2.42e-08, 6.31, 7.52, 1e-08, 102, non_zero_quality
