timestamp, ts, flux_upper_limits, fit_tolerance, fit_convergence
239716801, 0.0, 6.37e-08, 1e-08, 102
239976001, 0.0, 1.04e-07, 1e-08, 102
240235201, 0.18, 1.24e-07, 1e-08, 0
240494401, 0.0, 6.67e-08, 1e-08, 102
241012801, 0.08, 1.17e-07, 1e-08, 0
241531201, 0.0, 1.01e-07, 1e-08, 102
241790401, 0.0, 1.28e-07, 1e-08, 0
242049601, 0.0, 1.08e-07, 1e-08, 0
242308801, 0.86, 1.37e-07, 1e-08, 0
242568001, 0.0, 5.45e-08, 1e-08, 102
242827201, 0.0, 8.15e-08, 1e-08, 102
243086401, 0.0, 9.86e-08, 1e-08, 102
243604801, 0.0, 7.88e-08, 1e-08, 102
243864001, 0.0, 9.21e-08, 1e-08, 102
244382401, 0.96, 1.35e-07, 1e-08, 102
245678401, 0.0, 7.87e-08, 1e-08, 0
246456001, 0.0, 9.28e-08, 1e-08, 102
246974401, 0.0, 9.77e-08, 1e-08, 102
247233601, 0.05, 1.02e-07, 1e-08, 102
247492801, 0.96, 1.26e-07, 1e-08, 0
247752001, 0.1, 1.2e-07, 1e-08, 0
248270401, 0.0, 7.03e-08, 1e-08, 102
248529601, 0.68, 1.41e-07, 1e-08, 102
249048001, 0.98, 1.59e-07, 1e-08, 0
249825601, 0.59, 1.04e-07, 1e-08, 0
250344001, 0.9, 1.27e-07, 1e-08, 102
250603201, 0.43, 1.52e-07, 1e-08, 0
251380801, 0.0, 7.21e-08, 1e-08, 102
251640001, 0.0, 9.4e-08, 1e-08, 102
251899201, 0.0, 7.68e-08, 1e-08, 102
252158401, 0.0, 7.13e-08, 1e-08, 102
253195201, 0.57, 1.33e-07, 1e-08, 0
253454401, 0.0, 4.81e-08, 1e-08, 102
253713601, 0.29, 1.07e-07, 1e-08, 0
253972801, 0.16, 1.15e-07, 1e-08, 0
254750401, 0.0, 8.08e-08, 1e-08, 0
255009601, 0.0, 1.19e-07, 1e-08, 102
255787201, 0.27, 1.23e-07, 1e-08, 0
256046401, 0.11, 1.17e-07, 1e-08, 0
256305601, 0.0, 8.14e-08, 1e-08, 102
256564801, 0.09, 1.19e-07, 1e-08, 0
256824001, 0.0, 1.01e-07, 1e-08, 102
257083201, 0.09, 7.84e-08, 1e-08, 0
257342401, 0.0, 7.84e-08, 1e-08, 102
257601601, 0.0, 1.1e-07, 1e-08, 102
257860801, 0.0, 9.45e-08, 1e-08, 102
258120001, 0.0, 6.94e-08, 1e-08, 102
258379201, 0.0, 8.28e-08, 1e-08, 102
259156801, 0.79, 1.24e-07, 1e-08, 102
259416001, 0.0, 9.96e-08, 1e-08, 102
259675201, 0.0, 5.9e-08, 1e-08, 102
259934401, 0.0, 7.99e-08, 1e-08, 102
260712001, 0.93, 1.41e-07, 1e-08, 0
261230401, 0.0, 7.54e-08, 1e-08, 102
261748801, 0.94, 1.18e-07, 1e-08, 102
262008001, 0.0, 1.02e-07, 1e-08, 102
262267201, 0.0, 8.79e-08, 1e-08, 102
262526401, 0.0, 1.03e-07, 1e-08, 0
262785601, 0.0, 7.1e-08, 1e-08, 102
263044801, 0.0, 1.21e-07, 1e-08, 0
263563201, 0.0, 8.98e-08, 1e-08, 102
263822401, 0.0, 9.79e-08, 1e-08, 102
264081601, 0.72, 1.25e-07, 1e-08, 0
264340801, 0.68, 1.23e-07, 1e-08, 102
265118401, 0.01, 9.22e-08, 1e-08, 0
265377601, 0.0, 8.15e-08, 1e-08, 102
265636801, 0.73, 1.18e-07, 1e-08, 102
266155201, 0.0, 9.25e-08, 1e-08, 102
266414401, 0.52, 1.18e-07, 1e-08, 102
266673601, 0.0, 1.24e-07, 1e-08, 102
266932801, 0.56, 1.34e-07, 1e-08, 0
267710401, 0.0, 7.7e-08, 1e-08, 1
268228801, 0.0, 6.92e-08, 1e-08, 102
268488001, 0.17, 1.28e-07, 1e-08, 0
268747201, 0.0, 1.04e-07, 1e-08, 102
269006401, 0.0, 9.66e-08, 1e-08, 102
269524801, 0.0, 7.68e-08, 1e-08, 102
269784001, 0.0, 8.14e-08, 1e-08, 102
270043201, 0.83, 8.56e-08, 1e-08, 0
270302401, 0.0, 9.56e-08, 1e-08, 102
270561601, 0.74, 1.42e-07, 1e-08, 102
270820801, 0.0, 9.06e-08, 1e-08, 102
271857601, 0.0, 1.2e-07, 1e-08, 102
272376001, 0.0, 6.8e-08, 1e-08, 102
272635201, 0.0, 6.68e-08, 1e-08, 102
273672001, 0.79, 1.21e-07, 1e-08, 0
273931201, 0.0, 6.13e-08, 1e-08, 102
274190401, 0.64, 1.17e-07, 1e-08, 0
274968001, 0.0, 8.41e-08, 1e-08, 102
275486401, 0.0, 9.18e-08, 1e-08, 102
275745601, 0.0, 6.94e-08, 1e-08, 102
276264001, 0.0, 1.01e-07, 1e-08, 102
276523201, 0.43, 1.28e-07, 1e-08, 0
277041601, 0.0, 6.85e-08, 1e-08, 102
277300801, 0.0, 8.2e-08, 1e-08, 0
277560001, 0.0, 5.78e-08, 1e-08, 102
278337601, 0.0, 5.17e-08, 1e-08, 1
278596801, 0.8, 1.04e-07, 1e-08, 0
279115201, 0.0, 7.85e-08, 1e-08, 0
279633601, 0.0, 8.99e-08, 1e-08, 102
280152001, 0.0, 9.46e-08, 1e-08, 102
280411201, 0.0, 8.04e-08, 1e-08, 102
280670401, 0.0, 6.16e-08, 1e-08, 102
280929601, 0.0, 1.13e-07, 1e-08, 102
281707201, 0.0, 4.88e-08, 1e-08, 102
281966401, 0.0, 5.9e-08, 1e-08, 102
282225601, 0.0, 7.56e-08, 1e-08, 102
282744001, 0.36, 1.04e-07, 1e-08, 0
283521601, 0.0, 8.5e-08, 1e-08, 102
283780801, 0.0, 5.43e-08, 1e-08, 0
284040001, 0.7, 1e-07, 1e-08, 102
285076801, 0.0, 1.2e-07, 1e-08, 102
285336001, 0.0, 9.42e-08, 1e-08, 102
285595201, 0.0, 9.44e-08, 1e-08, 0
285854401, 0.0, 8.05e-08, 1e-08, 102
286372801, 0.0, 9.07e-08, 1e-08, 0
286632001, 0.0, 8.76e-08, 1e-08, 102
286891201, 0.0, 9.01e-08, 1e-08, 102
287150401, 0.0, 7.85e-08, 1e-08, 102
287409601, 0.28, 6.97e-08, 1e-08, 0
287928001, 0.0, 6.71e-08, 1e-08, 102
288705601, 0.0, 6.37e-08, 1e-08, 102
288964801, 0.0, 8.21e-08, 1e-08, 102
289742401, 0.06, 1.16e-07, 1e-08, 0
290260801, 0.1, 1.01e-07, 1e-08, 0
291038401, 0.0, 6.27e-08, 1e-08, 0
292075201, 0.38, 9.25e-08, 1e-08, 0
293112001, 0.0, 6.61e-08, 1e-08, 1
293630401, 0.0, 9.31e-08, 1e-08, 0
293889601, 0.0, 7.21e-08, 1e-08, 102
294148801, 0.0, 8.91e-08, 1e-08, 102
295185601, 0.0, 7.21e-08, 1e-08, 102
295444801, 0.0, 1.03e-07, 1e-08, 0
295704001, 0.0, 8.04e-08, 1e-08, 1
296222401, 0.0, 6.16e-08, 1e-08, 102
296740801, 0.0, 7.19e-08, 1e-08, 102
297259201, 0.0, 6.61e-08, 1e-08, 102
297518401, 0.0, 7.43e-08, 1e-08, 102
297777601, 0.0, 7.93e-08, 1e-08, 0
298036801, 0.0, 8.4e-08, 1e-08, 102
298296001, 0.66, 1.36e-07, 1e-08, 0
299332801, 0.88, 1.27e-07, 1e-08, 0
299592001, 0.0, 7.86e-08, 1e-08, 102
299851201, 0.0, 6.26e-08, 1e-08, 102
300110401, 0.0, 7.06e-08, 1e-08, 102
301147201, 0.0, 5.18e-08, 1e-08, 102
301665601, 0.0, 7.79e-08, 1e-08, 102
301924801, 0.0, 8.87e-08, 1e-08, 0
302184001, 0.58, 1.23e-07, 1e-08, 0
303220801, 0.0, 9.7e-08, 1e-08, 102
303480001, 0.11, 1.01e-07, 1e-08, 0
303739201, 0.0, 1.13e-07, 1e-08, 102
304516801, 0.0, 7.93e-08, 1e-08, 102
305035201, 0.2, 1.03e-07, 1e-08, 0
305553601, 0.0, 7.97e-08, 1e-08, 0
306331201, 0.0, 8.15e-08, 1e-08, 102
306590401, 0.0, 6.37e-08, 1e-08, 102
308145601, 0.0, 8.11e-08, 1e-08, 102
308404801, 0.0, 7e-08, 1e-08, 102
308923201, 0.94, 1.47e-07, 1e-08, 102
309182401, 0.36, 1.13e-07, 1e-08, 0
309441601, 0.09, 9.43e-08, 1e-08, 0
309700801, 0.0, 5.19e-08, 1e-08, 102
309960001, 0.0, 6.75e-08, 1e-08, 102
310219201, 0.0, 6.71e-08, 1e-08, 102
310478401, 0.0, 7.44e-08, 1e-08, 102
310737601, 0.57, 1.09e-07, 1e-08, 0
311256001, 0.02, 1.03e-07, 1e-08, 0
311515201, 0.0, 7.77e-08, 1e-08, 102
311774401, 0.33, 1.07e-07, 1e-08, 102
312811201, 0.5, 1.33e-07, 1e-08, 0
313070401, 0.0, 8.92e-08, 1e-08, 102
313848001, 0.98, 1.14e-07, 1e-08, 102
314366401, 0.0, 7.21e-08, 1e-08, 102
314884801, 0.0, 7.25e-08, 1e-08, 102
315144001, 0.67, 9.7e-08, 1e-08, 0
315403201, 0.0, 6.44e-08, 1e-08, 102
315662401, 0.0, 7.32e-08, 1e-08, 0
315921601, 0.68, 6.5e-08, 1e-08, 0
316180801, 0.0, 9.79e-08, 1e-08, 102
316440001, 0.0, 6.78e-08, 1e-08, 0
317476801, 0.0, 7.93e-08, 1e-08, 102
317736001, 0.0, 1.11e-07, 1e-08, 102
318254401, 0.0, 7.92e-08, 1e-08, 102
318772801, 0.21, 9.58e-08, 1e-08, 0
319291201, 0.0, 9.09e-08, 1e-08, 0
319809601, 0.94, 7.39e-08, 1e-08, 0
320587201, 0.71, 1.13e-07, 1e-08, 0
321105601, 0.0, 8.08e-08, 1e-08, 0
321364801, 0.27, 1.06e-07, 1e-08, 0
322142401, 0.0, 6.56e-08, 1e-08, 102
322401601, 0.0, 8.83e-08, 1e-08, 102
323179201, 0.0, 5.75e-08, 1e-08, 102
323956801, 0.0, 8.04e-08, 1e-08, 102
325771201, 0.0, 7.44e-08, 1e-08, 102
326548801, 0.0, 8.06e-08, 1e-08, 102
326808001, 0.0, 8.07e-08, 1e-08, 102
327326401, 0.0, 8.37e-08, 1e-08, 102
328363201, 0.37, 9.37e-08, 1e-08, 0
328622401, 0.0, 5.29e-08, 1e-08, 102
328881601, 0.0, 7.12e-08, 1e-08, 102
329140801, 0.7, 8.46e-08, 1e-08, 0
329400001, 0.0, 6.05e-08, 1e-08, 102
329659201, 0.0, 7.32e-08, 1e-08, 102
330177601, 0.0, 8.41e-08, 1e-08, 102
330955201, 0.0, 1.11e-07, 1e-08, 102
331214401, 0.0, 5.06e-08, 1e-08, 102
331473601, 0.0, 8.67e-08, 1e-08, 102
331732801, 0.0, 6.72e-08, 1e-08, 102
332251201, 0.0, 7.04e-08, 1e-08, 102
332769601, 0.0, 5.7e-08, 1e-08, 102
333288001, 0.0, 6.48e-08, 1e-08, 102
334065601, 0.0, 7.6e-08, 1e-08, 102
334324801, 0.19, 8.23e-08, 1e-08, 0
334584001, 0.14, 8.54e-08, 1e-08, 0
334843201, 0.0, 5.34e-08, 1e-08, 102
336139201, 0.04, 1.05e-07, 1e-08, 102
336398401, 0.0, 8.68e-08, 1e-08, 102
337176001, 0.57, 2.2e-07, 1e-08, 102
337435201, 0.0, 6.51e-08, 1e-08, 102
337694401, 0.0, 6.6e-08, 1e-08, 102
337953601, 0.34, 9.39e-08, 1e-08, 0
338212801, 0.0, 7.28e-08, 1e-08, 102
338731201, 0.67, 1.07e-07, 1e-08, 102
338990401, 0.0, 5.7e-08, 1e-08, 102
339249601, 0.0, 4.94e-08, 1e-08, 102
339768001, 0.0, 7.24e-08, 1e-08, 102
340027201, 0.0, 8.49e-08, 1e-08, 102
340286401, 0.0, 8.03e-08, 1e-08, 102
340545601, 0.0, 9.78e-08, 1e-08, 102
340804801, 0.29, 1.19e-07, 1e-08, 0
341064001, 0.0, 9.16e-08, 1e-08, 0
342100801, 0.05, 1.05e-07, 1e-08, 0
343396801, 0.0, 8.65e-08, 1e-08, 102
343656001, 0.0, 7.33e-08, 1e-08, 102
343915201, 0.56, 1.18e-07, 1e-08, 0
344174401, 0.0, 5.74e-08, 1e-08, 102
344692801, 0.97, 1.29e-07, 1e-08, 0
345211201, 0.0, 6.07e-08, 1e-08, 102
345470401, 0.08, 1.14e-07, 1e-08, 0
345729601, 0.0, 1.27e-07, 1e-08, 102
345988801, 0.0, 5.94e-08, 1e-08, 102
346766401, 0.0, 7.18e-08, 1e-08, 102
347025601, 0.13, 8.8e-08, 1e-08, 0
347284801, 0.0, 7.94e-08, 1e-08, 102
347544001, 0.12, 9.24e-08, 1e-08, 0
347803201, 0.0, 5.71e-08, 1e-08, 0
348321601, 0.0, 6.2e-08, 1e-08, 102
348580801, 0.0, 8.29e-08, 1e-08, 102
348840001, 0.11, 1.11e-07, 1e-08, 0
349099201, 0.12, 1.17e-07, 1e-08, 0
349358401, 0.0, 6.77e-08, 1e-08, 102
349617601, 0.0, 9.92e-08, 1e-08, 102
349876801, 0.25, 1.22e-07, 1e-08, 0
351172801, 0.0, 4.85e-08, 1e-08, 102
353505601, 0.84, 1.24e-07, 1e-08, 102
354283201, 0.0, 7.96e-08, 1e-08, 0
354542401, 0.0, 8.5e-08, 1e-08, 102
354801601, 0.63, 1.37e-07, 1e-08, 0
355060801, 0.24, 1.2e-07, 1e-08, 0
355320001, 0.0, 1.1e-07, 1e-08, 102
355579201, 0.0, 7.69e-08, 1e-08, 0
356616001, 0.0, 9e-08, 1e-08, 102
357134401, 0.0, 1.03e-07, 1e-08, 102
357393601, 0.0, 9.28e-08, 1e-08, 102
357652801, 0.0, 1.06e-07, 1e-08, 102
357912001, 0.0, 9.9e-08, 1e-08, 102
358171201, 0.0, 8.56e-08, 1e-08, 102
358689601, 0.47, 1.36e-07, 1e-08, 0
358948801, 0.04, 1.14e-07, 1e-08, 0
359208001, 0.0, 8.89e-08, 1e-08, 102
359467201, 0.61, 1.54e-07, 1e-08, 102
360504001, 0.0, 7.88e-08, 1e-08, 0
360763201, 0.03, 9.12e-08, 1e-08, 102
361022401, 0.0, 6.34e-08, 1e-08, 102
361540801, 0.0, 9.74e-08, 1e-08, 102
361800001, 0.0, 5.66e-08, 1e-08, 102
362318401, 0.0, 9.44e-08, 1e-08, 102
362577601, 0.0, 7.91e-08, 1e-08, 102
362836801, 0.0, 6.5e-08, 1e-08, 102
363096001, 0.57, 1.17e-07, 1e-08, 102
363355201, 0.0, 9.14e-08, 1e-08, 102
363873601, 0.96, 1.42e-07, 1e-08, 0
364132801, 0.0, 8.47e-08, 1e-08, 102
364392001, 0.0, 1.02e-07, 1e-08, 102
364651201, 0.0, 6.19e-08, 1e-08, 102
364910401, 0.0, 7.28e-08, 1e-08, 102
365169601, 0.0, 6.66e-08, 1e-08, 102
365688001, 0.0, 8.2e-08, 1e-08, 102
366206401, 0.0, 5.42e-08, 1e-08, 102
366724801, 0.8, 1.27e-07, 1e-08, 0
367761601, 0.0, 8.63e-08, 1e-08, 102
368280001, 0.0, 7.12e-08, 1e-08, 102
368539201, 0.0, 1.07e-07, 1e-08, 102
368798401, 0.25, 1.1e-07, 1e-08, 0
369057601, 0.0, 8.92e-08, 1e-08, 102
369835201, 0.0, 6.03e-08, 1e-08, 102
370872001, 0.4, 1.04e-07, 1e-08, 0
371131201, 0.0, 5.28e-08, 1e-08, 102
371390401, 0.0, 5.56e-08, 1e-08, 102
371908801, 0.56, 1.2e-07, 1e-08, 0
372168001, 0.0, 9.38e-08, 1e-08, 102
372427201, 0.0, 8.87e-08, 1e-08, 102
372945601, 0.0, 1.32e-07, 1e-08, 102
373204801, 0.68, 1.26e-07, 1e-08, 102
373723201, 0.0, 6.82e-08, 1e-08, 102
374241601, 0.0, 6.88e-08, 1e-08, 0
374500801, 0.0, 7.3e-08, 1e-08, 0
374760001, 0.0, 7.3e-08, 1e-08, 102
375019201, 0.0, 9.98e-08, 1e-08, 102
375537601, 0.0, 7.23e-08, 1e-08, 102
376574401, 0.0, 1.03e-07, 1e-08, 102
377092801, 0.06, 1.23e-07, 1e-08, 0
377352001, 0.72, 1.29e-07, 1e-08, 0
377611201, 0.24, 1.43e-07, 1e-08, 0
377870401, 0.0, 9.72e-08, 1e-08, 102
378388801, 0.04, 1.2e-07, 1e-08, 0
378648001, 0.0, 7.25e-08, 1e-08, 102
379944001, 0.0, 9.09e-08, 1e-08, 102
380203201, 0.0, 9.26e-08, 1e-08, 102
380462401, 0.66, 1.09e-07, 1e-08, 102
380721601, 0.0, 7.16e-08, 1e-08, 102
381499201, 0.0, 8.46e-08, 1e-08, 102
382017601, 0.0, 8.73e-08, 1e-08, 102
382795201, 0.25, 1.14e-07, 1e-08, 0
383572801, 0.0, 6.2e-08, 1e-08, 102
384091201, 0.0, 8.12e-08, 1e-08, 102
384350401, 0.0, 6.93e-07, 1e-08, 102
384609601, 0.0, 7.49e-08, 1e-08, 102
384868801, 0.0, 8.27e-08, 1e-08, 102
386164801, 0.01, 9.45e-08, 1e-08, 102
386424001, 0.01, 1.07e-07, 1e-08, 0
387460801, 0.0, 9.87e-08, 1e-08, 102
387720001, 0.0, 9.69e-08, 1e-08, 102
387979201, 0.0, 8.45e-08, 1e-08, 102
388238401, 0.0, 5.9e-08, 1e-08, 102
389016001, 0.0, 5.18e-08, 1e-08, 102
389534401, 0.5, 1.18e-07, 1e-08, 0
390052801, 0.0, 4.91e-08, 1e-08, 102
391348801, 0.0, 1.01e-07, 1e-08, 102
391608001, 0.0, 1.11e-07, 1e-08, 102
391867201, 0.0, 8.78e-08, 1e-08, 0
392385601, 0.63, 1.12e-07, 1e-08, 102
392644801, 0.27, 9.37e-08, 1e-08, 0
393163201, 0.0, 7.67e-08, 1e-08, 102
393422401, 0.76, 1.05e-07, 1e-08, 0
394718401, 0.13, 1.21e-07, 1e-08, 0
395236801, 0.0, 8.59e-08, 1e-08, 102
396532801, 0.18, 1.29e-07, 1e-08, 0
396792001, 0.12, 7.36e-08, 1e-08, 0
397051201, 0.0, 6.64e-08, 1e-08, 102
397569601, 0.0, 5.55e-08, 1e-08, 0
398088001, 0.01, 7.53e-08, 1e-08, 0
398606401, 0.02, 1.05e-06, 1e-08, 0
398865601, 0.44, 2.13e-07, 1e-08, 102
399124801, 0.0, 1.11e-07, 1e-08, 102
399643201, 0.0, 7.35e-08, 1e-08, 102
400161601, 0.0, 1.06e-07, 1e-08, 0
401198401, 0.98, 9.09e-08, 1e-08, 102
401716801, 0.65, 1.17e-07, 1e-08, 0
401976001, 0.77, 8.05e-08, 1e-08, 0
402235201, 0.44, 6.42e-08, 1e-08, 0
402753601, 0.0, 5.99e-08, 1e-08, 102
403012801, 0.0, 7.84e-08, 1e-08, 102
403272001, 0.0, 8.39e-08, 1e-08, 102
403531201, 0.0, 8.01e-08, 1e-08, 102
404049601, 0.29, 6.63e-07, 1e-08, 102
405086401, 0.0, 8.65e-08, 1e-08, 102
405864001, 0.0, 6.11e-08, 1e-08, 102
406123201, 0.0, 6.81e-08, 1e-08, 102
406382401, 0.0, 5.75e-08, 1e-08, 102
406900801, 0.55, 9.78e-08, 1e-08, 0
407160001, 0.21, 1.08e-07, 1e-08, 0
407937601, 0.72, 9.16e-08, 1e-08, 0
410011201, 0.0, 5.97e-08, 1e-08, 102
410788801, 0.56, 1.3e-07, 1e-08, 0
411566401, 0.37, 2.23e-07, 1e-08, 0
412084801, 0.28, 2.6e-07, 1e-08, 0
413380801, 0.0, 7.46e-08, 1e-08, 0
414417601, 0.95, 6.86e-08, 1e-08, 102
414936001, 0.0, 5.37e-08, 1e-08, 102
415454401, 0.0, 7.43e-08, 1e-08, 102
415713601, 0.13, 1.46e-07, 1e-08, 0
415972801, 0.0, 1.08e-07, 1e-08, 102
416491201, 0.0, 7.51e-08, 1e-08, 102
416750401, 0.0, 2.48e-07, 1e-08, 102
417009601, 0.11, 2.96e-07, 1e-08, 0
417268801, 0.63, 2.04e-07, 1e-08, 0
417787201, 0.0, 8.87e-08, 1e-08, 0
418824001, 0.0, 4.85e-08, 1e-08, 102
419342401, 0.57, 7e-08, 1e-08, 0
420379201, 0.0, 6.74e-08, 1e-08, 102
420638401, 0.0, 6.01e-08, 1e-08, 102
421156801, 0.0, 7.18e-08, 1e-08, 102
421934401, 0.0, 6.82e-08, 1e-08, 102
422193601, 0.6, 9.23e-08, 1e-08, 102
422712001, 0.0, 1.08e-07, 1e-08, 102
422971201, 0.0, 9.68e-08, 1e-08, 102
423489601, 0.04, 7.71e-08, 1e-08, 0
424008001, 0.0, 4.59e-08, 1e-08, 102
424267201, 0.0, 7.83e-08, 1e-08, 102
424785601, 0.0, 6.79e-08, 1e-08, 0
425563201, 0.0, 9.41e-08, 1e-08, 102
425822401, 0.0, 9.32e-08, 1e-08, 102
426081601, 0.0, 7.25e-08, 1e-08, 102
426340801, 0.0, 8.92e-08, 1e-08, 102
426859201, 0.0, 9e-08, 1e-08, 102
427636801, 0.0, 6.76e-08, 1e-08, 102
427896001, 0.0, 8.49e-08, 1e-08, 102
428155201, 0.0, 5.28e-08, 1e-08, 102
429192001, 0.0, 7.26e-08, 1e-08, 102
429451201, 0.0, 1.6e-07, 1e-08, 102
429710401, 0.37, 2.19e-07, 1e-08, 0
429969601, 0.0, 2.17e-07, 1e-08, 102
430228801, 0.0, 1.1e-07, 1e-08, 102
430488001, 0.2, 1.39e-07, 1e-08, 0
430747201, 0.14, 2.64e-07, 1e-08, 0
431265601, 0.0, 1.23e-07, 1e-08, 102
432043201, 0.0, 6.14e-08, 1e-08, 102
432302401, 0.0, 4.76e-08, 1e-08, 102
432561601, 0.17, 5.22e-08, 1e-08, 0
433080001, 0.0, 6.4e-08, 1e-08, 0
433598401, 0.0, 7.5e-08, 1e-08, 102
433857601, 0.76, 1.15e-07, 1e-08, 0
434116801, 0.0, 1.37e-07, 1e-08, 0
434635201, 0.0, 1.7e-07, 1e-08, 0
434894401, 0.64, 2.77e-07, 1e-08, 102
435153601, 0.0, 1.88e-07, 1e-08, 102
435672001, 0.0, 1.15e-07, 1e-08, 102
436190401, 0.0, 4.71e-08, 1e-08, 102
436708801, 0.7, 7.17e-08, 1e-08, 0
437227201, 0.11, 8.46e-08, 1e-08, 0
438264001, 0.45, 1.05e-07, 1e-08, 0
439300801, 0.0, 1e-07, 1e-08, 102
439560001, 0.24, 7.71e-08, 1e-08, 0
439819201, 0.0, 6.42e-08, 1e-08, 102
440337601, 0.0, 6.31e-08, 1e-08, 102
440856001, 0.0, 7.37e-08, 1e-08, 102
441115201, 0.0, 9.48e-08, 1e-08, 102
441374401, 0.0, 1.04e-07, 1e-08, 102
441633601, 0.0, 8.4e-08, 1e-08, 102
442152001, 0.0, 9.69e-08, 1e-08, 102
442411201, 0.0, 7.28e-08, 1e-08, 102
442670401, 0.0, 6.93e-08, 1e-08, 102
442929601, 0.0, 7.03e-08, 1e-08, 0
443188801, 0.0, 6.08e-08, 1e-08, 102
443707201, 0.0, 8.23e-08, 1e-08, 0
445003201, 0.74, 1.24e-07, 1e-08, 0
445521601, 0.0, 6.8e-08, 1e-08, 102
446040001, 0.61, 1.17e-07, 1e-08, 0
446558401, 0.82, 1.5e-07, 1e-08, 0
446817601, 0.0, 6.46e-08, 1e-08, 102
447336001, 0.0, 7.94e-08, 1e-08, 102
447595201, 0.05, 1.04e-07, 1e-08, 0
448113601, 0.0, 6.41e-08, 1e-08, 102
448372801, 0.0, 6.9e-08, 1e-08, 102
448632001, 0.0, 5.61e-08, 1e-08, 102
448891201, 0.0, 5.14e-08, 1e-08, 102
449150401, 0.0, 7.83e-08, 1e-08, 0
449409601, 0.0, 6e-08, 1e-08, 0
449928001, 0.0, 6.22e-08, 1e-08, 102
450187201, 0.0, 7.72e-08, 1e-08, 102
450705601, 0.0, 8.72e-08, 1e-08, 102
450964801, 0.0, 9.3e-08, 1e-08, 102
451224001, 0.0, 7.26e-08, 1e-08, 0
452001601, 0.98, 1.29e-07, 1e-08, 102
452520001, 0.46, 1.09e-07, 1e-08, 0
453038401, 0.17, 1.1e-07, 1e-08, 0
453297601, 0.0, 9.58e-08, 1e-08, 102
454075201, 0.0, 7.6e-08, 1e-08, 102
454334401, 0.07, 1.09e-07, 1e-08, 0
454593601, 0.25, 8.16e-08, 1e-08, 0
455371201, 0.44, 1.37e-07, 1e-08, 102
455630401, 0.05, 1.27e-07, 1e-08, 102
455889601, 0.0, 9.02e-08, 1e-08, 102
456926401, 0.0, 6.9e-08, 1e-08, 102
457444801, 0.0, 7.17e-08, 1e-08, 102
457704001, 0.0, 6.49e-08, 1e-08, 102
457963201, 0.0, 6.21e-08, 1e-08, 0
458222401, 0.0, 7.9e-08, 1e-08, 102
458481601, 0.0, 4.74e-08, 1e-08, 102
459000001, 0.0, 6.47e-08, 1e-08, 102
459259201, 0.31, 9.23e-08, 1e-08, 102
459518401, 0.0, 5.46e-08, 1e-08, 102
460036801, 0.0, 5.68e-08, 1e-08, 102
460296001, 0.0, 9.56e-08, 1e-08, 0
460555201, 0.0, 8.06e-08, 1e-08, 0
460814401, 0.16, 1.03e-07, 1e-08, 102
461073601, 0.59, 1.12e-07, 1e-08, 0
462369601, 0.0, 6.22e-08, 1e-08, 0
463147201, 0.0, 6.18e-08, 1e-08, 102
463406401, 0.0, 8.06e-08, 1e-08, 102
463924801, 0.15, 1.39e-07, 1e-08, 0
464184001, 0.0, 7.93e-08, 1e-08, 0
464443201, 0.42, 1.19e-07, 1e-08, 102
464702401, 0.0, 9.79e-08, 1e-08, 102
464961601, 0.0, 9.78e-08, 1e-08, 102
465480001, 0.0, 5.97e-08, 1e-08, 102
466257601, 0.0, 7.19e-08, 1e-08, 102
466776001, 0.0, 8.93e-08, 1e-08, 102
467035201, 0.0, 4.79e-08, 1e-08, 102
467294401, 0.0, 6.14e-08, 1e-08, 102
468072001, 0.0, 7.24e-08, 1e-08, 102
468331201, 0.0, 7.3e-08, 1e-08, 102
468590401, 0.0, 9.45e-08, 1e-08, 102
469108801, 0.0, 8.59e-08, 1e-08, 102
469627201, 0.0, 8.53e-08, 1e-08, 0
469886401, 0.04, 1.02e-07, 1e-08, 0
470145601, 0.02, 9.5e-08, 1e-08, 0
470923201, 0.0, 6.28e-08, 1e-08, 102
471182401, 0.6, 8.86e-08, 1e-08, 0
471700801, 0.0, 7.27e-08, 1e-08, 102
471960001, 0.53, 9.08e-08, 1e-08, 0
472219201, 0.0, 7.55e-08, 1e-08, 0
472478401, 0.0, 8.17e-08, 1e-08, 102
472737601, 0.0, 8.51e-08, 1e-08, 0
472996801, 0.0, 7.01e-08, 1e-08, 102
473515201, 0.0, 7.3e-08, 1e-08, 102
473774401, 0.0, 7.1e-08, 1e-08, 102
475070401, 0.0, 8.26e-08, 1e-08, 102
475329601, 0.0, 5.91e-08, 1e-08, 102
475588801, 0.95, 1.03e-07, 1e-08, 0
475848001, 0.13, 8.58e-08, 1e-08, 0
476107201, 0.0, 7.26e-08, 1e-08, 102
476366401, 0.0, 7.04e-08, 1e-08, 0
476625601, 0.0, 6.89e-08, 1e-08, 102
476884801, 0.8, 9.11e-08, 1e-08, 0
477144001, 0.0, 5.82e-08, 1e-08, 0
477662401, 0.0, 8.18e-08, 1e-08, 102
477921601, 0.0, 8.19e-08, 1e-08, 102
478180801, 0.0, 6.79e-08, 1e-08, 0
478440001, 0.26, 9.43e-08, 1e-08, 0
478699201, 0.0, 9.42e-08, 1e-08, 102
479736001, 0.3, 1.23e-07, 1e-08, 0
480254401, 0.0, 7.94e-08, 1e-08, 0
480513601, 0.0, 6.58e-08, 1e-08, 102
481032001, 0.0, 9.19e-08, 1e-08, 102
481291201, 0.0, 8.7e-08, 1e-08, 102
481550401, 0.0, 7.03e-08, 1e-08, 102
482068801, 0.0, 9.67e-08, 1e-08, 102
482328001, 0.72, 9.66e-08, 1e-08, 102
482846401, 0.0, 9.79e-08, 1e-08, 102
483105601, 0.0, 7.65e-08, 1e-08, 0
484142401, 0.11, 1.15e-07, 1e-08, 0
484401601, 0.0, 9.29e-08, 1e-08, 102
484660801, 0.0, 1.12e-07, 1e-08, 0
484920001, 0.0, 6.05e-08, 1e-08, 102
485179201, 0.39, 1.04e-07, 1e-08, 0
485438401, 0.0, 1.12e-07, 1e-08, 102
485697601, 0.0, 6.17e-08, 1e-08, 102
486216001, 0.0, 5.98e-08, 1e-08, 102
486475201, 0.0, 8.95e-08, 1e-08, 0
486993601, 0.0, 7.64e-08, 1e-08, 102
487771201, 0.0, 5.42e-08, 1e-08, 102
488030401, 0.62, 8.07e-08, 1e-08, 0
489326401, 0.88, 1e-07, 1e-08, 0
489844801, 0.72, 1.05e-07, 1e-08, 0
490363201, 0.0, 7.42e-08, 1e-08, 102
490622401, 0.0, 6.28e-08, 1e-08, 102
490881601, 0.0, 6.89e-08, 1e-08, 102
491400001, 0.0, 8.49e-08, 1e-08, 102
491659201, 0.0, 1.21e-07, 1e-08, 102
491918401, 0.0, 6.01e-08, 1e-08, 102
492436801, 0.0, 5.31e-08, 1e-08, 102
492696001, 0.0, 7.29e-08, 1e-08, 102
492955201, 0.0, 7.57e-08, 1e-08, 0
493214401, 0.0, 5.26e-08, 1e-08, 102
493473601, 0.38, 1.17e-07, 1e-08, 102
493732801, 0.0, 6.85e-08, 1e-08, 102
493992001, 0.0, 6.7e-08, 1e-08, 102
494251201, 0.0, 5.72e-08, 1e-08, 102
494510401, 0.0, 7.24e-08, 1e-08, 102
495028801, 0.31, 6.64e-08, 1e-08, 0
495288001, 0.0, 6.39e-08, 1e-08, 102
495547201, 0.0, 8.3e-08, 1e-08, 102
495806401, 0.97, 8.33e-08, 1e-08, 0
496065601, 0.0, 8.39e-08, 1e-08, 102
496584001, 0.0, 8.16e-08, 1e-08, 0
496843201, 0.64, 8.05e-08, 1e-08, 0
497102401, 0.91, 7.92e-08, 1e-08, 0
497361601, 0.42, 1.33e-07, 1e-08, 0
497880001, 0.0, 8.23e-08, 1e-08, 102
498139201, 0.0, 8.63e-08, 1e-08, 102
498657601, 0.0, 9.32e-08, 1e-08, 102
499435201, 0.0, 1.75e-07, 1e-08, 102
499694401, 0.23, 1.48e-07, 1e-08, 0
499953601, 0.0, 8.9e-08, 1e-08, 102
500472001, 0.0, 6.76e-08, 1e-08, 0
500731201, 0.0, 5.58e-08, 1e-08, 0
500990401, 0.0, 6.2e-08, 1e-08, 0
501249601, 0.0, 8.85e-08, 1e-08, 102
501768001, 0.0, 9.26e-08, 1e-08, 0
502286401, 0.91, 1.21e-07, 1e-08, 102
502545601, 0.04, 9.75e-08, 1e-08, 0
502804801, 0.0, 7.23e-08, 1e-08, 102
503064001, 0.0, 8.17e-08, 1e-08, 0
503323201, 0.0, 7.85e-08, 1e-08, 102
504100801, 0.0, 7.26e-08, 1e-08, 0
504878401, 0.0, 1.7e-07, 1e-08, 102
505656001, 0.0, 1.05e-07, 1e-08, 102
506433601, 0.0, 6.33e-08, 1e-08, 102
506952001, 0.0, 8.9e-08, 1e-08, 102
507729601, 0.0, 8.5e-08, 1e-08, 0
508248001, 0.0, 7.62e-08, 1e-08, 102
508766401, 0.0, 5.29e-08, 1e-08, 102
509025601, 0.0, 5.82e-08, 1e-08, 102
509284801, 0.25, 1.2e-07, 1e-08, 0
510062401, 0.36, 1.15e-07, 1e-08, 102
510321601, 0.0, 9.29e-08, 1e-08, 102
510840001, 0.0, 1.19e-07, 1e-08, 102
511099201, 0.24, 1.01e-07, 1e-08, 0
511617601, 0.65, 9.42e-08, 1e-08, 0
512136001, 0.0, 6.98e-08, 1e-08, 102
512395201, 0.15, 1.04e-07, 1e-08, 0
512654401, 0.0, 8.46e-08, 1e-08, 0
512913601, 0.0, 5.49e-08, 1e-08, 102
513432001, 0.0, 9.87e-08, 1e-08, 102
513691201, 0.0, 8.2e-08, 1e-08, 102
513950401, 0.96, 1.18e-07, 1e-08, 102
514728001, 0.0, 1.1e-07, 1e-08, 102
514987201, 0.0, 9.26e-08, 1e-08, 102
515764801, 0.0, 8.13e-08, 1e-08, 102
516024001, 0.0, 9.57e-08, 1e-08, 102
516283201, 0.0, 7.13e-08, 1e-08, 0
516542401, 0.0, 6.33e-08, 1e-08, 0
516801601, 0.72, 1.07e-07, 1e-08, 0
517320001, 0.0, 7.36e-08, 1e-08, 102
517838401, 0.0, 6.95e-08, 1e-08, 102
518097601, 0.0, 8.41e-08, 1e-08, 102
518356801, 0.96, 1.23e-07, 1e-08, 0
519134401, 0.0, 8.75e-08, 1e-08, 102
519393601, 0.0, 1.11e-07, 1e-08, 0
519912001, 0.0, 7.6e-08, 1e-08, 102
520430401, 0.0, 5.69e-08, 1e-08, 102
520689601, 0.0, 4.99e-08, 1e-08, 102
520948801, 0.65, 1.15e-07, 1e-08, 0
521208001, 0.0, 8.08e-08, 1e-08, 102
521467201, 0.0, 4.47e-08, 1e-08, 102
521726401, 0.03, 9.03e-08, 1e-08, 0
522244801, 0.51, 6.72e-08, 1e-08, 0
522504001, 0.0, 9.38e-08, 1e-08, 102
522763201, 0.0, 8.42e-08, 1e-08, 102
523281601, 0.0, 8.9e-08, 1e-08, 102
523540801, 0.0, 1.05e-07, 1e-08, 102
523800001, 0.83, 1.29e-07, 1e-08, 0
524059201, 0.0, 9.46e-08, 1e-08, 0
524318401, 0.04, 9.32e-08, 1e-08, 0
524577601, 0.35, 1.12e-07, 1e-08, 0
525096001, 0.61, 1.17e-07, 1e-08, 102
525355201, 0.0, 6.83e-08, 1e-08, 102
525873601, 0.0, 8.35e-08, 1e-08, 102
526392001, 0.0, 7.97e-08, 1e-08, 0
526651201, 0.42, 9.6e-08, 1e-08, 0
526910401, 0.0, 6.98e-08, 1e-08, 0
527169601, 0.0, 9.41e-08, 1e-08, 102
527428801, 0.0, 1.01e-07, 1e-08, 102
527688001, 0.0, 8.44e-08, 1e-08, 102
528206401, 0.17, 9.29e-08, 1e-08, 0
528465601, 0.0, 8.86e-08, 1e-08, 102
528724801, 0.0, 8.17e-08, 1e-08, 102
528984001, 0.0, 7.33e-08, 1e-08, 102
529243201, 0.02, 1.23e-07, 1e-08, 0
529502401, 0.0, 8.61e-08, 1e-08, 102
530020801, 0.0, 7.61e-08, 1e-08, 102
530280001, 0.65, 9.78e-08, 1e-08, 102
530798401, 0.0, 5.58e-08, 1e-08, 102
531057601, 0.0, 7.91e-08, 1e-08, 102
532094401, 0.0, 4.69e-08, 1e-08, 102
532872001, 0.0, 1.05e-07, 1e-08, 102
533390401, 0.0, 1.01e-07, 1e-08, 102
534168001, 0.0, 6.77e-08, 1e-08, 102
534686401, 0.0, 5.82e-08, 1e-08, 102
534945601, 0.0, 9.91e-08, 1e-08, 102
535204801, 0.0, 5.91e-08, 1e-08, 102
535982401, 0.0, 7.15e-08, 1e-08, 102
536241601, 0.1, 8.7e-08, 1e-08, 102
536500801, 0.0, 5.55e-08, 1e-08, 102
536760001, 0.0, 5.56e-08, 1e-08, 102
537278401, 0.0, 5.52e-08, 1e-08, 102
537537601, 0.0, 1.19e-07, 1e-08, 102
537796801, 0.9, 1.44e-07, 1e-08, 0
538056001, 0.55, 1e-07, 1e-08, 0
538315201, 0.0, 9.19e-08, 1e-08, 102
538574401, 0.27, 1.04e-07, 1e-08, 0
538833601, 0.0, 6.59e-08, 1e-08, 102
539092801, 0.0, 5.81e-08, 1e-08, 0
539352001, 0.0, 3.58e-08, 1e-08, 102
539611201, 0.5, 7.34e-08, 1e-08, 0
540129601, 0.0, 8.62e-08, 1e-08, 102
540388801, 0.0, 8.83e-08, 1e-08, 102
540648001, 0.0, 5.89e-08, 1e-08, 102
540907201, 0.68, 1.19e-07, 1e-08, 0
541425601, 0.52, 1.1e-07, 1e-08, 0
541684801, 0.0, 9.3e-08, 1e-08, 102
542721601, 0.0, 1.25e-07, 1e-08, 0
542980801, 0.37, 1.21e-06, 1e-08, 0
544795201, 0.37, 6.49e-08, 1e-08, 0
545054401, 0.0, 4.17e-08, 1e-08, 0
545313601, 0.0, 2.98e-08, 1e-08, 102
545572801, 0.0, 3.54e-08, 1e-08, 102
545832001, 0.25, 6.59e-08, 1e-08, 0
546091201, 0.13, 6.73e-08, 1e-08, 102
546868801, 0.0, 1.9e-07, 1e-08, 102
547128001, 0.0, -1.0, 1e-08, 101
547387201, 0.0, -1.0, 1e-08, 101
548164801, 0.0, 4.38e-08, 1e-08, 102
548424001, 0.0, 4.74e-08, 1e-08, 102
548942401, 0.0, 1.02e-06, 1e-08, 0
549201601, 0.0, 8.83e-07, 1e-08, 102
549460801, 0.0, 1.69e-07, 1e-08, 102
549720001, 0.0, 1.3e-07, 1e-08, 102
549979201, 0.0, 1.87e-07, 1e-08, 102
550238401, 0.0, 8.39e-08, 1e-08, 102
550497601, 0.0, 5.23e-08, 1e-08, 102
551275201, 0.0, -1.0, 1e-08, 101
551534401, 0.0, -1.0, 1e-08, 101
552052801, 0.0, 6.26e-08, 1e-08, 102
552571201, 0.69, 1.59e-07, 1e-08, 0
552830401, 0.0, 2.31e-07, 1e-08, 102
553348801, 0.0, 1.21e-07, 1e-08, 102
553608001, 0.0, 1.5e-07, 1e-08, 102
554644801, 0.69, 6.97e-08, 1e-08, 0
555681601, 0.0, -1.0, 1e-08, 101
555940801, 0.0, 3.8e-07, 1e-08, 102
556977601, 0.0, 9.53e-08, 1e-08, 0
557755201, 0.0, 5.4e-08, 1e-08, 102
558273601, 0.54, 6.59e-08, 1e-08, 0
560088001, 0.0, -1.0, 1e-08, 101
560347201, 0.0, -1.0, 1e-08, 101
560865601, 0.0, 6.52e-08, 1e-08, 102
561124801, 0.0, 4.26e-08, 1e-08, 102
561643201, 0.93, 6.15e-08, 1e-08, 0
562939201, 0.0, 6.66e-08, 1e-08, 102
563198401, 0.0, 5.9e-08, 1e-08, 0
563457601, 0.48, 8.49e-08, 1e-08, 0
563716801, 0.0, 1.22e-07, 1e-08, 0
563976001, 0.61, 1.59e-07, 1e-08, 0
564235201, 0.0, 2.85e-07, 1e-08, 102
566049601, 0.82, 1.89e-07, 1e-08, 102
566827201, 0.0, 1.99e-07, 1e-08, 102
567086401, 0.0, 1.75e-07, 1e-08, 102
567604801, 0.0, 3.26e-07, 1e-08, 102
568123201, 0.0, 2.1e-07, 1e-08, 102
568641601, 0.0, 8.57e-08, 1e-08, 0
569419201, 0.49, 1.14e-07, 1e-08, 0
569937601, 0.82, 1.35e-07, 1e-08, 102
570196801, 0.0, 1.15e-07, 1e-08, 102
570715201, 0.0, 1.11e-07, 1e-08, 102
571233601, 0.0, 6.11e-08, 1e-08, 102
571492801, 0.0, 5.22e-08, 1e-08, 102
571752001, 0.0, 6.17e-08, 1e-08, 102
572011201, 0.98, 1.48e-07, 1e-08, 0
573307201, 0.0, 8.24e-08, 1e-08, 102
573566401, 0.0, 6.71e-08, 1e-08, 0
573825601, 0.06, 1.04e-07, 1e-08, 0
574084801, 0.0, 9.79e-08, 1e-08, 102
574603201, 0.88, 1.39e-07, 1e-08, 0
574862401, 0.0, 8.01e-08, 1e-08, 102
575640001, 0.0, 7.13e-08, 1e-08, 102
575899201, 0.0, 5.71e-08, 1e-08, 102
576158401, 0.27, 9.84e-08, 1e-08, 0
576676801, 0.0, 8.95e-08, 1e-08, 102
577195201, 0.0, 7.54e-08, 1e-08, 0
577454401, 0.63, 1.27e-07, 1e-08, 0
577972801, 0.0, 1.2e-07, 1e-08, 102
578232001, 0.16, 1.06e-07, 1e-08, 0
578750401, 0.0, 7.31e-08, 1e-08, 102
579009601, 0.0, 6.53e-08, 1e-08, 102
579268801, 0.0, 8.63e-08, 1e-08, 102
579528001, 0.0, 1.08e-07, 1e-08, 102
579787201, 0.62, 1.22e-07, 1e-08, 0
580046401, 0.09, 8.39e-08, 1e-08, 0
580564801, 0.0, 2.33e-07, 1e-08, 102
581342401, 0.0, 1.07e-07, 1e-08, 102
581601601, 0.0, 1.7e-07, 1e-08, 102
581860801, 0.0, 2.62e-07, 1e-08, 0
582120001, 0.0, 2.71e-07, 1e-08, 102
582379201, 0.0, 7.06e-08, 1e-08, 0
582638401, 0.07, 9.76e-08, 1e-08, 0
583156801, 0.18, 1.07e-07, 1e-08, 0
583675201, 0.0, 8.43e-08, 1e-08, 102
583934401, 0.0, 8.21e-08, 1e-08, 102
585230401, 0.0, 9.49e-08, 1e-08, 102
585748801, 0.0, 1.68e-07, 1e-08, 102
586267201, 0.21, 9.93e-08, 1e-08, 0
586526401, 0.93, 1.5e-07, 1e-08, 0
586785601, 0.0, 6.72e-08, 1e-08, 102
587304001, 0.0, 9.33e-08, 1e-08, 102
587563201, 0.0, 6.4e-08, 1e-08, 102
587822401, 0.0, 8.33e-08, 1e-08, 102
588081601, 0.0, 7.36e-08, 1e-08, 102
588600001, 0.0, 8.95e-08, 1e-08, 102
588859201, 0.26, 8.88e-08, 1e-08, 0
589377601, 0.0, 7.4e-08, 1e-08, 102
589636801, 0.0, 7.87e-08, 1e-08, 102
590673601, 0.0, 5.06e-08, 1e-08, 102
590932801, 0.04, 6.27e-08, 1e-08, 0
591192001, 0.33, 8.16e-08, 1e-08, 102
591451201, 0.42, 8.09e-08, 1e-08, 0
591969601, 0.02, 1.17e-07, 1e-08, 102
592228801, 0.37, 1.09e-07, 1e-08, 0
592488001, 0.75, 1.68e-07, 1e-08, 102
592747201, 0.1, 8.26e-08, 1e-08, 1
593265601, 0.0, 7.05e-08, 1e-08, 102
594302401, 0.0, 8.15e-08, 1e-08, 102
594561601, 0.0, 1.05e-07, 1e-08, 0
594820801, 0.0, 1.59e-07, 1e-08, 102
595339201, 0.0, 5.93e-08, 1e-08, 102
595857601, 0.0, 1.09e-07, 1e-08, 102
596116801, 0.0, 1.2e-07, 1e-08, 0
596376001, 0.0, 6.54e-08, 1e-08, 0
596635201, 0.0, 6.78e-08, 1e-08, 102
597153601, 0.0, 8.24e-08, 1e-08, 102
597412801, 0.0, 9.17e-08, 1e-08, 102
597672001, 0.0, 9.69e-08, 1e-08, 0
597931201, 0.26, 1.15e-07, 1e-08, 0
598190401, 0.01, 6.91e-08, 1e-08, 0
598449601, 0.0, 1.58e-07, 1e-08, 102
598708801, 0.32, 1.89e-07, 1e-08, 0
599227201, 0.0, 1.35e-07, 1e-08, 102
599745601, 0.0, 2.39e-07, 1e-08, 102
600004801, 0.0, 2.52e-07, 1e-08, 102
600264001, 0.31, 1.02e-07, 1e-08, 0
600523201, 0.0, 5.21e-08, 1e-08, 102
600782401, 0.0, 8.96e-08, 1e-08, 0
601041601, 0.0, 8.34e-08, 1e-08, 102
601560001, 0.18, 1.1e-07, 1e-08, 0
602078401, 0.0, 6.7e-08, 1e-08, 102
602337601, 0.16, 1.08e-07, 1e-08, 0
602856001, 0.0, 7.8e-08, 1e-08, 102
603115201, 0.0, 8.63e-08, 1e-08, 102
603374401, 0.0, 8.09e-08, 1e-08, 0
603633601, 0.0, 4.89e-08, 1e-08, 102
603892801, 0.0, 4.7e-08, 1e-08, 102
604152001, 0.0, 7.19e-08, 1e-08, 0
604670401, 0.13, 9.56e-08, 1e-08, 0
604929601, 0.0, 8e-08, 1e-08, 102
605707201, 0.0, 8.74e-08, 1e-08, 0
605966401, 0.15, 1.09e-07, 1e-08, 0
606225601, 0.0, 7.52e-08, 1e-08, 102
606484801, 0.0, 7.49e-08, 1e-08, 0
606744001, 0.04, 1.19e-07, 1e-08, 102
607003201, 0.77, 1.06e-07, 1e-08, 102
607262401, 0.0, 9.68e-08, 1e-08, 102
607521601, 0.24, 1.09e-07, 1e-08, 0
607780801, 0.06, 8.96e-08, 1e-08, 0
608040001, 0.0, 5.07e-08, 1e-08, 102
608558401, 0.0, 5.72e-08, 1e-08, 102
609076801, 0.0, 6.41e-08, 1e-08, 102
609336001, 0.0, 6.08e-08, 1e-08, 102
609595201, 0.0, 7.24e-08, 1e-08, 102
610113601, 0.0, 5.8e-08, 1e-08, 0
610372801, 0.0, 9.96e-08, 1e-08, 102
610891201, 0.0, 8.15e-08, 1e-08, 102
611409601, 0.0, 1.05e-07, 1e-08, 102
611668801, 0.0, 1.12e-07, 1e-08, 102
612446401, 0.01, 2.45e-07, 1e-08, 102
612705601, 0.0, 5.64e-07, 1e-08, 102
612964801, 0.0, 1.69e-06, 1e-08, 102
613224001, 0.0, 5.2e-07, 1e-08, 0
613483201, 0.45, 3.27e-07, 1e-08, 0
613742401, 0.0, 2.11e-07, 1e-08, 102
614001601, 0.0, 4.75e-07, 1e-08, 102
614520001, 0.04, 9.93e-08, 1e-08, 0
614779201, 0.51, 1.16e-07, 1e-08, 0
615297601, 0.0, 9.68e-08, 1e-08, 102
615556801, 0.0, 9.95e-08, 1e-08, 0
615816001, 0.0, 6.04e-08, 1e-08, 102
616075201, 0.09, 9.78e-08, 1e-08, 102
616334401, 0.4, 1.52e-07, 1e-08, 0
616593601, 0.0, 1.36e-07, 1e-08, 102
616852801, 0.0, 1.13e-07, 1e-08, 0
617112001, 0.0, 1.27e-07, 1e-08, 102
617371201, 0.33, 1.23e-07, 1e-08, 102
617630401, 0.0, 9.78e-08, 1e-08, 102
618148801, 0.0, 5.19e-08, 1e-08, 102
618408001, 0.0, 8.29e-08, 1e-08, 102
618667201, 0.0, 9.37e-08, 1e-08, 102
619444801, 0.0, 5.62e-08, 1e-08, 102
620481601, 0.23, 1.02e-07, 1e-08, 102
621000001, 0.16, 1.03e-07, 1e-08, 0
621259201, 0.0, 5.44e-08, 1e-08, 102
621777601, 0.0, 7.71e-08, 1e-08, 102
622296001, 0.0, 5.68e-08, 1e-08, 102
622814401, 0.98, 9.07e-08, 1e-08, 0
623073601, 0.06, 7.74e-08, 1e-08, 102
623332801, 0.0, 7.55e-08, 1e-08, 102
623592001, 0.0, 9.24e-08, 1e-08, 102
625147201, 0.77, 1.04e-07, 1e-08, 102
625665601, 0.0, 7.98e-08, 1e-08, 102
625924801, 0.75, 9.13e-08, 1e-08, 0
626184001, 0.01, 8.59e-08, 1e-08, 0
626961601, 0.0, 9.57e-08, 1e-08, 0
627220801, 0.0, 5.7e-08, 1e-08, 102
627739201, 0.0, 1.32e-07, 1e-08, 102
628516801, 0.0, 9.83e-08, 1e-08, 102
628776001, 0.0, 9.73e-08, 1e-08, 0
629035201, 0.78, 1.14e-07, 1e-08, 102
629294401, 0.62, 1.44e-07, 1e-08, 0
630072001, 0.0, 8.15e-08, 1e-08, 102
630590401, 0.0, 2.51e-07, 1e-08, 102
631108801, 0.46, 1.42e-07, 1e-08, 0
631368001, 0.31, 2.19e-07, 1e-08, 0
631886401, 0.0, 3.2e-07, 1e-08, 102
632145601, 0.0, 8.92e-08, 1e-08, 102
632404801, 0.0, 6.52e-08, 1e-08, 102
632664001, 0.0, 7.34e-08, 1e-08, 0
632923201, 0.0, 7.92e-08, 1e-08, 102
633182401, 0.0, 6.96e-08, 1e-08, 0
633700801, 0.6, 1.33e-07, 1e-08, 0
634219201, 0.34, 1.1e-07, 1e-08, 0
634737601, 0.0, 7.54e-08, 1e-08, 102
634996801, 0.0, 7.03e-08, 1e-08, 102
635515201, 0.0, 4.6e-08, 1e-08, 0
635774401, 0.31, 8.97e-08, 1e-08, 0
637070401, 0.0, 7.76e-08, 1e-08, 102
637588801, 0.0, 7.03e-08, 1e-08, 102
637848001, 0.01, 8.78e-08, 1e-08, 0
638107201, 0.0, 5.96e-08, 1e-08, 102
638366401, 0.32, 9.36e-08, 1e-08, 0
639403201, 0.0, 7.2e-08, 1e-08, 102
639662401, 0.0, 6.6e-08, 1e-08, 102
639921601, 0.87, 9.11e-08, 1e-08, 102
640180801, 0.0, 6.42e-08, 1e-08, 102
640440001, 0.0, 8.82e-08, 1e-08, 102
640958401, 0.0, 1.06e-07, 1e-08, 102
641217601, 0.0, 8.88e-08, 1e-08, 102
641476801, 0.0, 7.1e-08, 1e-08, 102
641736001, 0.45, 1.48e-07, 1e-08, 102
641995201, 0.64, 1e-07, 1e-08, 102
642254401, 0.0, 7.54e-08, 1e-08, 102
642513601, 0.0, 1.28e-07, 1e-08, 0
643032001, 0.0, 8.06e-08, 1e-08, 102
643291201, 0.96, 1.19e-07, 1e-08, 102
643809601, 0.0, 9.52e-08, 1e-08, 102
644068801, 0.84, 1e-07, 1e-08, 0
644587201, 0.0, 4.73e-07, 1e-08, 102
644846401, 0.0, 6.65e-07, 1e-08, 102
645364801, 0.6, 2.12e-07, 1e-08, 0
645624001, 0.0, 1.77e-07, 1e-08, 102
645883201, 0.0, 7.02e-07, 1e-08, 0
646142401, 0.0, 8.5e-08, 1e-08, 102
646401601, 0.0, 7.67e-08, 1e-08, 102
646920001, 0.43, 1.12e-07, 1e-08, 0
647179201, 0.0, 9.21e-08, 1e-08, 102
647438401, 0.4, 1.05e-07, 1e-08, 102
647697601, 0.0, 1.05e-07, 1e-08, 0
647956801, 0.0, 9.88e-08, 1e-08, 102
648475201, 0.0, 1.71e-07, 1e-08, 102
648734401, 0.0, 1.28e-07, 1e-08, 102
648993601, 0.0, 1.21e-07, 1e-08, 0
649252801, 0.0, 1.04e-07, 1e-08, 102
649771201, 0.0, 5.6e-07, 1e-08, 102
650030401, 0.0, 6.37e-08, 1e-08, 0
650289601, 0.28, 7.48e-08, 1e-08, 0
650808001, 0.2, 7.9e-08, 1e-08, 0
651326401, 0.0, 9.66e-08, 1e-08, 0
652363201, 0.0, 8.55e-08, 1e-08, 0
652881601, 0.83, 1.06e-07, 1e-08, 0
653400001, 0.0, 5.07e-08, 1e-08, 0
653918401, 0.0, 7.33e-08, 1e-08, 102
654177601, 0.62, 1.05e-07, 1e-08, 102
654696001, 0.28, 7.47e-08, 1e-08, 0
655214401, 0.0, 6.18e-08, 1e-08, 102
655473601, 0.0, 6.55e-08, 1e-08, 0
655992001, 0.0, 8.77e-08, 1e-08, 102
656510401, 0.0, 6.89e-08, 1e-08, 102
657028801, 0.0, 8.93e-08, 1e-08, 102
657288001, 0.0, 9.18e-08, 1e-08, 102
658065601, 0.0, 6.39e-08, 1e-08, 102
658843201, 0.0, 1.3e-07, 1e-08, 102
659102401, 0.67, 1.15e-07, 1e-08, 102
659361601, 0.0, 9.92e-08, 1e-08, 102
659620801, 0.0, 1.35e-07, 1e-08, 102
660139201, 0.0, 7.08e-08, 1e-08, 102
660657601, 0.0, 8.7e-08, 1e-08, 102
660916801, 0.0, 1.05e-07, 1e-08, 102
661694401, 0.73, 1.27e-07, 1e-08, 102
661953601, 0.0, 1.04e-07, 1e-08, 102
662212801, 0.0, 9.35e-08, 1e-08, 102
662472001, 0.0, 1.34e-07, 1e-08, 102
662731201, 0.46, 1.37e-07, 1e-08, 0
662990401, 0.0, 1.2e-07, 1e-08, 102
663768001, 0.0, 4.28e-07, 1e-08, 102
664027201, 0.86, 1.38e-07, 1e-08, 102
664545601, 0.44, 1.02e-07, 1e-08, 102
664804801, 0.46, 1.15e-07, 1e-08, 0
665064001, 0.06, 1.1e-07, 1e-08, 102
665323201, 0.0, 9.74e-08, 1e-08, 102
666100801, 0.0, 6.74e-08, 1e-08, 102
666878401, 0.0, 7.94e-08, 1e-08, 102
667137601, 0.0, 4.32e-08, 1e-08, 102
667396801, 0.39, 8.06e-08, 1e-08, 0
668174401, 0.19, 1.04e-07, 1e-08, 0
668433601, 0.0, 6.84e-08, 1e-08, 102
668692801, 0.1, 1.08e-07, 1e-08, 0
669211201, 0.0, 7.72e-08, 1e-08, 102
669470401, 0.0, 5.26e-08, 1e-08, 102
669729601, 0.35, 1.04e-07, 1e-08, 0
671284801, 0.0, 9.03e-08, 1e-08, 102
671803201, 0.0, 9.48e-08, 1e-08, 102
672321601, 0.0, 9.63e-08, 1e-08, 102
672580801, 0.0, 7.67e-08, 1e-08, 102
672840001, 0.0, 7.84e-08, 1e-08, 102
673099201, 0.0, 9.73e-08, 1e-08, 102
673617601, 0.62, 2.22e-07, 1e-08, 0
673876801, 0.06, 1.21e-07, 1e-08, 0
674395201, 0.0, 6.49e-08, 1e-08, 102
674654401, 0.46, 8.42e-08, 1e-08, 0
674913601, 0.0, 9.41e-08, 1e-08, 0
675172801, 0.0, 9.25e-08, 1e-08, 102
675432001, 0.0, 7.48e-08, 1e-08, 102
675950401, 0.0, 6.08e-08, 1e-08, 102
676209601, 0.0, 1.28e-07, 1e-08, 102
676728001, 0.0, 2.13e-07, 1e-08, 102
676987201, 0.0, 7.31e-07, 1e-08, 102
677246401, 0.0, 4.5e-07, 1e-08, 102
677505601, 0.0, 4.55e-07, 1e-08, 102
677764801, 0.37, 1.11e-06, 1e-08, 0
678283201, 0.0, 6.47e-08, 1e-08, 102
678542401, 0.0, 5.73e-08, 1e-08, 0
678801601, 0.0, 7.01e-08, 1e-08, 102
679060801, 0.45, 1.17e-07, 1e-08, 0
679320001, 0.0, 9.89e-08, 1e-08, 102
679579201, 0.0, 8.65e-08, 1e-08, 102
679838401, 0.0, 8.41e-08, 1e-08, 102
680097601, 0.0, 6.07e-08, 1e-08, 102
680356801, 0.25, 2.07e-07, 1e-08, 0
680875201, 0.0, 1.23e-07, 1e-08, 0
681134401, 0.0, 6.78e-08, 1e-08, 102
681393601, 0.0, 6.17e-08, 1e-08, 102
681652801, 0.51, 2.99e-07, 1e-08, 0
681912001, 0.0, 6.7e-08, 1e-08, 102
682171201, 0.0, 6.69e-08, 1e-08, 0
682689601, 0.04, 7.53e-08, 1e-08, 102
683467201, 0.0, 8.4e-08, 1e-08, 101
683726401, 0.0, 8.14e-08, 1e-08, 102
684244801, 0.0, 6.64e-08, 1e-08, 0
684504001, 0.05, 9.19e-08, 1e-08, 0
685022401, 0.0, 4.45e-08, 1e-08, 101
685281601, 0.0, 4.68e-08, 1e-08, 102
685800001, 0.0, 5.81e-08, 1e-08, 101
686318401, 0.21, 9.36e-08, 1e-08, 0
686836801, 0.58, 7.48e-08, 1e-08, 0
687096001, 0.0, 5.39e-08, 1e-08, 102
687355201, 0.0, 8.5e-08, 1e-08, 102
687614401, 0.38, 8.92e-08, 1e-08, 102
687873601, 0.0, 8.19e-08, 1e-08, 102
688132801, 0.0, 1.16e-07, 1e-08, 101
688392001, 0.0, 1.17e-07, 1e-08, 101
688651201, 0.0, 7.67e-08, 1e-08, 102
689169601, 0.0, 8.24e-08, 1e-08, 101
689428801, 0.0, 6.28e-08, 1e-08, 102
689688001, 0.24, 1.09e-07, 1e-08, 0
689947201, 0.0, 6.83e-08, 1e-08, 101
690206401, 0.0, 1.1e-07, 1e-08, 101
690465601, 0.0, 2.2e-07, 1e-08, 102
691243201, 0.56, 1.39e-07, 1e-08, 102
691502401, 0.0, 1.21e-07, 1e-08, 102
692020801, 0.96, 1.4e-07, 1e-08, 0
692280001, 0.84, 1.18e-07, 1e-08, 0
692539201, 0.0, 8.77e-08, 1e-08, 102
692798401, 0.0, 7.39e-08, 1e-08, 101
693576001, 0.99, 1.24e-07, 1e-08, 0
693835201, 0.0, 7.01e-08, 1e-08, 102
694094401, 0.0, 9.68e-08, 1e-08, 101
694353601, 0.0, 7.52e-08, 1e-08, 102
694612801, 0.0, 7.53e-08, 1e-08, 101
694872001, 0.0, 1.29e-07, 1e-08, 101
695131201, 0.26, 1.11e-07, 1e-08, 0
695390401, 0.0, 2.41e-07, 1e-08, 102
695649601, 0.0, 5.98e-07, 1e-08, 102
695908801, 0.13, 9.22e-08, 1e-08, 0
696427201, 0.0, 6.19e-08, 1e-08, 101
697204801, 0.0, 7.95e-08, 1e-08, 101
697464001, 0.36, 1.28e-07, 1e-08, 0
697723201, 0.0, 1.3e-07, 1e-08, 101
698500801, 0.0, 5.53e-08, 1e-08, 102
699019201, 0.0, 4.91e-08, 1e-08, 101
699278401, 0.72, 7.17e-08, 1e-08, 0
699537601, 0.0, 6.61e-08, 1e-08, 101
699796801, 0.51, 8.85e-08, 1e-08, 0
700056001, 0.0, 6.81e-08, 1e-08, 102
701352001, 0.02, 8.74e-08, 1e-08, 0
701870401, 0.73, 1.06e-07, 1e-08, 102
702388801, 0.0, 5.28e-08, 1e-08, 101
702648001, 0.06, 7.2e-08, 1e-08, 0
702907201, 0.0, 1.1e-07, 1e-08, 102
703166401, 0.0, 5.54e-08, 1e-08, 101
703425601, 0.01, 7.37e-08, 1e-08, 0
704203201, 0.49, 1.16e-07, 1e-08, 102
704462401, 0.0, 4.11e-08, 1e-08, 101
704721601, 0.44, 1.12e-07, 1e-08, 0
706017601, 0.0, 7.96e-08, 1e-08, 102
706536001, 0.16, 1.07e-07, 1e-08, 102
707054401, 0.0, 9.25e-08, 1e-08, 102
707313601, 0.0, 1.21e-07, 1e-08, 102
707572801, 0.35, 8.95e-08, 1e-08, 0
707832001, 0.0, 4.27e-08, 1e-08, 101
708350401, 0.07, 3.69e-07, 1e-08, 0
708609601, 0.0, 1.54e-07, 1e-08, 101
708868801, 0.0, 3.73e-07, 1e-08, 102
709128001, 0.0, 2.36e-07, 1e-08, 102
709387201, 0.0, 3.53e-07, 1e-08, 102
709646401, 0.0, 1.45e-06, 1e-08, 102
710424001, 0.34, 1.05e-07, 1e-08, 0
710683201, 0.0, 8.85e-08, 1e-08, 101
710942401, 0.0, 7.37e-08, 1e-08, 102
711720001, 0.0, 6.75e-08, 1e-08, 101
711979201, 0.9, 1.23e-07, 1e-08, 102
712497601, 0.0, 1e-07, 1e-08, 102
712756801, 0.11, 1.24e-07, 1e-08, 102
713275201, 0.0, 9.94e-08, 1e-08, 102
713534401, 0.98, 1.26e-07, 1e-08, 102
713793601, 0.27, 9.95e-08, 1e-08, 0
714312001, 0.48, 1.01e-07, 1e-08, 0
714571201, 0.13, 1.05e-07, 1e-08, 0
715089601, 0.0, 6.47e-08, 1e-08, 101
715348801, 0.0, 1.01e-07, 1e-08, 101
715608001, 0.0, 7.32e-08, 1e-08, 102
716126401, 0.59, 1.35e-07, 1e-08, 102
716385601, 0.0, 6.3e-08, 1e-08, 101
716904001, 0.86, 7.68e-08, 1e-08, 0
717163201, 0.12, 9.16e-08, 1e-08, 0
717681601, 0.31, 7.65e-08, 1e-08, 102
717940801, 0.09, 8.52e-08, 1e-08, 0
718200001, 0.51, 9.31e-08, 1e-08, 0
718718401, 0.79, 9.06e-08, 1e-08, 0
718977601, 0.88, 8.03e-08, 1e-08, 102
719496001, 0.0, 7.08e-08, 1e-08, 101
719755201, 0.0, 8.26e-08, 1e-08, 102
720273601, 0.0, 9.3e-08, 1e-08, 102
720792001, 0.68, 9.73e-08, 1e-08, 1
721051201, 0.0, 5.84e-08, 1e-08, 102
721569601, 0.74, 7.13e-08, 1e-08, 0
721828801, 0.41, 8.43e-08, 1e-08, 0
722347201, 0.0, 2.29e-07, 1e-08, 101
722865601, 0.32, 8.25e-08, 1e-08, 102
723124801, 0.0, 1.22e-07, 1e-08, 102
723384001, 0.0, 1.55e-07, 1e-08, 101
723902401, 0.0, 5.5e-08, 1e-08, 101
724420801, 0.0, 7.59e-08, 1e-08, 102
724680001, 0.0, 9.48e-08, 1e-08, 102
724939201, 0.0, 6.87e-08, 1e-08, 101
725198401, 0.0, 8.29e-08, 1e-08, 102
725457601, 0.0, 7.63e-08, 1e-08, 101
725716801, 0.0, 6.71e-08, 1e-08, 101
726235201, 0.0, 9.26e-08, 1e-08, 101
726494401, 0.0, 7.6e-08, 1e-08, 101
727012801, 0.0, 7.84e-08, 1e-08, 102
727272001, 0.0, 1.57e-06, 1e-08, 102
727531201, 0.0, 2.11e-07, 1e-08, 0
727790401, 0.33, 8.69e-08, 1e-08, 0
728049601, 0.0, 5.61e-08, 1e-08, 102
728308801, 0.33, 8.96e-08, 1e-08, 0
728568001, 0.27, 1.16e-07, 1e-08, 0
729086401, 0.0, 1.24e-07, 1e-08, 101
729345601, 0.74, 9.68e-08, 1e-08, 102
729864001, 0.03, 1.06e-07, 1e-08, 0
730123201, 0.75, 1.16e-07, 1e-08, 0
730382401, 0.0, 1.4e-07, 1e-08, 101
730641601, 0.58, 5.77e-08, 1e-08, 1
731160001, 0.0, 5.78e-08, 1e-08, 101
731678401, 0.03, 8.38e-08, 1e-08, 0
731937601, 0.0, 6.81e-08, 1e-08, 102
732196801, 0.27, 9.98e-08, 1e-08, 0
732974401, 0.0, 9.37e-08, 1e-08, 0
734011201, 0.15, 1.02e-07, 1e-08, 0
734270401, 0.0, 6.77e-08, 1e-08, 101
734529601, 0.17, 1.24e-07, 1e-08, 0
735307201, 0.84, 8.32e-08, 1e-08, 102
736603201, 0.0, 1.04e-07, 1e-08, 101
736862401, 0.25, 1.65e-07, 1e-08, 0
737121601, 0.84, 1.91e-07, 1e-08, 102
737380801, 0.0, 1.52e-07, 1e-08, 101
737640001, 0.0, 5.93e-08, 1e-08, 101
737899201, 0.12, 1.16e-07, 1e-08, 0
738158401, 0.23, 8.2e-08, 1e-08, 102
738676801, 0.21, 7.29e-08, 1e-08, 0
739195201, 0.0, 7.59e-08, 1e-08, 101
739454401, 0.0, 6.72e-08, 1e-08, 101
739713601, 0.0, 8.7e-08, 1e-08, 101
739972801, 0.0, 6.51e-07, 1e-08, 102
740232001, 0.0, 1.79e-07, 1e-08, 102
740491201, 0.0, 1.09e-07, 1e-08, 101
740750401, 0.0, 5.3e-07, 1e-08, 102
741009601, 0.0, 2.2e-07, 1e-08, 102
741268801, 0.0, 1.2e-06, 1e-08, 102
741528001, 0.0, 1.26e-07, 1e-08, 102
742046401, 0.0, 7.91e-08, 1e-08, 102
