timestamp, ts, flux, flux_error, photon_index, photon_index_interval, fit_tolerance, fit_convergence
239716801, 2.0, 7.68e-08, 2.43e-07, 4.95, 0.79, 1e-08, 0
239976001, 1.0, 5.61e-08, 1.29e-07, 4.87, 0.78, 1e-08, 0
240235201, 5.69, 9.16e-08, 5.66e-08, 2.61, 0.56, 1e-08, 0
240494401, 1.11, 1.57e-08, 2.1e-08, 1.91, 0.62, 1e-08, 0
242568001, 7.44, 1.81e-08, 1.75e-08, 1.29, 0.5, 1e-08, 0
243345601, 1.27, 5.2e-08, 5.59e-08, 5.0, 0, 1e-08, 0
243604801, 4.0, 1.63e-08, 1.84e-08, 1.75, 0.63, 1e-08, 0
244123201, 5.59, 5.36e-09, 6.14e-09, 0.6, 0.76, 1e-08, 0
245419201, 5.18, 1.34e-07, 6.61e-08, 4.33, 3.68, 1e-08, 102
245678401, 2.16, 4.78e-08, 5.13e-08, 2.42, 0.94, 1e-08, 0
246456001, 1.29, 3.6e-08, 4.63e-08, 2.26, 0.82, 1e-08, 0
246715201, 1.2, 8.83e-08, 8.85e-08, 3.49, 7.55, 1e-08, 102
248788801, 1.49, 7.47e-08, 7.62e-08, 5.0, 0, 1e-08, 0
249048001, 5.0, 1.3e-07, 6.38e-08, 3.79, 3.65, 1e-08, 102
249307201, 3.67, 7.21e-08, 6.7e-08, 2.78, 0.98, 1e-08, 0
250344001, 1.28, 1.97e-08, 3.1e-08, 1.96, 0.91, 1e-08, 0
250862401, 3.97, 4.93e-08, 3.74e-08, 1.92, 0.45, 1e-08, 0
251121601, 4.35, 5.92e-08, 6.28e-08, 2.44, 0.76, 1e-08, 0
252158401, 1.43, 7.07e-08, 6.85e-08, 3.08, 1.19, 1e-08, 0
252417601, 9.84, 4.46e-09, 5.19e-09, 0.75, 0.73, 1e-08, 0
254232001, 1.17, 5.97e-09, 1.03e-08, 1.46, 0.82, 1e-08, 0
257083201, 3.03, 6.34e-09, 7.97e-09, 1.24, 0.72, 1e-08, 0
257342401, 3.22, 1.04e-07, 6.71e-08, 3.98, 4.41, 1e-08, 102
257860801, 1.32, 3.96e-08, 4.3e-08, 2.76, 1, 1e-08, 0
258120001, 1.4, 3.79e-08, 5.14e-08, 2.5, 1.4, 1e-08, 0
259416001, 7.98, 4.11e-08, 2.75e-08, 2.01, 0.43, 1e-08, 0
259675201, 1.81, 3.94e-08, 4.02e-08, 2.24, 0.68, 1e-08, 0
259934401, 3.08, 2.06e-08, 2.36e-08, 1.68, 0.61, 1e-08, 0
260193601, 10.64, 1.56e-08, 1.68e-08, 1.21, 0.51, 1e-08, 0
260971201, 12.74, 2.44e-07, 9.1e-08, 2.92, 0.41, 1e-08, 0
261230401, 2.93, 1.26e-07, 7.92e-08, 3.95, 4.57, 1e-08, 102
261489601, 1.83, 1.45e-08, 2.66e-08, 1.7, 1, 1e-08, 0
263044801, 1.65, 7.15e-08, 6.44e-08, 3.54, 6.66, 1e-08, 102
263304001, 1.35, 6.6e-08, 1.75e-06, 3.94, 6.87, 1e-08, 102
263563201, 2.95, 4.48e-08, 4.66e-08, 2.23, 0.76, 1e-08, 0
263822401, 6.49, 1.54e-07, 7.49e-08, 5.0, 0, 1e-08, 0
264340801, 2.8, 6.46e-08, 4.95e-08, 2.89, 1.13, 1e-08, 0
264600001, 11.5, 4.88e-08, 4.61e-08, 1.84, 0.53, 1e-08, 0
265896001, 1.35, 7.76e-08, 8.43e-08, 5.0, 0, 1e-08, 0
266155201, 7.34, 1.53e-07, 7.4e-08, 3.27, 1.31, 1e-08, 0
266932801, 1.52, 5.23e-08, 5.95e-08, 2.84, 1.24, 1e-08, 0
267192001, 7.67, 5.03e-08, 3.72e-08, 1.95, 0.44, 1e-08, 0
268228801, 1.07, 5.59e-08, 6.83e-08, 5.0, 0, 1e-08, 0
268488001, 6.57, 1.37e-08, 1.39e-08, 1.52, 0.54, 1e-08, 0
269524801, 2.16, 4.6e-08, 4.79e-08, 2.34, 0.69, 1e-08, 0
270302401, 5.15, 1.42e-07, 8.09e-08, 2.87, 0.81, 1e-08, 0
270820801, 5.46, 8.31e-09, 8.1e-09, 0.98, 0.56, 1e-08, 0
271080001, 2.3, 8.83e-08, 7.09e-08, 5.0, 0, 1e-08, 0
271339201, 2.71, 6.77e-08, 5.01e-08, 2.68, 0.75, 1e-08, 0
271857601, 4.18, 7.15e-08, 4.76e-08, 2.64, 0.53, 1e-08, 0
272894401, 5.68, 1.38e-07, 6.49e-08, 3.74, 3.51, 1e-08, 102
273153601, 2.58, 4.38e-08, 4.23e-08, 2.31, 0.61, 1e-08, 0
274190401, 4.79, 1.11e-07, 6.62e-08, 3.06, 0.86, 1e-08, 0
274968001, 6.38, 6.31e-08, 4.37e-08, 2.16, 0.47, 1e-08, 0
275745601, 15.36, 1.44e-08, 1.94e-08, 1.27, 0.61, 1e-08, 0
276523201, 19.75, 7.38e-08, 3.45e-08, 1.93, 0.3, 1e-08, 0
277560001, 6.09, 1.16e-08, 2.52e-08, 1.58, 1.11, 1e-08, 0
278337601, 3.42, 1.05e-08, 1.52e-08, 1.64, 0.81, 1e-08, 0
278856001, 3.56, 3.02e-08, 2.55e-08, 1.93, 0.54, 1e-08, 0
279115201, 6.54, 1.63e-07, 9.7e-08, 5.0, 0, 1e-08, 0
280411201, 6.87, 8.67e-08, 5.63e-08, 2.47, 0.54, 1e-08, 0
280670401, 2.01, 5.85e-08, 5.17e-08, 2.74, 1.07, 1e-08, 0
280929601, 24.36, 1.85e-07, 7e-08, 2.43, 0.29, 1e-08, 0
281188801, 4.12, 2.1e-08, 2.63e-08, 1.82, 0.7, 1e-08, 0
281707201, 10.03, 1.46e-07, 7.21e-08, 2.78, 0.48, 1e-08, 0
281966401, 5.9, 6.75e-08, 4.83e-08, 2.16, 0.5, 1e-08, 0
282225601, 14.04, 1.95e-08, 1.95e-08, 1.3, 0.53, 1e-08, 0
282744001, 2.37, 6.63e-09, 7.68e-09, 1.09, 0.6, 1e-08, 0
283003201, 4.09, 7.09e-09, 7.43e-09, 1.02, 0.54, 1e-08, 0
284040001, 2.14, 7.74e-08, 6.16e-08, 3.14, 0.91, 1e-08, 0
284558401, 1.56, 1.42e-08, 2.65e-08, 2.05, 1.04, 1e-08, 0
284817601, 4.21, 1.45e-08, 1.25e-08, 1.4, 0.46, 1e-08, 0
285076801, 5.32, 6.61e-08, 5.19e-08, 2.48, 0.63, 1e-08, 0
287150401, 3.31, 7.65e-08, 6.26e-08, 2.85, 1.41, 1e-08, 0
287409601, 6.62, 6.51e-08, 5.98e-08, 2.48, 0.74, 1e-08, 0
287668801, 5.15, 8.27e-08, 6.05e-08, 2.52, 0.57, 1e-08, 0
287928001, 1.82, 5.76e-08, 5.25e-08, 2.96, 1.23, 1e-08, 0
289224001, 2.72, 5.58e-08, 4.91e-08, 2.46, 0.74, 1e-08, 0
290001601, 1.95, 4.54e-08, 4.41e-08, 2.61, 0.78, 1e-08, 0
290520001, 2.18, 8.21e-08, 7.9e-08, 3.61, 6.02, 1e-08, 102
291297601, 8.22, 1.2e-08, 1.2e-08, 1.21, 0.53, 1e-08, 0
291556801, 1.22, 6.58e-09, 9.8e-09, 1.48, 0.76, 1e-08, 0
292334401, 2.25, 6.27e-08, 5.54e-08, 5.0, 0, 1e-08, 0
292852801, 3.93, 5.89e-08, 4.72e-08, 2.32, 0.59, 1e-08, 0
293889601, 11.24, 4.35e-08, 3.05e-08, 1.88, 0.42, 1e-08, 0
294667201, 12.94, 1.61e-07, 7.32e-08, 3.15, 0.81, 1e-08, 0
296481601, 1.69, 2.77e-08, 2.97e-08, 1.93, 0.6, 1e-08, 0
296740801, 1.99, 6.02e-08, 9.09e-08, 3.24, 6.83, 1e-08, 0
297000001, 8.24, 7.26e-08, 4.46e-08, 2.29, 0.47, 1e-08, 0
297259201, 2.8, 5.01e-08, 3.86e-08, 2.26, 0.64, 1e-08, 0
298296001, 4.7, 1.11e-07, 7.02e-08, 3.53, 4.18, 1e-08, 102
298555201, 1.05, 5.02e-08, 1.01e-07, 4.69, 0.76, 1e-08, 0
299851201, 6.1, 1.62e-07, 8.22e-08, 3.26, 1.22, 1e-08, 0
300888001, 5.72, 1.02e-07, 5.62e-08, 2.85, 0.68, 1e-08, 0
301665601, 4.22, 1.66e-08, 2.1e-08, 1.47, 0.62, 1e-08, 0
302184001, 2.91, 1.16e-07, 9.5e-08, 5.0, 0, 1e-08, 0
303220801, 4.48, 6.71e-08, 4.5e-08, 2.56, 0.61, 1e-08, 0
303480001, 5.53, 1.07e-07, 5.91e-08, 2.96, 0.97, 1e-08, 0
303739201, 2.49, 9.12e-08, 5.97e-08, 4.27, 4.94, 1e-08, 102
304776001, 1.78, 7.83e-08, 7.45e-08, 5.0, 0, 1e-08, 0
305035201, 3.61, 1.55e-08, 1.59e-08, 1.5, 0.53, 1e-08, 0
305294401, 1.72, 6.53e-08, 1.42e-07, 3.21, 7.59, 1e-08, 102
305553601, 4.5, 3.1e-08, 2.85e-08, 1.86, 0.59, 1e-08, 0
306331201, 5.96, 4.15e-08, 3.12e-08, 1.9, 0.45, 1e-08, 0
306849601, 2.11, 6.87e-08, 6.55e-08, 2.94, 0.92, 1e-08, 0
307108801, 2.16, 8.04e-08, 8.16e-08, 2.28, 0.87, 1e-08, 0
307886401, 12.88, 1.28e-07, 5.27e-08, 2.54, 0.4, 1e-08, 0
308404801, 2.69, 8.66e-09, 8.14e-09, 1.03, 0.57, 1e-08, 0
308664001, 4.15, 9.32e-08, 6e-08, 2.59, 0.51, 1e-08, 0
309441601, 6.46, 1.28e-08, 1.98e-08, 1.47, 0.74, 1e-08, 0
309700801, 1.66, 4.72e-08, 5.9e-08, 2.53, 1.09, 1e-08, 0
309960001, 9.49, 1.99e-07, 7.7e-08, 4.36, 2.74, 1e-08, 102
310478401, 11.38, 1.01e-07, 5.5e-08, 2.53, 0.44, 1e-08, 0
310996801, 10.12, 7.07e-08, 3.93e-08, 2.02, 0.37, 1e-08, 0
311256001, 18.08, 2.34e-07, 8.2e-08, 2.89, 0.57, 1e-08, 0
311774401, 2.17, 5.67e-08, 5.23e-08, 2.68, 1.05, 1e-08, 0
312811201, 3.53, 7.01e-08, 5.48e-08, 2.72, 0.8, 1e-08, 0
313070401, 3.41, 1.01e-08, 1.07e-08, 1.01, 0.55, 1e-08, 0
314107201, 1.34, 4.49e-08, 4.78e-08, 2.67, 0.8, 1e-08, 0
314884801, 13.62, 7.29e-09, 6.69e-09, 0.95, 0.54, 1e-08, 0
315144001, 1.92, 7.65e-08, 7.56e-08, 5.0, 0, 1e-08, 0
316440001, 2.88, 1.61e-08, 1.77e-08, 1.56, 0.56, 1e-08, 0
316699201, 1.46, 2.62e-08, 3.47e-08, 2.19, 0.82, 1e-08, 0
317217601, 5.88, 2.35e-08, 2.8e-08, 1.79, 0.62, 1e-08, 0
317476801, 2.16, 8.91e-08, 7.52e-08, 5.0, 0, 1e-08, 0
318254401, 1.83, 8.85e-09, 1.55e-08, 1.83, 1.01, 1e-08, 0
318513601, 2.9, 8.8e-08, 6.91e-08, 3.55, 5.22, 1e-08, 102
318772801, 5.11, 1.32e-07, 7.3e-08, 3.6, 3.92, 1e-08, 102
319291201, 7.83, 5.22e-09, 6.26e-09, 0.94, 0.7, 1e-08, 0
319809601, 1.88, 2.25e-08, 2.86e-08, 2.1, 0.72, 1e-08, 0
322142401, 7.74, 8.69e-08, 6.42e-08, 2.37, 0.65, 1e-08, 0
323438401, 1.55, 4.36e-08, 4.55e-08, 2.27, 0.67, 1e-08, 0
324216001, 2.04, 7.99e-08, 6.89e-08, 5.0, 0, 1e-08, 0
327585601, 1.07, 4.69e-08, 7.02e-08, 2.74, 1.71, 1e-08, 0
327844801, 3.62, 9.07e-09, 1.26e-08, 1.53, 0.73, 1e-08, 0
329400001, 1.43, 3.48e-08, 3.77e-08, 2.41, 0.73, 1e-08, 0
330696001, 2.0, 5.61e-08, 6.28e-08, 2.85, 1.51, 1e-08, 0
332251201, 1.0, NaN, NaN, NaN, NaN, 1e-08, 102
333028801, 1.18, 5.99e-08, 5.99e-08, 3.53, 7.5, 1e-08, 102
333288001, 7.95, 5.67e-09, 7.34e-09, 1.04, 0.71, 1e-08, 0
334324801, 1.93, 8.56e-08, 7.76e-07, 4.37, 2.31, 1e-08, 0
335620801, 2.98, 1.37e-08, 1.51e-08, 1.7, 0.62, 1e-08, 0
335880001, 5.43, 8.51e-09, 1.03e-08, 1.32, 0.6, 1e-08, 0
336139201, 4.04, 1.15e-07, 6.69e-08, 4.17, 4.07, 1e-08, 102
336398401, 4.63, 1.1e-07, 6.3e-08, 2.86, 0.7, 1e-08, 0
337953601, 1.34, 1.1e-08, 1.66e-08, 1.77, 0.79, 1e-08, 0
338990401, 11.67, 1.21e-07, 7.59e-08, 2.31, 0.42, 1e-08, 0
339508801, 8.68, 6.82e-09, 7.3e-09, 1.04, 0.57, 1e-08, 0
340286401, 1.01, 1.75e-08, 2.68e-08, 2.11, 0.85, 1e-08, 0
340804801, 1.75, 7.53e-08, 8.3e-08, 5.0, 0, 1e-08, 0
341582401, 2.15, 7.4e-08, 7.69e-08, 2.84, 0.91, 1e-08, 0
342619201, 5.38, 5.57e-08, 3.69e-08, 2.25, 0.48, 1e-08, 0
343396801, 1.54, 7.28e-08, 4.74e-07, 4.27, 1.66, 1e-08, 0
343656001, 4.62, 6.94e-09, 9.58e-09, 1.23, 0.72, 1e-08, 0
344174401, 1.02, 4.35e-08, 4.7e-08, 3.37, 8.58, 1e-08, 102
344433601, 1.14, 1.43e-08, 2.57e-08, 2.03, 1.01, 1e-08, 0
344692801, 1.42, 1.94e-08, 3.14e-08, 2.12, 0.99, 1e-08, 0
345729601, 1.0, NaN, NaN, NaN, NaN, 1e-08, 0
346248001, 1.86, 7.09e-08, 6.2e-08, 3.22, 1.45, 1e-08, 0
346507201, 2.08, 2.74e-08, 3.75e-08, 2.14, 0.82, 1e-08, 0
347025601, 1.14, 3.9e-08, 4.92e-08, 2.53, 1.9, 1e-08, 0
347284801, 1.36, 5.13e-08, 5.15e-08, 5.0, 0, 1e-08, 0
348062401, 2.37, 7.48e-09, 1.31e-08, 1.33, 0.87, 1e-08, 0
348321601, 2.17, 4.06e-08, 3.7e-08, 2.02, 0.58, 1e-08, 0
348580801, 1.61, 6.65e-08, 7.04e-08, 5.0, 0, 1e-08, 0
349099201, 8.67, 1.26e-07, 6.08e-08, 2.91, 0.66, 1e-08, 0
349876801, 1.0, NaN, NaN, NaN, NaN, 1e-08, 0
350136001, 5.56, 1.39e-07, 6.8e-08, 3.74, 3.67, 1e-08, 102
350395201, 1.48, 7.17e-08, 6.61e-08, 3.3, 2.21, 1e-08, 0
350654401, 4.59, 9.2e-09, 1.15e-08, 1.47, 0.66, 1e-08, 0
351432001, 4.22, 8.77e-08, 5.62e-08, 2.81, 0.82, 1e-08, 0
352209601, 13.65, 2.89e-09, 3.95e-09, 0.0, 0, 1e-08, 0
352468801, 3.95, 1.14e-07, 8.48e-08, 3.15, 1.78, 1e-08, 0
352987201, 2.45, 2.94e-08, 3.11e-08, 2.23, 0.73, 1e-08, 0
353246401, 1.65, 1.97e-08, 2.7e-08, 2.19, 0.88, 1e-08, 0
354024001, 4.91, 4.08e-08, 3.11e-08, 1.95, 0.43, 1e-08, 0
355579201, 1.28, 7.77e-08, 2.46e-07, 4.59, 0.83, 1e-08, 0
356097601, 1.84, 7.19e-08, 5.99e-08, 3.71, 6.03, 1e-08, 102
357652801, 1.22, 3.4e-08, 3.94e-08, 2.54, 0.87, 1e-08, 0
358171201, 1.29, 4.85e-08, 4.87e-08, 3.03, 1.57, 1e-08, 0
358948801, 3.27, 6.65e-08, 5.15e-08, 2.5, 0.62, 1e-08, 0
359467201, 5.14, 1.38e-07, 8.29e-08, 5.0, 0, 1e-08, 0
361540801, 4.23, 7.27e-08, 4.82e-08, 2.48, 0.5, 1e-08, 0
362577601, 4.02, 4.55e-09, 5.56e-09, 0.77, 0.72, 1e-08, 0
362836801, 7.68, 1.47e-07, 8.28e-08, 5.0, 0, 1e-08, 0
363614401, 4.1, 6.02e-08, 4.39e-08, 2.39, 0.59, 1e-08, 0
364392001, 1.08, 1.09e-08, 2.04e-08, 2.01, 1.13, 1e-08, 0
365947201, 1.15, 7.46e-09, 1.15e-08, 1.3, 0.72, 1e-08, 0
366206401, 1.35, 2.07e-08, 3.08e-08, 2.25, 0.9, 1e-08, 0
366724801, 12.51, 7.06e-09, 6.92e-09, 0.87, 0.54, 1e-08, 0
366984001, 2.76, 1.13e-07, 9.6e-08, 3.49, 5.24, 1e-08, 102
367243201, 1.2, 9.85e-09, 1.59e-08, 1.77, 0.86, 1e-08, 0
367502401, 5.01, 1.33e-08, 1.67e-08, 1.59, 0.61, 1e-08, 0
367761601, 3.19, 5.65e-08, 4.2e-08, 2.17, 0.48, 1e-08, 0
368798401, 2.79, 1.74e-08, 2.31e-08, 1.67, 0.68, 1e-08, 0
369316801, 1.41, 4.47e-08, 5.21e-08, 2.75, 1.05, 1e-08, 0
370612801, 3.24, 3.84e-08, 3.17e-08, 2.57, 1.14, 1e-08, 0
371131201, 1.12, 3e-08, 3.52e-08, 2.17, 0.63, 1e-08, 0
371390401, 3.62, 1.37e-07, 9.21e-08, 3.62, 4.24, 1e-08, 102
371649601, 1.55, 6.37e-08, 5.93e-08, 4.88, 3.34, 1e-08, 0
372168001, 1.01, 1.47e-08, 2.2e-08, 2.06, 0.86, 1e-08, 0
372686401, 11.81, 1.95e-07, 9.4e-08, 5.0, 0, 1e-08, 0
372945601, 1.0, NaN, NaN, NaN, NaN, 1e-08, 0
373464001, 4.41, 8.2e-08, 5.48e-08, 2.65, 0.62, 1e-08, 0
373723201, 3.53, 5.13e-08, 3.99e-08, 2.06, 0.47, 1e-08, 0
373982401, 1.01, 5.52e-08, 9.77e-08, 4.52, 18.7, 1e-08, 0
374760001, 3.6, 3.81e-08, 4.28e-08, 2.2, 0.68, 1e-08, 0
375019201, 2.26, 1.1e-08, 1.2e-08, 1.36, 0.54, 1e-08, 0
375278401, 1.31, 5.69e-08, 6.03e-08, 5.0, 0.1, 1e-08, 0
376574401, 4.4, 5.26e-08, 4.37e-08, 2.41, 0.7, 1e-08, 0
377092801, 1.79, 6.68e-08, 6.42e-08, 5.0, 0, 1e-08, 0
377611201, 1.14, 1.05e-08, 1.72e-08, 1.71, 0.81, 1e-08, 0
377870401, 4.68, 4.24e-08, 3.5e-08, 1.97, 0.55, 1e-08, 0
378388801, 1.46, 1.4e-08, 1.82e-08, 1.91, 0.85, 1e-08, 0
378648001, 1.33, 7.26e-08, 7.36e-08, 4.16, 0.74, 1e-08, 0
379166401, 12.84, 8.71e-09, 7.71e-09, 0.81, 0.55, 1e-08, 0
379684801, 2.79, 4.69e-08, 3.93e-08, 2.52, 0.69, 1e-08, 0
380203201, 1.98, 4.12e-08, 4.01e-08, 2.32, 0.72, 1e-08, 0
380721601, 3.87, 3.45e-08, 5.35e-08, 1.85, 0.96, 1e-08, 0
381499201, 1.86, 5.25e-08, 5.42e-08, 2.53, 1.21, 1e-08, 0
385646401, 6.77, 1.43e-07, 8.28e-08, 5.0, 0, 1e-08, 0
386164801, 19.12, 2.32e-08, 1.57e-08, 1.21, 0.36, 1e-08, 0
386424001, 3.7, 5.29e-08, 6.21e-08, 2.58, 0.92, 1e-08, 0
387460801, 2.64, 8.86e-08, 7.25e-08, 3.19, 1.3, 1e-08, 0
388238401, 7.21, 1.27e-08, 1.28e-08, 1.16, 0.51, 1e-08, 0
388497601, 5.3, 9.94e-08, 5.78e-08, 2.75, 0.85, 1e-08, 0
389016001, 4.4, 1.01e-07, 8.48e-08, 2.97, 1.52, 1e-08, 0
390052801, 1.68, 7.32e-08, 6.69e-08, 3.31, 1.2, 1e-08, 0
390312001, 5.63, 4.13e-08, 3.17e-08, 2.03, 0.47, 1e-08, 0
390571201, 13.85, 5.56e-08, 3.29e-08, 2.2, 0.41, 1e-08, 0
391089601, 3.45, 7.95e-08, 5.24e-08, 2.38, 0.69, 1e-08, 0
391867201, 14.84, 2.87e-09, 3.82e-09, 0.0, 0, 1e-08, 0
392126401, 5.88, 1.47e-07, 8.98e-08, 5.0, 0, 1e-08, 0
392904001, 4.83, 3.71e-08, 3.33e-08, 2.15, 0.59, 1e-08, 0
393163201, 14.97, 1.18e-07, 4.88e-08, 2.27, 0.31, 1e-08, 0
393422401, 13.26, 1.09e-07, 5.32e-08, 2.34, 0.37, 1e-08, 0
393940801, 11.34, 4.85e-08, 3.18e-08, 1.85, 0.39, 1e-08, 0
394200001, 2.39, 1.17e-07, 8.82e-08, 3.98, 5.08, 1e-08, 102
394459201, 4.37, 1.18e-07, 7.22e-08, 2.75, 0.64, 1e-08, 0
394977601, 2.61, 3.89e-08, 3.84e-08, 2.21, 0.63, 1e-08, 0
395236801, 7.37, 1.78e-08, 1.66e-08, 1.49, 0.52, 1e-08, 0
395496001, 5.06, 4.43e-08, 6.16e-08, 2.25, 0.83, 1e-08, 0
395755201, 1.83, 6.41e-08, 5.41e-08, 2.92, 0.84, 1e-08, 0
396014401, 2.2, 7.32e-08, 6.47e-08, 5.0, 0, 1e-08, 0
396273601, 7.9, 1.51e-07, 7.2e-08, 3.91, 3.27, 1e-08, 102
396532801, 4.63, 3.81e-09, 5.22e-09, 0.98, 0.8, 1e-08, 0
397051201, 13.34, 1.25e-08, 1.09e-08, 1.13, 0.45, 1e-08, 0
397310401, 8.65, 2.25e-08, 1.83e-08, 1.38, 0.44, 1e-08, 0
397569601, 7.75, 2.38e-08, 1.91e-08, 1.61, 0.46, 1e-08, 0
397828801, 20.92, 7.02e-08, 3.57e-08, 1.82, 0.32, 1e-08, 0
398088001, 1.41, 3.89e-08, 4.1e-08, 2.36, 0.79, 1e-08, 0
398347201, 3.54, 1.62e-08, 1.87e-08, 1.65, 0.63, 1e-08, 0
398865601, 13.07, 1.28e-07, 7.39e-08, 1.83, 0.35, 1e-08, 0
399124801, 2.06, 4.57e-08, 4.77e-08, 2.02, 0.71, 1e-08, 0
399384001, 3.3, 6.21e-08, 5.68e-08, 2.26, 0.72, 1e-08, 0
399643201, 10.3, 4.82e-08, 3.77e-08, 1.76, 0.46, 1e-08, 0
399902401, 3.44, 6.35e-08, 5.65e-08, 2.37, 0.7, 1e-08, 0
400161601, 10.14, 2.55e-08, 2.32e-08, 1.6, 0.46, 1e-08, 0
400420801, 6.13, 3.77e-09, 4.84e-09, 0.86, 0.83, 1e-08, 0
400939201, 3.66, 1.2e-07, 6.9e-08, 4.09, 4.28, 1e-08, 102
401198401, 4.97, 3.52e-08, 3.82e-08, 2.07, 0.71, 1e-08, 0
401716801, 9.06, 1.01e-07, 5.73e-08, 2.41, 0.43, 1e-08, 0
401976001, 1.09, 5e-08, 5.29e-08, 3.16, 4.66, 1e-08, 0
402235201, 13.59, 7.31e-08, 4e-08, 2.0, 0.34, 1e-08, 0
402494401, 1.05, 4.92e-08, 1.05e-07, 3.48, 8.88, 1e-08, 102
402753601, 1.59, 3.8e-09, 6.03e-09, 1.22, 0.87, 1e-08, 0
403012801, 3.01, 8.52e-08, 6.38e-08, 3.3, 2.25, 1e-08, 0
403531201, 2.11, 1.95e-08, 2.66e-08, 1.87, 0.73, 1e-08, 0
403790401, 7.34, 3.24e-09, 3.55e-09, 0.67, 0.72, 1e-08, 0
404049601, 9.54, 4.63e-08, 3.31e-08, 1.9, 0.42, 1e-08, 0
404308801, 1.33, 6.21e-09, 1.05e-08, 1.36, 0.87, 1e-08, 0
404827201, 5.46, 1.24e-07, 6.98e-08, 3.11, 1.83, 1e-08, 0
405086401, 28.03, 7.22e-08, 3.1e-08, 1.67, 0.25, 1e-08, 0
405345601, 12.34, 1.52e-07, 6.8e-08, 2.77, 0.58, 1e-08, 0
405864001, 2.74, 7.97e-08, 6.82e-08, 5.0, 0, 1e-08, 0
406123201, 3.82, 2.03e-08, 2.29e-08, 1.82, 0.63, 1e-08, 0
406382401, 8.15, 5.32e-08, 4.89e-08, 2.18, 0.6, 1e-08, 0
406641601, 6.03, 6.9e-09, 1.24e-08, 1.21, 0.92, 1e-08, 0
406900801, 3.21, 1.04e-07, 6.21e-08, 3.97, 4.42, 1e-08, 102
407419201, 2.92, 3.71e-08, 5.31e-08, 2.27, 0.97, 1e-08, 0
408456001, 5.54, 2.33e-08, 3.07e-08, 1.59, 0.76, 1e-08, 0
409233601, 4.2, 1.95e-08, 1.91e-08, 1.53, 0.52, 1e-08, 0
410529601, 3.79, 1.57e-07, 1.2e-07, 5.0, 0, 1e-08, 0
410788801, 1.32, 2.2e-08, 3.88e-08, 2.16, 1.06, 1e-08, 0
412603201, 1.66, 2.17e-08, 2.54e-08, 2.18, 0.72, 1e-08, 0
413121601, 3.24, 9.21e-09, 9.51e-09, 1.45, 0.53, 1e-08, 0
413640001, 1.95, 7.51e-08, 5.71e-08, 3.83, 5.81, 1e-08, 102
413899201, 2.47, 2.67e-08, 3.61e-08, 2.04, 0.76, 1e-08, 0
415195201, 1.59, 1.12e-07, 1.66e-07, 1.56, 0.93, 1e-08, 0
418305601, 2.15, 7.77e-08, 6.1e-08, 2.95, 1.32, 1e-08, 0
418824001, 1.23, 5.45e-08, 6.34e-08, 2.63, 0.95, 1e-08, 0
419342401, 5.53, 5.66e-08, 5.92e-08, 2.02, 0.64, 1e-08, 0
420120001, 7.4, 4.22e-09, 5.08e-09, 1.01, 0.71, 1e-08, 0
420638401, 1.01, 4.33e-08, 4.89e-08, 3.04, 1.55, 1e-08, 0
420897601, 4.49, 1.12e-07, 6.18e-08, 3.34, 0.65, 1e-08, 0
423489601, 2.79, 5.31e-08, 5.19e-08, 2.45, 0.71, 1e-08, 0
423748801, 2.42, 4.13e-08, 4.06e-08, 2.31, 0.66, 1e-08, 0
424008001, 6.84, 5.91e-08, 4.31e-08, 2.09, 0.45, 1e-08, 0
424267201, 1.01, 1.16e-08, 2.12e-08, 1.77, 0.98, 1e-08, 0
425044801, 1.1, 2.19e-08, 3.08e-08, 2.37, 0.92, 1e-08, 0
425822401, 2.64, 2.5e-08, 2.57e-08, 2.06, 0.67, 1e-08, 0
427896001, 4.53, 4.71e-08, 3.15e-08, 2.62, 0.57, 1e-08, 0
428155201, 2.43, 7.14e-08, 5.68e-08, 5.0, 0, 1e-08, 0
430228801, 13.15, 2.77e-08, 1.71e-08, 1.38, 0.35, 1e-08, 0
431006401, 1.26, 9.82e-08, 1.01e-07, 3.35, 1.6, 1e-08, 0
431265601, 3.14, 7.93e-08, 6.57e-08, 2.66, 1.1, 1e-08, 0
432820801, 1.21, 7.32e-08, 8.17e-08, 5.0, 0, 1e-08, 0
433080001, 4.31, 1.33e-07, 7.71e-08, 3.64, 4.4, 1e-08, 102
434116801, 1.1, 1.2e-08, 1.93e-08, 1.69, 0.84, 1e-08, 0
435672001, 3.15, 1.39e-07, 9.7e-08, 2.98, 1.07, 1e-08, 0
436190401, 7.82, 6.17e-08, 4.92e-08, 2.24, 0.53, 1e-08, 0
437745601, 2.78, 5.71e-08, 6.07e-08, 2.53, 0.86, 1e-08, 0
438523201, 1.95, 4.1e-08, 4.32e-08, 1.95, 0.66, 1e-08, 0
439041601, 1.16, 6.52e-08, 1.13e-07, 3.41, 8.87, 1e-08, 102
439819201, 6.83, 8.01e-08, 4.8e-08, 2.2, 0.4, 1e-08, 0
441633601, 1.68, 6.53e-08, 5.89e-08, 4.94, 1.23, 1e-08, 0
441892801, 4.08, 1.15e-07, 6.32e-08, 4.64, 3.93, 1e-08, 102
442152001, 7.5, 1.65e-08, 2.73e-08, 1.57, 0.84, 1e-08, 0
442670401, 2.76, 6.59e-08, 6.63e-08, 2.83, 1.55, 1e-08, 0
443188801, 4.67, 9.88e-08, 7.42e-08, 2.92, 0.75, 1e-08, 0
443966401, 7.84, 5.01e-08, 5.22e-08, 2.12, 0.68, 1e-08, 0
444484801, 1.74, 7.24e-08, 7.87e-08, 5.0, 0, 1e-08, 0
444744001, 1.66, 7.44e-08, 5.97e-08, 3.92, 6.18, 1e-08, 102
445262401, 4.72, 2.28e-08, 2.04e-08, 1.57, 0.48, 1e-08, 0
446040001, 2.9, 7.04e-08, 4.88e-08, 2.92, 0.8, 1e-08, 0
447854401, 16.58, 2.82e-09, 3.56e-09, 0.0, 0.12, 1e-08, 0
448372801, 3.32, 1.3e-07, 8.52e-08, 3.71, 4.98, 1e-08, 102
449150401, 3.54, 2.33e-07, 2.25e-06, 5.0, 0, 1e-08, 102
450446401, 12.45, 9.85e-08, 4.66e-08, 2.35, 0.36, 1e-08, 0
451224001, 3.43, 1.93e-08, 2.04e-08, 1.7, 0.64, 1e-08, 0
451742401, 1.7, 2.12e-08, 3.32e-08, 1.85, 0.84, 1e-08, 0
452520001, 9.13, 2.44e-08, 4.67e-08, 1.83, 1.07, 1e-08, 0
454075201, 7.0, 8.08e-09, 8.61e-09, 0.87, 0.89, 1e-08, 0
454334401, 6.04, 3.15e-08, 2.63e-08, 1.85, 0.53, 1e-08, 0
455630401, 2.57, 8.39e-08, 7.09e-08, 5.0, 0, 1e-08, 0
455889601, 3.41, 7.79e-09, 1.11e-08, 1.54, 0.8, 1e-08, 0
457185601, 4.7, 9.29e-08, 5.29e-08, 2.76, 0.66, 1e-08, 0
457444801, 2.36, 6.5e-08, 4.69e-08, 3.44, 5.74, 1e-08, 102
457704001, 1.66, 3.68e-09, 6.32e-09, 0.91, 0.95, 1e-08, 0
458740801, 8.35, 5.72e-09, 8.16e-09, 0.88, 0.84, 1e-08, 0
459000001, 1.47, 4.4e-08, 5.82e-08, 2.91, 1.58, 1e-08, 0
459777601, 2.76, 8.77e-08, 7.83e-08, 5.0, 0, 1e-08, 0
460036801, 1.2, 5.54e-08, 7.46e-08, 3.51, 7.91, 1e-08, 102
460555201, 9.54, 3.19e-09, 3.41e-09, 0.75, 0.68, 1e-08, 0
461073601, 2.02, 5.57e-08, 5.02e-08, 2.78, 0.73, 1e-08, 0
462628801, 8.97, 2.38e-08, 2.61e-08, 1.69, 0.6, 1e-08, 0
463147201, 4.14, 1.11e-07, 6.78e-08, 3.15, 1.23, 1e-08, 0
463924801, 5.91, 4.55e-09, 5.09e-09, 1.0, 0.63, 1e-08, 0
464961601, 1.45, 1.37e-08, 1.74e-08, 1.68, 0.64, 1e-08, 0
465480001, 1.65, 4.64e-08, 5.08e-08, 2.34, 0.72, 1e-08, 0
465739201, 1.7, 2.11e-08, 3.04e-08, 1.99, 0.81, 1e-08, 0
466257601, 7.19, 8.56e-08, 4.76e-08, 2.48, 0.5, 1e-08, 0
466516801, 9.67, 6.62e-09, 9.79e-09, 1.15, 0.76, 1e-08, 0
466776001, 1.11, 4.47e-08, 4.87e-08, 2.87, 1.18, 1e-08, 0
467294401, 2.58, 4.82e-09, 7.18e-09, 1.25, 0.83, 1e-08, 0
467553601, 3.2, 9.08e-08, 7.64e-08, 3.47, 5.27, 1e-08, 102
468331201, 7.61, 6.81e-08, 4.9e-08, 2.42, 0.57, 1e-08, 0
470664001, 9.04, 2.05e-08, 1.97e-08, 1.56, 0.49, 1e-08, 0
470923201, 1.08, 4.62e-08, 5.1e-08, 3.04, 2.99, 1e-08, 0
471182401, 3.05, 3.12e-08, 2.8e-08, 1.82, 0.54, 1e-08, 0
471441601, 2.54, 4.75e-08, 4.24e-08, 2.6, 0.87, 1e-08, 0
471700801, 3.04, 4.19e-08, 3.55e-08, 2.38, 0.63, 1e-08, 0
473256001, 4.27, 2.52e-08, 2.84e-08, 1.92, 0.65, 1e-08, 0
474292801, 2.41, 5.08e-08, 4.53e-08, 2.38, 0.68, 1e-08, 0
475070401, 2.27, 4.2e-08, 4.51e-08, 2.26, 0.66, 1e-08, 0
476107201, 1.73, 2.51e-08, 3.73e-08, 2.35, 1.02, 1e-08, 0
476884801, 1.2, 1.33e-08, 2.48e-08, 2.1, 1.23, 1e-08, 0
477662401, 2.15, 6.77e-08, 5.73e-08, 5.0, 0, 1e-08, 0
478699201, 1.36, 9.37e-09, 1.2e-08, 1.26, 0.73, 1e-08, 0
479995201, 6.09, 1.38e-07, 7.32e-08, 3.6, 3.69, 1e-08, 102
480254401, 1.74, 6.29e-09, 1.12e-08, 1.45, 0.98, 1e-08, 0
480772801, 1.14, 5.02e-08, 5.06e-08, 3.71, 7.69, 1e-08, 102
481550401, 3.77, 1.3e-07, 9.22e-08, 5.0, 0, 1e-08, 0
482846401, 1.41, 2.73e-08, 3.77e-08, 2.09, 0.8, 1e-08, 0
483105601, 3.75, 1.81e-08, 1.82e-08, 1.69, 0.6, 1e-08, 0
483364801, 1.14, 2.84e-08, 3.63e-08, 2.16, 0.76, 1e-08, 0
483624001, 1.64, 1.08e-08, 1.84e-08, 1.78, 0.87, 1e-08, 0
484142401, 7.51, 1.33e-08, 1.4e-08, 1.33, 0.54, 1e-08, 0
484401601, 26.07, 6.11e-08, 3.5e-08, 1.69, 0.31, 1e-08, 0
484660801, 6.5, 6.97e-08, 3.95e-08, 2.48, 0.49, 1e-08, 0
484920001, 14.64, 1.14e-07, 5.3e-08, 2.48, 0.41, 1e-08, 0
485179201, 1.73, 4.29e-08, 4.44e-08, 2.68, 1.05, 1e-08, 0
485697601, 1.09, 1.7e-08, 2.73e-08, 2.01, 0.92, 1e-08, 0
485956801, 11.58, 9.45e-08, 4.85e-08, 2.13, 0.36, 1e-08, 0
486993601, 1.18, 6.04e-08, 7.07e-08, 5.0, 0, 1e-08, 0
487512001, 2.39, 2.36e-08, 2.93e-08, 2.05, 0.69, 1e-08, 0
487771201, 3.84, 1e-07, 7.42e-08, 2.66, 0.69, 1e-08, 0
488548801, 24.55, 1.72e-07, 6.7e-08, 2.19, 0.31, 1e-08, 0
489067201, 18.72, 7.83e-08, 4.76e-08, 1.85, 0.38, 1e-08, 0
489326401, 10.17, 1.57e-07, 7.41e-08, 2.88, 0.93, 1e-08, 0
489585601, 51.02, 9.81e-08, 3.69e-08, 1.63, 0.21, 1e-08, 0
489844801, 8.54, 6.67e-08, 4.43e-08, 2.1, 0.47, 1e-08, 0
490104001, 32.6, 1.27e-07, 5.09e-08, 1.9, 0.28, 1e-08, 0
490363201, 2.38, 2.25e-08, 3.13e-08, 2.01, 0.8, 1e-08, 0
490622401, 3.32, 1.01e-07, 8.08e-08, 2.68, 1.01, 1e-08, 0
490881601, 48.02, 2.94e-07, 8.5e-08, 2.2, 0.24, 1e-08, 0
491140801, 17.09, 7.85e-08, 4.77e-08, 2.03, 0.39, 1e-08, 0
491400001, 6.23, 8.55e-08, 5.33e-08, 2.66, 0.66, 1e-08, 0
491659201, 5.61, 1.05e-07, 5.59e-08, 2.99, 0.76, 1e-08, 0
491918401, 3.84, 4.58e-07, 3.33e-07, 3.25, 1.28, 1e-08, 0
492436801, 3.87, 1.25e-07, 9.1e-08, 5.0, 0, 1e-08, 0
492696001, 13.92, 5.62e-08, 4.14e-08, 1.86, 0.42, 1e-08, 0
492955201, 1.17, 1.13e-08, 2.01e-08, 1.89, 0.97, 1e-08, 0
493214401, 7.48, 9.6e-08, 5.51e-08, 2.49, 0.48, 1e-08, 0
493473601, 3.7, 1.89e-08, 1.98e-08, 1.64, 0.52, 1e-08, 0
493732801, 20.9, 1.03e-07, 4.59e-08, 1.97, 0.31, 1e-08, 0
493992001, 12.88, 4.98e-09, 9.54e-09, 0.86, 1.16, 1e-08, 0
494251201, 2.67, 5.22e-08, 4.21e-08, 2.51, 0.69, 1e-08, 0
494769601, 59.19, 2.31e-07, 6.3e-08, 2.07, 0.21, 1e-08, 0
495028801, 8.34, 5.63e-08, 5.77e-08, 2.0, 0.71, 1e-08, 0
495547201, 1.25, 2.47e-08, 4.32e-08, 2.18, 1.04, 1e-08, 0
496065601, 2.59, 5.72e-08, 5.35e-08, 2.63, 1.27, 1e-08, 0
496584001, 1.35, 4.06e-08, 4.35e-08, 2.59, 0.87, 1e-08, 0
497102401, 1.48, 3.88e-08, 4.31e-08, 2.29, 0.96, 1e-08, 0
497361601, 2.87, 1.15e-07, 7.61e-08, 4.33, 1.13, 1e-08, 0
497620801, 21.23, 2.27e-07, 7.7e-08, 2.69, 0.34, 1e-08, 0
497880001, 19.73, 1.32e-07, 6e-08, 2.16, 0.33, 1e-08, 0
498139201, 9.93, 1.94e-07, 8.2e-08, 3.12, 0.76, 1e-08, 0
498398401, 6.61, 9.91e-08, 5.48e-08, 2.44, 0.46, 1e-08, 0
499435201, 1.92, 3.69e-08, 6.53e-08, 1.8, 1.1, 1e-08, 0
499694401, 7.25, 4.31e-08, 4.96e-08, 1.58, 0.61, 1e-08, 0
500472001, 1.4, 5.27e-08, 1.14e-07, 3.31, 8.38, 1e-08, 102
500990401, 25.26, 2.5e-08, 1.51e-08, 1.27, 0.32, 1e-08, 0
501768001, 7.83, 7.38e-08, 3.91e-08, 2.12, 0.36, 1e-08, 0
502027201, 2.19, 3.48e-08, 4.32e-08, 2.12, 0.72, 1e-08, 0
502545601, 2.31, 3.91e-08, 4.16e-08, 2.27, 0.81, 1e-08, 0
503323201, 12.37, 2.77e-09, 3.01e-09, 0.26, 1.09, 1e-08, 0
503841601, 4.91, 4.05e-08, 4.32e-08, 2.06, 0.6, 1e-08, 0
504100801, 9.27, 2.88e-08, 2.78e-08, 1.66, 0.49, 1e-08, 0
504878401, 6.1, 5.35e-08, 4.53e-08, 2.09, 0.56, 1e-08, 0
505137601, 3.49, 9.02e-08, 5.77e-08, 3.39, 1.88, 1e-08, 0
505396801, 2.15, 5.97e-08, 5.03e-08, 2.79, 0.83, 1e-08, 0
505656001, 3.73, 4.98e-08, 3.92e-08, 2.31, 0.61, 1e-08, 0
505915201, 5.64, 6.7e-08, 4.62e-08, 2.29, 0.54, 1e-08, 0
506174401, 1.16, 5.42e-08, 5.5e-08, 3.03, 0.91, 1e-08, 0
506433601, 6.46, 4.62e-08, 5.26e-08, 2.2, 0.64, 1e-08, 0
506952001, 23.71, 1.58e-07, 6.09e-08, 2.29, 0.3, 1e-08, 0
507211201, 4.79, 1.59e-08, 2.43e-08, 1.67, 0.81, 1e-08, 0
507470401, 14.43, 1.54e-07, 5.6e-08, 2.72, 0.39, 1e-08, 0
507988801, 4.78, 4.98e-08, 5.02e-08, 2.23, 0.67, 1e-08, 0
508248001, 4.68, 1.05e-07, 5.98e-08, 3.04, 0.89, 1e-08, 0
508766401, 4.81, 2.74e-08, 2.32e-08, 1.44, 0.48, 1e-08, 0
509025601, 7.57, 1.71e-08, 2.24e-08, 1.49, 0.76, 1e-08, 0
509284801, 20.57, 2.12e-07, 7.6e-08, 2.88, 0.41, 1e-08, 0
509544001, 7.61, 1.51e-07, 8.09e-08, 5.0, 0, 1e-08, 0
509803201, 4.28, 2.56e-08, 2.59e-08, 1.81, 0.56, 1e-08, 0
510062401, 24.42, 5.03e-08, 3.8e-08, 1.76, 0.42, 1e-08, 0
510321601, 2.22, 2.61e-08, 2.82e-08, 2.01, 0.62, 1e-08, 0
510580801, 119.57, 1.94e-07, 5e-08, 1.66, 0.16, 1e-08, 0
510840001, 228.69, 3.35e-07, 6.6e-08, 1.79, 0.13, 1e-08, 0
511099201, 121.49, 3.1e-07, 7e-08, 1.97, 0.16, 1e-08, 0
511358401, 51.62, 2e-07, 6.7e-08, 2.04, 0.24, 1e-08, 0
511617601, 17.18, 8.91e-08, 4.51e-08, 1.97, 0.31, 1e-08, 0
511876801, 12.28, 4.87e-08, 8.65e-08, 1.97, 0.94, 1e-08, 0
512136001, 25.57, 6.64e-08, 4.38e-08, 1.75, 0.38, 1e-08, 0
512395201, 44.73, 1.88e-07, 5.6e-08, 2.26, 0.24, 1e-08, 0
512654401, 48.71, 1.31e-07, 5.07e-08, 1.8, 0.23, 1e-08, 0
512913601, 18.44, 1.44e-07, 6.63e-08, 2.43, 0.39, 1e-08, 0
513172801, 23.48, 1.64e-07, 7.5e-08, 2.31, 0.36, 1e-08, 0
513432001, 2.83, 2.92e-08, 4.8e-08, 1.98, 0.9, 1e-08, 0
513691201, 23.15, 1.1e-07, 6.11e-08, 2.05, 0.37, 1e-08, 0
513950401, 6.35, 8.89e-08, 5.62e-08, 2.74, 0.63, 1e-08, 0
514209601, 14.64, 3.67e-08, 2.8e-08, 1.71, 0.43, 1e-08, 0
514468801, 10.37, 8.22e-08, 5.06e-08, 2.18, 0.46, 1e-08, 0
514728001, 16.68, 1.4e-07, 5.49e-08, 2.69, 0.44, 1e-08, 0
514987201, 40.66, 1.59e-07, 5.8e-08, 2.08, 0.25, 1e-08, 0
515246401, 52.22, 2.27e-07, 6.7e-08, 2.25, 0.25, 1e-08, 0
515505601, 26.78, 1.3e-07, 5.12e-08, 1.9, 0.26, 1e-08, 0
515764801, 10.46, 7.78e-08, 5.31e-08, 2.21, 0.45, 1e-08, 0
516024001, 21.85, 1.45e-07, 5.41e-08, 2.24, 0.29, 1e-08, 0
516283201, 8.04, 1.3e-07, 6.3e-08, 2.63, 0.48, 1e-08, 0
516542401, 48.03, 1.31e-07, 4.31e-08, 1.92, 0.22, 1e-08, 0
516801601, 13.15, 9.23e-08, 4.48e-08, 2.15, 0.4, 1e-08, 0
517060801, 16.68, 5.33e-08, 3.3e-08, 1.74, 0.35, 1e-08, 0
517579201, 1.61, 6.7e-08, 6.2e-08, 5.0, 0, 1e-08, 0
517838401, 4.76, 1.76e-08, 2.12e-08, 1.56, 0.63, 1e-08, 0
518097601, 7.4, 6.39e-08, 4.2e-08, 1.93, 0.38, 1e-08, 0
518356801, 26.21, 1.05e-07, 4.5e-08, 1.86, 0.27, 1e-08, 0
518616001, 33.61, 1.42e-07, 6.02e-08, 2.03, 0.3, 1e-08, 0
518875201, 11.14, 2e-07, 8.1e-08, 3.31, 0.97, 1e-08, 0
519134401, 7.7, 1.56e-07, 8.2e-08, 5.0, 0, 1e-08, 0
519393601, 11.41, 1.11e-07, 5.57e-08, 2.43, 0.43, 1e-08, 0
519652801, 4.34, 1.13e-07, 7.51e-08, 2.99, 0.77, 1e-08, 0
519912001, 8.78, 1.06e-07, 5.68e-08, 2.64, 0.49, 1e-08, 0
520171201, 34.33, 1.52e-07, 5.21e-08, 1.9, 0.23, 1e-08, 0
520430401, 2.2, 7.27e-08, 8.15e-08, 2.57, 0.88, 1e-08, 0
520689601, 9.27, 1.25e-07, 6.72e-08, 2.34, 0.44, 1e-08, 0
520948801, 4.02, 7.35e-08, 6.72e-08, 2.72, 1.48, 1e-08, 0
521208001, 4.73, 5.78e-08, 4.31e-08, 2.28, 0.54, 1e-08, 0
521467201, 30.96, 1.37e-07, 4.93e-08, 2.13, 0.25, 1e-08, 0
521726401, 22.44, 5.51e-08, 4.07e-08, 1.66, 0.42, 1e-08, 0
521985601, 11.43, 3.61e-08, 2.72e-08, 1.7, 0.42, 1e-08, 0
522244801, 4.68, 1.05e-07, 6.89e-08, 2.81, 1.26, 1e-08, 0
522504001, 2.94, 8.68e-08, 6.93e-08, 2.98, 0.95, 1e-08, 0
522763201, 6.25, 1.58e-07, 9.28e-08, 5.0, 0, 1e-08, 0
523022401, 11.95, 1.23e-07, 6.38e-08, 2.7, 0.51, 1e-08, 0
523540801, 5.78, 1.03e-07, 5.72e-08, 2.59, 0.89, 1e-08, 0
523800001, 6.68, 1.83e-08, 1.94e-08, 1.66, 0.6, 1e-08, 0
524059201, 13.76, 5.02e-08, 4.06e-08, 1.94, 0.46, 1e-08, 0
524318401, 5.35, 1.37e-07, 6.81e-08, 3.97, 3.65, 1e-08, 102
524577601, 2.68, 1.01e-07, 6.41e-08, 4.5, 4.77, 1e-08, 102
524836801, 21.77, 6.59e-09, 5.31e-09, 0.7, 0.54, 1e-08, 0
525096001, 21.71, 9.87e-08, 5.01e-08, 1.92, 0.3, 1e-08, 0
525355201, 6.72, 4.12e-08, 3.2e-08, 1.95, 0.49, 1e-08, 0
525614401, 1.7, 7.54e-08, 6.28e-08, 3.67, 6.36, 1e-08, 102
525873601, 1.21, 5.26e-08, 5.46e-08, 2.99, 1.24, 1e-08, 0
526132801, 14.67, 1.2e-07, 5.61e-08, 2.54, 0.42, 1e-08, 0
526392001, 5.93, 3.87e-08, 2.69e-08, 1.85, 0.44, 1e-08, 0
526651201, 11.14, 6.44e-08, 3.49e-08, 2.04, 0.35, 1e-08, 0
526910401, 19.1, 2.24e-07, 7.7e-08, 2.63, 0.34, 1e-08, 0
527428801, 6.65, 7.23e-09, 8.59e-09, 0.85, 0.66, 1e-08, 0
527947201, 16.13, 8e-08, 4.5e-08, 2.18, 0.39, 1e-08, 0
528465601, 2.57, 7.62e-08, 5.57e-08, 3.0, 1.53, 1e-08, 0
528724801, 4.64, 9.3e-08, 7.2e-08, 2.64, 0.75, 1e-08, 0
528984001, 2.73, 3.58e-09, 4.18e-09, 0.73, 0.67, 1e-08, 0
529502401, 5.88, 8.18e-08, 5.53e-08, 2.28, 0.45, 1e-08, 0
530020801, 5.66, 7.73e-08, 4.75e-08, 2.47, 0.48, 1e-08, 0
530280001, 7.27, 4.83e-08, 4.16e-08, 2.15, 0.53, 1e-08, 0
530539201, 1.38, 6.14e-08, 6.66e-08, 5.0, 0, 1e-08, 0
530798401, 5.11, 3.5e-08, 3.12e-08, 2.0, 0.51, 1e-08, 0
531057601, 10.57, 1.72e-08, 1.46e-08, 1.43, 0.46, 1e-08, 0
531316801, 2.3, 8.63e-08, 7.96e-08, 3.83, 5.55, 1e-08, 102
531835201, 2.79, 6.35e-08, 6.84e-08, 2.72, 1.04, 1e-08, 0
532612801, 4.99, 3.1e-08, 2.42e-08, 1.8, 0.44, 1e-08, 0
533390401, 1.39, 5.91e-08, 6.59e-08, 5.0, 0, 1e-08, 0
534168001, 1.06, 5.55e-08, 6.55e-08, 5.0, 0, 1e-08, 0
534427201, 2.09, 6.59e-08, 5.41e-08, 2.96, 1.12, 1e-08, 0
534686401, 2.7, 1.04e-07, 7.01e-08, 3.7, 4.98, 1e-08, 102
535204801, 1.08, 5.38e-08, 5.53e-08, 4.0, 7.34, 1e-08, 102
535464001, 2.06, 3.31e-08, 4.19e-08, 2.33, 0.91, 1e-08, 0
535982401, 7.21, 8.19e-09, 1.1e-08, 1.27, 0.66, 1e-08, 0
536760001, 4.27, 4.68e-09, 6.13e-09, 1.14, 0.73, 1e-08, 0
537019201, 6.14, 9.91e-08, 5.88e-08, 2.81, 0.74, 1e-08, 0
537278401, 1.16, 5.42e-08, 5.35e-08, 4.18, 7.3, 1e-08, 102
537796801, 5.35, 1.29e-08, 1.27e-08, 1.43, 0.54, 1e-08, 0
538315201, 1.63, 6.47e-08, 5.71e-08, 3.48, 6.63, 1e-08, 102
538574401, 20.13, 2.32e-07, 7.6e-08, 3.02, 0.38, 1e-08, 0
538833601, 1.28, 2.39e-08, 2.99e-08, 1.99, 0.68, 1e-08, 0
541166401, 1.66, 9.29e-09, 1.3e-08, 1.69, 0.78, 1e-08, 0
541425601, 1.25, 4.76e-08, 5.12e-08, 3.29, 2.64, 1e-08, 0
541684801, 3.02, 5.15e-09, 8.16e-09, 1.17, 0.82, 1e-08, 0
542203201, 1.28, 3.27e-08, 3.75e-08, 2.62, 0.8, 1e-08, 0
542462401, 3.37, 6.56e-09, 8.62e-09, 1.41, 0.69, 1e-08, 0
542721601, 4.22, 1.29e-07, 6.9e-08, 3.74, 4.04, 1e-08, 102
546868801, 11.22, 1.12e-07, 4.82e-08, 2.77, 0.43, 1e-08, 0
547905601, 3.21, 6.87e-08, 5.54e-08, 2.39, 0.62, 1e-08, 0
548942401, 3.22, 4.47e-08, 4.64e-08, 2.45, 0.82, 1e-08, 0
551534401, 5.77, 5.51e-09, 6.79e-09, 1.41, 0.62, 1e-08, 0
551793601, 10.13, 1.52e-06, 1.02e-06, 1.76, 0.5, 1e-08, 0
552571201, 5.84, 1.33e-07, 7.09e-08, 2.96, 0.72, 1e-08, 0
552830401, 2.0, 2.1e-08, 2.42e-08, 2.07, 0.61, 1e-08, 0
553089601, 1.68, 5.84e-08, 7.06e-08, 3.76, 6.58, 1e-08, 102
553348801, 4.17, 4.45e-08, 4.13e-08, 2.43, 0.77, 1e-08, 0
553608001, 6.9, 7.02e-08, 3.68e-08, 2.67, 0.5, 1e-08, 0
554126401, 1.31, 3.85e-08, 3.61e-08, 3.46, 7.31, 1e-08, 102
554904001, 1.14, 8.11e-09, 1.2e-08, 1.79, 0.75, 1e-08, 0
555163201, 1.39, 1.67e-08, 1.79e-08, 2.18, 0.62, 1e-08, 0
555681601, 2.18, 2.77e-08, 3.07e-08, 2.37, 0.83, 1e-08, 0
557236801, 1.47, 5.12e-08, 4.28e-08, 3.84, 6.42, 1e-08, 102
557496001, 2.59, 2.66e-08, 3.39e-08, 2.11, 0.96, 1e-08, 0
557755201, 10.85, 1.63e-09, 1.72e-09, 0.55, 0.74, 1e-08, 0
558532801, 1.04, 4.62e-08, 4.97e-08, 4.22, 2.04, 1e-08, 0
558792001, 4.02, 8.13e-09, 9.19e-09, 1.43, 0.56, 1e-08, 0
559051201, 1.51, 1.67e-08, 2.13e-08, 2.12, 0.71, 1e-08, 0
559310401, 1.32, 3.19e-08, 3.24e-08, 2.68, 1.01, 1e-08, 0
559569601, 3.04, 4.57e-09, 7.12e-09, 1.58, 0.8, 1e-08, 0
560088001, 2.33, 2.82e-08, 3.89e-08, 2.41, 1.42, 1e-08, 0
561643201, 2.09, 9.54e-07, 1.02e-06, 2.71, 0.93, 1e-08, 0
563198401, 5.31, 8.32e-08, 6.99e-08, 2.16, 0.52, 1e-08, 0
563457601, 3.73, 2.57e-07, 1.71e-07, 3.54, 1.73, 1e-08, 0
564494401, 1.39, 3.68e-09, 6.74e-09, 1.54, 0.89, 1e-08, 0
564753601, 2.52, 2.65e-08, 2.5e-08, 2.27, 0.55, 1e-08, 0
565012801, 5.86, 2.86e-08, 2.98e-08, 1.93, 0.56, 1e-08, 0
566049601, 2.55, 3.94e-08, 3.28e-08, 2.23, 0.54, 1e-08, 0
567345601, 1.64, 3.31e-08, 3.76e-08, 2.28, 0.96, 1e-08, 0
568641601, 3.0, 4.03e-08, 3.87e-08, 2.15, 0.66, 1e-08, 0
570196801, 1.72, 1.53e-08, 2.49e-08, 2.04, 1.02, 1e-08, 0
571233601, 2.01, 2.61e-08, 2.59e-08, 2.12, 0.59, 1e-08, 0
572011201, 2.98, 1.39e-08, 1.64e-08, 1.76, 0.65, 1e-08, 0
572270401, 4.05, 5.26e-09, 8.12e-09, 1.31, 0.82, 1e-08, 0
573048001, 5.14, 6.12e-08, 4.9e-08, 2.4, 0.61, 1e-08, 0
573307201, 1.45, 1.81e-08, 2.22e-08, 1.98, 0.78, 1e-08, 0
573566401, 4.02, 1.1e-07, 6.47e-08, 4.48, 1.61, 1e-08, 0
573825601, 3.48, 3.38e-08, 3.28e-08, 2.17, 0.67, 1e-08, 0
575121601, 1.69, 1.25e-08, 2.7e-08, 1.9, 1.29, 1e-08, 0
575380801, 1.55, 8.42e-09, 1.4e-08, 1.72, 0.95, 1e-08, 0
576417601, 16.39, 1.18e-07, 5.7e-08, 2.24, 0.39, 1e-08, 0
576676801, 6.9, 3.98e-08, 3.53e-08, 1.95, 0.58, 1e-08, 0
576936001, 1.88, 6.18e-08, 6.53e-08, 1.96, 0.62, 1e-08, 0
577195201, 3.77, 4.39e-08, 4e-08, 1.11, 0.46, 1e-08, 0
578232001, 1.67, 5.96e-08, 5.22e-08, 3.25, 1.12, 1e-08, 0
580046401, 1.97, 2.12e-08, 2.85e-08, 1.98, 0.8, 1e-08, 0
580564801, 3.52, 1.57e-08, 2.51e-08, 1.51, 0.73, 1e-08, 0
581083201, 1.08, 1.82e-08, 3.2e-08, 2.06, 0.89, 1e-08, 0
581860801, 4.83, 8.37e-09, 8.84e-09, 1.05, 0.58, 1e-08, 0
582379201, 12.8, 5.41e-08, 4.6e-08, 2.0, 0.53, 1e-08, 0
582638401, 4.94, 4.05e-08, 3.68e-08, 1.9, 0.51, 1e-08, 0
583156801, 3.8, 3.19e-08, 3.52e-08, 1.68, 0.56, 1e-08, 0
583416001, 5.0, 2.08e-08, 1.78e-08, 1.64, 0.48, 1e-08, 0
583934401, 1.04, 1.12e-08, 2.33e-08, 1.85, 1.06, 1e-08, 0
584193601, 5.31, 6.84e-08, 5.66e-08, 2.18, 0.57, 1e-08, 0
584712001, 5.1, 1.21e-07, 5.87e-08, 3.89, 3.62, 1e-08, 102
585230401, 5.52, 1.92e-09, 2.24e-09, 0.49, 0.93, 1e-08, 0
586008001, 1.66, 4.95e-08, 6.45e-08, 3.12, 7, 1e-08, 102
586785601, 1.96, 5.59e-08, 7.43e-08, 2.72, 1.47, 1e-08, 0
587304001, 3.02, 1.01e-07, 6.81e-08, 4.19, 4.52, 1e-08, 102
589118401, 3.98, 5.98e-08, 4.02e-08, 2.49, 0.54, 1e-08, 0
589377601, 3.92, 7.01e-09, 1.07e-08, 1.57, 0.72, 1e-08, 0
589896001, 6.97, 5.52e-08, 4.48e-08, 2.02, 0.57, 1e-08, 0
591969601, 8.2, 6.61e-09, 7.99e-09, 1.13, 0.63, 1e-08, 0
592488001, 3.15, 7.63e-08, 5.56e-08, 2.99, 1.97, 1e-08, 0
593265601, 10.57, 2.13e-07, 8.6e-08, 4.52, 2.66, 1e-08, 102
594561601, 5.89, 1.51e-07, 7.63e-08, 3.5, 1.97, 1e-08, 0
596116801, 1.57, 1.12e-07, 1.06e-07, 3.28, 1.76, 1e-08, 0
596376001, 7.67, 4.64e-08, 3.01e-08, 1.96, 0.44, 1e-08, 0
597153601, 9.16, 1.35e-08, 1.17e-08, 1.3, 0.47, 1e-08, 0
597412801, 1.02, 9.14e-09, 1.31e-08, 1.42, 0.69, 1e-08, 0
597672001, 2.85, 6.33e-08, 5.06e-08, 2.48, 0.63, 1e-08, 0
598968001, 1.9, 6.75e-08, 5.56e-08, 3.32, 6.31, 1e-08, 102
599745601, 4.59, 9.78e-09, 1.39e-08, 1.5, 0.64, 1e-08, 0
600782401, 1.81, 2.56e-08, 2.87e-08, 2.03, 0.76, 1e-08, 0
601300801, 6.23, 5.63e-09, 8.59e-09, 1.16, 0.8, 1e-08, 0
602337601, 5.52, 1.4e-07, 7.39e-08, 4.96, 0.58, 1e-08, 0
602856001, 13.96, 2.78e-08, 1.91e-08, 1.64, 0.36, 1e-08, 0
603115201, 6.58, 8.32e-09, 8.6e-09, 1.43, 0.56, 1e-08, 0
603374401, 19.15, 1.58e-09, 1.57e-09, 0.0, 0, 1e-08, 0
603892801, 5.37, 1.63e-08, 1.96e-08, 1.77, 0.65, 1e-08, 0
604152001, 3.01, 4.71e-08, 4.1e-08, 2.39, 0.78, 1e-08, 0
604670401, 2.93, 1.07e-07, 8.59e-08, 5.0, 0, 1e-08, 0
604929601, 2.59, 7.51e-08, 6e-08, 3.08, 1.65, 1e-08, 0
605707201, 4.37, 1.64e-08, 2.82e-08, 1.71, 0.88, 1e-08, 0
606225601, 6.04, 6.62e-08, 4.39e-08, 2.3, 0.49, 1e-08, 0
607262401, 2.83, 6.6e-08, 7.72e-08, 2.37, 1.01, 1e-08, 0
608299201, 8.82, 1.47e-07, 7.1e-08, 2.92, 0.55, 1e-08, 0
608558401, 2.4, 5.05e-08, 5.23e-08, 2.6, 1.01, 1e-08, 0
609595201, 100.36, 8.3e-05, 1.32e-05, 4.74, 0.44, 1e-08, 0
610113601, 1.3, 1.52e-08, 1.95e-08, 1.85, 0.71, 1e-08, 0
610372801, 11.83, 1.88e-07, 6.95e-08, 3.29, 1.22, 1e-08, 0
610891201, 11.46, 9.47e-09, 8.1e-09, 1.1, 0.47, 1e-08, 0
611409601, 3.61, 3.76e-08, 4.1e-08, 1.98, 0.58, 1e-08, 0
612446401, 1.81, 6.39e-08, 6.41e-08, 3.05, 1.51, 1e-08, 0
612705601, 2.46, 3.44e-08, 3.43e-08, 2.03, 0.57, 1e-08, 0
612964801, 2.91, 2.45e-08, 2.5e-08, 1.8, 0.55, 1e-08, 0
613224001, 8.0, 7.53e-08, 4.65e-08, 2.67, 0.56, 1e-08, 0
613742401, 1.96, 5.56e-08, 6.44e-08, 3.05, 6.95, 1e-08, 102
614520001, 2.17, 6.74e-08, 5.45e-08, 5.0, 0, 1e-08, 0
614779201, 3.26, 1.15e-08, 1.57e-08, 1.65, 0.75, 1e-08, 0
615038401, 4.26, 1.17e-08, 1.62e-08, 1.47, 0.67, 1e-08, 0
617112001, 17.19, 2.36e-08, 2.99e-08, 1.7, 0.61, 1e-08, 0
617630401, 8.1, 9.15e-08, 3.95e-08, 3.21, 0.99, 1e-08, 0
618408001, 1.71, 7.77e-08, 6.83e-08, 3.51, 6.31, 1e-08, 102
619185601, 7.21, 6.12e-09, 6.35e-09, 1.06, 0.58, 1e-08, 0
619444801, 1.07, 5.67e-08, 1.63e-06, 4.46, 7.13, 1e-08, 102
619704001, 4.42, 4.59e-08, 4.59e-08, 2.42, 0.67, 1e-08, 0
620481601, 4.81, 2.38e-08, 3.23e-08, 1.84, 0.71, 1e-08, 0
620740801, 2.59, 6.38e-08, 5.41e-08, 3.31, 5.72, 1e-08, 102
621000001, 1.21, 1.03e-08, 1.4e-08, 1.73, 0.65, 1e-08, 0
622296001, 4.03, 1.65e-08, 1.78e-08, 1.74, 0.59, 1e-08, 0
622814401, 8.07, 1.38e-07, 6.4e-08, 2.87, 0.49, 1e-08, 0
623073601, 60.4, 0.000455, 0.000109, 3.63, 0.44, 1e-08, 0
623851201, 5.33, 6.27e-08, 4.12e-08, 2.23, 0.46, 1e-08, 0
624369601, 1.18, 1.1e-08, 1.67e-08, 1.58, 0.77, 1e-08, 0
624628801, 3.86, 5.71e-08, 4.22e-08, 2.22, 0.54, 1e-08, 0
624888001, 3.02, 3.85e-09, 5.06e-09, 0.87, 0.77, 1e-08, 0
625665601, 5.39, 8.02e-09, 1.19e-08, 1.34, 0.75, 1e-08, 0
626184001, 1.77, 7.14e-08, 6.04e-08, 3.56, 6.32, 1e-08, 102
626702401, 7.8, 2.3e-08, 4.65e-08, 1.32, 1.06, 1e-08, 0
626961601, 3.92, 1.17e-07, 9.81e-08, 2.3, 0.66, 1e-08, 0
627220801, 3.7, 2.29e-07, 1.52e-07, 4.33, 4.36, 1e-08, 102
627480001, 1.06, 8.29e-08, 1.22e-07, 2.78, 1.51, 1e-08, 0
627998401, 3.44, 4.69e-07, 5.03e-07, 2.58, 1.06, 1e-08, 0
628516801, 6.33, 4.16e-08, 3.91e-08, 1.89, 0.5, 1e-08, 0
628776001, 1.55, 1.56e-08, 1.85e-08, 1.8, 0.63, 1e-08, 0
629294401, 2.46, 8.74e-08, 6.36e-08, 4.56, 1.54, 1e-08, 0
629812801, 1.71, 6.97e-08, 6.15e-08, 3.03, 1.26, 1e-08, 0
630072001, 1.5, 1.45e-08, 2.05e-08, 1.83, 0.77, 1e-08, 0
631886401, 7.93, 1.42e-08, 1.13e-08, 1.42, 0.41, 1e-08, 0
632145601, 6.72, 1.47e-07, 1.16e-07, 3.24, 3.86, 1e-08, 102
633182401, 1.33, 3.24e-08, 4.4e-08, 2.51, 1.12, 1e-08, 0
633700801, 6.22, 1.17e-08, 1.9e-08, 1.47, 0.78, 1e-08, 0
634737601, 1.41, 3.17e-08, 3.74e-08, 2.43, 0.81, 1e-08, 0
634996801, 1.0, 2.47e-08, 3.73e-08, 2.57, 1.35, 1e-08, 0
635256001, 1.61, 1.02e-08, 1.65e-08, 1.8, 0.88, 1e-08, 0
635774401, 2.25, 5.27e-08, 4.63e-08, 2.61, 0.98, 1e-08, 0
636033601, 4.75, 3.05e-08, 3.16e-08, 2.04, 0.64, 1e-08, 0
636811201, 1.85, 5.83e-08, 5.66e-08, 2.89, 1.38, 1e-08, 0
637070401, 8.7, 2.92e-08, 2.27e-08, 1.7, 0.43, 1e-08, 0
637588801, 2.74, 7.7e-08, 4.91e-08, 3.97, 4.89, 1e-08, 102
638366401, 2.65, 9.41e-08, 6.99e-08, 3.9, 5.08, 1e-08, 102
638625601, 1.52, 6.32e-08, 6.79e-08, 5.0, 0, 1e-08, 0
640440001, 2.09, 4.46e-08, 4.03e-08, 2.35, 0.68, 1e-08, 0
640699201, 5.42, 2.19e-07, 1.16e-07, 4.56, 3.59, 1e-08, 102
641217601, 4.36, 6.92e-08, 6.26e-08, 1.87, 0.55, 1e-08, 0
641736001, 783.62, 0.018, 0, 5.0, 0, 1e-08, 0
642513601, 2.08, 1.64e-08, 2.28e-08, 1.7, 0.7, 1e-08, 0
643032001, 4.22, 1.12e-08, 1.06e-08, 1.27, 0.5, 1e-08, 0
643291201, 4.69, 1.32e-07, 7.49e-08, 3.41, 1.34, 1e-08, 0
644587201, 1.1, 7.24e-09, 1.36e-08, 1.71, 1, 1e-08, 0
645364801, 5.49, 6.72e-08, 4.29e-08, 2.77, 0.58, 1e-08, 0
646401601, 1.72, 6.3e-08, 6.4e-08, 5.0, 0, 1e-08, 0
647438401, 1.39, 6.42e-08, 7.16e-08, 5.0, 0, 1e-08, 0
647697601, 3.7, 1.03e-07, 5.92e-08, 4.05, 4.25, 1e-08, 102
648216001, 1.7, 6.14e-08, 7.36e-08, 3.17, 3.2, 1e-08, 0
649252801, 1.04, 1.23e-08, 1.75e-08, 1.91, 0.72, 1e-08, 0
649771201, 3.7, 7.37e-08, 4.01e-08, 3.97, 4.12, 1e-08, 102
650289601, 3.99, 1.08e-07, 7.69e-08, 3.14, 1.71, 1e-08, 0
650548801, 2.65, 7.99e-08, 6.82e-08, 2.35, 0.66, 1e-08, 0
650808001, 1.28, 6.29e-08, 6.58e-07, 5.0, 0, 1e-08, 102
651067201, 4.39, 1.1e-07, 7.09e-08, 5.0, 0, 1e-08, 0
653140801, 1.04, 3.87e-08, 1.21e-07, 3.66, 0.87, 1e-08, 0
653659201, 5.84, 1.32e-07, 7.32e-08, 3.47, 3.88, 1e-08, 102
654177601, 1.89, 4.96e-08, 4.16e-08, 2.94, 1.25, 1e-08, 0
654696001, 3.35, 7.68e-08, 6.93e-08, 2.41, 0.78, 1e-08, 0
654955201, 128.04, 0.00602, 0.00141, 4.45, 0.12, 1e-08, 0
657028801, 6.01, 5.82e-09, 7.01e-09, 0.98, 0.63, 1e-08, 0
657547201, 3.16, 9.86e-08, 7.35e-08, 5.0, 0, 1e-08, 0
658065601, 9.42, 9.14e-08, 5.08e-08, 2.39, 0.42, 1e-08, 0
658843201, 5.57, 2.19e-08, 3.33e-08, 1.52, 0.77, 1e-08, 0
659620801, 10.68, 6.07e-08, 1.01e-07, 1.67, 0.91, 1e-08, 0
660657601, 3.39, 8.1e-08, 8.01e-08, 3.44, 5.24, 1e-08, 102
660916801, 1.47, 5.07e-08, 4.66e-08, 2.83, 0.86, 1e-08, 0
661435201, 1.23, 3.3e-08, 4.56e-08, 2.31, 0.92, 1e-08, 0
662472001, 5.22, 2.46e-08, 2.53e-08, 1.82, 0.56, 1e-08, 0
662731201, 8.33, 1.52e-07, 7.71e-08, 5.0, 0, 1e-08, 0
662990401, 4.89, 3.08e-08, 4.15e-08, 2.15, 0.83, 1e-08, 0
663249601, 1.1, 4.46e-08, 4.43e-08, 3.91, 7.28, 1e-08, 102
664804801, 1.93, 6.67e-08, 6.02e-07, 5.0, 0, 1e-08, 102
665582401, 3.07, 9.34e-08, 7.58e-08, 5.0, 0, 1e-08, 0
667137601, 3.56, 6.3e-08, 4.09e-08, 2.85, 0.78, 1e-08, 0
667396801, 4.46, 8.22e-08, 5.56e-08, 3.58, 4.2, 1e-08, 102
667656001, 7.05, 8.87e-08, 4.46e-08, 2.75, 0.48, 1e-08, 0
668692801, 2.56, 8.17e-08, 5.95e-08, 3.29, 0.88, 1e-08, 0
669470401, 4.65, 2.12e-08, 2.74e-08, 1.81, 0.73, 1e-08, 0
669729601, 6.02, 2.43e-09, 2.48e-09, 0.0, 0, 1e-08, 0
670248001, 2.7, 4.05e-08, 3.74e-08, 2.38, 0.73, 1e-08, 0
670507201, 4.18, 1.17e-07, 7.9e-08, 5.0, 0, 1e-08, 0
671025601, 7.48, 4.81e-08, 4.14e-08, 1.93, 0.48, 1e-08, 0
671544001, 1.43, 4.55e-08, 4.68e-08, 2.99, 0.9, 1e-08, 0
671803201, 2.1, 8.64e-08, 8.07e-08, 5.0, 0, 1e-08, 0
672062401, 11.66, 3.94e-08, 4.65e-08, 1.92, 0.59, 1e-08, 0
672580801, 7.93, 1.93e-07, 9.31e-08, 2.82, 0.46, 1e-08, 0
673876801, 4.8, 7.2e-08, 6.49e-08, 2.48, 0.72, 1e-08, 0
674395201, 2.3, 5.06e-08, 4.12e-08, 2.52, 0.63, 1e-08, 0
674913601, 6.03, 6.18e-09, 6.62e-09, 1.09, 0.56, 1e-08, 0
676209601, 2.16, 1.11e-08, 1.84e-08, 1.61, 0.85, 1e-08, 0
677246401, 5.37, 1.01e-07, 5.69e-08, 5.0, 0, 1e-08, 0
677505601, 1.63, 2.5e-08, 2.58e-08, 2.15, 0.77, 1e-08, 0
677764801, 7.34, 4.23e-08, 3.7e-08, 1.9, 0.5, 1e-08, 0
678283201, 3.8, 4.01e-08, 3.62e-08, 1.99, 0.55, 1e-08, 0
679060801, 9.16, 1.66e-07, 7.71e-08, 3.49, 3.07, 1e-08, 102
679320001, 1.0, 4.93e-08, 6.25e-08, 5.0, 0, 1e-08, 0
679579201, 4.23, 6.42e-08, 5.48e-08, 2.4, 0.59, 1e-08, 0
680616001, 1.16, 4.79e-08, 4.67e-08, 3.82, 7.16, 1e-08, 102
680875201, 2.55, 6.01e-08, 4.28e-08, 4.25, 3.02, 1e-08, 0
681393601, 8.4, 2.98e-08, 2.81e-08, 2.04, 0.52, 1e-08, 0
681652801, 2.46, 5.65e-08, 4.74e-08, 5.0, 0, 1e-08, 0
682430401, 7.87, 1.91e-07, 9.4e-08, 3.82, 3.22, 1e-08, 102
682689601, 2.63, 7.31e-08, 5.86e-08, 2.66, 0.72, 1e-08, 0
682948801, 1.32, 7.01e-09, 1.22e-08, 1.46, 0.84, 1e-08, 0
684504001, 1.01, 5.76e-08, 6.37e-08, 4.88, 2.61, 1e-08, 0
685022401, 1.46, 3.35e-08, 3.74e-08, 2.56, 0.82, 1e-08, 0
685540801, 5.47, 8.09e-08, 8.01e-08, 2.57, 1.07, 1e-08, 0
686059201, 5.89, 8.49e-08, 4.9e-08, 2.66, 0.64, 1e-08, 0
686318401, 7.21, 7.49e-08, 4.42e-08, 2.25, 0.41, 1e-08, 0
687096001, 49.6, 0.000846, 0.000206, 3.72, 0.4, 1e-08, 0
688651201, 2.11, 3.86e-08, 4.03e-08, 2.34, 0.71, 1e-08, 0
688910401, 4.49, 1.3e-07, 7.2e-08, 3.93, 4.02, 1e-08, 102
689169601, 1.5, 7.64e-08, 7.78e-08, 5.0, 0, 1e-08, 0
689428801, 2.06, 8.29e-08, 6.2e-08, 4.26, 5.39, 1e-08, 102
689947201, 1.36, 6.7e-08, 6.81e-08, 5.0, 0, 1e-08, 0
690465601, 2.03, 5.28e-08, 5.83e-08, 2.2, 0.69, 1e-08, 0
692539201, 2.99, 6.27e-08, 4.52e-08, 2.59, 0.7, 1e-08, 0
692798401, 3.56, 9.36e-09, 1.31e-08, 1.5, 0.74, 1e-08, 0
693057601, 1.91, 3.48e-08, 3.43e-08, 2.3, 0.8, 1e-08, 0
693576001, 2.28, 8.92e-08, 6.79e-08, 5.0, 0, 1e-08, 0
695131201, 4.91, 6.53e-08, 4.38e-08, 2.79, 0.75, 1e-08, 0
695390401, 2.24, 3.36e-08, 3.16e-08, 2.36, 0.65, 1e-08, 0
695908801, 4.09, 1.19e-07, 6.88e-08, 4.66, 3.97, 1e-08, 102
696427201, 5.57, 1.44e-07, 8.81e-08, 5.0, 0, 1e-08, 0
696686401, 2.14, 2.71e-08, 3.4e-08, 2.13, 0.81, 1e-08, 0
696945601, 1.24, 4.28e-08, 4.93e-08, 2.78, 1.24, 1e-08, 0
697204801, 1.11, 3.97e-08, 4.38e-08, 2.97, 1.9, 1e-08, 0
697464001, 2.51, 9.31e-08, 7.7e-08, 5.0, 0, 1e-08, 0
697982401, 2.1, 7.72e-08, 7.07e-08, 5.0, 0, 1e-08, 0
698760001, 3.75, 7.42e-08, 5.16e-08, 5.0, 0, 1e-08, 0
699019201, 1.92, 5.57e-08, 5.21e-08, 5.0, 0, 1e-08, 0
699278401, 2.15, 6.16e-09, 9.05e-09, 1.72, 0.76, 1e-08, 0
700315201, 1.56, 6.85e-08, 7.43e-08, 5.0, 0, 1e-08, 0
700574401, 1.11, 3.99e-08, 4.92e-08, 2.65, 1.12, 1e-08, 0
701611201, 1.29, 2e-08, 2.54e-08, 1.95, 0.67, 1e-08, 0
701870401, 2.38, 8.5e-08, 6.59e-08, 3.37, 3.06, 1e-08, 0
702129601, 2.54, 1.68e-08, 2.17e-08, 1.54, 0.68, 1e-08, 0
702388801, 2.05, 4.29e-08, 4.47e-08, 2.21, 0.79, 1e-08, 0
703425601, 2.39, 6.21e-08, 6.28e-08, 2.55, 0.9, 1e-08, 0
703944001, 2.71, 6.08e-08, 4.94e-08, 2.34, 0.62, 1e-08, 0
704721601, 4.78, 1.62e-07, 1.48e-07, 3.26, 4.55, 1e-08, 102
705240001, 3.12, 2.18e-07, 1.49e-07, 4.46, 5.22, 1e-08, 102
706276801, 4.94, 7.11e-08, 4.59e-08, 2.53, 0.62, 1e-08, 0
706795201, 2.95, 1.03e-07, 7.99e-08, 5.0, 0, 1e-08, 0
707313601, 2.26, 1.18e-08, 1.96e-08, 1.45, 0.9, 1e-08, 0
707832001, 1.77, 7.95e-08, 6.67e-08, 3.39, 1.43, 1e-08, 0
708609601, 1.43, 9.85e-09, 1.85e-08, 1.77, 0.96, 1e-08, 0
708868801, 1.99, 6.5e-08, 6.11e-08, 5.0, 0, 1e-08, 0
709646401, 3.4, 7.87e-08, 5.71e-08, 2.89, 0.93, 1e-08, 0
710424001, 4.19, 4.46e-08, 3.86e-08, 2.3, 0.68, 1e-08, 0
710683201, 8.26, 1.56e-07, 6.28e-08, 4.27, 2.92, 1e-08, 102
710942401, 1.75, 5.29e-09, 9.5e-09, 1.29, 0.89, 1e-08, 0
711201601, 1.43, 6.15e-08, 6.56e-08, 3.5, 6.66, 1e-08, 102
712238401, 7.15, 9.84e-08, 5.68e-08, 2.67, 0.68, 1e-08, 0
714052801, 2.81, 9.92e-08, 6.66e-08, 4.16, 4.76, 1e-08, 102
714312001, 3.12, 1.28e-07, 8.32e-08, 4.85, 1.53, 1e-08, 0
714830401, 2.91, 1.4e-08, 2.19e-08, 1.77, 0.8, 1e-08, 0
715089601, 1.13, 5.78e-08, 6.63e-08, 5.0, 0, 1e-08, 0
715348801, 1.88, 7.29e-08, 6.33e-08, 5.0, 0, 1e-08, 0
716126401, 1.14, 5.42e-08, 5.77e-08, 3.39, 3.86, 1e-08, 0
716385601, 2.68, 7.51e-09, 1.28e-08, 1.45, 0.9, 1e-08, 0
717163201, 1.32, 2.68e-08, 3.17e-08, 2.33, 0.81, 1e-08, 0
717681601, 1.31, 2.41e-08, 3.23e-08, 2.16, 0.83, 1e-08, 0
717940801, 2.37, 3.58e-08, 3.57e-08, 2.29, 0.71, 1e-08, 0
718459201, 5.06, 1.21e-07, 1e-07, 2.44, 0.82, 1e-08, 0
718718401, 1.16, 1.44e-06, 2.29e-06, 3.44, 1.82, 1e-08, 0
718977601, 27.86, 0.000351, 0.000109, 4.15, 0.58, 1e-08, 0
720273601, 3.12, 8.27e-08, 5.62e-08, 5.0, 0, 1e-08, 0
720532801, 4.66, 1.3e-07, 8.01e-08, 3.67, 4.04, 1e-08, 102
720792001, 3.7, 2.89e-08, 2.91e-08, 1.87, 0.57, 1e-08, 0
721051201, 1.44, 2.86e-08, 3.64e-08, 2.42, 0.95, 1e-08, 0
721310401, 1.16, 5.28e-08, 6.53e-08, 5.0, 0, 1e-08, 0
723124801, 2.56, 7.22e-08, 6.08e-08, 2.72, 0.78, 1e-08, 0
723384001, 4.4, 1.01e-07, 9.71e-08, 2.16, 0.68, 1e-08, 0
723643201, 1.33, 1.82e-07, 1.96e-07, 5.0, 0, 1e-08, 0
724161601, 3.1, 9.2e-08, 5.87e-08, 4.2, 4.5, 1e-08, 102
724420801, 1.54, 2.02e-09, 2.58e-09, 0.37, 0.87, 1e-08, 0
724680001, 6.77, 1.47e-07, 6.63e-08, 4.88, 3.14, 1e-08, 102
724939201, 3.04, 8.14e-08, 5.45e-08, 3.44, 5.1, 1e-08, 102
725198401, 10.29, 2.88e-08, 2.36e-08, 1.67, 0.45, 1e-08, 0
725976001, 4.29, 1.02e-07, 6.02e-08, 2.79, 0.79, 1e-08, 0
727012801, 5.15, 3.16e-08, 3.32e-08, 2.09, 0.56, 1e-08, 0
727272001, 11.62, 9.47e-08, 5.02e-08, 2.55, 0.46, 1e-08, 0
727531201, 3.44, 5.52e-08, 3.94e-08, 2.29, 0.48, 1e-08, 0
727790401, 4.01, 9.66e-08, 6.01e-08, 3.06, 0.82, 1e-08, 0
728049601, 2.78, 9.27e-08, 7.25e-08, 5.0, 0, 1e-08, 0
728568001, 1.58, 6.15e-08, 5.63e-08, 5.0, 0, 1e-08, 0
729086401, 11.98, 7.61e-08, 4.27e-08, 2.32, 0.43, 1e-08, 0
729345601, 7.25, 3.43e-09, 4.66e-09, 0.81, 0.95, 1e-08, 0
729604801, 1.54, 4.29e-08, 4.94e-08, 2.66, 1.17, 1e-08, 0
729864001, 12.35, 1.18e-07, 5.71e-08, 2.27, 0.38, 1e-08, 0
730123201, 9.05, 2.88e-08, 2.68e-08, 1.76, 0.49, 1e-08, 0
730641601, 8.83, 9.07e-08, 4.64e-08, 2.61, 0.62, 1e-08, 0
731160001, 2.65, 1.59e-09, 1.8e-09, 0.09, 1, 1e-08, 0
731678401, 3.65, 1.02e-07, 6.29e-08, 3.45, 1.87, 1e-08, 0
731937601, 1.53, 3.88e-08, 5.02e-08, 2.49, 0.95, 1e-08, 0
732456001, 3.48, 6.59e-08, 5.82e-08, 2.53, 0.73, 1e-08, 0
732715201, 4.19, 1.71e-07, 9.8e-08, 4.58, 4.18, 1e-08, 102
733233601, 8.18, 1.36e-07, 5.98e-08, 5.0, 0, 1e-08, 0
734011201, 4.45, 3.48e-08, 3.27e-08, 2.01, 0.59, 1e-08, 0
734270401, 3.7, 1.09e-07, 1.1e-07, 3.39, 4.94, 1e-08, 102
734529601, 8.22, 1.71e-07, 7.3e-08, 4.0, 3.02, 1e-08, 102
734788801, 4.97, 6.79e-08, 4.29e-08, 2.29, 0.47, 1e-08, 0
735566401, 12.56, 1.78e-08, 1.63e-08, 1.44, 0.46, 1e-08, 0
735825601, 14.09, 4.99e-08, 3.87e-08, 1.93, 0.48, 1e-08, 0
736344001, 1.84, 7.4e-08, 7e-08, 2.58, 0.86, 1e-08, 0
736862401, 3.49, 1.51e-07, 1.17e-07, 5.0, 0, 1e-08, 0
737380801, 3.93, 3.53e-08, 4.01e-08, 1.22, 0.66, 1e-08, 0
737899201, 1.16, 3.56e-08, 3.87e-08, 2.85, 1.06, 1e-08, 0
738417601, 6.7, 3.12e-08, 3.22e-08, 1.71, 0.52, 1e-08, 0
738936001, 1.06, 4.36e-08, 4.81e-08, 2.54, 0.74, 1e-08, 0
739972801, 2.28, 8.68e-08, 6.91e-08, 2.93, 0.91, 1e-08, 0
740232001, 1.01, 2.66e-08, 3.87e-08, 2.5, 1.39, 1e-08, 0
740491201, 1.35, 3.81e-08, 4.02e-08, 2.75, 1.05, 1e-08, 0
740750401, 1.06, 2.99e-08, 4.33e-08, 2.76, 2.42, 1e-08, 0
741268801, 1.5, 3.33e-08, 3.66e-08, 2.18, 0.67, 1e-08, 0
741528001, 1.71, 3.73e-09, 5.12e-09, 1.01, 0.71, 1e-08, 0
741787201, 7.75, 4.22e-09, 4.93e-09, 0.83, 0.72, 1e-08, 0
742046401, 3.81, 3.44e-09, 3.98e-09, 0.71, 0.72, 1e-08, 0
