timestamp, ts, flux, flux_error, photon_index, photon_index_interval, fit_tolerance, fit_convergence
243086401, 1.32, 2.09e-08, 2.52e-08, 2.43, 0, 1e-08, 0
246196801, 1.29, 3.94e-08, 4.23e-08, 2.43, 0, 1e-08, 0
246456001, 5.8, 8.24e-08, 4.56e-08, 2.43, 0, 1e-08, 0
248011201, 1.19, 3.52e-08, 4.18e-08, 2.43, 0, 1e-08, 0
248529601, 3.66, 4.43e-08, 3.36e-08, 2.43, 0, 1e-08, 0
248788801, 2.25, 3.57e-08, 3.21e-08, 2.43, 0, 1e-08, 0
251121601, 2.21, 3.34e-08, 2.96e-08, 2.43, 0, 1e-08, 0
254491201, 3.73, 4.31e-08, 2.97e-08, 2.43, 0, 1e-08, 0
254750401, 1.98, 3.71e-08, 3.12e-08, 2.43, 0, 1e-08, 0
255787201, 4.7, 6.48e-08, 3.92e-08, 2.43, 0, 1e-08, 0
256046401, 2.46, 4.95e-08, 4.04e-08, 2.43, 0, 1e-08, 0
259156801, 1.88, 3.55e-08, 3.45e-08, 2.43, 0, 1e-08, 0
260193601, 1.13, 2.85e-08, 3.27e-08, 2.43, 0, 1e-08, 0
260712001, 1.21, 3.29e-08, 3.67e-08, 2.43, 0, 1e-08, 0
266155201, 3.29, 3.1e-08, 2.85e-08, 2.43, 0, 1e-08, 0
266414401, 3.44, 5.44e-08, 3.74e-08, 2.43, 0, 1e-08, 0
267710401, 3.11, 3.2e-08, 2.8e-08, 2.43, 0, 1e-08, 0
267969601, 4.82, 7.05e-08, 4.02e-08, 2.43, 0, 1e-08, 0
270820801, 2.15, 4.35e-08, 3.83e-08, 2.43, 0, 1e-08, 0
271857601, 2.87, 5.72e-08, 4.09e-08, 2.43, 0, 1e-08, 0
273672001, 3.02, 2.33e-08, 2.47e-08, 2.43, 0, 1e-08, 0
277560001, 11.44, 1.45e-07, 6.6e-08, 2.43, 0, 1e-08, 0
280152001, 4.81, 6.93e-08, 4.37e-08, 2.43, 0, 1e-08, 0
280411201, 2.44, 3.91e-08, 3.69e-08, 2.43, 0, 1e-08, 0
281707201, 1.24, 4.51e-08, 4.89e-08, 2.43, 0, 1e-08, 0
282225601, 4.33, 8.68e-08, 5.22e-08, 2.43, 0, 1e-08, 0
284558401, 7.89, 7.96e-08, 3.94e-08, 2.43, 0, 1e-08, 0
285076801, 2.54, 3.19e-08, 3.09e-08, 2.43, 0, 1e-08, 0
285595201, 3.12, 7.63e-08, 5.58e-08, 2.43, 0, 1e-08, 0
286632001, 2.13, 4.71e-08, 4.68e-08, 2.43, 0, 1e-08, 0
287409601, 1.74, 4.75e-08, 4.39e-08, 2.43, 0, 1e-08, 0
287928001, 8.17, 8.92e-08, 4.86e-08, 2.43, 0, 1e-08, 0
289742401, 1.23, 4.03e-08, 4.19e-08, 2.43, 0, 1e-08, 0
290001601, 1.75, 7.23e-08, 7.16e-08, 2.43, 0, 1e-08, 0
290520001, 2.04, 5.93e-08, 4.97e-08, 2.43, 0, 1e-08, 0
291038401, 4.52, 7.52e-08, 4.9e-08, 2.43, 0, 1e-08, 0
292334401, 1.65, 1.79e-08, 1.8e-08, 2.43, 0, 1e-08, 0
293112001, 1.18, 2.08e-08, 2.59e-08, 2.43, 0, 1e-08, 0
295704001, 2.61, 4.7e-08, 3.79e-08, 2.43, 0, 1e-08, 0
297518401, 10.91, 6.58e-08, 3.64e-08, 2.43, 0, 1e-08, 0
299073601, 2.29, 3.4e-08, 3.48e-08, 2.43, 0, 1e-08, 0
300628801, 3.49, 6.6e-08, 4.79e-08, 2.43, 0, 1e-08, 0
300888001, 1.35, 4.9e-08, 5.01e-08, 2.43, 0, 1e-08, 0
301924801, 2.62, 5.67e-08, 4.33e-08, 2.43, 0, 1e-08, 0
302443201, 1.93, 5.3e-08, 4.78e-08, 2.43, 0, 1e-08, 0
302702401, 5.74, 9.38e-08, 5.04e-08, 2.43, 0, 1e-08, 0
304257601, 2.45, 6.01e-08, 4.9e-08, 2.43, 0, 1e-08, 0
304776001, 7.57, 1.06e-07, 5.51e-08, 2.43, 0, 1e-08, 0
306072001, 1.3, 4.3e-08, 4.63e-08, 2.43, 0, 1e-08, 0
306331201, 17.54, 8.83e-08, 5.18e-08, 2.43, 0, 1e-08, 0
306849601, 2.5, 4.46e-08, 3.74e-08, 2.43, 0, 1e-08, 0
307368001, 1.98, 3.8e-08, 3.41e-08, 2.43, 0, 1e-08, 0
308664001, 1.8, 6.1e-08, 5.5e-08, 2.43, 0, 1e-08, 0
309960001, 2.38, 5.94e-08, 4.87e-08, 2.43, 0, 1e-08, 0
311515201, 7.05, 1.11e-07, 6.12e-08, 2.43, 0, 1e-08, 0
312811201, 1.98, 5.69e-08, 4.93e-08, 2.43, 0, 1e-08, 0
313329601, 1.02, 3.18e-08, 3.72e-08, 2.43, 0, 1e-08, 0
315403201, 1.06, 3.3e-08, 4.01e-08, 2.43, 0, 1e-08, 0
316180801, 1.62, 4.35e-08, 4.03e-08, 2.43, 0, 1e-08, 0
317217601, 1.22, 1.79e-08, 2.32e-08, 2.43, 0, 1e-08, 0
318772801, 2.13, 5.99e-08, 5.11e-08, 2.43, 0, 1e-08, 0
323956801, 2.97, 4.63e-08, 4.05e-08, 2.43, 0, 1e-08, 0
324216001, 4.02, 8.04e-08, 5.27e-08, 2.43, 0, 1e-08, 0
328363201, 5.68, 5.02e-08, 3.88e-08, 2.43, 0, 1e-08, 0
330177601, 1.02, 3.6e-08, 4.46e-08, 2.43, 0, 1e-08, 0
332769601, 7.35, 8.94e-08, 4.57e-08, 2.43, 0, 1e-08, 0
333028801, 3.05, 6.75e-08, 4.53e-08, 2.43, 0, 1e-08, 0
334324801, 2.72, 2.08e-08, 2.16e-08, 2.43, 0, 1e-08, 0
335361601, 1.85, 5.47e-08, 4.72e-08, 2.43, 0, 1e-08, 0
336139201, 1.61, 3.68e-08, 3.64e-08, 2.43, 0, 1e-08, 0
338472001, 4.36, 7.8e-08, 5.2e-08, 2.43, 0, 1e-08, 0
342100801, 1.18, 2.25e-08, 2.92e-08, 2.43, 0, 1e-08, 0
343396801, 10.64, 1.01e-07, 5.01e-08, 2.43, 0, 1e-08, 0
347544001, 3.24, 8.08e-08, 5.53e-08, 2.43, 0, 1e-08, 0
351691201, 2.15, 4.81e-08, 4.19e-08, 2.43, 0, 1e-08, 0
352209601, 5.19, 5.92e-08, 3.95e-08, 2.43, 0, 1e-08, 0
352987201, 3.33, 5.2e-08, 3.64e-08, 2.43, 0, 1e-08, 0
354542401, 1.03, 4.71e-08, 5.17e-08, 2.43, 0, 1e-08, 0
355060801, 1.76, 6.14e-08, 6.27e-08, 2.43, 0, 1e-08, 0
355579201, 1.41, 4.12e-08, 4.32e-08, 2.43, 0, 1e-08, 0
356097601, 2.95, 7.25e-08, 5.87e-08, 2.43, 0, 1e-08, 0
357393601, 3.0, 4.5e-08, 3.8e-08, 2.43, 0, 1e-08, 0
359726401, 2.12, 2.29e-08, 2.58e-08, 2.43, 0, 1e-08, 0
363873601, 2.54, 2.6e-08, 2.74e-08, 2.43, 0, 1e-08, 0
364651201, 2.28, 2.43e-08, 2.59e-08, 2.43, 0, 1e-08, 0
365169601, 10.65, 8.61e-08, 4.81e-08, 2.43, 0, 1e-08, 0
365688001, 5.94, 7.48e-08, 4.41e-08, 2.43, 0, 1e-08, 0
365947201, 10.75, 1.06e-07, 5.11e-08, 2.43, 0, 1e-08, 0
366206401, 1.32, 5.02e-08, 4.89e-08, 2.43, 0, 1e-08, 0
367502401, 2.67, 5.95e-08, 4.36e-08, 2.43, 0, 1e-08, 0
368280001, 1.39, 3.11e-08, 3.47e-08, 2.43, 0, 1e-08, 0
368539201, 2.0, 3.92e-08, 3.74e-08, 2.43, 0, 1e-08, 0
371131201, 3.79, 4.39e-08, 3.29e-08, 2.43, 0, 1e-08, 0
371908801, 2.92, 6.23e-08, 4.76e-08, 2.43, 0, 1e-08, 0
374241601, 4.51, 8.96e-08, 5.17e-08, 2.43, 0, 1e-08, 0
375019201, 4.2, 7.67e-08, 4.82e-08, 2.43, 0, 1e-08, 0
375278401, 1.85, 5.83e-08, 5.45e-08, 2.43, 0, 1e-08, 0
376315201, 4.18, 8.24e-08, 5.47e-08, 2.43, 0, 1e-08, 0
377092801, 1.55, 3.09e-08, 3.25e-08, 2.43, 0, 1e-08, 0
378129601, 6.88, 8.51e-08, 5e-08, 2.43, 0, 1e-08, 0
379944001, 4.88, 9.29e-08, 5.79e-08, 2.43, 0, 1e-08, 0
380980801, 2.51, 5.59e-08, 4.59e-08, 2.43, 0, 1e-08, 0
382536001, 1.6, 3.89e-08, 4.16e-08, 2.43, 0, 1e-08, 0
384350401, 2.45, 3.06e-08, 3.32e-08, 2.43, 0, 1e-08, 0
384609601, 5.24, 9.42e-08, 5.37e-08, 2.43, 0, 1e-08, 0
386164801, 1.0, 4.51e-08, 5.61e-08, 2.43, 0, 1e-08, 0
387201601, 3.05, 4.44e-08, 3.4e-08, 2.43, 0, 1e-08, 0
387460801, 3.3, 4.97e-08, 3.86e-08, 2.43, 0, 1e-08, 0
388238401, 1.4, 4.03e-08, 4.35e-08, 2.43, 0, 1e-08, 0
388756801, 1.81, 5.96e-08, 5.74e-08, 2.43, 0, 1e-08, 0
390052801, 1.03, 3.95e-08, 4.41e-08, 2.43, 0, 1e-08, 0
392385601, 1.52, 3.45e-08, 3.67e-08, 2.43, 0, 1e-08, 0
392644801, 1.07, 4.66e-08, 5.63e-08, 2.43, 0, 1e-08, 0
392904001, 1.82, 4.83e-08, 4.45e-08, 2.43, 0, 1e-08, 0
394718401, 1.45, 3.94e-08, 4.26e-08, 2.43, 0, 1e-08, 0
396273601, 2.22, 4.67e-08, 4.06e-08, 2.43, 0, 1e-08, 0
397051201, 2.28, 4.39e-08, 3.79e-08, 2.43, 0, 1e-08, 0
398347201, 1.27, 4.38e-08, 4.33e-08, 2.43, 0, 1e-08, 0
399384001, 4.52, 7.71e-08, 4.71e-08, 2.43, 0, 1e-08, 0
403531201, 1.23, 3.91e-08, 4.13e-08, 2.43, 0, 1e-08, 0
404049601, 6.68, 5.1e-08, 4e-08, 2.43, 0, 1e-08, 0
405345601, 1.76, 2.94e-08, 3.12e-08, 2.43, 0, 1e-08, 0
406382401, 4.87, 5.4e-08, 3.78e-08, 2.43, 0, 1e-08, 0
406641601, 1.76, 5.56e-08, 5.25e-08, 2.43, 0, 1e-08, 0
407678401, 3.89, 7.54e-08, 5.74e-08, 2.43, 0, 1e-08, 0
408715201, 4.35, 1.88e-07, 1.37e-07, 2.43, 0, 1e-08, 0
412603201, 2.05, 3.17e-08, 2.63e-08, 2.43, 0, 1e-08, 0
413380801, 3.79, 6.62e-08, 5.6e-08, 2.43, 0, 1e-08, 0
414417601, 1.32, 6.49e-08, 7.21e-08, 2.43, 0, 1e-08, 0
416232001, 2.0, 8.39e-08, 7.31e-08, 2.43, 0, 1e-08, 0
416491201, 1.04, 6.09e-08, 6.72e-08, 2.43, 0, 1e-08, 0
421416001, 1.25, 2.99e-08, 3.73e-08, 2.43, 0, 1e-08, 0
423230401, 2.47, 3.9e-08, 3.89e-08, 2.43, 0, 1e-08, 0
423748801, 1.1, 5.48e-08, 6.4e-08, 2.43, 0, 1e-08, 0
425044801, 1.45, 4.39e-08, 4.52e-08, 2.43, 0, 1e-08, 0
425563201, 7.84, 5.43e-08, 4.05e-08, 2.43, 0, 1e-08, 0
426859201, 1.41, 9.9e-08, 9.91e-08, 2.43, 0, 1e-08, 0
427118401, 1.42, 7.82e-08, 8.29e-08, 2.43, 0, 1e-08, 0
427377601, 2.74, 9.35e-08, 7.54e-08, 2.43, 0, 1e-08, 0
427896001, 4.45, 6.07e-08, 3.7e-08, 2.43, 0, 1e-08, 0
429192001, 1.83, 7.37e-08, 7e-08, 2.43, 0, 1e-08, 0
430228801, 1.58, 4.93e-08, 5.67e-08, 2.43, 0, 1e-08, 0
430488001, 3.41, 6.76e-08, 5.67e-08, 2.43, 0, 1e-08, 0
430747201, 1.01, 5.67e-08, 6.84e-08, 2.43, 0, 1e-08, 0
431524801, 9.57, 1.71e-07, 8.61e-08, 2.43, 0, 1e-08, 0
431784001, 2.11, 4.92e-08, 4.78e-08, 2.43, 0, 1e-08, 0
432561601, 1.17, 7.76e-08, 8.17e-08, 2.43, 0, 1e-08, 0
433080001, 1.78, 4.46e-08, 5.24e-08, 2.43, 0, 1e-08, 0
433598401, 1.19, 8.44e-08, 1.18e-07, 2.43, 0, 1e-08, 0
433857601, 2.92, 9.73e-08, 7.57e-08, 2.43, 0, 1e-08, 0
436449601, 4.29, 1e-07, 6.59e-08, 2.43, 0, 1e-08, 0
437486401, 1.71, 8.34e-08, 8.05e-08, 2.43, 0, 1e-08, 0
438004801, 1.9, 9.17e-08, 7.91e-08, 2.43, 0, 1e-08, 0
439041601, 1.87, 8.45e-08, 8.17e-08, 2.43, 0, 1e-08, 0
439300801, 3.05, 1.02e-07, 8.68e-08, 2.43, 0, 1e-08, 0
440078401, 2.25, 2.38e-08, 2.57e-08, 2.43, 0, 1e-08, 0
440337601, 1.49, 5.08e-08, 5.21e-08, 2.43, 0, 1e-08, 0
441374401, 1.34, 3.72e-08, 3.99e-08, 2.43, 0, 1e-08, 0
441633601, 4.48, 7.74e-08, 4.74e-08, 2.43, 0, 1e-08, 0
442152001, 8.73, 1.18e-07, 6.58e-08, 2.43, 0, 1e-08, 0
442670401, 1.25, 4.22e-08, 4.39e-08, 2.43, 0, 1e-08, 0
443188801, 5.51, 8.3e-08, 5.29e-08, 2.43, 0, 1e-08, 0
443448001, 2.93, 4.68e-08, 4.49e-08, 2.43, 0, 1e-08, 0
444225601, 2.51, 5.07e-08, 4.1e-08, 2.43, 0, 1e-08, 0
444484801, 13.5, 1.27e-07, 5.98e-08, 2.43, 0, 1e-08, 0
446040001, 13.49, 1.33e-07, 5.31e-08, 2.43, 0, 1e-08, 0
446299201, 2.48, 8.07e-08, 6.45e-08, 2.43, 0, 1e-08, 0
448632001, 1.55, 8.89e-08, 1.01e-07, 2.43, 0, 1e-08, 0
449668801, 8.99, 2.61e-07, 1.2e-07, 2.43, 0, 1e-08, 0
449928001, 9.33, 9.74e-08, 4.98e-08, 2.43, 0, 1e-08, 0
453297601, 4.52, 7.59e-08, 4.7e-08, 2.43, 0, 1e-08, 0
454334401, 1.64, 3.93e-08, 3.88e-08, 2.43, 0, 1e-08, 0
455630401, 1.03, 3.03e-08, 4.02e-08, 2.43, 0, 1e-08, 0
455889601, 2.45, 4.85e-08, 4.05e-08, 2.43, 0, 1e-08, 0
456926401, 1.4, 4.3e-08, 4.4e-08, 2.43, 0, 1e-08, 0
457444801, 5.24, 3.8e-08, 3.35e-08, 2.43, 0, 1e-08, 0
460814401, 1.81, 4.9e-08, 4.53e-08, 2.43, 0, 1e-08, 0
461073601, 1.29, 4.63e-08, 4.86e-08, 2.43, 0, 1e-08, 0
461332801, 10.95, 1.01e-07, 5.22e-08, 2.43, 0, 1e-08, 0
470145601, 1.28, 4.87e-08, 5.23e-08, 2.43, 0, 1e-08, 0
470664001, 2.32, 6.82e-08, 5.27e-08, 2.43, 0, 1e-08, 0
470923201, 3.77, 6.32e-08, 4.17e-08, 2.43, 0, 1e-08, 0
471441601, 2.33, 7.73e-08, 6.58e-08, 2.43, 0, 1e-08, 0
471700801, 3.06, 5.03e-08, 4.75e-08, 2.43, 0, 1e-08, 0
471960001, 3.68, 5.89e-08, 4.2e-08, 2.43, 0, 1e-08, 0
472219201, 6.66, 6.51e-08, 3.61e-08, 2.43, 0, 1e-08, 0
472478401, 1.08, 3.62e-08, 3.97e-08, 2.43, 0, 1e-08, 0
473256001, 1.75, 3.89e-08, 3.7e-08, 2.43, 0, 1e-08, 0
475588801, 6.69, 1e-07, 6.02e-08, 2.43, 0, 1e-08, 0
476107201, 1.41, 6.12e-08, 6.76e-08, 2.43, 0, 1e-08, 0
476366401, 1.54, 4.11e-08, 4.08e-08, 2.43, 0, 1e-08, 0
476625601, 4.21, 4.68e-08, 3.58e-08, 2.43, 0, 1e-08, 0
477144001, 3.73, 5.77e-08, 3.8e-08, 2.43, 0, 1e-08, 0
477921601, 9.37, 9.32e-08, 4.59e-08, 2.43, 0, 1e-08, 0
478180801, 2.09, 6.59e-08, 5.92e-08, 2.43, 0, 1e-08, 0
478699201, 5.11, 9.48e-08, 5.51e-08, 2.43, 0, 1e-08, 0
479995201, 2.95, 7.86e-08, 5.53e-08, 2.43, 0, 1e-08, 0
480513601, 1.25, 4.07e-08, 4.67e-08, 2.43, 0, 1e-08, 0
482587201, 3.98, 4.35e-08, 3.36e-08, 2.43, 0, 1e-08, 0
486216001, 7.36, 8.48e-08, 4.7e-08, 2.43, 0, 1e-08, 0
486734401, 2.68, 6.24e-08, 4.75e-08, 2.43, 0, 1e-08, 0
488030401, 4.67, 1.09e-07, 7.29e-08, 2.43, 0, 1e-08, 0
488289601, 1.6, 4.68e-08, 4.98e-08, 2.43, 0, 1e-08, 0
488548801, 3.14, 4.96e-08, 3.79e-08, 2.43, 0, 1e-08, 0
489067201, 1.06, 2.85e-08, 3.56e-08, 2.43, 0, 1e-08, 0
489326401, 8.65, 8.27e-08, 4.42e-08, 2.43, 0, 1e-08, 0
489585601, 2.67, 4.93e-08, 3.85e-08, 2.43, 0, 1e-08, 0
490622401, 9.31, 7.2e-08, 5.38e-08, 2.43, 0, 1e-08, 0
490881601, 3.45, 5.17e-08, 5.25e-08, 2.43, 0, 1e-08, 0
491140801, 3.03, 3.99e-08, 3.43e-08, 2.43, 0, 1e-08, 0
492436801, 2.51, 8.01e-08, 5.88e-08, 2.43, 0, 1e-08, 0
492696001, 8.5, 1.19e-07, 5.52e-08, 2.43, 0, 1e-08, 0
493214401, 25.11, 1.91e-07, 6e-08, 2.43, 0, 1e-08, 0
493473601, 3.08, 6.46e-08, 4.72e-08, 2.43, 0, 1e-08, 0
493732801, 1.6, 4.18e-08, 4.3e-08, 2.43, 0, 1e-08, 0
499953601, 1.79, 8.01e-08, 8.18e-08, 2.43, 0, 1e-08, 0
500212801, 1.85, 4.16e-08, 4.64e-08, 2.43, 0, 1e-08, 0
500472001, 1.96, 6.28e-08, 5.69e-08, 2.43, 0, 1e-08, 0
502027201, 7.73, 7.67e-08, 4.34e-08, 2.43, 0, 1e-08, 0
502545601, 4.05, 8.65e-08, 5.62e-08, 2.43, 0, 1e-08, 0
502804801, 4.82, 5.57e-08, 4.83e-08, 2.43, 0, 1e-08, 0
503064001, 6.2, 3.91e-08, 3.2e-08, 2.43, 0, 1e-08, 0
503323201, 4.7, 1.09e-07, 6.23e-08, 2.43, 0, 1e-08, 0
503582401, 5.0, 4.76e-08, 2.93e-08, 2.43, 0, 1e-08, 0
504360001, 4.19, 3.22e-08, 3e-08, 2.43, 0, 1e-08, 0
506952001, 2.77, 6.16e-08, 4.76e-08, 2.43, 0, 1e-08, 0
510321601, 3.87, 6.6e-08, 4.68e-08, 2.43, 0, 1e-08, 0
510580801, 1.28, 4.75e-08, 4.79e-08, 2.43, 0, 1e-08, 0
511876801, 1.61, 4.76e-08, 4.89e-08, 2.43, 0, 1e-08, 0
512395201, 2.82, 4.54e-08, 3.56e-08, 2.43, 0, 1e-08, 0
513172801, 1.03, 3.49e-08, 4.18e-08, 2.43, 0, 1e-08, 0
514209601, 1.0, NaN, NaN, 2.43, 0, 1e-08, 0
515246401, 1.88, 5.33e-08, 4.63e-08, 2.43, 0, 1e-08, 0
515505601, 1.35, 4.87e-08, 5.22e-08, 2.43, 0, 1e-08, 0
518616001, 3.52, 5.48e-08, 4.11e-08, 2.43, 0, 1e-08, 0
521726401, 1.02, 3e-08, 3.54e-08, 2.43, 0, 1e-08, 0
523540801, 2.52, 1.48e-08, 1.65e-08, 2.43, 0, 1e-08, 0
525355201, 5.23, 1.05e-07, 6.28e-08, 2.43, 0, 1e-08, 0
526132801, 1.35, 3.33e-08, 3.71e-08, 2.43, 0, 1e-08, 0
527688001, 4.44, 5.2e-08, 3.51e-08, 2.43, 0, 1e-08, 0
529243201, 5.77, 1.09e-07, 5.72e-08, 2.43, 0, 1e-08, 0
530539201, 3.93, 8.77e-08, 6.51e-08, 2.43, 0, 1e-08, 0
531576001, 1.22, 3.6e-08, 3.9e-08, 2.43, 0, 1e-08, 0
532094401, 2.13, 3.25e-08, 3.03e-08, 2.43, 0, 1e-08, 0
532353601, 2.47, 4.46e-08, 3.64e-08, 2.43, 0, 1e-08, 0
533649601, 1.16, 4.73e-08, 5.03e-08, 2.43, 0, 1e-08, 0
533908801, 1.79, 5.5e-08, 4.88e-08, 2.43, 0, 1e-08, 0
534427201, 1.46, 4.81e-08, 5.52e-08, 2.43, 0, 1e-08, 0
535204801, 3.97, 4.19e-08, 3.87e-08, 2.43, 0, 1e-08, 0
536241601, 1.35, 4.69e-08, 4.67e-08, 2.43, 0, 1e-08, 0
537019201, 13.17, 5.45e-08, 3.14e-08, 2.43, 0, 1e-08, 0
537278401, 1.17, 2.08e-08, 2.59e-08, 2.43, 0, 1e-08, 0
541684801, 1.27, 1.87e-08, 2.31e-08, 2.43, 0, 1e-08, 0
541944001, 1.51, 2.07e-08, 2.5e-08, 2.43, 0, 1e-08, 0
546609601, 1.37, 6.32e-07, 2e-09, 2.43, 0, 1e-08, 101
547387201, 3.65, 7.58e-08, 4.72e-08, 2.43, 0, 1e-08, 0
548164801, 1.17, 1.68e-08, 2.01e-08, 2.43, 0, 1e-08, 0
549720001, 1.32, 3.57e-08, 3.67e-08, 2.43, 0, 1e-08, 0
551275201, 1.53, 2.87e-08, 2.79e-08, 2.43, 0, 1e-08, 0
552830401, 3.82, 1.8e-08, 1.83e-08, 2.43, 0, 1e-08, 0
553608001, 1.38, 1.57e-08, 1.84e-08, 2.43, 0, 1e-08, 0
554126401, 7.47, 6.35e-08, 3.32e-08, 2.43, 0, 1e-08, 0
554385601, 3.64, 4.56e-07, 3.44e-07, 2.43, 0, 1e-08, 0
554904001, 3.76, 2.89e-08, 2.52e-08, 2.43, 0, 1e-08, 0
556459201, 1.0, NaN, NaN, 2.43, 0, 1e-08, 0
556718401, 3.93, 6.32e-08, 4.46e-08, 2.43, 0, 1e-08, 0
559310401, 3.83, 3.69e-08, 2.45e-08, 2.43, 0, 1e-08, 0
559828801, 1.63, 1.54e-08, 1.6e-08, 2.43, 0, 1e-08, 0
560088001, 5.29, 5.89e-08, 3.1e-08, 2.43, 0, 1e-08, 0
560347201, 6.4, 5.47e-08, 3.07e-08, 2.43, 0, 1e-08, 0
561124801, 2.03, 6.24e-08, 5.45e-08, 2.43, 0, 1e-08, 0
562161601, 1.14, 4.32e-08, 4.98e-08, 2.43, 0, 1e-08, 0
562420801, 4.39, 7.18e-08, 4.83e-08, 2.43, 0, 1e-08, 0
562680001, 2.31, 3.33e-08, 2.97e-08, 2.43, 0, 1e-08, 0
562939201, 4.2, 9.83e-08, 6.28e-08, 2.43, 0, 1e-08, 0
563976001, 2.45, 6.3e-08, 4.9e-08, 2.43, 0, 1e-08, 0
567086401, 1.82, 1.35e-08, 1.56e-08, 2.43, 0, 1e-08, 0
567345601, 3.34, 5.71e-08, 3.86e-08, 2.43, 0, 1e-08, 0
567604801, 1.06, 1.26e-08, 1.68e-08, 2.43, 0, 1e-08, 0
570715201, 5.47, 8.09e-08, 4.22e-08, 2.43, 0, 1e-08, 0
572270401, 8.02, 5.55e-08, 3.63e-08, 2.43, 0, 1e-08, 0
572529601, 3.23, 5.47e-08, 4.01e-08, 2.43, 0, 1e-08, 0
573566401, 1.06, 4.02e-08, 4.64e-08, 2.43, 0, 1e-08, 0
573825601, 2.07, 3.14e-08, 3.21e-08, 2.43, 0, 1e-08, 0
574344001, 1.3, 3.86e-08, 4.56e-08, 2.43, 0, 1e-08, 0
575899201, 1.64, 7.12e-08, 7.47e-08, 2.43, 0, 1e-08, 0
576158401, 1.58, 4.85e-08, 4.49e-08, 2.43, 0, 1e-08, 0
577195201, 2.84, 1.32e-07, 1.2e-07, 2.43, 0, 1e-08, 0
578232001, 1.74, 3.74e-08, 3.87e-08, 2.43, 0, 1e-08, 0
579009601, 2.77, 6.07e-08, 4.65e-08, 2.43, 0, 1e-08, 0
579787201, 2.42, 4.06e-08, 3.79e-08, 2.43, 0, 1e-08, 0
580564801, 3.71, 5.09e-08, 3.29e-08, 2.43, 0, 1e-08, 0
581342401, 2.02, 3.05e-08, 2.82e-08, 2.43, 0, 1e-08, 0
581601601, 9.9, 9.05e-08, 3.97e-08, 2.43, 0, 1e-08, 0
581860801, 9.49, 8.1e-08, 4e-08, 2.43, 0, 1e-08, 0
582120001, 2.33, 1.43e-08, 1.6e-08, 2.43, 0, 1e-08, 0
582638401, 1.45, 3.37e-08, 3.44e-08, 2.43, 0, 1e-08, 0
582897601, 2.87, 3.61e-08, 2.93e-08, 2.43, 0, 1e-08, 0
584452801, 4.71, 7.39e-08, 4.38e-08, 2.43, 0, 1e-08, 0
584712001, 2.03, 3.55e-08, 3.18e-08, 2.43, 0, 1e-08, 0
585230401, 6.7, 4.23e-08, 3.1e-08, 2.43, 0, 1e-08, 0
585748801, 1.76, 4.55e-08, 4.06e-08, 2.43, 0, 1e-08, 0
586008001, 6.0, 4.89e-08, 2.88e-08, 2.43, 0, 1e-08, 0
588600001, 6.64, 6.54e-08, 4.27e-08, 2.43, 0, 1e-08, 0
588859201, 1.5, 3.92e-08, 4.24e-08, 2.43, 0, 1e-08, 0
590673601, 2.73, 3.48e-08, 3.04e-08, 2.43, 0, 1e-08, 0
591710401, 10.27, 9.47e-08, 6.3e-08, 2.43, 0, 1e-08, 0
592228801, 5.15, 6.04e-08, 3.71e-08, 2.43, 0, 1e-08, 0
592747201, 2.98, 5.3e-08, 4.03e-08, 2.43, 0, 1e-08, 0
593006401, 1.02, 3.88e-08, 4.47e-08, 2.43, 0, 1e-08, 0
593784001, 3.67, 5.45e-08, 4.85e-08, 2.43, 0, 1e-08, 0
594043201, 6.57, 4.3e-08, 3.54e-08, 2.43, 0, 1e-08, 0
594561601, 5.16, 6.14e-08, 4.96e-08, 2.43, 0, 1e-08, 0
594820801, 6.12, 1.1e-07, 6.72e-08, 2.43, 0, 1e-08, 0
596116801, 3.14, 4.36e-08, 3.69e-08, 2.43, 0, 1e-08, 0
596635201, 3.68, 4.89e-08, 3.67e-08, 2.43, 0, 1e-08, 0
597153601, 1.32, 2.92e-08, 3.43e-08, 2.43, 0, 1e-08, 0
598449601, 6.85, 6.32e-08, 3.59e-08, 2.43, 0, 1e-08, 0
600523201, 2.17, 1.75e-08, 1.95e-08, 2.43, 0, 1e-08, 0
603115201, 4.17, 5.8e-08, 3.81e-08, 2.43, 0, 1e-08, 0
604670401, 1.01, 3.47e-08, 4.08e-08, 2.43, 0, 1e-08, 0
605448001, 1.09, 3.15e-08, 3.56e-08, 2.43, 0, 1e-08, 0
606744001, 5.65, 1.08e-07, 6.19e-08, 2.43, 0, 1e-08, 0
607780801, 5.42, 9.73e-08, 5.99e-08, 2.43, 0, 1e-08, 0
608040001, 1.08, 2.72e-08, 3.22e-08, 2.43, 0, 1e-08, 0
608817601, 2.58, 8.84e-08, 6.38e-08, 2.43, 0, 1e-08, 0
609336001, 6.71, 1.64e-07, 9e-08, 2.43, 0, 1e-08, 0
609854401, 2.27, 5.97e-08, 6.01e-08, 2.43, 0, 1e-08, 0
612964801, 3.07, 5.69e-08, 4.08e-08, 2.43, 0, 1e-08, 0
614001601, 2.19, 2.49e-08, 2.26e-08, 2.43, 0, 1e-08, 0
614260801, 1.3, 3.5e-08, 3.64e-08, 2.43, 0, 1e-08, 0
614779201, 8.23, 8.92e-08, 4.41e-08, 2.43, 0, 1e-08, 0
616852801, 1.09, 2.83e-08, 3.24e-08, 2.43, 0, 1e-08, 0
617889601, 2.15, 1.58e-08, 1.73e-08, 2.43, 0, 1e-08, 0
620740801, 1.76, 5.53e-08, 5.08e-08, 2.43, 0, 1e-08, 0
629035201, 2.34, 4.06e-08, 3.87e-08, 2.43, 0, 1e-08, 0
629553601, 4.84, 7.08e-08, 4.63e-08, 2.43, 0, 1e-08, 0
631886401, 1.24, 2.74e-08, 2.79e-08, 2.43, 0, 1e-08, 0
632404801, 3.57, 6.72e-08, 4.87e-08, 2.43, 0, 1e-08, 0
633700801, 2.38, 5.76e-08, 4.63e-08, 2.43, 0, 1e-08, 0
634737601, 1.11, 1.94e-08, 2.41e-08, 2.43, 0, 1e-08, 0
635774401, 1.5, 5.13e-08, 5.57e-08, 2.43, 0, 1e-08, 0
637588801, 2.55, 4.83e-08, 4.35e-08, 2.43, 0, 1e-08, 0
638366401, 1.54, 4.43e-08, 4.67e-08, 2.43, 0, 1e-08, 0
643291201, 1.22, 4.12e-08, 4.6e-08, 2.43, 0, 1e-08, 0
646660801, 4.81, 6.05e-08, 4.13e-08, 2.43, 0, 1e-08, 0
647697601, 3.14, 5.03e-08, 3.89e-08, 2.43, 0, 1e-08, 0
647956801, 6.93, 6.62e-08, 3.97e-08, 2.43, 0, 1e-08, 0
648216001, 1.56, 5.12e-08, 5.6e-08, 2.43, 0, 1e-08, 0
648475201, 12.22, 1.53e-07, 6.88e-08, 2.43, 0, 1e-08, 0
648734401, 4.91, 4.64e-08, 3.57e-08, 2.43, 0, 1e-08, 0
651326401, 1.19, 4.48e-08, 5.22e-08, 2.43, 0, 1e-08, 0
658324801, 2.33, 6.03e-08, 5.16e-08, 2.43, 0, 1e-08, 0
658584001, 1.76, 3.59e-08, 3.65e-08, 2.43, 0, 1e-08, 0
659880001, 2.08, 3.51e-08, 3.28e-08, 2.43, 0, 1e-08, 0
663249601, 2.29, 3.4e-08, 2.99e-08, 2.43, 0, 1e-08, 0
663508801, 2.41, 2.63e-08, 2.44e-08, 2.43, 0, 1e-08, 0
663768001, 4.05, 3.46e-08, 2.5e-08, 2.43, 0, 1e-08, 0
666100801, 7.52, 7.68e-08, 5.11e-08, 2.43, 0, 1e-08, 0
666878401, 2.21, 3.57e-08, 3.6e-08, 2.43, 0, 1e-08, 0
669211201, 1.53, 5.01e-08, 4.94e-08, 2.43, 0, 1e-08, 0
669729601, 1.11, 1.84e-08, 2.35e-08, 2.43, 0, 1e-08, 0
673617601, 10.95, 1.26e-07, 6.2e-08, 2.43, 0, 1e-08, 0
674136001, 2.63, 5.99e-08, 4.82e-08, 2.43, 0, 1e-08, 0
674395201, 6.92, 9.03e-08, 4.79e-08, 2.43, 0, 1e-08, 0
674654401, 4.1, 5.75e-08, 3.8e-08, 2.43, 0, 1e-08, 0
674913601, 1.29, 4.97e-08, 5.24e-08, 2.43, 0, 1e-08, 0
675172801, 13.71, 9.28e-08, 4.3e-08, 2.43, 0, 1e-08, 0
675691201, 14.08, 1.15e-07, 5.12e-08, 2.43, 0, 1e-08, 0
675950401, 31.89, 1.75e-07, 5.4e-08, 2.43, 0, 1e-08, 0
676728001, 6.32, 6.67e-08, 3.51e-08, 2.43, 0, 1e-08, 0
676987201, 4.65, 5.49e-08, 3.28e-08, 2.43, 0, 1e-08, 0
677246401, 4.4, 4.93e-08, 3.14e-08, 2.43, 0, 1e-08, 0
679579201, 1.03, 2.87e-08, 3.28e-08, 2.43, 0, 1e-08, 0
679838401, 1.53, 4.04e-08, 4.19e-08, 2.43, 0, 1e-08, 0
682171201, 2.4, 5.26e-08, 4.22e-08, 2.43, 0, 1e-08, 0
682430401, 2.04, 4.59e-08, 3.88e-08, 2.43, 0, 1e-08, 0
682948801, 6.19, 5.69e-08, 3.67e-08, 2.43, 0, 1e-08, 0
683208001, 2.5, 5.42e-08, 4.25e-08, 2.43, 0, 1e-08, 0
683985601, 2.27, 6.08e-08, 5.04e-08, 2.43, 0, 1e-08, 0
685540801, 1.03, 4.01e-08, 4.9e-08, 2.43, 0, 1e-08, 0
689688001, 6.75, 1.07e-07, 5.4e-08, 2.43, 0, 1e-08, 0
692539201, 2.39, 4.94e-08, 4.2e-08, 2.43, 0, 1e-08, 0
694094401, 2.79, 5.18e-08, 4.41e-08, 2.43, 0, 1e-08, 0
697982401, 2.86, 8.31e-08, 5.81e-08, 2.43, 0, 1e-08, 0
698500801, 1.97, 2.66e-08, 2.78e-08, 2.43, 0, 1e-08, 0
699019201, 1.65, 3.48e-08, 3.32e-08, 2.43, 0, 1e-08, 0
699278401, 1.05, 2.17e-08, 2.82e-08, 2.43, 0, 1e-08, 0
700833601, 2.15, 8.5e-08, 7.69e-08, 2.43, 0, 1e-08, 0
703166401, 1.4, 3.84e-08, 4.02e-08, 2.43, 0, 1e-08, 0
707054401, 2.75, 5.25e-08, 4.2e-08, 2.43, 0, 1e-08, 0
707832001, 1.4, 3.02e-08, 3.27e-08, 2.43, 0, 1e-08, 0
708091201, 2.27, 3.44e-08, 2.81e-08, 2.43, 0, 1e-08, 0
710164801, 1.42, 2.66e-08, 2.92e-08, 2.43, 0, 1e-08, 0
717163201, 1.23, 4.8e-08, 5.2e-08, 2.43, 0, 1e-08, 0
720014401, 1.69, 2.92e-08, 3.18e-08, 2.43, 0, 1e-08, 0
720792001, 1.23, 2.32e-08, 3.02e-08, 2.43, 0, 1e-08, 0
723643201, 1.37, 3.68e-08, 3.89e-08, 2.43, 0, 1e-08, 0
723902401, 1.5, 5.28e-08, 4.84e-08, 2.43, 0, 1e-08, 0
726753601, 6.08, 6.51e-08, 3.47e-08, 2.43, 0, 1e-08, 0
727531201, 1.62, 2.78e-08, 2.7e-08, 2.43, 0, 1e-08, 0
728049601, 4.78, 8.28e-08, 5e-08, 2.43, 0, 1e-08, 0
735307201, 3.96, 5.56e-08, 3.89e-08, 2.43, 0, 1e-08, 0
736084801, 3.03, 5.36e-08, 3.86e-08, 2.43, 0, 1e-08, 0
738936001, 4.4, 3.63e-08, 3.21e-08, 2.43, 0, 1e-08, 0
739454401, 1.88, 3.27e-08, 3.17e-08, 2.43, 0, 1e-08, 0
739972801, 1.79, 4.45e-08, 4.22e-08, 2.43, 0, 1e-08, 0
741528001, 1.36, 2.4e-08, 2.82e-08, 2.43, 0, 1e-08, 0
