timestamp, ts, flux, flux_error, photon_index, photon_index_interval, fit_tolerance, fit_convergence
240883201, 31.25, 7.37e-09, 4.14e-09, 1.35, 0.22, 1e-08, 0
243475201, 8.36, 1.26e-08, 1.45e-08, 1.94, 0.46, 1e-08, 0
248659201, 25.63, 6.44e-08, 2.74e-08, 2.3, 0.25, 1e-08, 0
251251201, 5.75, 6.87e-08, 3.11e-08, 4.08, 2.31, 1e-08, 0
253843201, 59.26, 3.58e-08, 1.66e-08, 1.86, 0.2, 1e-08, 0
256435201, 36.54, 3.47e-08, 1.63e-08, 1.91, 0.21, 1e-08, 0
259027201, 29.76, 9.71e-09, 8.91e-09, 1.56, 0.34, 1e-08, 0
261619201, 9.6, 2.75e-08, 1.82e-08, 2.17, 0.32, 1e-08, 0
264211201, 6.05, 2.18e-08, 2.2e-08, 2.22, 0.51, 1e-08, 0
266803201, 21.68, 1.06e-08, 7.38e-09, 1.56, 0.27, 1e-08, 0
269395201, 37.7, 9.07e-09, 6.61e-09, 1.47, 0.27, 1e-08, 0
271987201, 15.8, 2.78e-08, 1.95e-08, 2.06, 0.32, 1e-08, 0
274579201, 13.36, 1.64e-08, 1.39e-08, 1.9, 0.34, 1e-08, 0
277171201, 23.76, 1.86e-08, 1.36e-08, 1.83, 0.29, 1e-08, 0
279763201, 15.77, 3.93e-08, 2.7e-08, 2.16, 0.33, 1e-08, 0
282355201, 21.37, 1.75e-08, 1.67e-08, 1.84, 0.37, 1e-08, 0
284947201, 13.96, 3.9e-09, 5.91e-09, 1.33, 0.58, 1e-08, 0
287539201, 10.21, 1.57e-08, 1.93e-08, 1.91, 0.48, 1e-08, 0
290131201, 3.59, 6.39e-08, 2.83e-08, 4.63, 2.16, 1e-08, 102
292723201, 9.53, 1.42e-08, 1.86e-08, 1.94, 0.5, 1e-08, 0
295315201, 18.88, 4.15e-09, 3.48e-09, 1.34, 0.33, 1e-08, 0
297907201, 19.1, 3.69e-08, 2.83e-08, 2.2, 0.35, 1e-08, 0
300499201, 13.19, 2.99e-08, 2.04e-08, 2.0, 0.3, 1e-08, 0
303091201, 6.45, 1.88e-08, 2.09e-08, 2.01, 0.5, 1e-08, 0
305683201, 2.28, 4.44e-08, 3.66e-08, 3.18, 1.17, 1e-08, 0
308275201, 2.11, 4.42e-08, 3.23e-08, 3.7, 0.96, 1e-08, 0
310867201, 23.68, 3.97e-08, 1.92e-08, 2.02, 0.22, 1e-08, 0
313459201, 14.08, 1.04e-08, 7.87e-09, 1.67, 0.29, 1e-08, 0
316051201, 26.75, 1.26e-08, 9.98e-09, 1.59, 0.3, 1e-08, 0
318643201, 16.86, 7.12e-09, 5.18e-09, 1.46, 0.29, 1e-08, 0
321235201, 2.51, 3.01e-08, 2.77e-08, 2.52, 0.6, 1e-08, 0
323827201, 21.46, 4.91e-08, 2.24e-08, 2.23, 0.25, 1e-08, 0
326419201, 33.71, 3.91e-08, 2.22e-08, 1.99, 0.26, 1e-08, 0
329011201, 29.39, 3.93e-09, 3.1e-09, 1.17, 0.35, 1e-08, 0
331603201, 18.7, 1.84e-08, 1.27e-08, 1.8, 0.29, 1e-08, 0
334195201, 7.37, 4.8e-08, 3.29e-08, 2.52, 0.43, 1e-08, 0
336787201, 5.99, 5.47e-08, 4.53e-08, 2.61, 0.62, 1e-08, 0
339379201, 8.83, 1.42e-08, 1.5e-08, 1.92, 0.39, 1e-08, 0
341971201, 9.34, 1.1e-08, 9.82e-09, 1.62, 0.34, 1e-08, 0
344563201, 13.54, 7.01e-08, 2.95e-08, 2.54, 0.29, 1e-08, 0
347155201, 18.23, 2.3e-08, 1.66e-08, 1.85, 0.29, 1e-08, 0
349747201, 21.15, 2.37e-08, 1.72e-08, 1.85, 0.29, 1e-08, 0
352339201, 21.95, 1.44e-08, 1.03e-08, 1.75, 0.28, 1e-08, 0
354931201, 2.81, 4.05e-08, 3.21e-08, 2.86, 0.84, 1e-08, 0
357523201, 22.79, 5.06e-08, 2.21e-08, 2.13, 0.22, 1e-08, 0
360115201, 10.5, 1.43e-08, 1.58e-08, 1.87, 0.44, 1e-08, 0
362707201, 4.29, 5.73e-09, 7.16e-09, 1.76, 0.45, 1e-08, 0
365299201, 13.36, 4.87e-09, 5.92e-09, 1.54, 0.46, 1e-08, 0
367891201, 25.71, 4.65e-08, 3.14e-08, 2.03, 0.3, 1e-08, 0
370483201, 5.4, 1.38e-09, 2.7e-09, 1.23, 0.78, 1e-08, 0
373075201, 13.15, 3.4e-09, 4.41e-09, 1.37, 0.49, 1e-08, 0
375667201, 27.39, 2.62e-08, 1.49e-08, 1.83, 0.24, 1e-08, 0
378259201, 6.75, 5.94e-08, 3.14e-08, 2.59, 0.37, 1e-08, 0
380851201, 62.1, 1.33e-08, 7.72e-09, 1.37, 0.23, 1e-08, 0
383443201, 28.51, 2.11e-08, 1.29e-08, 1.71, 0.26, 1e-08, 0
386035201, 26.46, 3.81e-08, 2.01e-08, 2.0, 0.24, 1e-08, 0
388627201, 34.01, 7.41e-09, 6.76e-09, 1.4, 0.33, 1e-08, 0
391219201, 68.86, 2.79e-08, 1.41e-08, 1.68, 0.2, 1e-08, 0
393811201, 98.65, 2.67e-08, 1.01e-08, 1.52, 0.16, 1e-08, 0
396403201, 57.09, 2.89e-08, 1.39e-08, 1.67, 0.2, 1e-08, 0
398995201, 40.31, 3.12e-08, 1.22e-08, 1.95, 0.18, 1e-08, 0
401587201, 22.83, 2.87e-08, 1.91e-08, 1.99, 0.29, 1e-08, 0
404179201, 26.13, 4.71e-08, 2.91e-08, 1.97, 0.28, 1e-08, 0
406771201, 45.91, 3.64e-08, 1.7e-08, 1.83, 0.19, 1e-08, 0
409363201, 28.83, 1.28e-08, 8.42e-09, 1.65, 0.26, 1e-08, 0
411955201, 100.31, 4.98e-08, 1.51e-08, 1.85, 0.13, 1e-08, 0
414547201, 31.89, 2.07e-08, 1.14e-08, 1.82, 0.22, 1e-08, 0
417139201, 90.03, 9.98e-09, 6.23e-09, 1.38, 0.25, 1e-08, 0
419731201, 29.99, 5.21e-08, 2.85e-08, 2.22, 0.28, 1e-08, 0
422323201, 30.41, 3.04e-08, 1.67e-08, 1.84, 0.23, 1e-08, 0
424915201, 40.25, 1.52e-08, 1.17e-08, 1.49, 0.29, 1e-08, 0
427507201, 38.73, 7.26e-09, 5.65e-09, 1.43, 0.29, 1e-08, 0
430099201, 9.22, 1.1e-08, 9.19e-09, 1.9, 0.34, 1e-08, 0
432691201, 17.92, 7.33e-09, 7.27e-09, 1.64, 0.37, 1e-08, 0
435283201, 45.37, 1.12e-08, 9.21e-09, 1.7, 0.31, 1e-08, 0
437875201, 10.72, 1.27e-08, 1.11e-08, 1.75, 0.33, 1e-08, 0
440467201, 17.07, 1.34e-08, 1.29e-08, 1.74, 0.35, 1e-08, 0
443059201, 7.94, 2.24e-08, 2.39e-08, 2.16, 0.47, 1e-08, 0
445651201, 10.41, 1.95e-08, 1.42e-08, 1.9, 0.31, 1e-08, 0
448243201, 44.3, 4.74e-09, 3.08e-09, 1.35, 0.25, 1e-08, 0
450835201, 4.8, 5.57e-09, 7.94e-09, 1.8, 0.51, 1e-08, 0
453427201, 18.69, 7.38e-08, 3.62e-08, 2.62, 0.31, 1e-08, 0
456019201, 29.21, 2.19e-08, 1.73e-08, 1.82, 0.3, 1e-08, 0
458611201, 1.45, 9.68e-09, 1.35e-08, 2.03, 0.59, 1e-08, 0
463795201, 12.28, 8.79e-09, 8.09e-09, 1.6, 0.32, 1e-08, 0
466387201, 9.74, 2.46e-08, 1.74e-08, 2.01, 0.29, 1e-08, 0
468979201, 9.96, 8.54e-08, 3.76e-08, 2.98, 0.4, 1e-08, 0
471571201, 1.94, 1.86e-08, 3.53e-08, 2.3, 0.9, 1e-08, 0
474163201, 8.22, 1.82e-08, 2.42e-08, 1.97, 0.49, 1e-08, 0
476755201, 8.27, 2.27e-08, 1.73e-08, 2.0, 0.35, 1e-08, 0
479347201, 12.14, 1.59e-09, 3.22e-09, 1.13, 0.83, 1e-08, 0
481939201, 16.23, 1.25e-08, 1.17e-08, 1.71, 0.33, 1e-08, 0
484531201, 22.57, 7.62e-08, 3.26e-08, 2.47, 0.27, 1e-08, 0
487123201, 12.54, 1.02e-07, 3.38e-08, 3.28, 0.42, 1e-08, 0
489715201, 2.08, 4.44e-08, 1.66e-06, 4.08, 5.81, 1e-08, 0
492307201, 2.57, 3.36e-08, 3.43e-08, 2.43, 0.61, 1e-08, 0
494899201, 23.86, 9.64e-09, 9.06e-09, 1.49, 0.34, 1e-08, 0
497491201, 25.5, 5.92e-08, 3.56e-08, 2.23, 0.31, 1e-08, 0
500083201, 31.02, 1.22e-08, 9.08e-09, 1.69, 0.28, 1e-08, 0
502675201, 32.56, 9.44e-09, 9.84e-09, 1.53, 0.39, 1e-08, 0
505267201, 25.67, 3.29e-09, 3.66e-09, 1.17, 0.46, 1e-08, 0
507859201, 20.55, 9.8e-09, 7.8e-09, 1.5, 0.31, 1e-08, 0
510451201, 7.01, 1.98e-08, 1.76e-08, 2.06, 0.39, 1e-08, 0
513043201, 53.11, 2.3e-08, 1.12e-08, 1.6, 0.2, 1e-08, 0
515635201, 9.76, 9.2e-09, 9.5e-09, 1.74, 0.4, 1e-08, 0
520819201, 17.4, 4.22e-09, 3.62e-09, 1.39, 0.34, 1e-08, 0
523411201, 4.19, 4.38e-08, 3.75e-08, 2.65, 0.68, 1e-08, 0
526003201, 4.56, 1.57e-08, 1.25e-08, 1.97, 0.34, 1e-08, 0
528595201, 21.2, 2.38e-08, 2.17e-08, 1.93, 0.38, 1e-08, 0
531187201, 19.74, 5.74e-09, 6.93e-09, 1.44, 0.45, 1e-08, 0
533779201, 14.52, 1.35e-08, 1.14e-08, 1.75, 0.34, 1e-08, 0
536371201, 6.1, 7.35e-08, 6.57e-08, 2.92, 2.25, 1e-08, 102
538963201, 1.01, 1.64e-08, 2.78e-08, 2.33, 0.84, 1e-08, 0
541555201, 14.81, 4.46e-09, 3.6e-09, 1.32, 0.33, 1e-08, 0
544147201, 3.87, 8.19e-10, 9.79e-10, 0.0, 0, 1e-08, 0
546739201, 3.36, 1.37e-08, 1.56e-08, 1.92, 0.44, 1e-08, 0
549331201, 11.55, 2.7e-08, 2.44e-08, 2.18, 0.4, 1e-08, 0
551923201, 8.2, 2.24e-09, 3.71e-09, 1.2, 0.66, 1e-08, 0
554515201, 7.85, 2.59e-08, 2.08e-08, 2.07, 0.36, 1e-08, 0
557107201, 21.54, 9.21e-08, 3.88e-08, 2.65, 0.3, 1e-08, 0
559699201, 14.23, 1.4e-08, 9.11e-09, 1.79, 0.26, 1e-08, 0
562291201, 32.27, 4.17e-08, 3.26e-08, 2.01, 0.36, 1e-08, 0
564883201, 42.23, 5.79e-08, 2.14e-08, 2.14, 0.18, 1e-08, 0
567475201, 6.97, 2e-08, 2.04e-08, 2.16, 0.43, 1e-08, 0
570067201, 20.08, 1.08e-08, 7.58e-09, 1.63, 0.28, 1e-08, 0
572659201, 20.41, 2.41e-08, 1.55e-08, 1.87, 0.26, 1e-08, 0
575251201, 20.65, 4.27e-09, 4.39e-09, 1.34, 0.39, 1e-08, 0
577843201, 26.69, 1.56e-08, 8.71e-09, 1.73, 0.23, 1e-08, 0
580435201, 6.81, 2.92e-10, 3.65e-10, 0.0, 0, 1e-08, 0
583027201, 13.22, 5.23e-09, 7.07e-09, 1.49, 0.49, 1e-08, 0
588211201, 30.76, 1.53e-08, 9.98e-09, 1.59, 0.26, 1e-08, 0
590803201, 6.76, 9.01e-08, 3.79e-08, 4.66, 1.48, 1e-08, 0
593395201, 1.44, 4.06e-09, 6.43e-09, 1.66, 0.58, 1e-08, 0
595987201, 5.23, 7.2e-09, 1.75e-08, 1.91, 0.89, 1e-08, 0
598579201, 43.91, 9.61e-09, 6.9e-09, 1.35, 0.27, 1e-08, 0
601171201, 19.11, 3.37e-08, 2.53e-08, 2.04, 0.37, 1e-08, 0
603763201, 21.02, 3.82e-08, 2.22e-08, 2.0, 0.26, 1e-08, 0
606355201, 15.39, 2.4e-09, 2.63e-09, 1.19, 0.44, 1e-08, 0
608947201, 35.39, 2.07e-08, 1.48e-08, 1.81, 0.27, 1e-08, 0
611539201, 17.59, 1.63e-08, 1.1e-08, 1.7, 0.26, 1e-08, 0
614131201, 7.67, 2.4e-08, 1.7e-08, 2.06, 0.31, 1e-08, 0
619315201, 22.49, 1.75e-08, 1.46e-08, 1.69, 0.31, 1e-08, 0
621907201, 13.77, 1.43e-08, 1.27e-08, 1.75, 0.33, 1e-08, 0
624499201, 17.32, 1.47e-07, 3.3e-08, 4.29, 1.09, 1e-08, 102
627091201, 19.34, 3.17e-08, 1.77e-08, 2.06, 0.25, 1e-08, 0
629683201, 7.89, 3.28e-08, 3.6e-08, 2.3, 0.52, 1e-08, 0
632275201, 21.23, 8.87e-08, 3.61e-08, 2.52, 0.27, 1e-08, 0
634867201, 6.42, 1.08e-08, 1.07e-08, 1.8, 0.4, 1e-08, 0
637459201, 5.58, 7.29e-08, 3.09e-07, 5.53, 1.29, 1e-08, 102
640051201, 19.63, 9.63e-08, 3.17e-08, 2.74, 0.28, 1e-08, 0
642643201, 23.68, 3.15e-08, 2.18e-08, 1.98, 0.3, 1e-08, 0
645235201, 11.06, 1.29e-07, 3.51e-08, 4.49, 1.31, 1e-08, 102
647827201, 29.06, 2.86e-09, 2.95e-09, 0.97, 0.51, 1e-08, 0
650419201, 9.31, 5.38e-09, 1.61e-08, 1.55, 0.95, 1e-08, 0
655603201, 9.43, 1.62e-09, 2.45e-09, 1.04, 0.69, 1e-08, 0
658195201, 4.09, 1.14e-08, 1.08e-08, 1.97, 0.38, 1e-08, 0
660787201, 1.28, 9.55e-09, 1.17e-08, 1.99, 0.47, 1e-08, 0
663379201, 9.57, 5.41e-08, 3.29e-08, 2.47, 0.32, 1e-08, 0
665971201, 1.76, 4.05e-08, 5.91e-07, 4.86, 2.22, 1e-08, 0
668563201, 2.01, 2.97e-08, 3.79e-08, 2.75, 1.1, 1e-08, 0
673747201, 6.42, 7.29e-08, 3.11e-08, 3.87, 1.02, 1e-08, 0
678931201, 5.32, 1.37e-09, 1.46e-09, 1.09, 0.51, 1e-08, 0
684115201, 2.11, 1.38e-08, 2.45e-08, 2.27, 0.73, 1e-08, 0
686707201, 10.4, 3.11e-10, 4.04e-09, 0.0, 0, 1e-08, 1
689299201, 6.55, 1.8e-08, 2.2e-08, 2.1, 0.52, 1e-08, 0
691891201, 9.13, 2.25e-08, 2.19e-08, 2.11, 0.43, 1e-08, 0
694483201, 5.14, 7.09e-09, 8.43e-09, 1.64, 0.45, 1e-08, 0
697075201, 1.34, 2.27e-09, 3.94e-09, 1.42, 0.59, 1e-08, 0
699667201, 7.47, 8.28e-09, 1.08e-08, 1.74, 0.48, 1e-08, 0
702259201, 10.97, 2.47e-08, 2.01e-08, 2.16, 0.38, 1e-08, 0
704851201, 13.86, 7.81e-10, 8.9e-10, 0.74, 0.76, 1e-08, 0
707443201, 21.74, 5.19e-08, 4.23e-08, 2.3, 0.4, 1e-08, 0
710035201, 5.77, 1.44e-08, 1.47e-08, 1.98, 0.43, 1e-08, 0
712627201, 1.65, 1.05e-08, 2.33e-08, 2.01, 0.83, 1e-08, 0
715219201, 9.27, 5.96e-09, 7.42e-09, 1.55, 0.46, 1e-08, 0
717811201, 2.46, 1.43e-08, 2.98e-08, 2.07, 0.95, 1e-08, 0
720403201, 11.76, 1.75e-08, 1.19e-08, 1.79, 0.29, 1e-08, 0
722995201, 1.68, 6.8e-09, 1.04e-08, 1.93, 0.63, 1e-08, 0
725587201, 1.47, 2.9e-08, 2.83e-08, 2.73, 0.58, 1e-08, 0
728179201, 2.62, 2.09e-09, 5.09e-09, 1.5, 0.83, 1e-08, 0
730771201, 5.43, 2.44e-09, 3.47e-09, 1.52, 0.53, 1e-08, 0
733363201, 12.82, 4.85e-09, 1.04e-08, 1.49, 0.72, 1e-08, 0
735955201, 7.73, 1.56e-08, 2.22e-08, 2.1, 0.55, 1e-08, 0
738547201, 21.47, 6.51e-09, 5.19e-09, 1.43, 0.3, 1e-08, 0
