timestamp, ts, flux, flux_error, photon_index, photon_index_interval, fit_tolerance, fit_convergence
240235201, 7.49, 3.56e-08, 2.35e-08, 1.81, 0, 1e-08, 0
241790401, 14.77, 2.39e-08, 1.58e-08, 1.81, 0, 1e-08, 0
242308801, 2.29, 7.54e-09, 8.57e-09, 1.81, 0, 1e-08, 0
243086401, 2.14, 1.38e-08, 1.39e-08, 1.81, 0, 1e-08, 0
243345601, 25.48, 4.87e-08, 1.98e-08, 1.81, 0, 1e-08, 0
243604801, 1.06, 8.07e-09, 1.1e-08, 1.81, 0, 1e-08, 0
244382401, 2.86, 1.1e-08, 1.19e-08, 1.81, 0, 1e-08, 0
244900801, 1.88, 2.49e-08, 2.32e-08, 1.81, 0, 1e-08, 0
245678401, 7.83, 1.76e-08, 1.35e-08, 1.81, 0, 1e-08, 0
245937601, 1.26, 1.1e-08, 1.38e-08, 1.81, 0, 1e-08, 0
246196801, 1.59, 7.97e-09, 9.84e-09, 1.81, 0, 1e-08, 0
246974401, 4.58, 2.14e-08, 1.65e-08, 1.81, 0, 1e-08, 0
247752001, 5.63, 1.11e-08, 1.09e-08, 1.81, 0, 1e-08, 0
248011201, 7.63, 1.83e-08, 1.33e-08, 1.81, 0, 1e-08, 0
248529601, 20.78, 5.09e-08, 2.42e-08, 1.81, 0, 1e-08, 0
248788801, 1.37, 1.1e-08, 1.35e-08, 1.81, 0, 1e-08, 0
249048001, 4.8, 1.24e-08, 1.22e-08, 1.81, 0, 1e-08, 0
249825601, 3.27, 1.45e-08, 1.45e-08, 1.81, 0, 1e-08, 0
250862401, 9.28, 4.42e-08, 2.23e-08, 1.81, 0, 1e-08, 0
251640001, 9.12, 2.71e-08, 1.61e-08, 1.81, 0, 1e-08, 0
252676801, 2.36, 1.9e-08, 1.66e-08, 1.81, 0, 1e-08, 0
254491201, 1.56, 1.77e-08, 1.96e-08, 1.81, 0, 1e-08, 0
254750401, 8.42, 3.1e-08, 1.98e-08, 1.81, 0, 1e-08, 0
255787201, 10.86, 1.78e-08, 1.51e-08, 1.81, 0, 1e-08, 0
256824001, 15.0, 6.88e-09, 6.84e-09, 1.81, 0, 1e-08, 0
257083201, 7.61, 1.65e-08, 1.4e-08, 1.81, 0, 1e-08, 0
257342401, 3.09, 2.03e-08, 1.74e-08, 1.81, 0, 1e-08, 0
258379201, 9.04, 3.26e-08, 2.62e-08, 1.81, 0, 1e-08, 0
258897601, 20.07, 5.22e-08, 3.13e-08, 1.81, 0, 1e-08, 0
259156801, 2.2, 2.97e-08, 2.49e-08, 1.81, 0, 1e-08, 0
259675201, 11.84, 3.5e-08, 1.78e-08, 1.81, 0, 1e-08, 0
259934401, 5.14, 1.54e-08, 1.36e-08, 1.81, 0, 1e-08, 0
260193601, 9.11, 2.01e-08, 1.5e-08, 1.81, 0, 1e-08, 0
260971201, 2.83, 1.69e-08, 1.58e-08, 1.81, 0, 1e-08, 0
261230401, 6.94, 3.4e-08, 1.93e-08, 1.81, 0, 1e-08, 0
262008001, 14.23, 3.17e-08, 1.76e-08, 1.81, 0, 1e-08, 0
262267201, 8.77, 2.02e-08, 1.59e-08, 1.81, 0, 1e-08, 0
263044801, 3.02, 1.33e-08, 1.39e-08, 1.81, 0, 1e-08, 0
264600001, 5.64, 3.59e-08, 2.42e-08, 1.81, 0, 1e-08, 0
265118401, 1.04, 1.16e-08, 1.44e-08, 1.81, 0, 1e-08, 0
265377601, 7.72, 2.75e-08, 1.66e-08, 1.81, 0, 1e-08, 0
266414401, 12.72, 1.71e-08, 1.5e-08, 1.81, 0, 1e-08, 0
267192001, 1.14, 2.04e-08, 2.23e-08, 1.81, 0, 1e-08, 0
268488001, 5.9, 4.71e-08, 2.72e-08, 1.81, 0, 1e-08, 0
269265601, 4.81, 2.16e-08, 1.67e-08, 1.81, 0, 1e-08, 0
270043201, 8.27, 3.34e-08, 2.1e-08, 1.81, 0, 1e-08, 0
271080001, 2.79, 1.74e-08, 1.66e-08, 1.81, 0, 1e-08, 0
271339201, 4.73, 2.7e-08, 1.93e-08, 1.81, 0, 1e-08, 0
272116801, 9.55, 2.04e-08, 1.61e-08, 1.81, 0, 1e-08, 0
273412801, 4.83, 1.87e-08, 1.37e-08, 1.81, 0, 1e-08, 0
273672001, 1.46, 1.77e-08, 1.79e-08, 1.81, 0, 1e-08, 0
273931201, 21.92, 4.42e-08, 2.26e-08, 1.81, 0, 1e-08, 0
274449601, 6.01, 1.42e-08, 1.15e-08, 1.81, 0, 1e-08, 0
274708801, 1.22, 9.15e-09, 1.14e-08, 1.81, 0, 1e-08, 0
275227201, 11.49, 1.26e-08, 1.16e-08, 1.81, 0, 1e-08, 0
275486401, 6.64, 1.1e-08, 1.07e-08, 1.81, 0, 1e-08, 0
276264001, 6.52, 3.5e-08, 1.99e-08, 1.81, 0, 1e-08, 0
277041601, 5.22, 1.95e-08, 1.67e-08, 1.81, 0, 1e-08, 0
277819201, 17.06, 1.67e-08, 1.18e-08, 1.81, 0, 1e-08, 102
278337601, 4.82, 2.79e-08, 1.94e-08, 1.81, 0, 1e-08, 0
278596801, 2.55, 1.5e-08, 1.39e-08, 1.81, 0, 1e-08, 0
279115201, 5.1, 2.97e-08, 1.87e-08, 1.81, 0, 1e-08, 0
279374401, 4.28, 1.38e-08, 1.2e-08, 1.81, 0, 1e-08, 0
280411201, 14.73, 1.54e-08, 1.12e-08, 1.81, 0, 1e-08, 0
280670401, 10.82, 2.21e-08, 1.45e-08, 1.81, 0, 1e-08, 0
282744001, 4.96, 1.55e-08, 1.24e-08, 1.81, 0, 1e-08, 0
283003201, 2.21, 6.97e-09, 8.01e-09, 1.81, 0, 1e-08, 0
283262401, 5.25, 9e-09, 8.79e-09, 1.81, 0, 1e-08, 0
283521601, 1.33, 1.3e-08, 1.44e-08, 1.81, 0, 1e-08, 0
284817601, 2.64, 2e-08, 1.62e-08, 1.81, 0, 1e-08, 0
285595201, 3.73, 1.37e-08, 1.33e-08, 1.81, 0, 1e-08, 0
286372801, 7.25, 9.29e-09, 9.01e-09, 1.81, 0, 1e-08, 0
286891201, 9.83, 2.49e-08, 1.7e-08, 1.81, 0, 1e-08, 0
288446401, 9.18, 1.42e-08, 1.05e-08, 1.81, 0, 1e-08, 0
288705601, 4.17, 1.2e-08, 1.17e-08, 1.81, 0, 1e-08, 0
289224001, 5.38, 8.57e-09, 8.62e-09, 1.81, 0, 1e-08, 0
290001601, 17.93, 3.53e-08, 1.86e-08, 1.81, 0, 1e-08, 0
290779201, 15.93, 1.6e-08, 1.45e-08, 1.81, 0, 1e-08, 0
291038401, 3.93, 1.87e-08, 1.46e-08, 1.81, 0, 1e-08, 0
291297601, 2.8, 1.15e-08, 1.2e-08, 1.81, 0, 1e-08, 0
292852801, 7.79, 1.03e-08, 9.78e-09, 1.81, 0, 1e-08, 0
293112001, 9.64, 1.66e-08, 1.35e-08, 1.81, 0, 1e-08, 0
293371201, 1.63, 1.22e-08, 1.33e-08, 1.81, 0, 1e-08, 0
294408001, 4.85, 1.93e-08, 1.45e-08, 1.81, 0, 1e-08, 0
294667201, 2.68, 2.14e-08, 1.87e-08, 1.81, 0, 1e-08, 0
294926401, 2.42, 9.03e-09, 1.02e-08, 1.81, 0, 1e-08, 0
295444801, 5.39, 2.48e-08, 1.86e-08, 1.81, 0, 1e-08, 0
296740801, 8.63, 1.93e-08, 1.43e-08, 1.81, 0, 1e-08, 0
297259201, 14.31, 2.57e-08, 1.78e-08, 1.81, 0, 1e-08, 0
298296001, 2.39, 8.94e-09, 9.96e-09, 1.81, 0, 1e-08, 0
298814401, 2.14, 1.47e-08, 1.43e-08, 1.81, 0, 1e-08, 0
299592001, 8.53, 2.36e-08, 1.51e-08, 1.81, 0, 1e-08, 0
299851201, 1.31, 1.67e-08, 1.74e-08, 1.81, 0, 1e-08, 0
300369601, 1.01, 2.08e-08, 2.39e-08, 1.81, 0, 1e-08, 0
300888001, 16.44, 2.59e-08, 1.52e-08, 1.81, 0, 1e-08, 0
302961601, 2.74, 1.03e-08, 1.09e-08, 1.81, 0, 1e-08, 0
303220801, 9.49, 2.19e-08, 1.61e-08, 1.81, 0, 1e-08, 0
303480001, 10.99, 1.01e-08, 9.72e-09, 1.81, 0, 1e-08, 0
303739201, 4.49, 1.99e-08, 1.45e-08, 1.81, 0, 1e-08, 0
303998401, 16.63, 1.81e-08, 1.26e-08, 1.81, 0, 1e-08, 0
304516801, 8.52, 2.1e-08, 1.46e-08, 1.81, 0, 1e-08, 0
305553601, 12.85, 3.73e-08, 2e-08, 1.81, 0, 1e-08, 0
305812801, 15.18, 2.49e-08, 1.45e-08, 1.81, 0, 1e-08, 0
306590401, 7.24, 2.86e-08, 2.01e-08, 1.81, 0, 1e-08, 0
307368001, 2.02, 1.03e-08, 1.14e-08, 1.81, 0, 1e-08, 0
308664001, 7.34, 4.45e-08, 2.52e-08, 1.81, 0, 1e-08, 0
309700801, 2.09, 2.88e-08, 2.51e-08, 1.81, 0, 1e-08, 0
310478401, 1.84, 1.2e-08, 1.34e-08, 1.81, 0, 1e-08, 0
311256001, 1.95, 1.21e-08, 1.23e-08, 1.81, 0, 1e-08, 0
311774401, 1.49, 1.15e-08, 1.3e-08, 1.81, 0, 1e-08, 0
312033601, 9.1, 1.47e-08, 1.28e-08, 1.81, 0, 1e-08, 0
312552001, 2.99, 9.34e-09, 9.96e-09, 1.81, 0, 1e-08, 0
312811201, 3.47, 1.71e-08, 1.48e-08, 1.81, 0, 1e-08, 0
313848001, 2.23, 1.68e-08, 1.7e-08, 1.81, 0, 1e-08, 0
314625601, 4.01, 1.86e-08, 1.65e-08, 1.81, 0, 1e-08, 0
315403201, 2.45, 1.78e-08, 1.65e-08, 1.81, 0, 1e-08, 0
315662401, 2.3, 2.5e-08, 2.45e-08, 1.81, 0, 1e-08, 0
315921601, 2.03, 1.72e-08, 1.84e-08, 1.81, 0, 1e-08, 0
316180801, 17.62, 3.69e-08, 1.82e-08, 1.81, 0, 1e-08, 0
316440001, 10.47, 2.31e-08, 1.66e-08, 1.81, 0, 1e-08, 0
316958401, 11.68, 2e-08, 1.38e-08, 1.81, 0, 1e-08, 0
317995201, 7.33, 2.69e-08, 1.95e-08, 1.81, 0, 1e-08, 0
319291201, 1.47, 9.67e-09, 1.17e-08, 1.81, 0, 1e-08, 0
319809601, 7.83, 2.03e-08, 1.39e-08, 1.81, 0, 1e-08, 0
321624001, 1.7, 1.07e-08, 1.23e-08, 1.81, 0, 1e-08, 0
321883201, 9.87, 7.68e-09, 7.62e-09, 1.81, 0, 1e-08, 0
322401601, 18.59, 2.9e-08, 1.69e-08, 1.81, 0, 1e-08, 0
322660801, 16.74, 2.23e-08, 1.35e-08, 1.81, 0, 1e-08, 0
322920001, 9.94, 1.67e-08, 1.48e-08, 1.81, 0, 1e-08, 0
323956801, 10.47, 1.12e-08, 1.06e-08, 1.81, 0, 1e-08, 0
324475201, 2.75, 2e-08, 1.6e-08, 1.81, 0, 1e-08, 0
324734401, 1.54, 1.87e-08, 2.03e-08, 1.81, 0, 1e-08, 0
325512001, 6.6, 1.39e-08, 1.15e-08, 1.81, 0, 1e-08, 0
325771201, 1.87, 1.25e-08, 1.28e-08, 1.81, 0, 1e-08, 0
326289601, 6.58, 3.23e-08, 1.94e-08, 1.81, 0, 1e-08, 0
326548801, 7.11, 3.1e-08, 1.99e-08, 1.81, 0, 1e-08, 0
326808001, 9.71, 1.51e-08, 1.1e-08, 1.81, 0, 1e-08, 0
327067201, 4.99, 9.76e-09, 9.83e-09, 1.81, 0, 1e-08, 0
327326401, 2.05, 1.76e-08, 1.71e-08, 1.81, 0, 1e-08, 0
328104001, 1.06, 1.2e-08, 1.49e-08, 1.81, 0, 1e-08, 0
330177601, 11.68, 1.83e-08, 1.44e-08, 1.81, 0, 1e-08, 0
330436801, 6.04, 1.75e-08, 1.28e-08, 1.81, 0, 1e-08, 0
330696001, 12.45, 1.86e-08, 1.39e-08, 1.81, 0, 1e-08, 0
331473601, 11.73, 5.64e-08, 2.56e-08, 1.81, 0, 1e-08, 0
332510401, 18.24, 2.54e-08, 1.7e-08, 1.81, 0, 1e-08, 0
333547201, 1.46, 1.29e-08, 1.5e-08, 1.81, 0, 1e-08, 0
333806401, 6.3, 2.59e-08, 1.74e-08, 1.81, 0, 1e-08, 0
334584001, 23.04, 3.29e-08, 1.6e-08, 1.81, 0, 1e-08, 0
335102401, 5.85, 9.74e-09, 9.48e-09, 1.81, 0, 1e-08, 0
336139201, 4.52, 1.68e-08, 1.45e-08, 1.81, 0, 1e-08, 0
337176001, 7.38, 1.87e-08, 1.32e-08, 1.81, 0, 1e-08, 0
337435201, 6.54, 2.22e-08, 1.36e-08, 1.81, 0, 1e-08, 0
337953601, 4.83, 7.73e-09, 7.86e-09, 1.81, 0, 1e-08, 0
338472001, 14.85, 4.01e-08, 1.95e-08, 1.81, 0, 1e-08, 0
338990401, 14.8, 3.62e-08, 2.06e-08, 1.81, 0, 1e-08, 0
339508801, 4.15, 1.8e-08, 1.53e-08, 1.81, 0, 1e-08, 0
339768001, 16.26, 4.44e-08, 2.02e-08, 1.81, 0, 1e-08, 0
340027201, 5.83, 2.74e-08, 1.77e-08, 1.81, 0, 1e-08, 0
341582401, 12.25, 3.66e-08, 1.95e-08, 1.81, 0, 1e-08, 0
342100801, 5.7, 2.09e-08, 1.61e-08, 1.81, 0, 1e-08, 0
342360001, 1.29, 1e-08, 1.22e-08, 1.81, 0, 1e-08, 0
343915201, 36.04, 5.94e-08, 2.27e-08, 1.81, 0, 1e-08, 0
344174401, 27.41, 5e-08, 2.1e-08, 1.81, 0, 1e-08, 0
344692801, 17.09, 2.02e-08, 1.48e-08, 1.81, 0, 1e-08, 0
345211201, 3.14, 8.24e-09, 8.84e-09, 1.81, 0, 1e-08, 0
345470401, 5.22, 9.01e-09, 9.01e-09, 1.81, 0, 1e-08, 0
345729601, 5.01, 2.09e-08, 1.65e-08, 1.81, 0, 1e-08, 0
347544001, 9.98, 2.35e-08, 1.41e-08, 1.81, 0, 1e-08, 0
348321601, 7.47, 1.3e-08, 1.06e-08, 1.81, 0, 1e-08, 0
348580801, 20.37, 5.1e-08, 2.22e-08, 1.81, 0, 1e-08, 0
349358401, 4.2, 2.08e-08, 1.57e-08, 1.81, 0, 1e-08, 0
349617601, 6.02, 1.67e-08, 1.37e-08, 1.81, 0, 1e-08, 0
350136001, 1.6, 2.34e-08, 2.18e-08, 1.81, 0, 1e-08, 0
350654401, 19.95, 2.39e-08, 1.46e-08, 1.81, 0, 1e-08, 0
351172801, 17.83, 2.52e-08, 1.51e-08, 1.81, 0, 1e-08, 0
351432001, 12.72, 2.64e-08, 1.88e-08, 1.81, 0, 1e-08, 0
351691201, 9.35, 1.18e-08, 1.15e-08, 1.81, 0, 1e-08, 0
352209601, 3.77, 1.2e-08, 1.12e-08, 1.81, 0, 1e-08, 0
352468801, 2.99, 1.58e-08, 1.43e-08, 1.81, 0, 1e-08, 0
352728001, 23.3, 3.41e-08, 1.74e-08, 1.81, 0, 1e-08, 0
352987201, 15.06, 2.35e-08, 1.09e-08, 1.81, 0, 1e-08, 0
353246401, 2.23, 9.49e-09, 1.02e-08, 1.81, 0, 1e-08, 0
353505601, 7.95, 4.95e-08, 2.46e-08, 1.81, 0, 1e-08, 0
353764801, 3.61, 2.34e-08, 1.81e-08, 1.81, 0, 1e-08, 0
354283201, 9.15, 2.39e-08, 1.47e-08, 1.81, 0, 1e-08, 0
354542401, 25.2, 2.05e-08, 1.35e-08, 1.81, 0, 1e-08, 0
355320001, 4.93, 2.48e-08, 1.97e-08, 1.81, 0, 1e-08, 0
355579201, 3.19, 2.05e-08, 1.79e-08, 1.81, 0, 1e-08, 0
356875201, 4.68, 1.86e-08, 1.41e-08, 1.81, 0, 1e-08, 0
357912001, 10.16, 1.71e-08, 1.46e-08, 1.81, 0, 1e-08, 0
358171201, 9.04, 3.2e-08, 1.92e-08, 1.81, 0, 1e-08, 0
358689601, 2.7, 1.76e-08, 1.56e-08, 1.81, 0, 1e-08, 0
359467201, 4.43, 2.95e-08, 1.96e-08, 1.81, 0, 1e-08, 0
359726401, 3.96, 1.66e-08, 1.35e-08, 1.81, 0, 1e-08, 0
361022401, 7.89, 1.87e-08, 1.56e-08, 1.81, 0, 1e-08, 0
362059201, 2.06, 1.85e-08, 1.68e-08, 1.81, 0, 1e-08, 0
362318401, 1.88, 1.02e-08, 1.13e-08, 1.81, 0, 1e-08, 0
362577601, 3.28, 8.87e-09, 9.43e-09, 1.81, 0, 1e-08, 0
363873601, 10.79, 3.49e-08, 2.01e-08, 1.81, 0, 1e-08, 0
364132801, 1.07, 9.8e-09, 1.25e-08, 1.81, 0, 1e-08, 0
364651201, 9.48, 2e-08, 1.57e-08, 1.81, 0, 1e-08, 0
365169601, 1.99, 1.16e-08, 1.25e-08, 1.81, 0, 1e-08, 0
365688001, 17.46, 3.06e-08, 1.6e-08, 1.81, 0, 1e-08, 0
366206401, 5.39, 8.52e-09, 8.59e-09, 1.81, 0, 1e-08, 0
367243201, 5.5, 9.78e-09, 9.8e-09, 1.81, 0, 1e-08, 0
368280001, 7.97, 1.58e-08, 1.28e-08, 1.81, 0, 1e-08, 0
370612801, 14.48, 3.65e-08, 1.73e-08, 1.81, 0, 1e-08, 0
371131201, 8.37, 1.14e-08, 1.1e-08, 1.81, 0, 1e-08, 0
372945601, 5.45, 8.77e-09, 8.9e-09, 1.81, 0, 1e-08, 0
373204801, 8.54, 1.3e-08, 1.21e-08, 1.81, 0, 1e-08, 0
374760001, 3.59, 1.68e-08, 1.4e-08, 1.81, 0, 1e-08, 0
375537601, 2.37, 1.37e-08, 1.28e-08, 1.81, 0, 1e-08, 0
376056001, 4.97, 1.44e-08, 1.19e-08, 1.81, 0, 1e-08, 0
376315201, 6.31, 1.03e-08, 9.8e-09, 1.81, 0, 1e-08, 0
376574401, 3.33, 1.61e-08, 1.29e-08, 1.81, 0, 1e-08, 0
377092801, 8.12, 2.16e-08, 1.65e-08, 1.81, 0, 1e-08, 0
377352001, 8.15, 3.17e-08, 1.75e-08, 1.81, 0, 1e-08, 0
377870401, 2.65, 1.28e-08, 1.22e-08, 1.81, 0, 1e-08, 0
378129601, 3.14, 2.41e-08, 1.9e-08, 1.81, 0, 1e-08, 0
378907201, 3.2, 1.27e-08, 1.18e-08, 1.81, 0, 1e-08, 0
379944001, 2.33, 1.06e-08, 1.07e-08, 1.81, 0, 1e-08, 0
380721601, 6.38, 2.47e-08, 1.63e-08, 1.81, 0, 1e-08, 0
380980801, 5.72, 2.64e-08, 1.76e-08, 1.81, 0, 1e-08, 0
381499201, 4.17, 2.84e-08, 1.88e-08, 1.81, 0, 1e-08, 0
382795201, 1.04, 7.75e-09, 1.02e-08, 1.81, 0, 1e-08, 0
383572801, 1.43, 1.27e-08, 1.41e-08, 1.81, 0, 1e-08, 0
383832001, 3.47, 1.85e-08, 1.47e-08, 1.81, 0, 1e-08, 0
384868801, 2.77, 1.31e-08, 1.23e-08, 1.81, 0, 1e-08, 0
385387201, 14.9, 2.8e-08, 1.81e-08, 1.81, 0, 1e-08, 0
386164801, 3.19, 1.15e-08, 1.18e-08, 1.81, 0, 1e-08, 0
386683201, 1.7, 1.5e-08, 1.54e-08, 1.81, 0, 1e-08, 0
386942401, 2.95, 1.31e-08, 1.33e-08, 1.81, 0, 1e-08, 0
387460801, 10.03, 1.09e-08, 1.03e-08, 1.81, 0, 1e-08, 0
387720001, 12.83, 2.18e-08, 1.38e-08, 1.81, 0, 1e-08, 0
387979201, 7.2, 3.78e-08, 2.11e-08, 1.81, 0, 1e-08, 0
388238401, 3.29, 2.65e-08, 1.93e-08, 1.81, 0, 1e-08, 0
389016001, 1.06, 7.31e-09, 9.49e-09, 1.81, 0, 1e-08, 0
390052801, 1.24, 1.15e-08, 1.28e-08, 1.81, 0, 1e-08, 0
390312001, 3.44, 5.33e-09, 5.56e-09, 1.81, 0, 1e-08, 0
390571201, 6.79, 1.28e-08, 8.71e-09, 1.81, 0, 1e-08, 0
390830401, 1.04, 5.34e-09, 7.46e-09, 1.81, 0, 1e-08, 0
391867201, 9.43, 2.88e-08, 1.69e-08, 1.81, 0, 1e-08, 0
392126401, 8.46, 1.13e-08, 1.04e-08, 1.81, 0, 1e-08, 0
393163201, 9.62, 1.34e-08, 1.22e-08, 1.81, 0, 1e-08, 0
393422401, 2.78, 1.38e-08, 1.2e-08, 1.81, 0, 1e-08, 0
393681601, 1.21, 1.32e-08, 1.47e-08, 1.81, 0, 1e-08, 0
395236801, 2.8, 6.63e-09, 7.29e-09, 1.81, 0, 1e-08, 0
395755201, 6.69, 3.14e-08, 2e-08, 1.81, 0, 1e-08, 0
397051201, 1.46, 8.98e-09, 1.11e-08, 1.81, 0, 1e-08, 0
397828801, 5.43, 2.57e-08, 1.82e-08, 1.81, 0, 1e-08, 0
398088001, 4.4, 1.81e-08, 1.43e-08, 1.81, 0, 1e-08, 0
398347201, 4.55, 1.72e-08, 1.64e-08, 1.81, 0, 1e-08, 0
399124801, 3.14, 1.87e-08, 1.61e-08, 1.81, 0, 1e-08, 0
399384001, 6.89, 2.22e-08, 1.61e-08, 1.81, 0, 1e-08, 0
400161601, 4.57, 1.03e-08, 1e-08, 1.81, 0, 1e-08, 0
401198401, 3.87, 1.66e-08, 1.45e-08, 1.81, 0, 1e-08, 0
405604801, 1.11, 5.49e-09, 7.54e-09, 1.81, 0, 1e-08, 0
406382401, 1.36, 8.77e-09, 1.1e-08, 1.81, 0, 1e-08, 0
407419201, 3.5, 2e-08, 1.6e-08, 1.81, 0, 1e-08, 0
408456001, 9.92, 2.86e-08, 2.39e-08, 1.81, 0, 1e-08, 0
410529601, 6.73, 1.21e-08, 1.19e-08, 1.81, 0, 1e-08, 0
412603201, 4.47, 7.34e-09, 6.74e-09, 1.81, 0, 1e-08, 0
413121601, 5.67, 6.86e-09, 6.24e-09, 1.81, 0, 1e-08, 0
414417601, 12.82, 1.95e-08, 1.55e-08, 1.81, 0, 1e-08, 0
415972801, 4.94, 4.49e-08, 3.54e-08, 1.81, 0, 1e-08, 0
417528001, 5.14, 1.25e-08, 1.23e-08, 1.81, 0, 1e-08, 0
419342401, 8.06, 1.96e-08, 1.53e-08, 1.81, 0, 1e-08, 0
420638401, 2.39, 9.01e-09, 9.71e-09, 1.81, 0, 1e-08, 0
422193601, 15.62, 4.5e-08, 1.96e-08, 1.81, 0, 1e-08, 0
423230401, 2.6, 1.07e-08, 1.15e-08, 1.81, 0, 1e-08, 0
424008001, 1.17, 7.13e-09, 9.57e-09, 1.81, 0, 1e-08, 0
425304001, 1.65, 1.29e-08, 1.56e-08, 1.81, 0, 1e-08, 0
425822401, 14.94, 2.35e-08, 1.55e-08, 1.81, 0, 1e-08, 0
427118401, 13.1, 3.25e-08, 1.95e-08, 1.81, 0, 1e-08, 0
428155201, 6.89, 1.49e-08, 1.4e-08, 1.81, 0, 1e-08, 0
428414401, 3.51, 1.01e-08, 1.03e-08, 1.81, 0, 1e-08, 0
429192001, 4.04, 1.85e-08, 1.85e-08, 1.81, 0, 1e-08, 0
430488001, 5.78, 2.75e-08, 2.02e-08, 1.81, 0, 1e-08, 0
431006401, 10.51, 3.41e-08, 2.28e-08, 1.81, 0, 1e-08, 0
431524801, 16.28, 4.2e-08, 2.31e-08, 1.81, 0, 1e-08, 0
432302401, 2.13, 1.88e-08, 1.68e-08, 1.81, 0, 1e-08, 0
432820801, 5.86, 1.53e-08, 1.32e-08, 1.81, 0, 1e-08, 0
433598401, 3.15, 1.18e-08, 1.27e-08, 1.81, 0, 1e-08, 0
433857601, 1.3, 3.64e-08, 4.15e-08, 1.81, 0, 1e-08, 0
435412801, 13.54, 2.67e-08, 1.9e-08, 1.81, 0, 1e-08, 0
437745601, 22.44, 2.39e-08, 1.42e-08, 1.81, 0, 1e-08, 0
438004801, 8.59, 1.98e-08, 1.54e-08, 1.81, 0, 1e-08, 0
439041601, 1.62, 2.15e-08, 2.1e-08, 1.81, 0, 1e-08, 102
440337601, 6.86, 1.23e-08, 1.11e-08, 1.81, 0, 1e-08, 0
440596801, 9.98, 2.36e-08, 1.63e-08, 1.81, 0, 1e-08, 0
441892801, 8.01, 2.84e-08, 1.67e-08, 1.81, 0, 1e-08, 0
442152001, 5.81, 1.27e-08, 1.07e-08, 1.81, 0, 1e-08, 0
444225601, 2.53, 1.26e-08, 1.16e-08, 1.81, 0, 1e-08, 0
445262401, 3.52, 1.06e-08, 1.02e-08, 1.81, 0, 1e-08, 0
445521601, 3.09, 1.28e-08, 1.22e-08, 1.81, 0, 1e-08, 0
447336001, 2.43, 6.34e-09, 7.17e-09, 1.81, 0, 1e-08, 0
448891201, 1.67, 2.4e-08, 2.61e-08, 1.81, 0, 1e-08, 0
449668801, 1.93, 1.32e-08, 1.44e-08, 1.81, 0, 1e-08, 0
450446401, 7.86, 1.45e-08, 1.2e-08, 1.81, 0, 1e-08, 0
450964801, 12.41, 1.27e-08, 1.14e-08, 1.81, 0, 1e-08, 0
451483201, 4.46, 1.61e-08, 1.44e-08, 1.81, 0, 1e-08, 0
451742401, 1.88, 8.93e-09, 1.04e-08, 1.81, 0, 1e-08, 0
452260801, 8.41, 3.51e-08, 1.92e-08, 1.81, 0, 1e-08, 0
452779201, 11.23, 1.64e-08, 1.19e-08, 1.81, 0, 1e-08, 0
453297601, 2.84, 1.8e-08, 1.57e-08, 1.81, 0, 1e-08, 0
453556801, 2.54, 9.92e-09, 1.01e-08, 1.81, 0, 1e-08, 0
453816001, 6.36, 1.03e-08, 9.92e-09, 1.81, 0, 1e-08, 0
454334401, 8.53, 1.66e-08, 1.21e-08, 1.81, 0, 1e-08, 0
455371201, 8.51, 2.73e-08, 1.69e-08, 1.81, 0, 1e-08, 0
455889601, 4.08, 1.22e-08, 1.13e-08, 1.81, 0, 1e-08, 0
456926401, 1.67, 1.72e-08, 1.85e-08, 1.81, 0, 1e-08, 0
457185601, 25.13, 3.01e-08, 1.59e-08, 1.81, 0, 1e-08, 0
457444801, 14.26, 2.15e-08, 1.38e-08, 1.81, 0, 1e-08, 0
457963201, 1.6, 5.91e-09, 7.27e-09, 1.81, 0, 1e-08, 0
458740801, 7.19, 8.94e-09, 8.75e-09, 1.81, 0, 1e-08, 0
461332801, 8.79, 2.51e-08, 1.68e-08, 1.81, 0, 1e-08, 0
462369601, 11.49, 1.55e-08, 1.27e-08, 1.81, 0, 1e-08, 0
464184001, 1.52, 9.05e-09, 1.1e-08, 1.81, 0, 1e-08, 0
464702401, 7.57, 3.81e-08, 2.16e-08, 1.81, 0, 1e-08, 0
464961601, 12.02, 4.65e-08, 2.1e-08, 1.81, 0, 1e-08, 0
465220801, 1.37, 9.45e-09, 1.18e-08, 1.81, 0, 1e-08, 0
465998401, 3.49, 2.57e-08, 1.91e-08, 1.81, 0, 1e-08, 0
466516801, 14.32, 2.51e-08, 1.49e-08, 1.81, 0, 1e-08, 0
467812801, 7.25, 2.4e-08, 1.81e-08, 1.81, 0, 1e-08, 0
469108801, 2.0, 6.95e-09, 8.17e-09, 1.81, 0, 1e-08, 0
469368001, 3.19, 6.41e-09, 6.91e-09, 1.81, 0, 1e-08, 0
470404801, 1.89, 1.52e-08, 1.48e-08, 1.81, 0, 1e-08, 0
470664001, 5.98, 2.21e-08, 1.63e-08, 1.81, 0, 1e-08, 0
470923201, 1.56, 8.05e-09, 9.94e-09, 1.81, 0, 1e-08, 0
473256001, 1.27, 9.99e-09, 1.28e-08, 1.81, 0, 1e-08, 0
474033601, 10.24, 2.41e-08, 2.1e-08, 1.81, 0, 1e-08, 0
474552001, 9.23, 1.03e-08, 1e-08, 1.81, 0, 1e-08, 0
474811201, 1.43, 1.72e-08, 1.76e-08, 1.81, 0, 1e-08, 0
475329601, 3.01, 1.7e-08, 1.54e-08, 1.81, 0, 1e-08, 0
476625601, 20.13, 5.16e-08, 2.21e-08, 1.81, 0, 1e-08, 0
476884801, 8.37, 2.64e-08, 1.51e-08, 1.81, 0, 1e-08, 0
477403201, 2.36, 8.75e-09, 9.84e-09, 1.81, 0, 1e-08, 0
478440001, 12.15, 3.05e-08, 1.78e-08, 1.81, 0, 1e-08, 0
479217601, 2.54, 1.37e-08, 1.27e-08, 1.81, 0, 1e-08, 0
479995201, 11.09, 2.64e-08, 1.63e-08, 1.81, 0, 1e-08, 0
480254401, 8.53, 2.2e-08, 1.67e-08, 1.81, 0, 1e-08, 0
481032001, 1.34, 8.66e-09, 1.11e-08, 1.81, 0, 1e-08, 0
481809601, 8.37, 1.83e-08, 1.17e-08, 1.81, 0, 1e-08, 0
482846401, 5.19, 3.04e-08, 1.91e-08, 1.81, 0, 1e-08, 0
483105601, 1.15, 9.11e-09, 1.15e-08, 1.81, 0, 1e-08, 0
483883201, 2.49, 9.55e-09, 1.01e-08, 1.81, 0, 1e-08, 0
485179201, 4.99, 1.09e-08, 1.06e-08, 1.81, 0, 1e-08, 0
485697601, 4.54, 2.48e-08, 1.82e-08, 1.81, 0, 1e-08, 0
487512001, 11.34, 8.69e-09, 8.51e-09, 1.81, 0, 1e-08, 0
488548801, 1.21, 2.35e-08, 2.72e-08, 1.81, 0, 1e-08, 0
488808001, 2.45, 1.05e-08, 1.16e-08, 1.81, 0, 1e-08, 0
489067201, 9.83, 2.97e-08, 1.62e-08, 1.81, 0, 1e-08, 0
489326401, 1.25, 8e-09, 1.03e-08, 1.81, 0, 1e-08, 0
489585601, 3.23, 9.89e-09, 1.01e-08, 1.81, 0, 1e-08, 0
490881601, 3.15, 1.4e-08, 1.42e-08, 1.81, 0, 1e-08, 0
491400001, 4.96, 1.52e-08, 1.23e-08, 1.81, 0, 1e-08, 0
491918401, 1.09, 5.77e-08, 6.8e-08, 1.81, 0, 1e-08, 0
492696001, 2.86, 1.63e-08, 1.5e-08, 1.81, 0, 1e-08, 0
493214401, 5.04, 9.49e-09, 9.71e-09, 1.81, 0, 1e-08, 0
493473601, 1.66, 1.57e-08, 1.59e-08, 1.81, 0, 1e-08, 0
493992001, 2.86, 1.92e-08, 1.66e-08, 1.81, 0, 1e-08, 0
494251201, 1.07, 9.25e-09, 1.22e-08, 1.81, 0, 1e-08, 0
494510401, 9.13, 2.12e-08, 1.46e-08, 1.81, 0, 1e-08, 0
495288001, 14.21, 3.89e-08, 1.94e-08, 1.81, 0, 1e-08, 0
495806401, 16.25, 1.74e-08, 1.35e-08, 1.81, 0, 1e-08, 0
496065601, 1.47, 1.34e-08, 1.47e-08, 1.81, 0, 1e-08, 0
496584001, 8.48, 2.53e-08, 1.53e-08, 1.81, 0, 1e-08, 0
496843201, 8.04, 1.94e-08, 1.5e-08, 1.81, 0, 1e-08, 0
497102401, 1.17, 1.74e-08, 1.99e-08, 1.81, 0, 1e-08, 0
498398401, 6.69, 2.08e-08, 1.47e-08, 1.81, 0, 1e-08, 0
498916801, 5.99, 1.65e-08, 1.26e-08, 1.81, 0, 1e-08, 0
499953601, 9.21, 1.61e-08, 1.48e-08, 1.81, 0, 1e-08, 0
500212801, 1.2, 1.35e-08, 1.69e-08, 1.81, 0, 1e-08, 0
500472001, 1.37, 1.03e-08, 1.28e-08, 1.81, 0, 1e-08, 0
500731201, 7.93, 9.05e-09, 8.95e-09, 1.81, 0, 1e-08, 0
502027201, 3.67, 2.76e-08, 2.04e-08, 1.81, 0, 1e-08, 0
502286401, 1.91, 9.97e-09, 1.11e-08, 1.81, 0, 1e-08, 0
503582401, 3.04, 1.53e-08, 1.33e-08, 1.81, 0, 1e-08, 0
504619201, 1.09, 1.26e-08, 1.49e-08, 1.81, 0, 1e-08, 0
505656001, 1.05, 6.35e-09, 8.86e-09, 1.81, 0, 1e-08, 0
506433601, 1.16, 1.11e-08, 1.4e-08, 1.81, 0, 1e-08, 0
506952001, 2.55, 1.89e-08, 1.73e-08, 1.81, 0, 1e-08, 0
507988801, 1.26, 1.05e-08, 1.29e-08, 1.81, 0, 1e-08, 0
508248001, 2.76, 2.1e-08, 1.74e-08, 1.81, 0, 1e-08, 0
508507201, 4.21, 1.22e-08, 1.2e-08, 1.81, 0, 1e-08, 0
508766401, 1.15, 7.19e-09, 9.61e-09, 1.81, 0, 1e-08, 0
509284801, 1.58, 1.43e-08, 1.49e-08, 1.81, 0, 1e-08, 0
509544001, 1.97, 2.27e-08, 1.99e-08, 1.81, 0, 1e-08, 0
510321601, 5.89, 1.53e-08, 1.17e-08, 1.81, 0, 1e-08, 0
511358401, 2.87, 1.23e-08, 1.24e-08, 1.81, 0, 1e-08, 0
512136001, 1.62, 7.32e-09, 9e-09, 1.81, 0, 1e-08, 0
513950401, 2.68, 1.07e-08, 1.15e-08, 1.81, 0, 1e-08, 0
514987201, 4.28, 2.44e-08, 1.86e-08, 1.81, 0, 1e-08, 0
516283201, 6.7, 1.81e-08, 1.39e-08, 1.81, 0, 1e-08, 0
516801601, 2.18, 1.03e-08, 1.16e-08, 1.81, 0, 1e-08, 0
517060801, 3.16, 8.2e-09, 8.72e-09, 1.81, 0, 1e-08, 0
517579201, 3.43, 1.16e-08, 1.15e-08, 1.81, 0, 1e-08, 0
518356801, 28.07, 4.85e-08, 2.04e-08, 1.81, 0, 1e-08, 0
520171201, 10.13, 4.03e-08, 2.08e-08, 1.81, 0, 1e-08, 0
520689601, 1.22, 1.72e-08, 2.05e-08, 1.81, 0, 1e-08, 0
520948801, 6.07, 2.57e-08, 1.77e-08, 1.81, 0, 1e-08, 0
521467201, 4.35, 1.45e-08, 1.33e-08, 1.81, 0, 1e-08, 0
525355201, 2.46, 7.17e-09, 8.12e-09, 1.81, 0, 1e-08, 0
525614401, 17.03, 1.72e-08, 1.17e-08, 1.81, 0, 1e-08, 0
527169601, 6.89, 2.59e-08, 1.95e-08, 1.81, 0, 1e-08, 0
529243201, 1.63, 1.06e-08, 1.16e-08, 1.81, 0, 1e-08, 0
530280001, 17.17, 2.55e-08, 1.61e-08, 1.81, 0, 1e-08, 0
531576001, 1.2, 1.33e-08, 1.54e-08, 1.81, 0, 1e-08, 0
531835201, 14.18, 2.07e-08, 1.39e-08, 1.81, 0, 1e-08, 0
532353601, 3.19, 1.57e-08, 1.27e-08, 1.81, 0, 1e-08, 0
532612801, 7.2, 2.76e-08, 1.78e-08, 1.81, 0, 1e-08, 0
533649601, 2.31, 1.79e-08, 1.55e-08, 1.81, 0, 1e-08, 0
533908801, 1.67, 2.08e-08, 2.15e-08, 1.81, 0, 1e-08, 0
534427201, 9.89, 2.91e-08, 1.92e-08, 1.81, 0, 1e-08, 0
537796801, 17.28, 2.6e-08, 1.79e-08, 1.81, 0, 1e-08, 0
538574401, 10.69, 1.41e-08, 1.28e-08, 1.81, 0, 1e-08, 0
538833601, 12.68, 1.25e-08, 1.14e-08, 1.81, 0, 1e-08, 0
539352001, 1.77, 1.29e-08, 1.55e-08, 1.81, 0, 1e-08, 0
540388801, 4.73, 1.66e-08, 1.33e-08, 1.81, 0, 1e-08, 0
541166401, 1.58, 8.06e-09, 9.93e-09, 1.81, 0, 1e-08, 0
541944001, 13.21, 1.58e-08, 1.25e-08, 1.81, 0, 1e-08, 0
542721601, 1.49, 2.14e-08, 2.6e-08, 1.81, 0, 1e-08, 0
547128001, 1.64, 3.15e-09, 3.91e-09, 1.81, 0, 1e-08, 0
547646401, 13.85, 8.51e-09, 6.79e-09, 1.81, 0, 1e-08, 0
548942401, 7.18, 1.17e-08, 9.12e-09, 1.81, 0, 1e-08, 0
549201601, 3.99, 1.81e-08, 1.25e-08, 1.81, 0, 1e-08, 0
549720001, 10.08, 1.67e-08, 1.02e-08, 1.81, 0, 1e-08, 0
551275201, 1.74, 5.74e-09, 6.44e-09, 1.81, 0, 1e-08, 0
552571201, 9.52, 2.01e-08, 1.65e-08, 1.81, 0, 1e-08, 0
555163201, 3.05, 6.75e-09, 5.96e-09, 1.81, 0, 1e-08, 0
557236801, 1.79, 7.53e-09, 8.17e-09, 1.81, 0, 1e-08, 0
557755201, 5.8, 1.94e-08, 1.35e-08, 1.81, 0, 1e-08, 0
559828801, 4.02, 1.06e-08, 7.99e-09, 1.81, 0, 1e-08, 0
560606401, 9.02, 3.26e-08, 2.28e-08, 1.81, 0, 1e-08, 0
562420801, 14.37, 1.44e-08, 8.31e-09, 1.81, 0, 1e-08, 0
562680001, 1.69, 1.28e-08, 1.23e-08, 1.81, 0, 1e-08, 0
563457601, 2.14, 8.99e-09, 8.7e-09, 1.81, 0, 1e-08, 0
563976001, 1.09, 7.65e-09, 9.66e-09, 1.81, 0, 1e-08, 0
566049601, 5.22, 5.38e-09, 5.5e-09, 1.81, 0, 1e-08, 0
566308801, 5.97, 1.55e-08, 1.04e-08, 1.81, 0, 1e-08, 0
566568001, 26.79, 3.79e-08, 1.65e-08, 1.81, 0, 1e-08, 0
567345601, 22.48, 1.68e-08, 9.91e-09, 1.81, 0, 1e-08, 0
567604801, 7.76, 5.51e-09, 5.51e-09, 1.81, 0, 1e-08, 0
568123201, 3.48, 2.4e-08, 1.79e-08, 1.81, 0, 1e-08, 0
568641601, 4.08, 8.2e-09, 8.4e-09, 1.81, 0, 1e-08, 0
568900801, 3.62, 1.5e-08, 1.24e-08, 1.81, 0, 1e-08, 0
569160001, 8.44, 1.26e-08, 1.19e-08, 1.81, 0, 1e-08, 0
569419201, 9.06, 1.9e-08, 1.52e-08, 1.81, 0, 1e-08, 0
570196801, 6.54, 2.29e-08, 1.46e-08, 1.81, 0, 1e-08, 0
570715201, 7.53, 1.71e-08, 1.68e-08, 1.81, 0, 1e-08, 0
571233601, 11.46, 1.55e-08, 1.28e-08, 1.81, 0, 1e-08, 0
572529601, 5.64, 2.15e-08, 1.57e-08, 1.81, 0, 1e-08, 0
572788801, 1.02, 1.62e-08, 1.91e-08, 1.81, 0, 1e-08, 0
573825601, 2.59, 1.81e-08, 1.74e-08, 1.81, 0, 1e-08, 0
574084801, 1.6, 7.44e-09, 9.15e-09, 1.81, 0, 1e-08, 0
574344001, 12.23, 3.51e-08, 1.89e-08, 1.81, 0, 1e-08, 0
574603201, 8.64, 1.24e-08, 1.04e-08, 1.81, 0, 1e-08, 0
574862401, 21.87, 5.06e-08, 2.14e-08, 1.81, 0, 1e-08, 0
575121601, 12.09, 3.01e-08, 1.68e-08, 1.81, 0, 1e-08, 0
575380801, 2.26, 1.67e-08, 1.6e-08, 1.81, 0, 1e-08, 0
575899201, 4.21, 1.02e-08, 1.04e-08, 1.81, 0, 1e-08, 0
576158401, 7.04, 2.44e-08, 1.69e-08, 1.81, 0, 1e-08, 0
577195201, 3.52, 9.81e-09, 7.99e-09, 1.81, 0, 1e-08, 0
577454401, 19.67, 2.04e-08, 1.1e-08, 1.81, 0, 1e-08, 0
577713601, 20.31, 2.06e-08, 1.12e-08, 1.81, 0, 1e-08, 0
577972801, 12.77, 1.95e-08, 1.4e-08, 1.81, 0, 1e-08, 0
578232001, 12.78, 4.41e-08, 2.25e-08, 1.81, 0, 1e-08, 0
578491201, 3.16, 1.45e-08, 1.36e-08, 1.81, 0, 1e-08, 0
578750401, 3.42, 1.52e-08, 1.39e-08, 1.81, 0, 1e-08, 0
579009601, 5.48, 2.39e-08, 1.66e-08, 1.81, 0, 1e-08, 0
579268801, 8.6, 1.71e-08, 1.39e-08, 1.81, 0, 1e-08, 0
579787201, 1.33, 6.71e-09, 8.71e-09, 1.81, 0, 1e-08, 0
580305601, 3.33, 1.71e-08, 1.57e-08, 1.81, 0, 1e-08, 0
580824001, 3.44, 4.48e-09, 4.74e-09, 1.81, 0, 1e-08, 0
581083201, 3.72, 5.58e-09, 5.42e-09, 1.81, 0, 1e-08, 0
581342401, 45.8, 3.16e-08, 1.23e-08, 1.81, 0, 1e-08, 0
581860801, 5.27, 1.88e-08, 1.2e-08, 1.81, 0, 1e-08, 0
582120001, 6.58, 2.63e-08, 1.8e-08, 1.81, 0, 1e-08, 0
582638401, 4.82, 1.88e-08, 1.46e-08, 1.81, 0, 1e-08, 0
583416001, 8.6, 2.36e-08, 1.5e-08, 1.81, 0, 1e-08, 0
584452801, 5.95, 1.67e-08, 1.52e-08, 1.81, 0, 1e-08, 0
584712001, 4.76, 1.37e-08, 1.04e-08, 1.81, 0, 1e-08, 0
584971201, 6.38, 9.3e-09, 6.88e-09, 1.81, 0, 1e-08, 0
585230401, 8.33, 1.46e-08, 9.91e-09, 1.81, 0, 1e-08, 0
585748801, 2.51, 1.38e-08, 1.29e-08, 1.81, 0, 1e-08, 0
587304001, 1.09, 8.45e-09, 1.11e-08, 1.81, 0, 1e-08, 0
588859201, 8.52, 2.33e-08, 1.57e-08, 1.81, 0, 1e-08, 0
589377601, 5.1, 1.68e-08, 1.3e-08, 1.81, 0, 1e-08, 0
590155201, 2.2, 1.59e-08, 1.47e-08, 1.81, 0, 1e-08, 0
590414401, 7.21, 1.65e-08, 1.24e-08, 1.81, 0, 1e-08, 0
590673601, 1.67, 1.15e-08, 1.26e-08, 1.81, 0, 1e-08, 0
591192001, 10.18, 1.42e-08, 9.81e-09, 1.81, 0, 1e-08, 0
591710401, 4.66, 1.86e-08, 1.29e-08, 1.81, 0, 1e-08, 0
597153601, 7.53, 9.98e-09, 9.74e-09, 1.81, 0, 1e-08, 0
597931201, 9.37, 4.45e-08, 2.37e-08, 1.81, 0, 1e-08, 0
598190401, 2.8, 6.37e-09, 7.03e-09, 1.81, 0, 1e-08, 0
598968001, 12.23, 2.02e-08, 1.33e-08, 1.81, 0, 1e-08, 0
600264001, 1.48, 1.28e-08, 1.37e-08, 1.81, 0, 1e-08, 0
600782401, 2.93, 1.32e-08, 1.21e-08, 1.81, 0, 1e-08, 0
601041601, 4.89, 3.03e-08, 2.2e-08, 1.81, 0, 1e-08, 0
603633601, 5.84, 1.01e-08, 1.02e-08, 1.81, 0, 1e-08, 0
603892801, 2.93, 2.95e-08, 2.28e-08, 1.81, 0, 1e-08, 0
604152001, 3.47, 1.83e-08, 1.58e-08, 1.81, 0, 1e-08, 0
604929601, 6.47, 3.11e-08, 1.89e-08, 1.81, 0, 1e-08, 0
605966401, 4.75, 1.47e-08, 1.19e-08, 1.81, 0, 1e-08, 0
606225601, 1.66, 1.18e-08, 1.25e-08, 1.81, 0, 1e-08, 0
607262401, 6.17, 1.24e-08, 1e-08, 1.81, 0, 1e-08, 0
607780801, 5.06, 1.22e-08, 1.19e-08, 1.81, 0, 1e-08, 0
609076801, 6.29, 8.42e-09, 6.97e-09, 1.81, 0, 1e-08, 0
609336001, 3.63, 4.99e-09, 5.2e-09, 1.81, 0, 1e-08, 0
609595201, 4.02, 9.59e-09, 9.29e-09, 1.81, 0, 1e-08, 0
610632001, 1.45, 1.34e-08, 1.48e-08, 1.81, 0, 1e-08, 0
610891201, 1.73, 1.54e-08, 1.55e-08, 1.81, 0, 1e-08, 0
611150401, 2.22, 1.25e-08, 1.28e-08, 1.81, 0, 1e-08, 0
612964801, 1.73, 1.76e-08, 1.55e-08, 1.81, 0, 1e-08, 0
614520001, 2.82, 2.31e-08, 1.88e-08, 1.81, 0, 1e-08, 0
615038401, 1.76, 2.23e-08, 2.1e-08, 1.81, 0, 1e-08, 0
616334401, 1.02, 7.07e-09, 1e-08, 1.81, 0, 1e-08, 0
616593601, 1.76, 1.53e-08, 1.43e-08, 1.81, 0, 1e-08, 0
617371201, 1.73, 1.57e-08, 1.44e-08, 1.81, 0, 1e-08, 0
619185601, 1.51, 7.14e-09, 8.88e-09, 1.81, 0, 1e-08, 0
619963201, 2.97, 6.65e-09, 7.24e-09, 1.81, 0, 1e-08, 0
620222401, 7.53, 1.87e-08, 1.33e-08, 1.81, 0, 1e-08, 0
621518401, 4.22, 8.43e-09, 8.68e-09, 1.81, 0, 1e-08, 0
621777601, 11.26, 1.02e-08, 9.88e-09, 1.81, 0, 1e-08, 0
622296001, 2.0, 1.97e-08, 1.78e-08, 1.81, 0, 1e-08, 0
622814401, 3.15, 1.27e-08, 1.1e-08, 1.81, 0, 1e-08, 0
623592001, 9.12, 9.77e-09, 8.11e-09, 1.81, 0, 1e-08, 0
624628801, 7.94, 2.35e-08, 1.65e-08, 1.81, 0, 1e-08, 0
624888001, 15.81, 1.81e-08, 1.39e-08, 1.81, 0, 1e-08, 0
625406401, 1.66, 1.53e-08, 1.7e-08, 1.81, 0, 1e-08, 0
625924801, 16.36, 1.74e-08, 1.43e-08, 1.81, 0, 1e-08, 0
626184001, 1.54, 1.3e-08, 1.37e-08, 1.81, 0, 1e-08, 0
626702401, 6.97, 1.34e-08, 9.83e-09, 1.81, 0, 1e-08, 0
627480001, 3.94, 2.4e-08, 1.61e-08, 1.81, 0, 1e-08, 0
627998401, 1.23, 6.35e-09, 8.34e-09, 1.81, 0, 1e-08, 0
631108801, 1.41, 1.25e-08, 1.33e-08, 1.81, 0, 1e-08, 0
633700801, 3.56, 2.24e-08, 1.71e-08, 1.81, 0, 1e-08, 0
634219201, 1.1, 5.58e-09, 7.62e-09, 1.81, 0, 1e-08, 0
634737601, 3.72, 8.53e-09, 8.95e-09, 1.81, 0, 1e-08, 0
636033601, 3.33, 1.55e-08, 1.34e-08, 1.81, 0, 1e-08, 0
636552001, 2.59, 8.19e-09, 9.09e-09, 1.81, 0, 1e-08, 0
638366401, 3.03, 8.44e-09, 8.55e-09, 1.81, 0, 1e-08, 0
638884801, 1.32, 8.7e-09, 1.06e-08, 1.81, 0, 1e-08, 0
639403201, 3.33, 9.67e-09, 1.01e-08, 1.81, 0, 1e-08, 0
641217601, 3.39, 1.43e-08, 1.07e-08, 1.81, 0, 1e-08, 0
642254401, 2.19, 7.42e-09, 8.26e-09, 1.81, 0, 1e-08, 0
643550401, 4.34, 2.07e-08, 1.54e-08, 1.81, 0, 1e-08, 0
644068801, 9.96, 9.24e-09, 9.06e-09, 1.81, 0, 1e-08, 0
644328001, 1.48, 6.41e-09, 7.99e-09, 1.81, 0, 1e-08, 0
644587201, 2.89, 1.65e-08, 1.3e-08, 1.81, 0, 1e-08, 0
644846401, 1.4, 1.16e-08, 1.17e-08, 1.81, 0, 1e-08, 0
645105601, 5.61, 6.84e-09, 6.46e-09, 1.81, 0, 1e-08, 0
645364801, 2.55, 5.11e-09, 5.71e-09, 1.81, 0, 1e-08, 0
645883201, 6.64, 3.13e-08, 1.77e-08, 1.81, 0, 1e-08, 0
646142401, 1.27, 6.7e-09, 8.88e-09, 1.81, 0, 1e-08, 0
646401601, 2.59, 7.74e-09, 8.47e-09, 1.81, 0, 1e-08, 0
646660801, 1.36, 1.19e-08, 1.43e-08, 1.81, 0, 1e-08, 0
646920001, 5.96, 2.74e-08, 1.82e-08, 1.81, 0, 1e-08, 0
648216001, 1.72, 1.57e-08, 1.62e-08, 1.81, 0, 1e-08, 0
648734401, 3.58, 1.22e-08, 9.81e-09, 1.81, 0, 1e-08, 0
649771201, 2.63, 8.44e-09, 9.28e-09, 1.81, 0, 1e-08, 0
650808001, 1.15, 5.93e-09, 8.07e-09, 1.81, 0, 1e-08, 0
651067201, 3.99, 2.21e-08, 1.55e-08, 1.81, 0, 1e-08, 0
651326401, 3.64, 1.06e-08, 1.06e-08, 1.81, 0, 1e-08, 0
653140801, 7.55, 1.5e-08, 1.06e-08, 1.81, 0, 1e-08, 0
653400001, 1.59, 1.58e-08, 1.52e-08, 1.81, 0, 1e-08, 0
654177601, 5.4, 1.13e-08, 1.09e-08, 1.81, 0, 1e-08, 0
654696001, 2.12, 1.73e-08, 1.58e-08, 1.81, 0, 1e-08, 0
654955201, 2.14, 8.19e-09, 8.94e-09, 1.81, 0, 1e-08, 0
655473601, 2.86, 1.58e-08, 1.23e-08, 1.81, 0, 1e-08, 0
655992001, 1.24, 1.17e-08, 1.32e-08, 1.81, 0, 1e-08, 0
656251201, 1.6, 1.84e-08, 1.82e-08, 1.81, 0, 1e-08, 0
656510401, 4.28, 1.38e-08, 1.16e-08, 1.81, 0, 1e-08, 0
657028801, 5.23, 8.51e-09, 8.67e-09, 1.81, 0, 1e-08, 0
657288001, 12.74, 1.79e-08, 1.32e-08, 1.81, 0, 1e-08, 0
657547201, 13.15, 2.09e-08, 1.42e-08, 1.81, 0, 1e-08, 0
659620801, 9.54, 1.21e-08, 1.05e-08, 1.81, 0, 1e-08, 0
661435201, 8.29, 1.21e-08, 1.16e-08, 1.81, 0, 1e-08, 0
662731201, 9.74, 2.3e-08, 1.37e-08, 1.81, 0, 1e-08, 0
662990401, 17.7, 2.2e-08, 1.32e-08, 1.81, 0, 1e-08, 0
665064001, 1.38, 1.85e-08, 1.89e-08, 1.81, 0, 1e-08, 0
665323201, 18.39, 2.53e-08, 1.63e-08, 1.81, 0, 1e-08, 0
667396801, 2.49, 1.83e-08, 1.68e-08, 1.81, 0, 1e-08, 0
667656001, 4.21, 1.47e-08, 1.45e-08, 1.81, 0, 1e-08, 0
668174401, 3.53, 1.83e-08, 1.47e-08, 1.81, 0, 1e-08, 0
668433601, 1.3, 7.08e-09, 9.1e-09, 1.81, 0, 1e-08, 0
668692801, 3.21, 1.2e-08, 1.12e-08, 1.81, 0, 1e-08, 0
669470401, 3.52, 2.84e-08, 1.98e-08, 1.81, 0, 1e-08, 0
672321601, 1.63, 8.43e-09, 9.56e-09, 1.81, 0, 1e-08, 0
673099201, 16.14, 2.9e-08, 1.35e-08, 1.81, 0, 1e-08, 0
673358401, 4.41, 8.03e-09, 7.98e-09, 1.81, 0, 1e-08, 0
673617601, 17.3, 2.47e-08, 1.33e-08, 1.81, 0, 1e-08, 0
674654401, 6.35, 1.39e-08, 1.2e-08, 1.81, 0, 1e-08, 0
674913601, 6.56, 1.05e-08, 1e-08, 1.81, 0, 1e-08, 0
675432001, 4.67, 2.02e-08, 1.57e-08, 1.81, 0, 1e-08, 0
675691201, 5.46, 1.88e-08, 1.67e-08, 1.81, 0, 1e-08, 0
676728001, 10.25, 1.97e-08, 1.14e-08, 1.81, 0, 1e-08, 0
676987201, 2.04, 7.08e-09, 7.21e-09, 1.81, 0, 1e-08, 0
677246401, 21.49, 3.65e-08, 1.52e-08, 1.81, 0, 1e-08, 0
678542401, 6.23, 2.86e-08, 1.99e-08, 1.81, 0, 1e-08, 0
679060801, 4.68, 1.51e-08, 1.33e-08, 1.81, 0, 1e-08, 0
680097601, 4.08, 1.96e-08, 1.56e-08, 1.81, 0, 1e-08, 0
680356801, 1.41, 5.66e-09, 7.33e-09, 1.81, 0, 1e-08, 0
681134401, 6.4, 1.52e-08, 1.04e-08, 1.81, 0, 1e-08, 0
681912001, 3.13, 1.23e-08, 1.17e-08, 1.81, 0, 1e-08, 0
682171201, 12.06, 1.42e-08, 1.23e-08, 1.81, 0, 1e-08, 0
683726401, 6.87, 2.32e-08, 1.74e-08, 1.81, 0, 1e-08, 0
683985601, 6.52, 2.1e-08, 1.55e-08, 1.81, 0, 1e-08, 0
684504001, 5.85, 1.1e-08, 1.08e-08, 1.81, 0, 1e-08, 0
685022401, 10.78, 1.91e-08, 1.19e-08, 1.81, 0, 1e-08, 0
685540801, 4.87, 1.16e-08, 9.89e-09, 1.81, 0, 1e-08, 0
685800001, 10.15, 3e-08, 1.95e-08, 1.81, 0, 1e-08, 0
686059201, 10.63, 2.08e-08, 1.64e-08, 1.81, 0, 1e-08, 0
686836801, 2.53, 1.06e-08, 9.48e-09, 1.81, 0, 1e-08, 0
687355201, 1.38, 8.84e-09, 9.68e-09, 1.81, 0, 1e-08, 0
687614401, 2.65, 8.87e-09, 9.31e-09, 1.81, 0, 1e-08, 0
688392001, 3.53, 1.84e-08, 1.54e-08, 1.81, 0, 1e-08, 0
689428801, 9.95, 1.45e-08, 1.22e-08, 1.81, 0, 1e-08, 0
689688001, 4.57, 1.27e-08, 1.06e-08, 1.81, 0, 1e-08, 0
690465601, 2.27, 1.11e-08, 1.03e-08, 1.81, 0, 1e-08, 0
690724801, 19.53, 2.77e-08, 1.38e-08, 1.81, 0, 1e-08, 0
691243201, 1.95, 1.21e-08, 1.19e-08, 1.81, 0, 1e-08, 0
692020801, 4.1, 1.8e-08, 1.37e-08, 1.81, 0, 1e-08, 0
692798401, 7.05, 2.19e-08, 1.63e-08, 1.81, 0, 1e-08, 0
693576001, 11.03, 1.67e-08, 1.34e-08, 1.81, 0, 1e-08, 0
695390401, 1.46, 1.08e-08, 1.27e-08, 1.81, 0, 1e-08, 0
696427201, 7.64, 1.62e-08, 1.48e-08, 1.81, 0, 1e-08, 0
696686401, 1.66, 6.58e-09, 7.92e-09, 1.81, 0, 1e-08, 0
697723201, 4.63, 1.27e-08, 1.19e-08, 1.81, 0, 1e-08, 0
697982401, 2.83, 8.22e-09, 8.86e-09, 1.81, 0, 1e-08, 0
699537601, 2.51, 1.09e-08, 1.19e-08, 1.81, 0, 1e-08, 0
701092801, 6.21, 1.83e-08, 1.09e-08, 1.81, 0, 1e-08, 0
701870401, 4.83, 1.62e-08, 1.25e-08, 1.81, 0, 1e-08, 0
703944001, 17.45, 5.3e-08, 2.4e-08, 1.81, 0, 1e-08, 0
704462401, 13.64, 1.3e-08, 9.72e-09, 1.81, 0, 1e-08, 0
704980801, 5.66, 1.5e-08, 9.99e-09, 1.81, 0, 1e-08, 0
705758401, 10.57, 1.55e-08, 1.09e-08, 1.81, 0, 1e-08, 0
706276801, 7.5, 1.38e-08, 1.2e-08, 1.81, 0, 1e-08, 0
706536001, 3.38, 1.58e-08, 1.36e-08, 1.81, 0, 1e-08, 0
707832001, 10.71, 1.85e-08, 1.21e-08, 1.81, 0, 1e-08, 0
708350401, 7.72, 4.2e-09, 4.18e-09, 1.81, 0, 1e-08, 0
708609601, 15.92, 1.71e-08, 1.06e-08, 1.81, 0, 1e-08, 0
708868801, 3.13, 7.94e-09, 6.97e-09, 1.81, 0, 1e-08, 0
710683201, 1.65, 1.31e-08, 1.41e-08, 1.81, 0, 1e-08, 0
711460801, 1.92, 3.45e-08, 3.12e-08, 1.81, 0, 1e-08, 0
712238401, 11.25, 1.95e-08, 1.41e-08, 1.81, 0, 1e-08, 0
713275201, 17.79, 4.47e-08, 2.21e-08, 1.81, 0, 1e-08, 0
714312001, 16.41, 3.46e-08, 1.6e-08, 1.81, 0, 1e-08, 0
715089601, 19.82, 3.69e-08, 1.62e-08, 1.81, 0, 1e-08, 0
716126401, 6.62, 1.11e-08, 1.07e-08, 1.81, 0, 1e-08, 0
716385601, 8.34, 4.17e-08, 2.12e-08, 1.81, 0, 1e-08, 0
716644801, 11.84, 1.24e-08, 1.03e-08, 1.81, 0, 1e-08, 0
716904001, 2.88, 9.13e-09, 8.85e-09, 1.81, 0, 1e-08, 0
717422401, 3.8, 1.09e-08, 1.05e-08, 1.81, 0, 1e-08, 0
717940801, 2.15, 1.34e-08, 1.38e-08, 1.81, 0, 1e-08, 0
718718401, 26.52, 2.51e-08, 1.15e-08, 1.81, 0, 1e-08, 0
719236801, 3.26, 1.37e-08, 1.1e-08, 1.81, 0, 1e-08, 0
722865601, 4.72, 1.76e-08, 1.19e-08, 1.81, 0, 1e-08, 0
723384001, 12.01, 2.74e-08, 1.45e-08, 1.81, 0, 1e-08, 0
723643201, 3.56, 1.72e-08, 1.37e-08, 1.81, 0, 1e-08, 0
723902401, 8.08, 1.52e-08, 1.36e-08, 1.81, 0, 1e-08, 0
724161601, 8.36, 2.16e-08, 1.4e-08, 1.81, 0, 1e-08, 0
724680001, 3.1, 1.31e-08, 1.16e-08, 1.81, 0, 1e-08, 0
725198401, 1.41, 1.57e-08, 1.64e-08, 1.81, 0, 1e-08, 0
725976001, 1.35, 1.46e-08, 1.7e-08, 1.81, 0, 1e-08, 0
726235201, 5.84, 1.14e-08, 1.03e-08, 1.81, 0, 1e-08, 0
726753601, 1.25, 1.14e-08, 1.24e-08, 1.81, 0, 1e-08, 0
728308801, 6.38, 2.95e-08, 1.85e-08, 1.81, 0, 1e-08, 0
728827201, 1.59, 1.1e-08, 1.28e-08, 1.81, 0, 1e-08, 0
729345601, 8.62, 1.72e-08, 1.28e-08, 1.81, 0, 1e-08, 0
729604801, 1.21, 1.38e-08, 1.55e-08, 1.81, 0, 1e-08, 0
730641601, 5.16, 1.79e-08, 1.29e-08, 1.81, 0, 1e-08, 0
731160001, 1.04, 1.9e-08, 2.35e-08, 1.81, 0, 1e-08, 0
731419201, 6.5, 1.44e-08, 1.13e-08, 1.81, 0, 1e-08, 0
731678401, 11.06, 2.44e-08, 1.8e-08, 1.81, 0, 1e-08, 0
731937601, 2.82, 5.85e-09, 6.44e-09, 1.81, 0, 1e-08, 0
732196801, 8.06, 1.71e-08, 1.26e-08, 1.81, 0, 1e-08, 0
732456001, 2.89, 1.26e-08, 1.09e-08, 1.81, 0, 1e-08, 0
733492801, 5.29, 2.25e-08, 1.5e-08, 1.81, 0, 1e-08, 0
734011201, 2.2, 1.69e-08, 1.55e-08, 1.81, 0, 1e-08, 0
734270401, 9.8, 2.06e-08, 1.53e-08, 1.81, 0, 1e-08, 0
735307201, 3.56, 9.65e-09, 9.86e-09, 1.81, 0, 1e-08, 0
736603201, 9.57, 9.3e-09, 7.92e-09, 1.81, 0, 1e-08, 0
737380801, 1.77, 1.65e-08, 1.54e-08, 1.81, 0, 1e-08, 0
738417601, 1.19, 8.49e-09, 1.1e-08, 1.81, 0, 1e-08, 0
738676801, 3.12, 1.94e-08, 1.61e-08, 1.81, 0, 1e-08, 0
739713601, 7.18, 2.43e-08, 1.56e-08, 1.81, 0, 1e-08, 0
740232001, 2.32, 6.34e-09, 6.75e-09, 1.81, 0, 1e-08, 0
740491201, 14.07, 1.12e-08, 8.69e-09, 1.81, 0, 1e-08, 0
741009601, 4.24, 9.09e-09, 8.62e-09, 1.81, 0, 1e-08, 0
741268801, 12.14, 4.73e-08, 2.61e-08, 1.81, 0, 1e-08, 0
742046401, 6.17, 1.38e-08, 1.2e-08, 1.81, 0, 1e-08, 0
