timestamp, ts, flux, flux_error, photon_index, photon_index_interval, fit_tolerance, fit_convergence
239976001, 5.27, 3.71e-08, 2.52e-08, 2.0, 0, 1e-08, 0
240235201, 34.87, 1.03e-07, 3.71e-08, 2.0, 0, 1e-08, 0
240753601, 2.0, 2.78e-08, 2.58e-08, 2.0, 0, 1e-08, 0
241012801, 5.38, 7.02e-08, 4.26e-08, 2.0, 0, 1e-08, 0
241272001, 14.44, 7.87e-08, 3.92e-08, 2.0, 0, 1e-08, 0
241531201, 3.68, 4.49e-08, 4.2e-08, 2.0, 0, 1e-08, 0
242049601, 19.66, 9.5e-08, 3.7e-08, 2.0, 0, 1e-08, 0
242308801, 7.73, 9.21e-08, 4.78e-08, 2.0, 0, 1e-08, 0
242568001, 12.78, 4.63e-08, 2.73e-08, 2.0, 0, 1e-08, 0
242827201, 2.53, 2.81e-08, 2.76e-08, 2.0, 0, 1e-08, 0
243086401, 15.49, 9.91e-08, 4.17e-08, 2.0, 0, 1e-08, 0
243345601, 2.5, 2.25e-08, 2.24e-08, 2.0, 0, 1e-08, 0
243604801, 6.4, 4.38e-08, 2.74e-08, 2.0, 0, 1e-08, 0
244123201, 2.48, 3.24e-08, 2.82e-08, 2.0, 0, 1e-08, 0
244382401, 8.75, 5.22e-08, 2.71e-08, 2.0, 0, 1e-08, 0
244900801, 2.4, 3.74e-08, 3.12e-08, 2.0, 0, 1e-08, 0
245160001, 5.54, 4.54e-08, 2.99e-08, 2.0, 0, 1e-08, 0
245419201, 20.31, 7.08e-08, 3.12e-08, 2.0, 0, 1e-08, 0
245937601, 19.74, 7.2e-08, 3.2e-08, 2.0, 0, 1e-08, 0
246456001, 3.71, 5.37e-08, 4.05e-08, 2.0, 0, 1e-08, 0
246974401, 5.17, 2.89e-08, 2.37e-08, 2.0, 0, 1e-08, 0
247492801, 2.26, 2.33e-08, 2.21e-08, 2.0, 0, 1e-08, 0
248011201, 9.87, 3.76e-08, 2.45e-08, 2.0, 0, 1e-08, 0
248270401, 9.13, 3.89e-08, 2.5e-08, 2.0, 0, 1e-08, 0
248529601, 12.65, 5.07e-08, 2.69e-08, 2.0, 0, 1e-08, 0
248788801, 21.23, 8.47e-08, 3.13e-08, 2.0, 0, 1e-08, 0
249048001, 27.67, 9.9e-08, 3.41e-08, 2.0, 0, 1e-08, 0
249307201, 4.66, 3.24e-08, 2.39e-08, 2.0, 0, 1e-08, 0
249566401, 2.55, 3.03e-08, 2.53e-08, 2.0, 0, 1e-08, 0
249825601, 22.99, 6.57e-08, 3.11e-08, 2.0, 0, 1e-08, 0
250084801, 5.17, 2.97e-08, 2.49e-08, 2.0, 0, 1e-08, 0
251121601, 1.12, 1.29e-08, 1.75e-08, 2.0, 0, 1e-08, 0
251640001, 3.8, 2.5e-08, 2.17e-08, 2.0, 0, 1e-08, 0
251899201, 19.45, 5.27e-08, 2.65e-08, 2.0, 0, 1e-08, 0
252158401, 2.35, 1.5e-08, 1.64e-08, 2.0, 0, 1e-08, 0
252417601, 6.37, 3.76e-08, 2.39e-08, 2.0, 0, 1e-08, 0
252676801, 5.18, 1.24e-08, 1.19e-08, 2.0, 0, 1e-08, 102
252936001, 1.88, 2.48e-08, 2.29e-08, 2.0, 0, 1e-08, 0
253195201, 3.82, 1.8e-08, 1.65e-08, 2.0, 0, 1e-08, 0
253713601, 1.5, 1.91e-08, 2.08e-08, 2.0, 0, 1e-08, 0
253972801, 5.36, 1.61e-08, 1.57e-08, 2.0, 0, 1e-08, 0
254491201, 1.85, 1.49e-08, 1.65e-08, 2.0, 0, 1e-08, 0
254750401, 1.12, 2.67e-08, 3.47e-08, 2.0, 0, 1e-08, 0
255528001, 12.33, 6.12e-08, 3.24e-08, 2.0, 0, 1e-08, 0
255787201, 3.14, 1.74e-08, 1.74e-08, 2.0, 0, 1e-08, 0
256046401, 2.66, 2.3e-08, 2.36e-08, 2.0, 0, 1e-08, 0
256564801, 7.7, 4.25e-08, 2.77e-08, 2.0, 0, 1e-08, 0
256824001, 1.53, 1.98e-08, 2.2e-08, 2.0, 0, 1e-08, 0
257083201, 2.83, 3.49e-08, 2.85e-08, 2.0, 0, 1e-08, 0
257342401, 23.1, 5.48e-08, 2.68e-08, 2.0, 0, 1e-08, 0
257601601, 3.43, 3.21e-08, 2.36e-08, 2.0, 0, 1e-08, 0
259416001, 4.2, 3.72e-08, 2.72e-08, 2.0, 0, 1e-08, 0
259675201, 4.38, 3.02e-08, 2.51e-08, 2.0, 0, 1e-08, 0
260193601, 4.18, 3.58e-08, 2.61e-08, 2.0, 0, 1e-08, 0
260452801, 6.79, 3.35e-08, 2.46e-08, 2.0, 0, 1e-08, 0
261489601, 8.74, 4.68e-08, 2.51e-08, 2.0, 0, 1e-08, 0
261748801, 11.69, 3.05e-08, 2e-08, 2.0, 0, 1e-08, 0
262008001, 17.28, 6.65e-08, 2.72e-08, 2.0, 0, 1e-08, 0
262267201, 16.1, 5.02e-08, 2.45e-08, 2.0, 0, 1e-08, 0
262526401, 1.48, 3.1e-08, 3.05e-08, 2.0, 0, 1e-08, 0
262785601, 19.23, 6.71e-08, 2.67e-08, 2.0, 0, 1e-08, 0
263044801, 17.34, 1.01e-07, 4.01e-08, 2.0, 0, 1e-08, 0
263304001, 20.74, 1.09e-07, 3.91e-08, 2.0, 0, 1e-08, 0
264081601, 13.78, 6.8e-08, 3.31e-08, 2.0, 0, 1e-08, 0
264340801, 5.37, 2.46e-08, 2.29e-08, 2.0, 0, 1e-08, 0
264600001, 1.98, 3.08e-08, 2.91e-08, 2.0, 0, 1e-08, 0
264859201, 7.61, 5.76e-08, 3.47e-08, 2.0, 0, 1e-08, 0
265118401, 1.88, 4.06e-08, 3.53e-08, 2.0, 0, 1e-08, 0
265377601, 17.19, 7.67e-08, 3.31e-08, 2.0, 0, 1e-08, 0
265636801, 11.81, 4.88e-08, 2.94e-08, 2.0, 0, 1e-08, 0
265896001, 21.61, 7.68e-08, 3.31e-08, 2.0, 0, 1e-08, 0
266155201, 18.17, 6.15e-08, 2.88e-08, 2.0, 0, 1e-08, 0
266414401, 18.39, 6.22e-08, 2.65e-08, 2.0, 0, 1e-08, 0
266673601, 5.81, 4.8e-08, 2.85e-08, 2.0, 0, 1e-08, 0
267192001, 2.35, 2.77e-08, 2.33e-08, 2.0, 0, 1e-08, 0
267451201, 1.57, 2.48e-08, 2.59e-08, 2.0, 0, 1e-08, 0
267710401, 9.81, 6.73e-08, 3.24e-08, 2.0, 0, 1e-08, 0
267969601, 7.9, 3.44e-08, 2.12e-08, 2.0, 0, 1e-08, 0
268228801, 30.96, 7.87e-08, 3.33e-08, 2.0, 0, 1e-08, 0
268488001, 11.71, 5.87e-08, 3.18e-08, 2.0, 0, 1e-08, 0
268747201, 18.92, 1.06e-07, 4.09e-08, 2.0, 0, 1e-08, 0
269006401, 1.66, 3.57e-08, 3.79e-08, 2.0, 0, 1e-08, 0
269265601, 3.04, 3.4e-08, 2.96e-08, 2.0, 0, 1e-08, 0
269524801, 3.38, 4.88e-08, 3.48e-08, 2.0, 0, 1e-08, 0
269784001, 3.48, 5.14e-08, 4.26e-08, 2.0, 0, 1e-08, 0
270043201, 8.1, 5.68e-08, 3.39e-08, 2.0, 0, 1e-08, 0
270302401, 5.42, 5.04e-08, 3.52e-08, 2.0, 0, 1e-08, 0
270561601, 5.69, 4.43e-08, 2.79e-08, 2.0, 0, 1e-08, 0
270820801, 2.55, 2.16e-08, 2.15e-08, 2.0, 0, 1e-08, 0
271339201, 8.98, 5.61e-08, 2.86e-08, 2.0, 0, 1e-08, 0
271598401, 9.58, 6.7e-08, 3.3e-08, 2.0, 0, 1e-08, 0
272376001, 29.37, 1.26e-07, 4.11e-08, 2.0, 0, 1e-08, 0
272635201, 6.6, 6.67e-08, 4.12e-08, 2.0, 0, 1e-08, 0
272894401, 19.14, 7e-08, 3.19e-08, 2.0, 0, 1e-08, 0
273672001, 2.72, 3.12e-08, 3.11e-08, 2.0, 0, 1e-08, 0
273931201, 3.75, 2.97e-08, 2.82e-08, 2.0, 0, 1e-08, 0
274190401, 11.81, 4.69e-08, 3.18e-08, 2.0, 0, 1e-08, 0
274968001, 1.7, 3.93e-08, 4.17e-08, 2.0, 0, 1e-08, 0
275227201, 10.4, 8.96e-08, 4.42e-08, 2.0, 0, 1e-08, 0
275486401, 12.62, 5.75e-08, 3.05e-08, 2.0, 0, 1e-08, 0
275745601, 32.65, 1.1e-07, 3.92e-08, 2.0, 0, 1e-08, 0
276004801, 2.27, 3.91e-08, 3.6e-08, 2.0, 0, 1e-08, 0
276264001, 1.53, 3.66e-08, 3.52e-08, 2.0, 0, 1e-08, 0
276523201, 2.62, 3.23e-08, 2.61e-08, 2.0, 0, 1e-08, 0
276782401, 4.52, 4.99e-08, 3.51e-08, 2.0, 0, 1e-08, 0
277041601, 7.57, 4.26e-08, 3.11e-08, 2.0, 0, 1e-08, 0
277300801, 1.9, 3.81e-08, 3.43e-08, 2.0, 0, 1e-08, 0
277560001, 23.36, 9.92e-08, 4.17e-08, 2.0, 0, 1e-08, 0
278078401, 5.55, 6.89e-08, 4.82e-08, 2.0, 0, 1e-08, 0
278337601, 5.63, 5.79e-08, 3.92e-08, 2.0, 0, 1e-08, 0
278596801, 11.51, 8.29e-08, 4.29e-08, 2.0, 0, 1e-08, 0
278856001, 7.56, 4.89e-08, 3.24e-08, 2.0, 0, 1e-08, 0
279115201, 14.01, 9.35e-08, 4.57e-08, 2.0, 0, 1e-08, 0
279892801, 21.11, 7.19e-08, 3.7e-08, 2.0, 0, 1e-08, 0
280152001, 8.16, 6.75e-08, 4.27e-08, 2.0, 0, 1e-08, 0
280411201, 9.71, 7.93e-08, 4.19e-08, 2.0, 0, 1e-08, 0
280670401, 11.31, 6.85e-08, 3.56e-08, 2.0, 0, 1e-08, 0
280929601, 7.48, 6.2e-08, 3.8e-08, 2.0, 0, 1e-08, 0
281448001, 4.49, 4.74e-08, 3.2e-08, 2.0, 0, 1e-08, 0
281707201, 13.63, 9.52e-08, 4.79e-08, 2.0, 0, 1e-08, 0
281966401, 17.16, 7.35e-08, 4.17e-08, 2.0, 0, 1e-08, 0
282225601, 5.18, 6.11e-08, 4.38e-08, 2.0, 0, 1e-08, 0
282744001, 3.25, 4.41e-08, 3.57e-08, 2.0, 0, 1e-08, 0
283003201, 1.66, 2.38e-08, 2.64e-08, 2.0, 0, 1e-08, 0
283262401, 37.05, 1.67e-07, 5.7e-08, 2.0, 0, 1e-08, 0
283521601, 5.35, 7.12e-08, 4.49e-08, 2.0, 0, 1e-08, 0
283780801, 3.68, 6.47e-08, 5.66e-08, 2.0, 0, 1e-08, 0
284299201, 15.27, 4.67e-08, 2.86e-08, 2.0, 0, 1e-08, 0
284558401, 22.61, 1.28e-07, 4.98e-08, 2.0, 0, 1e-08, 0
284817601, 5.93, 2.99e-08, 2.23e-08, 2.0, 0, 1e-08, 0
285336001, 10.41, 9.48e-08, 4.93e-08, 2.0, 0, 1e-08, 0
285595201, 22.85, 8.88e-08, 3.71e-08, 2.0, 0, 1e-08, 0
285854401, 10.99, 4.91e-08, 2.86e-08, 2.0, 0, 1e-08, 0
286113601, 28.2, 1.37e-07, 5.28e-08, 2.0, 0, 1e-08, 0
286372801, 4.79, 3.61e-08, 2.8e-08, 2.0, 0, 1e-08, 0
286632001, 14.04, 3.88e-08, 2.71e-08, 2.0, 0, 1e-08, 0
287150401, 2.72, 2.18e-08, 2.29e-08, 2.0, 0, 1e-08, 0
287668801, 10.24, 6.02e-08, 3.55e-08, 2.0, 0, 1e-08, 0
287928001, 5.6, 4.31e-08, 3.18e-08, 2.0, 0, 1e-08, 0
288187201, 7.16, 6.68e-08, 3.94e-08, 2.0, 0, 1e-08, 0
288446401, 2.17, 2.87e-08, 2.9e-08, 2.0, 0, 1e-08, 0
288705601, 12.71, 7.32e-08, 3.79e-08, 2.0, 0, 1e-08, 0
288964801, 3.08, 5.13e-08, 3.77e-08, 2.0, 0, 1e-08, 0
289224001, 12.44, 6.39e-08, 3.82e-08, 2.0, 0, 1e-08, 0
289483201, 15.13, 6.6e-08, 3.42e-08, 2.0, 0, 1e-08, 0
290001601, 12.78, 6.85e-08, 3.47e-08, 2.0, 0, 1e-08, 0
290260801, 7.19, 6.02e-08, 3.6e-08, 2.0, 0, 1e-08, 0
290520001, 27.46, 1.13e-07, 4.3e-08, 2.0, 0, 1e-08, 0
291038401, 9.21, 6.15e-08, 3.94e-08, 2.0, 0, 1e-08, 0
291297601, 8.92, 3.59e-08, 2.72e-08, 2.0, 0, 1e-08, 0
291556801, 1.22, 4.1e-08, 4.84e-08, 2.0, 0, 1e-08, 0
291816001, 13.4, 9.73e-08, 4.79e-08, 2.0, 0, 1e-08, 0
292075201, 24.27, 9.43e-08, 3.96e-08, 2.0, 0, 1e-08, 0
292334401, 4.64, 4.12e-08, 3.37e-08, 2.0, 0, 1e-08, 0
292852801, 1.04, 2.91e-08, 3.77e-08, 2.0, 0, 1e-08, 0
293112001, 20.35, 8.3e-08, 3.78e-08, 2.0, 0, 1e-08, 0
293371201, 6.28, 5.65e-08, 3.63e-08, 2.0, 0, 1e-08, 0
293630401, 16.68, 6.26e-08, 3.67e-08, 2.0, 0, 1e-08, 0
293889601, 17.4, 7.11e-08, 3.91e-08, 2.0, 0, 1e-08, 0
294148801, 1.01, 3.18e-08, 3.98e-08, 2.0, 0, 1e-08, 0
294408001, 2.07, 2.78e-08, 2.53e-08, 2.0, 0, 1e-08, 0
294667201, 4.67, 2.47e-08, 2.26e-08, 2.0, 0, 1e-08, 0
294926401, 7.41, 4.11e-08, 2.66e-08, 2.0, 0, 1e-08, 0
295185601, 35.79, 7.81e-08, 3.01e-08, 2.0, 0, 1e-08, 0
295444801, 6.83, 5.63e-08, 3.55e-08, 2.0, 0, 1e-08, 0
295704001, 16.68, 1.12e-07, 4.21e-08, 2.0, 0, 1e-08, 0
295963201, 7.14, 4.57e-08, 3.63e-08, 2.0, 0, 1e-08, 0
296222401, 3.68, 2.17e-08, 2.17e-08, 2.0, 0, 1e-08, 0
296481601, 3.72, 5.26e-08, 3.83e-08, 2.0, 0, 1e-08, 0
296740801, 1.3, 2.22e-08, 2.76e-08, 2.0, 0, 1e-08, 0
297000001, 14.35, 1.17e-07, 5.08e-08, 2.0, 0, 1e-08, 0
297259201, 2.27, 4.21e-08, 4.02e-08, 2.0, 0, 1e-08, 0
298036801, 8.38, 3.67e-08, 2.85e-08, 2.0, 0, 1e-08, 0
298296001, 8.9, 6.42e-08, 3.78e-08, 2.0, 0, 1e-08, 0
299073601, 2.51, 2.77e-08, 2.48e-08, 2.0, 0, 1e-08, 0
299332801, 18.14, 8.89e-08, 3.83e-08, 2.0, 0, 1e-08, 0
299592001, 16.3, 8.38e-08, 4.32e-08, 2.0, 0, 1e-08, 0
299851201, 5.2, 6.19e-08, 4.21e-08, 2.0, 0, 1e-08, 0
300110401, 9.93, 4.63e-08, 3.05e-08, 2.0, 0, 1e-08, 0
300369601, 30.22, 1.31e-07, 4.99e-08, 2.0, 0, 1e-08, 0
300628801, 13.44, 8.03e-08, 4.26e-08, 2.0, 0, 1e-08, 0
300888001, 26.74, 1.19e-07, 4.58e-08, 2.0, 0, 1e-08, 0
301147201, 6.13, 6.31e-08, 3.9e-08, 2.0, 0, 1e-08, 0
301406401, 2.17, 3.07e-08, 3.13e-08, 2.0, 0, 1e-08, 0
301665601, 12.9, 9.93e-08, 4.95e-08, 2.0, 0, 1e-08, 0
301924801, 7.31, 7.03e-08, 3.95e-08, 2.0, 0, 1e-08, 0
302184001, 5.91, 8.13e-08, 4.45e-08, 2.0, 0, 1e-08, 0
302443201, 11.26, 9.37e-08, 4.72e-08, 2.0, 0, 1e-08, 0
302702401, 12.29, 7.66e-08, 4.13e-08, 2.0, 0, 1e-08, 0
302961601, 5.99, 6.12e-08, 4.3e-08, 2.0, 0, 1e-08, 0
303220801, 10.17, 6.7e-08, 3.61e-08, 2.0, 0, 1e-08, 0
303480001, 11.58, 7.95e-08, 3.94e-08, 2.0, 0, 1e-08, 0
303739201, 12.07, 7.55e-08, 3.85e-08, 2.0, 0, 1e-08, 0
303998401, 50.3, 1.66e-07, 5.2e-08, 2.0, 0, 1e-08, 0
304257601, 27.65, 1.49e-07, 4.9e-08, 2.0, 0, 1e-08, 0
304516801, 9.88, 8.22e-08, 4.35e-08, 2.0, 0, 1e-08, 0
304776001, 19.9, 1.25e-07, 4.79e-08, 2.0, 0, 1e-08, 0
305035201, 6.07, 8.41e-08, 5.02e-08, 2.0, 0, 1e-08, 0
305294401, 9.36, 8.3e-08, 4.82e-08, 2.0, 0, 1e-08, 0
305553601, 4.14, 4e-08, 3.2e-08, 2.0, 0, 1e-08, 0
305812801, 31.06, 1.46e-07, 4.7e-08, 2.0, 0, 1e-08, 0
306072001, 6.26, 5.02e-08, 3.57e-08, 2.0, 0, 1e-08, 0
306590401, 25.23, 1.51e-07, 5.3e-08, 2.0, 0, 1e-08, 0
306849601, 12.64, 5.45e-08, 3.02e-08, 2.0, 0, 1e-08, 0
307108801, 47.08, 7.58e-08, 2.07e-08, 2.0, 0, 1e-08, 0
307368001, 48.51, 1.58e-07, 4.1e-08, 2.0, 0, 1e-08, 0
307627201, 12.64, 7.5e-08, 4.08e-08, 2.0, 0, 1e-08, 0
307886401, 5.76, 5.77e-08, 3.46e-08, 2.0, 0, 1e-08, 0
308145601, 2.75, 5.86e-08, 4.73e-08, 2.0, 0, 1e-08, 0
308404801, 25.32, 1.37e-07, 4.89e-08, 2.0, 0, 1e-08, 0
308664001, 69.88, 1.6e-07, 4.4e-08, 2.0, 0, 1e-08, 0
308923201, 10.92, 6.28e-08, 3.51e-08, 2.0, 0, 1e-08, 0
309182401, 35.08, 1.47e-07, 5.19e-08, 2.0, 0, 1e-08, 0
309700801, 27.43, 9.49e-08, 4.13e-08, 2.0, 0, 1e-08, 0
309960001, 69.54, 1.72e-07, 4.9e-08, 2.0, 0, 1e-08, 0
310219201, 39.12, 1.47e-07, 4.9e-08, 2.0, 0, 1e-08, 0
310478401, 23.82, 1.06e-07, 4.49e-08, 2.0, 0, 1e-08, 0
310737601, 11.63, 5.88e-08, 3.22e-08, 2.0, 0, 1e-08, 0
310996801, 3.37, 3.38e-08, 3.04e-08, 2.0, 0, 1e-08, 0
311256001, 2.94, 4.02e-08, 3.49e-08, 2.0, 0, 1e-08, 0
311515201, 9.94, 4.61e-08, 3.15e-08, 2.0, 0, 1e-08, 0
311774401, 5.51, 8.72e-08, 5.76e-08, 2.0, 0, 1e-08, 0
312033601, 29.83, 1.08e-07, 4.18e-08, 2.0, 0, 1e-08, 0
312292801, 18.77, 1.2e-07, 4.72e-08, 2.0, 0, 1e-08, 0
312552001, 10.29, 4.28e-08, 2.85e-08, 2.0, 0, 1e-08, 0
312811201, 57.82, 1.87e-07, 5e-08, 2.0, 0, 1e-08, 0
313070401, 9.23, 5.89e-08, 3.13e-08, 2.0, 0, 1e-08, 0
313329601, 32.35, 1.64e-07, 5.7e-08, 2.0, 0, 1e-08, 0
313588801, 22.14, 1.09e-07, 4.72e-08, 2.0, 0, 1e-08, 0
313848001, 21.04, 1.55e-07, 6.02e-08, 2.0, 0, 1e-08, 0
314107201, 12.1, 9.5e-08, 4.82e-08, 2.0, 0, 1e-08, 0
314366401, 9.36, 8.38e-08, 4.31e-08, 2.0, 0, 1e-08, 0
314625601, 37.86, 1.68e-07, 5.8e-08, 2.0, 0, 1e-08, 0
314884801, 15.35, 6.1e-08, 3.43e-08, 2.0, 0, 1e-08, 0
315144001, 15.49, 1.15e-07, 4.99e-08, 2.0, 0, 1e-08, 0
315403201, 25.22, 1.58e-07, 6.71e-08, 2.0, 0, 1e-08, 0
315662401, 39.18, 1.97e-07, 7e-08, 2.0, 0, 1e-08, 0
315921601, 9.42, 9.15e-08, 5.17e-08, 2.0, 0, 1e-08, 0
316180801, 60.24, 1.96e-07, 5.3e-08, 2.0, 0, 1e-08, 0
316440001, 121.09, 3.3e-07, 5.9e-08, 2.0, 0, 1e-08, 0
316958401, 11.35, 7.17e-08, 3.73e-08, 2.0, 0, 1e-08, 0
317217601, 21.16, 1.14e-07, 4.02e-08, 2.0, 0, 1e-08, 0
317476801, 70.45, 2.29e-07, 5.2e-08, 2.0, 0, 1e-08, 0
317736001, 87.19, 2.19e-07, 5.1e-08, 2.0, 0, 1e-08, 0
317995201, 18.48, 1.12e-07, 4.33e-08, 2.0, 0, 1e-08, 0
318254401, 14.33, 9.5e-08, 4.1e-08, 2.0, 0, 1e-08, 0
318513601, 3.65, 4.79e-08, 3.82e-08, 2.0, 0, 1e-08, 0
318772801, 31.17, 1.06e-07, 4.09e-08, 2.0, 0, 1e-08, 0
319032001, 16.84, 9.39e-08, 4.51e-08, 2.0, 0, 1e-08, 0
319291201, 19.82, 9.44e-08, 4.24e-08, 2.0, 0, 1e-08, 0
319550401, 14.6, 9.77e-08, 4.74e-08, 2.0, 0, 1e-08, 0
319809601, 18.3, 1.02e-07, 4.61e-08, 2.0, 0, 1e-08, 0
320068801, 67.3, 1.89e-07, 5e-08, 2.0, 0, 1e-08, 0
320328001, 18.2, 6.28e-08, 3.26e-08, 2.0, 0, 1e-08, 0
320587201, 45.86, 1.77e-07, 5.5e-08, 2.0, 0, 1e-08, 0
321105601, 15.88, 9.91e-08, 4.38e-08, 2.0, 0, 1e-08, 0
321364801, 23.3, 1.46e-07, 5.1e-08, 2.0, 0, 1e-08, 0
321624001, 16.35, 1.12e-07, 4.22e-08, 2.0, 0, 1e-08, 0
321883201, 25.83, 9.85e-08, 3.55e-08, 2.0, 0, 1e-08, 0
322142401, 12.21, 1.03e-07, 4.1e-08, 2.0, 0, 1e-08, 0
322401601, 12.19, 6.3e-08, 2.99e-08, 2.0, 0, 1e-08, 0
322660801, 2.48, 2.9e-08, 3.15e-08, 2.0, 0, 1e-08, 0
322920001, 1.19, 9.18e-08, 1.16e-07, 2.0, 0, 1e-08, 0
323179201, 11.25, 6.19e-08, 3.2e-08, 2.0, 0, 1e-08, 0
323438401, 8.54, 7.06e-08, 3.95e-08, 2.0, 0, 1e-08, 0
323697601, 34.08, 1.19e-07, 4.58e-08, 2.0, 0, 1e-08, 0
323956801, 31.18, 1.74e-07, 5.4e-08, 2.0, 0, 1e-08, 0
324216001, 5.23, 3.04e-08, 2.61e-08, 2.0, 0, 1e-08, 0
324475201, 54.85, 9.79e-08, 2.78e-08, 2.0, 0, 1e-08, 0
324734401, 48.0, 8.42e-08, 2.28e-08, 2.0, 0, 1e-08, 0
324993601, 13.26, 6.24e-08, 2.91e-08, 2.0, 0, 1e-08, 0
325252801, 11.68, 7.37e-08, 3.83e-08, 2.0, 0, 1e-08, 0
325512001, 4.87, 6.13e-08, 4.19e-08, 2.0, 0, 1e-08, 0
325771201, 9.11, 4.89e-08, 3.27e-08, 2.0, 0, 1e-08, 0
326030401, 2.46, 3.39e-08, 3.27e-08, 2.0, 0, 1e-08, 0
326289601, 27.07, 1.35e-07, 4.3e-08, 2.0, 0, 1e-08, 0
326548801, 22.74, 9.41e-08, 3.8e-08, 2.0, 0, 1e-08, 0
326808001, 10.56, 9.05e-08, 4.35e-08, 2.0, 0, 1e-08, 0
327067201, 4.32, 3.44e-08, 2.65e-08, 2.0, 0, 1e-08, 0
327585601, 2.87, 4.93e-08, 3.95e-08, 2.0, 0, 1e-08, 0
328104001, 14.55, 1.06e-07, 4.5e-08, 2.0, 0, 1e-08, 0
328363201, 11.65, 9.04e-08, 5.05e-08, 2.0, 0, 1e-08, 0
328881601, 4.44, 6.06e-08, 4.26e-08, 2.0, 0, 1e-08, 0
329140801, 9.0, 6e-08, 3.45e-08, 2.0, 0, 1e-08, 0
329400001, 15.66, 5.94e-08, 3.5e-08, 2.0, 0, 1e-08, 0
329918401, 38.85, 1.74e-07, 5.8e-08, 2.0, 0, 1e-08, 0
330177601, 39.33, 1.63e-07, 5.4e-08, 2.0, 0, 1e-08, 0
330436801, 1.05, 2.31e-08, 2.78e-08, 2.0, 0, 1e-08, 0
330696001, 31.95, 1.41e-07, 4.89e-08, 2.0, 0, 1e-08, 0
330955201, 81.51, 1.77e-07, 4.5e-08, 2.0, 0, 1e-08, 0
331214401, 22.79, 8.54e-08, 3.57e-08, 2.0, 0, 1e-08, 0
331473601, 4.1, 4.88e-08, 3.65e-08, 2.0, 0, 1e-08, 0
331732801, 48.94, 1.51e-07, 4.4e-08, 2.0, 0, 1e-08, 0
331992001, 15.38, 1.07e-07, 4.49e-08, 2.0, 0, 1e-08, 0
332251201, 32.99, 1.64e-07, 5.4e-08, 2.0, 0, 1e-08, 0
332510401, 9.7, 8.16e-08, 4.23e-08, 2.0, 0, 1e-08, 0
332769601, 17.49, 1.49e-07, 5.42e-08, 2.0, 0, 1e-08, 0
333028801, 9.05, 9.94e-08, 5.05e-08, 2.0, 0, 1e-08, 0
333288001, 25.79, 9.23e-08, 3.98e-08, 2.0, 0, 1e-08, 0
333547201, 13.76, 1.09e-07, 5.22e-08, 2.0, 0, 1e-08, 0
333806401, 25.17, 1.06e-07, 4.28e-08, 2.0, 0, 1e-08, 0
334065601, 3.68, 2.82e-08, 2.89e-08, 2.0, 0, 1e-08, 0
334324801, 23.73, 1.04e-07, 4.59e-08, 2.0, 0, 1e-08, 0
334584001, 22.87, 1.01e-07, 4.09e-08, 2.0, 0, 1e-08, 0
334843201, 2.85, 6.74e-08, 5.27e-08, 2.0, 0, 1e-08, 0
335102401, 3.81, 6.37e-08, 4.45e-08, 2.0, 0, 1e-08, 0
335361601, 7.93, 7.46e-08, 4.15e-08, 2.0, 0, 1e-08, 0
335620801, 18.71, 5.28e-08, 3.12e-08, 2.0, 0, 1e-08, 0
335880001, 3.83, 5.6e-08, 3.9e-08, 2.0, 0, 1e-08, 0
336139201, 34.44, 1.47e-07, 5.1e-08, 2.0, 0, 1e-08, 0
336398401, 3.23, 7.17e-08, 5.4e-08, 2.0, 0, 1e-08, 0
336657601, 11.56, 1e-07, 5.48e-08, 2.0, 0, 1e-08, 0
336916801, 38.27, 1.73e-07, 6e-08, 2.0, 0, 1e-08, 0
337694401, 10.33, 6.15e-08, 3.97e-08, 2.0, 0, 1e-08, 0
337953601, 1.51, 3.71e-08, 3.9e-08, 2.0, 0, 1e-08, 0
338212801, 2.28, 3.09e-08, 3.26e-08, 2.0, 0, 1e-08, 0
338472001, 4.34, 6.11e-08, 4.37e-08, 2.0, 0, 1e-08, 0
338731201, 2.6, 5.09e-08, 4.37e-08, 2.0, 0, 1e-08, 0
338990401, 2.76, 5.25e-08, 4.59e-08, 2.0, 0, 1e-08, 0
339508801, 25.96, 1.3e-07, 5.07e-08, 2.0, 0, 1e-08, 0
339768001, 7.21, 6.59e-08, 3.99e-08, 2.0, 0, 1e-08, 0
340286401, 2.09, 3.2e-08, 3.32e-08, 2.0, 0, 1e-08, 0
340545601, 8.64, 3.23e-08, 2.14e-08, 2.0, 0, 1e-08, 0
340804801, 6.82, 5.72e-08, 3.54e-08, 2.0, 0, 1e-08, 0
341323201, 5.22, 4.57e-08, 3.23e-08, 2.0, 0, 1e-08, 0
341582401, 12.8, 3.35e-08, 2.81e-08, 2.0, 0, 1e-08, 0
341841601, 13.94, 1.08e-07, 4.72e-08, 2.0, 0, 1e-08, 0
342100801, 5.88, 5.62e-08, 3.39e-08, 2.0, 0, 1e-08, 0
342619201, 4.54, 5.58e-08, 3.59e-08, 2.0, 0, 1e-08, 0
342878401, 30.41, 1.31e-07, 4.62e-08, 2.0, 0, 1e-08, 0
343137601, 13.82, 5.2e-08, 3.42e-08, 2.0, 0, 1e-08, 0
343396801, 3.72, 5.52e-08, 4.08e-08, 2.0, 0, 1e-08, 0
344174401, 20.7, 7.37e-08, 4.02e-08, 2.0, 0, 1e-08, 0
344692801, 3.07, 2.34e-08, 2.39e-08, 2.0, 0, 1e-08, 0
344952001, 15.01, 8.71e-08, 4.11e-08, 2.0, 0, 1e-08, 0
345211201, 13.21, 6.37e-08, 3.31e-08, 2.0, 0, 1e-08, 0
345470401, 9.34, 2.76e-08, 2.34e-08, 2.0, 0, 1e-08, 0
345729601, 10.01, 6.88e-08, 3.54e-08, 2.0, 0, 1e-08, 0
346507201, 1.2, 3.06e-08, 3.8e-08, 2.0, 0, 1e-08, 0
347803201, 21.09, 7.6e-08, 4e-08, 2.0, 0, 1e-08, 0
348062401, 10.17, 5.58e-08, 3.61e-08, 2.0, 0, 1e-08, 0
348580801, 6.11, 5.5e-08, 4.14e-08, 2.0, 0, 1e-08, 0
349358401, 30.24, 1.52e-07, 4.8e-08, 2.0, 0, 1e-08, 0
349617601, 4.05, 4.49e-08, 3.1e-08, 2.0, 0, 1e-08, 0
349876801, 9.94, 6.75e-08, 3.76e-08, 2.0, 0, 1e-08, 0
350136001, 3.3, 4.79e-08, 3.57e-08, 2.0, 0, 1e-08, 0
350395201, 2.52, 2.56e-08, 2.66e-08, 2.0, 0, 1e-08, 0
351172801, 7.65, 6.49e-08, 4.11e-08, 2.0, 0, 1e-08, 0
351432001, 5.51, 5.96e-08, 4.24e-08, 2.0, 0, 1e-08, 0
351691201, 13.96, 8.91e-08, 5.01e-08, 2.0, 0, 1e-08, 0
352468801, 1.64, 4.28e-08, 4.25e-08, 2.0, 0, 1e-08, 0
353246401, 24.01, 1.11e-07, 4.47e-08, 2.0, 0, 1e-08, 0
353505601, 15.45, 6.81e-08, 3.27e-08, 2.0, 0, 1e-08, 0
354024001, 2.8, 2.85e-08, 2.93e-08, 2.0, 0, 1e-08, 0
354283201, 7.13, 5.84e-08, 3.71e-08, 2.0, 0, 1e-08, 0
354542401, 7.34, 1.09e-07, 6e-08, 2.0, 0, 1e-08, 0
355060801, 1.01, 4.53e-08, 5.7e-08, 2.0, 0, 1e-08, 0
355320001, 17.44, 5.06e-08, 3.24e-08, 2.0, 0, 1e-08, 0
355838401, 8.01, 7.5e-08, 4.69e-08, 2.0, 0, 1e-08, 0
356356801, 2.26, 1.28e-07, 1.43e-07, 2.0, 0, 1e-08, 0
356875201, 14.63, 9.21e-08, 4.71e-08, 2.0, 0, 1e-08, 0
357652801, 21.58, 1.35e-07, 5.3e-08, 2.0, 0, 1e-08, 0
357912001, 12.27, 4.63e-08, 3.14e-08, 2.0, 0, 1e-08, 0
358171201, 8.42, 5.71e-08, 3.69e-08, 2.0, 0, 1e-08, 0
358430401, 15.25, 1.09e-07, 4.98e-08, 2.0, 0, 1e-08, 0
358689601, 7.28, 2.72e-08, 2.6e-08, 2.0, 0, 1e-08, 0
358948801, 7.71, 3.63e-08, 2.86e-08, 2.0, 0, 1e-08, 0
359208001, 1.71, 3.55e-08, 3.44e-08, 2.0, 0, 1e-08, 0
359467201, 24.61, 1.06e-07, 4.1e-08, 2.0, 0, 1e-08, 0
359726401, 27.7, 1.4e-07, 5.1e-08, 2.0, 0, 1e-08, 0
359985601, 13.24, 8.43e-08, 4.67e-08, 2.0, 0, 1e-08, 0
360244801, 4.52, 5.79e-08, 4.11e-08, 2.0, 0, 1e-08, 0
360504001, 4.74, 5.24e-08, 3.95e-08, 2.0, 0, 1e-08, 0
361022401, 8.55, 8.8e-08, 4.68e-08, 2.0, 0, 1e-08, 0
361281601, 6.64, 3.24e-08, 2.83e-08, 2.0, 0, 1e-08, 0
361800001, 18.03, 1.08e-07, 4.89e-08, 2.0, 0, 1e-08, 0
362318401, 6.38, 6.69e-08, 4.11e-08, 2.0, 0, 1e-08, 0
363096001, 15.86, 6.94e-08, 3.04e-08, 2.0, 0, 1e-08, 0
363355201, 18.05, 6.8e-08, 2.63e-08, 2.0, 0, 1e-08, 0
363614401, 1.57, 2.94e-08, 2.91e-08, 2.0, 0, 1e-08, 0
363873601, 1.36, 2.27e-08, 2.66e-08, 2.0, 0, 1e-08, 0
364132801, 16.15, 8.95e-08, 3.87e-08, 2.0, 0, 1e-08, 0
364392001, 1.32, 1.91e-08, 2.29e-08, 2.0, 0, 1e-08, 0
364651201, 2.55, 3.96e-08, 3.19e-08, 2.0, 0, 1e-08, 0
364910401, 2.55, 3.98e-08, 3.72e-08, 2.0, 0, 1e-08, 0
365428801, 6.05, 2.42e-08, 2.29e-08, 2.0, 0, 1e-08, 0
366206401, 3.73, 3.3e-08, 2.77e-08, 2.0, 0, 1e-08, 0
366465601, 5.94, 2.54e-08, 2.38e-08, 2.0, 0, 1e-08, 0
366724801, 17.51, 7.31e-08, 4.08e-08, 2.0, 0, 1e-08, 0
366984001, 1.7, 2.6e-08, 2.76e-08, 2.0, 0, 1e-08, 0
367243201, 2.48, 3.64e-08, 3.14e-08, 2.0, 0, 1e-08, 0
367502401, 2.78, 3.34e-08, 2.71e-08, 2.0, 0, 1e-08, 0
367761601, 13.48, 3.66e-08, 2.74e-08, 2.0, 0, 1e-08, 0
368020801, 6.16, 3.94e-08, 2.71e-08, 2.0, 0, 1e-08, 0
368280001, 5.46, 5.13e-08, 3.1e-08, 2.0, 0, 1e-08, 0
368539201, 13.62, 4.6e-08, 2.88e-08, 2.0, 0, 1e-08, 0
368798401, 12.17, 3.2e-08, 2.19e-08, 2.0, 0, 1e-08, 0
369057601, 10.45, 5.23e-08, 3.03e-08, 2.0, 0, 1e-08, 0
369316801, 5.39, 4.64e-08, 3.6e-08, 2.0, 0, 1e-08, 0
369576001, 6.77, 1.99e-08, 1.93e-08, 2.0, 0, 1e-08, 0
369835201, 6.2, 6.86e-08, 3.86e-08, 2.0, 0, 1e-08, 0
370094401, 16.81, 5.22e-08, 2.97e-08, 2.0, 0, 1e-08, 0
370353601, 11.09, 4.7e-08, 2.49e-08, 2.0, 0, 1e-08, 0
370872001, 20.26, 9.88e-08, 4.22e-08, 2.0, 0, 1e-08, 0
371131201, 16.43, 8.69e-08, 4e-08, 2.0, 0, 1e-08, 0
371390401, 2.54, 4.34e-08, 3.75e-08, 2.0, 0, 1e-08, 0
371649601, 13.24, 7.33e-08, 4.06e-08, 2.0, 0, 1e-08, 0
371908801, 2.07, 2.2e-08, 2.46e-08, 2.0, 0, 1e-08, 0
372168001, 12.12, 5.79e-08, 3.54e-08, 2.0, 0, 1e-08, 0
372427201, 1.48, 3.84e-08, 4.12e-08, 2.0, 0, 1e-08, 0
372686401, 20.29, 7.14e-08, 3.08e-08, 2.0, 0, 1e-08, 0
373204801, 12.63, 5.35e-08, 2.81e-08, 2.0, 0, 1e-08, 0
373464001, 5.25, 4.53e-08, 3.2e-08, 2.0, 0, 1e-08, 0
373723201, 4.15, 3.14e-08, 2.6e-08, 2.0, 0, 1e-08, 0
374500801, 10.5, 5.59e-08, 3.16e-08, 2.0, 0, 1e-08, 0
375019201, 8.67, 1.11e-07, 5.49e-08, 2.0, 0, 1e-08, 0
375278401, 12.03, 1.03e-07, 5.1e-08, 2.0, 0, 1e-08, 0
375537601, 2.59, 5.48e-08, 4.34e-08, 2.0, 0, 1e-08, 0
376056001, 19.14, 1.02e-07, 4.61e-08, 2.0, 0, 1e-08, 0
376315201, 20.36, 9.57e-08, 4.71e-08, 2.0, 0, 1e-08, 0
376833601, 11.16, 6.17e-08, 3.24e-08, 2.0, 0, 1e-08, 0
377092801, 7.36, 3.25e-08, 2.82e-08, 2.0, 0, 1e-08, 0
377352001, 4.84, 5.76e-08, 3.94e-08, 2.0, 0, 1e-08, 0
377611201, 1.31, 2.97e-08, 3.38e-08, 2.0, 0, 1e-08, 0
377870401, 10.11, 8.26e-08, 4.23e-08, 2.0, 0, 1e-08, 0
378648001, 4.1, 2.5e-08, 2.53e-08, 2.0, 0, 1e-08, 0
379425601, 5.65, 8.98e-08, 5.91e-08, 2.0, 0, 1e-08, 0
379684801, 14.94, 8.09e-08, 4.43e-08, 2.0, 0, 1e-08, 0
379944001, 11.17, 5.65e-08, 3.96e-08, 2.0, 0, 1e-08, 0
380203201, 21.26, 1.57e-07, 6.1e-08, 2.0, 0, 1e-08, 0
380462401, 1.94, 3.88e-08, 3.75e-08, 2.0, 0, 1e-08, 0
380721601, 12.33, 7.6e-08, 4.01e-08, 2.0, 0, 1e-08, 0
380980801, 21.91, 1.01e-07, 4.59e-08, 2.0, 0, 1e-08, 0
381240001, 13.52, 7.87e-08, 3.74e-08, 2.0, 0, 1e-08, 0
381758401, 6.13, 6.24e-08, 3.85e-08, 2.0, 0, 1e-08, 0
382017601, 3.39, 4.69e-08, 3.35e-08, 2.0, 0, 1e-08, 0
382276801, 16.54, 6.47e-08, 3.18e-08, 2.0, 0, 1e-08, 0
382536001, 22.71, 1.23e-07, 4.21e-08, 2.0, 0, 1e-08, 0
383054401, 6.99, 5.16e-08, 3.38e-08, 2.0, 0, 1e-08, 0
383313601, 2.46, 3.31e-08, 3.18e-08, 2.0, 0, 1e-08, 0
383572801, 6.09, 5.27e-08, 4e-08, 2.0, 0, 1e-08, 0
383832001, 16.95, 1.03e-07, 5.52e-08, 2.0, 0, 1e-08, 0
384091201, 39.09, 1.07e-07, 3.38e-08, 2.0, 0, 1e-08, 0
384350401, 26.38, 5.96e-08, 2.23e-08, 2.0, 0, 1e-08, 0
384609601, 3.27, 3.28e-08, 3.14e-08, 2.0, 0, 1e-08, 0
384868801, 10.04, 7.94e-08, 4.16e-08, 2.0, 0, 1e-08, 0
385128001, 3.38, 4.46e-08, 3.74e-08, 2.0, 0, 1e-08, 0
385387201, 11.03, 1.07e-07, 5.19e-08, 2.0, 0, 1e-08, 0
385646401, 4.54, 9.33e-08, 6.57e-08, 2.0, 0, 1e-08, 0
385905601, 32.17, 1.61e-07, 5.6e-08, 2.0, 0, 1e-08, 0
386164801, 1.77, 5.13e-08, 5.57e-08, 2.0, 0, 1e-08, 0
386424001, 19.28, 8.94e-08, 4.35e-08, 2.0, 0, 1e-08, 0
386683201, 36.01, 1.75e-07, 5e-08, 2.0, 0, 1e-08, 0
386942401, 3.92, 5.72e-08, 3.98e-08, 2.0, 0, 1e-08, 0
387201601, 19.85, 7.63e-08, 3.29e-08, 2.0, 0, 1e-08, 0
387460801, 11.62, 8.58e-08, 4.31e-08, 2.0, 0, 1e-08, 0
387720001, 5.63, 7.35e-08, 4.86e-08, 2.0, 0, 1e-08, 0
387979201, 7.74, 5.51e-08, 3.59e-08, 2.0, 0, 1e-08, 0
388238401, 18.95, 8.47e-08, 4.23e-08, 2.0, 0, 1e-08, 0
388497601, 1.23, 2.3e-08, 2.84e-08, 2.0, 0, 1e-08, 0
389016001, 2.67, 5.1e-08, 4.47e-08, 2.0, 0, 1e-08, 0
389534401, 2.54, 3.45e-08, 2.9e-08, 2.0, 0, 1e-08, 0
389793601, 10.24, 1.32e-07, 6.29e-08, 2.0, 0, 1e-08, 0
390052801, 4.81, 6.84e-08, 4.57e-08, 2.0, 0, 1e-08, 0
390830401, 5.41, 2.79e-08, 2.66e-08, 2.0, 0, 1e-08, 0
391089601, 6.66, 5.07e-08, 3.25e-08, 2.0, 0, 1e-08, 0
391608001, 1.83, 1.82e-08, 1.94e-08, 2.0, 0, 1e-08, 0
391867201, 3.33, 4.73e-08, 4.18e-08, 2.0, 0, 1e-08, 0
393422401, 7.07, 4.81e-08, 3.19e-08, 2.0, 0, 1e-08, 0
393681601, 2.3, 4.06e-08, 3.74e-08, 2.0, 0, 1e-08, 0
394459201, 10.02, 6.89e-08, 3.92e-08, 2.0, 0, 1e-08, 0
394718401, 30.88, 8.72e-08, 3.89e-08, 2.0, 0, 1e-08, 0
394977601, 18.97, 7.53e-08, 3.55e-08, 2.0, 0, 1e-08, 0
395236801, 11.76, 6.53e-08, 3.76e-08, 2.0, 0, 1e-08, 0
395496001, 26.54, 1.22e-07, 4.49e-08, 2.0, 0, 1e-08, 0
396014401, 2.96, 4.24e-08, 3.31e-08, 2.0, 0, 1e-08, 0
396273601, 9.55, 6.46e-08, 3.55e-08, 2.0, 0, 1e-08, 0
396792001, 5.66, 6.34e-08, 3.78e-08, 2.0, 0, 1e-08, 0
397051201, 10.97, 5.11e-08, 3.76e-08, 2.0, 0, 1e-08, 0
397310401, 2.49, 3.42e-08, 3.43e-08, 2.0, 0, 1e-08, 0
397569601, 3.28, 5.16e-08, 3.95e-08, 2.0, 0, 1e-08, 0
397828801, 11.12, 8.96e-08, 4.93e-08, 2.0, 0, 1e-08, 0
398347201, 2.19, 2.35e-08, 2.54e-08, 2.0, 0, 1e-08, 0
398606401, 16.5, 7.2e-08, 4.11e-08, 2.0, 0, 1e-08, 0
399124801, 12.7, 1.2e-07, 5.82e-08, 2.0, 0, 1e-08, 0
399384001, 8.44, 8.64e-08, 4.64e-08, 2.0, 0, 1e-08, 0
399643201, 9.11, 1.02e-07, 5.1e-08, 2.0, 0, 1e-08, 0
399902401, 14.33, 9.45e-08, 4.77e-08, 2.0, 0, 1e-08, 0
400161601, 23.79, 7.82e-08, 3.29e-08, 2.0, 0, 1e-08, 0
400420801, 7.12, 4.5e-08, 2.49e-08, 2.0, 0, 1e-08, 0
400680001, 1.78, 2.56e-08, 2.55e-08, 2.0, 0, 1e-08, 0
400939201, 4.21, 3.43e-08, 2.81e-08, 2.0, 0, 1e-08, 0
401457601, 13.65, 7.56e-08, 3.62e-08, 2.0, 0, 1e-08, 0
402235201, 5.31, 3.11e-08, 2.68e-08, 2.0, 0, 1e-08, 0
402494401, 18.81, 7.6e-08, 3.89e-08, 2.0, 0, 1e-08, 0
402753601, 12.33, 6.93e-08, 3.65e-08, 2.0, 0, 1e-08, 0
403012801, 12.56, 7.58e-08, 3.8e-08, 2.0, 0, 1e-08, 0
403272001, 22.02, 1.32e-07, 4.62e-08, 2.0, 0, 1e-08, 0
403531201, 16.72, 6.71e-08, 3.19e-08, 2.0, 0, 1e-08, 0
403790401, 3.23, 2.02e-08, 1.68e-08, 2.0, 0, 1e-08, 0
404049601, 1.66, 2.11e-08, 2.11e-08, 2.0, 0, 1e-08, 0
404308801, 3.26, 7.34e-08, 5.48e-08, 2.0, 0, 1e-08, 0
404827201, 29.17, 1.46e-07, 5.3e-08, 2.0, 0, 1e-08, 0
405086401, 35.84, 1.42e-07, 4.41e-08, 2.0, 0, 1e-08, 0
405345601, 15.65, 8.46e-08, 4.15e-08, 2.0, 0, 1e-08, 0
405604801, 8.74, 4.6e-08, 3.51e-08, 2.0, 0, 1e-08, 0
405864001, 17.06, 1.05e-07, 5e-08, 2.0, 0, 1e-08, 0
406123201, 2.27, 3.17e-08, 3.1e-08, 2.0, 0, 1e-08, 0
406382401, 38.05, 1.32e-07, 4.4e-08, 2.0, 0, 1e-08, 0
406641601, 10.16, 8.59e-08, 4.59e-08, 2.0, 0, 1e-08, 0
406900801, 17.01, 1.07e-07, 4.92e-08, 2.0, 0, 1e-08, 0
407160001, 33.67, 1.46e-07, 5.2e-08, 2.0, 0, 1e-08, 0
407419201, 39.23, 1.58e-07, 5.2e-08, 2.0, 0, 1e-08, 0
407678401, 16.23, 1.21e-07, 5.29e-08, 2.0, 0, 1e-08, 0
407937601, 53.15, 2.55e-07, 8.4e-08, 2.0, 0, 1e-08, 0
408456001, 12.76, 1.25e-07, 6.29e-08, 2.0, 0, 1e-08, 0
408715201, 6.16, 2.74e-08, 2.06e-08, 2.0, 0, 1e-08, 0
408974401, 9.28, 6.79e-08, 3.6e-08, 2.0, 0, 1e-08, 0
409233601, 7.48, 4.1e-08, 2.56e-08, 2.0, 0, 1e-08, 0
409492801, 1.89, 2.95e-08, 2.83e-08, 2.0, 0, 1e-08, 0
410270401, 6.48, 7.87e-08, 4.1e-08, 2.0, 0, 1e-08, 0
410529601, 13.12, 4.03e-08, 2.81e-08, 2.0, 0, 1e-08, 0
410788801, 9.39, 6.21e-08, 3.49e-08, 2.0, 0, 1e-08, 0
411048001, 4.8, 3.96e-08, 3.28e-08, 2.0, 0, 1e-08, 0
412084801, 19.82, 7.43e-08, 3.35e-08, 2.0, 0, 1e-08, 0
412344001, 2.42, 3.39e-08, 2.95e-08, 2.0, 0, 1e-08, 0
412862401, 6.7, 5.51e-08, 3.21e-08, 2.0, 0, 1e-08, 0
413121601, 2.92, 2.85e-08, 2.66e-08, 2.0, 0, 1e-08, 0
413380801, 7.95, 1.05e-07, 4.99e-08, 2.0, 0, 1e-08, 0
413640001, 26.82, 1.17e-07, 4.41e-08, 2.0, 0, 1e-08, 0
413899201, 3.79, 4.7e-08, 3.42e-08, 2.0, 0, 1e-08, 0
414158401, 9.01, 6.81e-08, 3.58e-08, 2.0, 0, 1e-08, 0
414417601, 16.54, 1.05e-07, 4.02e-08, 2.0, 0, 1e-08, 0
414676801, 45.05, 1.59e-07, 5.3e-08, 2.0, 0, 1e-08, 0
414936001, 34.44, 1.18e-07, 4.31e-08, 2.0, 0, 1e-08, 0
415195201, 20.15, 6.35e-08, 3.03e-08, 2.0, 0, 1e-08, 0
415454401, 8.82, 6.46e-08, 3.74e-08, 2.0, 0, 1e-08, 0
415713601, 19.79, 9.15e-08, 4.45e-08, 2.0, 0, 1e-08, 0
415972801, 17.45, 7.38e-08, 3.72e-08, 2.0, 0, 1e-08, 0
416232001, 42.99, 1.5e-07, 3.8e-08, 2.0, 0, 1e-08, 0
416491201, 17.95, 6.18e-08, 2.48e-08, 2.0, 0, 1e-08, 0
416750401, 18.1, 1.05e-07, 4.51e-08, 2.0, 0, 1e-08, 0
417009601, 10.68, 6.44e-08, 3.65e-08, 2.0, 0, 1e-08, 0
417528001, 14.28, 6.25e-08, 3.7e-08, 2.0, 0, 1e-08, 0
417787201, 1.0, 2.47e-08, 3.12e-08, 2.0, 0, 1e-08, 0
418824001, 19.53, 8.9e-08, 3.8e-08, 2.0, 0, 1e-08, 0
419601601, 3.41, 4.09e-08, 3.18e-08, 2.0, 0, 1e-08, 0
420379201, 14.2, 8.65e-08, 4.47e-08, 2.0, 0, 1e-08, 0
420638401, 5.28, 5.66e-08, 3.93e-08, 2.0, 0, 1e-08, 0
420897601, 25.12, 1.3e-07, 4.52e-08, 2.0, 0, 1e-08, 0
421675201, 15.06, 7.41e-08, 3.62e-08, 2.0, 0, 1e-08, 0
422193601, 2.79, 6.48e-08, 5.04e-08, 2.0, 0, 1e-08, 0
422452801, 18.04, 7.3e-08, 4.19e-08, 2.0, 0, 1e-08, 0
422712001, 1.02, 2.48e-08, 3.13e-08, 2.0, 0, 1e-08, 0
422971201, 2.6, 2.93e-08, 2.88e-08, 2.0, 0, 1e-08, 0
423489601, 28.8, 7.74e-08, 3.43e-08, 2.0, 0, 1e-08, 0
423748801, 17.72, 1.15e-07, 4.91e-08, 2.0, 0, 1e-08, 0
426340801, 12.66, 9.6e-08, 4.62e-08, 2.0, 0, 1e-08, 0
426600001, 4.36, 5.79e-08, 4.07e-08, 2.0, 0, 1e-08, 0
426859201, 14.04, 9.07e-08, 4.54e-08, 2.0, 0, 1e-08, 0
427118401, 9.17, 4.56e-08, 3.36e-08, 2.0, 0, 1e-08, 0
427636801, 3.68, 2.89e-08, 2.79e-08, 2.0, 0, 1e-08, 0
428414401, 12.28, 6.92e-08, 3.87e-08, 2.0, 0, 1e-08, 0
429192001, 8.35, 7.73e-08, 5.05e-08, 2.0, 0, 1e-08, 0
429710401, 11.7, 1.02e-07, 5.48e-08, 2.0, 0, 1e-08, 0
429969601, 4.33, 5.99e-08, 4.42e-08, 2.0, 0, 1e-08, 0
430228801, 8.87, 5.51e-08, 2.72e-08, 2.0, 0, 1e-08, 0
431524801, 6.05, 6.7e-08, 4.51e-08, 2.0, 0, 1e-08, 0
431784001, 2.91, 5.59e-08, 4.92e-08, 2.0, 0, 1e-08, 0
432820801, 11.31, 4.49e-08, 3.63e-08, 2.0, 0, 1e-08, 0
433339201, 21.09, 1.41e-07, 5.41e-08, 2.0, 0, 1e-08, 0
433598401, 9.1, 8.97e-08, 5.06e-08, 2.0, 0, 1e-08, 0
433857601, 15.39, 8.67e-08, 4.44e-08, 2.0, 0, 1e-08, 0
434376001, 1.41, 4.2e-08, 4.69e-08, 2.0, 0, 1e-08, 0
434635201, 6.3, 5.63e-08, 4e-08, 2.0, 0, 1e-08, 0
435412801, 22.31, 1.12e-07, 5.08e-08, 2.0, 0, 1e-08, 0
435672001, 9.03, 8.13e-08, 5.65e-08, 2.0, 0, 1e-08, 0
436449601, 5.64, 5.28e-08, 4.03e-08, 2.0, 0, 1e-08, 0
436708801, 27.77, 8.97e-08, 3.95e-08, 2.0, 0, 1e-08, 0
436968001, 5.56, 5.68e-08, 3.86e-08, 2.0, 0, 1e-08, 0
437227201, 11.58, 3.7e-08, 2.63e-08, 2.0, 0, 1e-08, 0
437486401, 10.15, 6.65e-08, 4.23e-08, 2.0, 0, 1e-08, 0
438004801, 12.84, 6.66e-08, 3.42e-08, 2.0, 0, 1e-08, 0
438264001, 9.68, 8.32e-08, 4.77e-08, 2.0, 0, 1e-08, 0
439300801, 1.59, 2.4e-08, 2.81e-08, 2.0, 0, 1e-08, 0
439560001, 7.76, 8.55e-08, 4.78e-08, 2.0, 0, 1e-08, 0
440078401, 2.73, 3.71e-08, 3.56e-08, 2.0, 0, 1e-08, 0
440596801, 1.18, 2.37e-08, 3.13e-08, 2.0, 0, 1e-08, 0
441633601, 3.0, 1.54e-08, 1.67e-08, 2.0, 0, 1e-08, 0
441892801, 9.49, 2.08e-08, 2.01e-08, 2.0, 0, 1e-08, 0
442152001, 4.06, 3.95e-08, 3.05e-08, 2.0, 0, 1e-08, 0
442670401, 12.16, 5.63e-08, 3.54e-08, 2.0, 0, 1e-08, 0
442929601, 5.45, 6.66e-08, 4.52e-08, 2.0, 0, 1e-08, 0
443448001, 6.64, 4.32e-08, 3.43e-08, 2.0, 0, 1e-08, 0
443707201, 5.83, 5.68e-08, 4.42e-08, 2.0, 0, 1e-08, 0
444484801, 8.62, 6.87e-08, 4.94e-08, 2.0, 0, 1e-08, 0
445262401, 1.26, 3.02e-08, 3.49e-08, 2.0, 0, 1e-08, 0
445521601, 6.75, 7.01e-08, 4.09e-08, 2.0, 0, 1e-08, 0
445780801, 1.54, 4.28e-08, 4.71e-08, 2.0, 0, 1e-08, 0
447595201, 3.24, 6.18e-08, 5.14e-08, 2.0, 0, 1e-08, 0
447854401, 2.67, 2.82e-08, 3.04e-08, 2.0, 0, 1e-08, 0
448113601, 20.14, 1.26e-07, 5.51e-08, 2.0, 0, 1e-08, 0
448372801, 8.09, 1.16e-07, 6.5e-08, 2.0, 0, 1e-08, 0
448632001, 1.76, 5.01e-08, 5.31e-08, 2.0, 0, 1e-08, 0
449150401, 12.39, 9.06e-08, 5.63e-08, 2.0, 0, 1e-08, 0
449928001, 2.17, 4.69e-08, 4.29e-08, 2.0, 0, 1e-08, 0
450187201, 9.88, 4.95e-08, 3.18e-08, 2.0, 0, 1e-08, 0
450446401, 15.32, 9.66e-08, 4.63e-08, 2.0, 0, 1e-08, 0
450705601, 4.05, 3.96e-08, 3.06e-08, 2.0, 0, 1e-08, 0
451224001, 3.55, 2.73e-08, 2.62e-08, 2.0, 0, 1e-08, 0
451483201, 3.44, 3.45e-08, 2.85e-08, 2.0, 0, 1e-08, 0
451742401, 13.77, 5.15e-08, 3.22e-08, 2.0, 0, 1e-08, 0
452520001, 1.18, 2.64e-08, 3.19e-08, 2.0, 0, 1e-08, 0
453556801, 8.0, 7.9e-08, 5.01e-08, 2.0, 0, 1e-08, 0
454334401, 8.11, 5.86e-08, 3.9e-08, 2.0, 0, 1e-08, 0
454593601, 2.67, 3.14e-08, 3.12e-08, 2.0, 0, 1e-08, 0
454852801, 4.78, 3.4e-08, 3e-08, 2.0, 0, 1e-08, 0
455371201, 1.29, 2.96e-08, 3.24e-08, 2.0, 0, 1e-08, 0
455889601, 2.67, 4.39e-08, 3.72e-08, 2.0, 0, 1e-08, 0
456148801, 2.3, 4.84e-08, 4.34e-08, 2.0, 0, 1e-08, 0
456408001, 3.19, 3.91e-08, 3.66e-08, 2.0, 0, 1e-08, 0
456926401, 2.89, 5.12e-08, 4.43e-08, 2.0, 0, 1e-08, 0
457185601, 6.96, 3.76e-08, 3.48e-08, 2.0, 0, 1e-08, 0
457704001, 2.32, 3.28e-08, 3.15e-08, 2.0, 0, 1e-08, 0
457963201, 1.4, 4.26e-08, 4.44e-08, 2.0, 0, 1e-08, 0
459000001, 3.93, 4.57e-08, 3.5e-08, 2.0, 0, 1e-08, 0
459259201, 8.26, 4.15e-08, 2.97e-08, 2.0, 0, 1e-08, 0
459777601, 9.85, 6.51e-08, 3.45e-08, 2.0, 0, 1e-08, 0
460296001, 22.8, 7.49e-08, 3.33e-08, 2.0, 0, 1e-08, 0
460555201, 23.48, 1.29e-07, 4.71e-08, 2.0, 0, 1e-08, 0
460814401, 16.56, 3.8e-08, 2.55e-08, 2.0, 0, 1e-08, 0
461073601, 10.37, 6.22e-08, 3.59e-08, 2.0, 0, 1e-08, 0
461332801, 1.27, 4.19e-08, 4.93e-08, 2.0, 0, 1e-08, 0
461592001, 2.88, 2.74e-08, 2.82e-08, 2.0, 0, 1e-08, 0
463406401, 4.08, 5.02e-08, 4.03e-08, 2.0, 0, 1e-08, 0
464184001, 7.52, 7.62e-08, 4.11e-08, 2.0, 0, 1e-08, 0
464702401, 6.87, 6.68e-08, 3.79e-08, 2.0, 0, 1e-08, 0
464961601, 3.46, 4.8e-08, 3.49e-08, 2.0, 0, 1e-08, 0
465220801, 5.88, 6.41e-08, 3.8e-08, 2.0, 0, 1e-08, 0
465739201, 18.51, 8.3e-08, 3.7e-08, 2.0, 0, 1e-08, 0
465998401, 1.34, 3.24e-08, 3.87e-08, 2.0, 0, 1e-08, 0
466516801, 2.3, 3.32e-08, 3.36e-08, 2.0, 0, 1e-08, 0
467035201, 7.62, 4.02e-08, 2.84e-08, 2.0, 0, 1e-08, 0
467553601, 4.97, 2.7e-08, 2.45e-08, 2.0, 0, 1e-08, 0
467812801, 15.6, 6.09e-08, 3.21e-08, 2.0, 0, 1e-08, 0
468072001, 12.56, 9.72e-08, 4.75e-08, 2.0, 0, 1e-08, 0
468331201, 3.64, 4.97e-08, 3.53e-08, 2.0, 0, 1e-08, 0
469108801, 15.75, 6.08e-08, 3.28e-08, 2.0, 0, 1e-08, 0
469368001, 28.89, 1.02e-07, 3.92e-08, 2.0, 0, 1e-08, 0
470145601, 1.35, 3.38e-08, 4.07e-08, 2.0, 0, 1e-08, 0
470404801, 2.27, 4.11e-08, 3.6e-08, 2.0, 0, 1e-08, 0
470664001, 3.19, 5.82e-08, 4.96e-08, 2.0, 0, 1e-08, 0
470923201, 7.03, 5.82e-08, 3.92e-08, 2.0, 0, 1e-08, 0
471182401, 3.54, 4.71e-08, 4.22e-08, 2.0, 0, 1e-08, 0
471700801, 10.56, 5.74e-08, 3.66e-08, 2.0, 0, 1e-08, 0
472996801, 12.45, 6.81e-08, 3.61e-08, 2.0, 0, 1e-08, 0
473256001, 21.91, 1.04e-07, 4.51e-08, 2.0, 0, 1e-08, 0
473515201, 6.07, 3.12e-08, 2.47e-08, 2.0, 0, 1e-08, 0
473774401, 7.45, 2.92e-08, 2.12e-08, 2.0, 0, 1e-08, 0
474033601, 31.3, 7.87e-08, 2.35e-08, 2.0, 0, 1e-08, 0
474292801, 18.42, 6.18e-08, 2.09e-08, 2.0, 0, 1e-08, 0
474552001, 7.35, 7.48e-08, 4.02e-08, 2.0, 0, 1e-08, 0
474811201, 19.69, 1.05e-07, 4.73e-08, 2.0, 0, 1e-08, 0
475070401, 40.15, 1.43e-07, 4.59e-08, 2.0, 0, 1e-08, 0
475588801, 3.76, 6.72e-08, 4.28e-08, 2.0, 0, 1e-08, 0
475848001, 1.93, 3.65e-08, 3.58e-08, 2.0, 0, 1e-08, 0
476107201, 6.86, 6.63e-08, 4.16e-08, 2.0, 0, 1e-08, 0
476625601, 2.01, 3.93e-08, 3.7e-08, 2.0, 0, 1e-08, 0
477403201, 6.49, 7.85e-08, 4.25e-08, 2.0, 0, 1e-08, 0
477662401, 13.44, 6.66e-08, 3.45e-08, 2.0, 0, 1e-08, 0
477921601, 24.07, 1.21e-07, 4.08e-08, 2.0, 0, 1e-08, 0
478180801, 20.39, 9.98e-08, 3.92e-08, 2.0, 0, 1e-08, 0
478440001, 2.74, 3.44e-08, 2.91e-08, 2.0, 0, 1e-08, 0
478699201, 9.44, 5.99e-08, 3.14e-08, 2.0, 0, 1e-08, 0
479217601, 9.46, 5.24e-08, 3.4e-08, 2.0, 0, 1e-08, 0
479476801, 5.46, 6.66e-08, 3.86e-08, 2.0, 0, 1e-08, 0
479736001, 15.53, 8.55e-08, 4.33e-08, 2.0, 0, 1e-08, 0
479995201, 3.95, 5.97e-08, 4.31e-08, 2.0, 0, 1e-08, 0
480254401, 11.45, 5e-08, 3.42e-08, 2.0, 0, 1e-08, 0
480513601, 1.57, 2.08e-08, 2.42e-08, 2.0, 0, 1e-08, 0
480772801, 10.16, 8.31e-08, 4.49e-08, 2.0, 0, 1e-08, 0
481032001, 13.14, 8.68e-08, 3.92e-08, 2.0, 0, 1e-08, 0
481550401, 19.78, 1.05e-07, 4.79e-08, 2.0, 0, 1e-08, 0
482328001, 8.97, 5.43e-08, 2.93e-08, 2.0, 0, 1e-08, 0
482587201, 2.66, 4.18e-08, 3.3e-08, 2.0, 0, 1e-08, 0
483105601, 7.09, 7.45e-08, 4.16e-08, 2.0, 0, 1e-08, 0
483364801, 2.41, 2.98e-08, 2.79e-08, 2.0, 0, 1e-08, 0
484142401, 9.15, 5.29e-08, 3.77e-08, 2.0, 0, 1e-08, 0
484920001, 23.79, 1.21e-07, 4.91e-08, 2.0, 0, 1e-08, 0
485179201, 7.92, 6.66e-08, 4.04e-08, 2.0, 0, 1e-08, 0
485438401, 8.4, 5.47e-08, 4.22e-08, 2.0, 0, 1e-08, 0
485697601, 2.01, 3.28e-08, 3.27e-08, 2.0, 0, 1e-08, 0
486216001, 2.63, 3.95e-08, 3.82e-08, 2.0, 0, 1e-08, 0
486475201, 13.4, 9.83e-08, 5.16e-08, 2.0, 0, 1e-08, 0
486734401, 4.11, 7.06e-08, 5.05e-08, 2.0, 0, 1e-08, 0
486993601, 10.79, 8.82e-08, 4.47e-08, 2.0, 0, 1e-08, 0
487512001, 33.09, 1.32e-07, 4.79e-08, 2.0, 0, 1e-08, 0
487771201, 5.92, 5.05e-08, 4.02e-08, 2.0, 0, 1e-08, 0
488030401, 1.65, 4.12e-08, 4.18e-08, 2.0, 0, 1e-08, 0
488289601, 8.94, 1.06e-07, 5.52e-08, 2.0, 0, 1e-08, 0
488548801, 2.42, 7.17e-08, 6.15e-08, 2.0, 0, 1e-08, 0
488808001, 3.57, 6.42e-08, 4.39e-08, 2.0, 0, 1e-08, 0
489326401, 6.94, 5.8e-08, 4.11e-08, 2.0, 0, 1e-08, 0
489585601, 17.38, 1.01e-07, 4.78e-08, 2.0, 0, 1e-08, 0
489844801, 2.01, 4e-08, 4.12e-08, 2.0, 0, 1e-08, 0
490104001, 20.91, 1.16e-07, 5.18e-08, 2.0, 0, 1e-08, 0
490363201, 7.19, 8.77e-08, 5.51e-08, 2.0, 0, 1e-08, 0
490622401, 32.54, 1.83e-07, 6.3e-08, 2.0, 0, 1e-08, 0
490881601, 5.99, 4.2e-08, 3.56e-08, 2.0, 0, 1e-08, 0
491140801, 6.54, 8.98e-08, 5.03e-08, 2.0, 0, 1e-08, 0
491400001, 13.54, 1.03e-07, 5.28e-08, 2.0, 0, 1e-08, 0
491659201, 5.24, 3.31e-08, 2.95e-08, 2.0, 0, 1e-08, 0
491918401, 4.33, 3.41e-08, 2.26e-08, 2.0, 0, 1e-08, 0
492177601, 13.24, 4.98e-08, 2.69e-08, 2.0, 0, 1e-08, 0
492436801, 3.7, 5.08e-08, 3.61e-08, 2.0, 0, 1e-08, 0
492696001, 19.57, 1e-07, 4.79e-08, 2.0, 0, 1e-08, 0
492955201, 11.58, 8.82e-08, 4.58e-08, 2.0, 0, 1e-08, 0
493473601, 37.96, 1.77e-07, 5.9e-08, 2.0, 0, 1e-08, 0
493732801, 17.06, 1.22e-07, 5.62e-08, 2.0, 0, 1e-08, 0
493992001, 33.84, 1.63e-07, 5.6e-08, 2.0, 0, 1e-08, 0
494251201, 22.77, 1.28e-07, 5.4e-08, 2.0, 0, 1e-08, 0
494510401, 4.41, 5e-08, 3.39e-08, 2.0, 0, 1e-08, 0
494769601, 26.06, 1.53e-07, 5.78e-08, 2.0, 0, 1e-08, 0
495028801, 20.14, 9.26e-08, 4.16e-08, 2.0, 0, 1e-08, 0
495288001, 19.24, 1.43e-07, 5.8e-08, 2.0, 0, 1e-08, 0
495806401, 18.12, 9.35e-08, 4.27e-08, 2.0, 0, 1e-08, 0
496065601, 9.47, 7.79e-08, 4.13e-08, 2.0, 0, 1e-08, 0
496324801, 76.38, 1.83e-07, 4.7e-08, 2.0, 0, 1e-08, 0
496584001, 14.69, 7.7e-08, 3.48e-08, 2.0, 0, 1e-08, 0
496843201, 24.19, 1.23e-07, 4.78e-08, 2.0, 0, 1e-08, 0
497102401, 9.91, 6.42e-08, 3.54e-08, 2.0, 0, 1e-08, 0
497620801, 4.91, 4.82e-08, 2.99e-08, 2.0, 0, 1e-08, 0
498139201, 71.9, 1.45e-07, 3.2e-08, 2.0, 0, 1e-08, 0
498398401, 60.16, 1.38e-07, 3.5e-08, 2.0, 0, 1e-08, 0
498657601, 34.39, 7.33e-08, 2.61e-08, 2.0, 0, 1e-08, 0
498916801, 34.37, 8.95e-08, 2.75e-08, 2.0, 0, 1e-08, 0
499176001, 14.83, 1.4e-07, 5.77e-08, 2.0, 0, 1e-08, 0
499435201, 2.0, 4.71e-08, 4.96e-08, 2.0, 0, 1e-08, 0
499694401, 1.52, 4.47e-08, 4.62e-08, 2.0, 0, 1e-08, 0
499953601, 8.19, 9.15e-08, 5.15e-08, 2.0, 0, 1e-08, 0
500212801, 17.27, 8.77e-08, 5.1e-08, 2.0, 0, 1e-08, 0
500472001, 7.24, 3.75e-08, 2.68e-08, 2.0, 0, 1e-08, 0
500731201, 33.65, 1.36e-07, 5.33e-08, 2.0, 0, 1e-08, 0
500990401, 4.65, 4.42e-08, 3.17e-08, 2.0, 0, 1e-08, 0
501249601, 2.53, 5.4e-08, 4.55e-08, 2.0, 0, 1e-08, 0
501508801, 12.21, 7.99e-08, 3.71e-08, 2.0, 0, 1e-08, 0
502027201, 5.5, 5.99e-08, 4.13e-08, 2.0, 0, 1e-08, 0
502286401, 7.59, 3.92e-08, 3.09e-08, 2.0, 0, 1e-08, 0
502545601, 11.02, 8.24e-08, 4.44e-08, 2.0, 0, 1e-08, 0
502804801, 7.13, 5.5e-08, 3.68e-08, 2.0, 0, 1e-08, 0
503064001, 9.48, 8.77e-08, 4.66e-08, 2.0, 0, 1e-08, 0
503582401, 18.8, 1.08e-07, 4.88e-08, 2.0, 0, 1e-08, 0
503841601, 25.59, 1.96e-07, 7.5e-08, 2.0, 0, 1e-08, 0
504100801, 4.62, 3.89e-08, 3.08e-08, 2.0, 0, 1e-08, 0
504360001, 7.4, 5.62e-08, 3.59e-08, 2.0, 0, 1e-08, 0
504619201, 7.56, 4.5e-08, 2.97e-08, 2.0, 0, 1e-08, 0
505137601, 41.55, 1.56e-07, 5.3e-08, 2.0, 0, 1e-08, 0
505396801, 49.55, 1.5e-07, 4.7e-08, 2.0, 0, 1e-08, 0
505656001, 26.27, 1.11e-07, 4.42e-08, 2.0, 0, 1e-08, 0
505915201, 11.44, 8.32e-08, 4e-08, 2.0, 0, 1e-08, 0
506174401, 33.31, 1.36e-07, 4.21e-08, 2.0, 0, 1e-08, 0
506433601, 16.01, 9.37e-08, 4.26e-08, 2.0, 0, 1e-08, 0
506692801, 2.53, 6.44e-08, 5.57e-08, 2.0, 0, 1e-08, 0
506952001, 5.2, 2.9e-08, 2.53e-08, 2.0, 0, 1e-08, 0
507211201, 7.91, 7.63e-08, 4.5e-08, 2.0, 0, 1e-08, 0
507470401, 22.49, 1.11e-07, 4.68e-08, 2.0, 0, 1e-08, 0
507729601, 11.77, 3.75e-08, 2.81e-08, 2.0, 0, 1e-08, 0
507988801, 30.76, 1.12e-07, 4.19e-08, 2.0, 0, 1e-08, 0
508248001, 2.35, 4.71e-08, 4e-08, 2.0, 0, 1e-08, 0
508507201, 32.43, 1.35e-07, 4.71e-08, 2.0, 0, 1e-08, 0
508766401, 17.02, 1.16e-07, 4.81e-08, 2.0, 0, 1e-08, 0
509025601, 26.41, 1.29e-07, 4.9e-08, 2.0, 0, 1e-08, 0
509284801, 12.09, 1.1e-07, 4.89e-08, 2.0, 0, 1e-08, 0
509544001, 7.71, 5.15e-08, 3.33e-08, 2.0, 0, 1e-08, 0
509803201, 18.77, 1.1e-07, 4.29e-08, 2.0, 0, 1e-08, 0
510062401, 26.95, 1.28e-07, 4.68e-08, 2.0, 0, 1e-08, 0
510321601, 53.23, 1.93e-07, 4.9e-08, 2.0, 0, 1e-08, 0
510580801, 38.87, 1.02e-07, 3.59e-08, 2.0, 0, 1e-08, 0
510840001, 22.38, 6.6e-08, 2.79e-08, 2.0, 0, 1e-08, 0
511099201, 35.36, 1.29e-07, 4.07e-08, 2.0, 0, 1e-08, 0
511358401, 24.2, 1.1e-07, 4.41e-08, 2.0, 0, 1e-08, 0
511617601, 2.44, 3.36e-08, 3.32e-08, 2.0, 0, 1e-08, 0
511876801, 10.17, 1.01e-07, 5.22e-08, 2.0, 0, 1e-08, 0
512136001, 11.54, 1.2e-07, 6.09e-08, 2.0, 0, 1e-08, 0
512395201, 23.29, 1.35e-07, 5.21e-08, 2.0, 0, 1e-08, 0
512654401, 3.7, 4.25e-08, 3.6e-08, 2.0, 0, 1e-08, 0
512913601, 9.64, 8.61e-08, 5.39e-08, 2.0, 0, 1e-08, 0
513172801, 20.11, 1.25e-07, 5.8e-08, 2.0, 0, 1e-08, 0
513432001, 3.51, 7.04e-08, 5.27e-08, 2.0, 0, 1e-08, 0
513691201, 24.84, 1.56e-07, 5.62e-08, 2.0, 0, 1e-08, 0
513950401, 9.85, 9.34e-08, 4.68e-08, 2.0, 0, 1e-08, 0
514209601, 26.75, 9.09e-08, 4.31e-08, 2.0, 0, 1e-08, 0
514468801, 2.76, 4.19e-08, 3.53e-08, 2.0, 0, 1e-08, 0
514728001, 28.28, 1.09e-07, 4.39e-08, 2.0, 0, 1e-08, 0
514987201, 17.68, 6.74e-08, 3.2e-08, 2.0, 0, 1e-08, 0
515246401, 15.97, 8.38e-08, 3.93e-08, 2.0, 0, 1e-08, 0
515505601, 37.7, 1.39e-07, 5.02e-08, 2.0, 0, 1e-08, 0
515764801, 33.99, 1.79e-07, 6.2e-08, 2.0, 0, 1e-08, 0
516024001, 32.97, 1.3e-07, 4.57e-08, 2.0, 0, 1e-08, 0
516283201, 48.61, 2.56e-07, 6.4e-08, 2.0, 0, 1e-08, 0
516542401, 33.31, 1.82e-07, 5.7e-08, 2.0, 0, 1e-08, 0
516801601, 10.08, 8.2e-08, 4.59e-08, 2.0, 0, 1e-08, 0
517060801, 79.1, 3.27e-07, 7.7e-08, 2.0, 0, 1e-08, 0
517320001, 68.73, 2.87e-07, 6.9e-08, 2.0, 0, 1e-08, 0
517579201, 82.05, 3.05e-07, 6.5e-08, 2.0, 0, 1e-08, 0
517838401, 20.76, 1.31e-07, 5.49e-08, 2.0, 0, 1e-08, 0
518097601, 50.12, 2.18e-07, 5.9e-08, 2.0, 0, 1e-08, 0
518356801, 93.89, 3.88e-07, 7.2e-08, 2.0, 0, 1e-08, 0
518616001, 58.25, 2.59e-07, 6.1e-08, 2.0, 0, 1e-08, 0
518875201, 82.65, 2.92e-07, 6.6e-08, 2.0, 0, 1e-08, 0
519134401, 92.26, 3e-07, 6e-08, 2.0, 0, 1e-08, 0
519393601, 62.08, 1.88e-07, 5.2e-08, 2.0, 0, 1e-08, 0
519652801, 96.77, 3.58e-07, 7.7e-08, 2.0, 0, 1e-08, 0
519912001, 116.86, 3.15e-07, 6.1e-08, 2.0, 0, 1e-08, 0
520171201, 52.91, 2.25e-07, 6.1e-08, 2.0, 0, 1e-08, 0
520430401, 3.14, 5.79e-08, 4.6e-08, 2.0, 0, 1e-08, 0
520689601, 145.9, 4.21e-07, 7.6e-08, 2.0, 0, 1e-08, 0
520948801, 240.95, 6.35e-07, 9e-08, 2.0, 0, 1e-08, 0
521208001, 167.51, 4.94e-07, 9e-08, 2.0, 0, 1e-08, 0
521467201, 3.64, 6.29e-08, 5.1e-08, 2.0, 0, 1e-08, 0
521726401, 49.28, 2.02e-07, 5.9e-08, 2.0, 0, 1e-08, 0
521985601, 38.83, 1.76e-07, 6e-08, 2.0, 0, 1e-08, 0
522244801, 116.57, 3.9e-07, 7.3e-08, 2.0, 0, 1e-08, 0
522504001, 157.4, 5.38e-07, 8.9e-08, 2.0, 0, 1e-08, 0
522763201, 97.85, 3.38e-07, 7.1e-08, 2.0, 0, 1e-08, 0
523022401, 17.14, 6.45e-08, 3.39e-08, 2.0, 0, 1e-08, 0
523281601, 11.19, 7.64e-08, 3.84e-08, 2.0, 0, 1e-08, 0
523540801, 2.0, 4.69e-08, 4.44e-08, 2.0, 0, 1e-08, 0
523800001, 25.98, 8.75e-08, 3.64e-08, 2.0, 0, 1e-08, 0
524059201, 18.51, 1.08e-07, 4.42e-08, 2.0, 0, 1e-08, 0
524318401, 6.39, 5.56e-08, 3.69e-08, 2.0, 0, 1e-08, 0
524577601, 20.18, 1.45e-07, 5.3e-08, 2.0, 0, 1e-08, 0
524836801, 129.87, 3.68e-07, 6.8e-08, 2.0, 0, 1e-08, 0
525096001, 291.7, 6.46e-07, 9.1e-08, 2.0, 0, 1e-08, 0
525355201, 118.43, 3.58e-07, 7.4e-08, 2.0, 0, 1e-08, 0
525614401, 78.71, 2.88e-07, 6.5e-08, 2.0, 0, 1e-08, 0
525873601, 25.56, 1.85e-07, 6.2e-08, 2.0, 0, 1e-08, 0
526132801, 102.05, 3.65e-07, 6.7e-08, 2.0, 0, 1e-08, 0
526392001, 93.55, 3.23e-07, 7.1e-08, 2.0, 0, 1e-08, 0
526651201, 27.94, 1.53e-07, 5.38e-08, 2.0, 0, 1e-08, 0
526910401, 104.0, 3.25e-07, 7.1e-08, 2.0, 0, 1e-08, 0
527169601, 79.87, 3.98e-07, 8.5e-08, 2.0, 0, 1e-08, 0
527428801, 140.68, 4.26e-07, 7.9e-08, 2.0, 0, 1e-08, 0
527688001, 106.3, 3.61e-07, 7.2e-08, 2.0, 0, 1e-08, 0
527947201, 70.89, 2.07e-07, 4.9e-08, 2.0, 0, 1e-08, 0
528206401, 110.39, 2.99e-07, 6e-08, 2.0, 0, 1e-08, 0
528465601, 52.37, 1.95e-07, 5.7e-08, 2.0, 0, 1e-08, 0
528724801, 119.32, 3.29e-07, 5.8e-08, 2.0, 0, 1e-08, 0
528984001, 105.58, 2.84e-07, 5.3e-08, 2.0, 0, 1e-08, 0
529243201, 94.0, 2.76e-07, 6.1e-08, 2.0, 0, 1e-08, 0
529502401, 174.65, 4.31e-07, 6.5e-08, 2.0, 0, 1e-08, 0
529761601, 80.48, 2.11e-07, 5e-08, 2.0, 0, 1e-08, 0
530020801, 55.83, 2.48e-07, 6.1e-08, 2.0, 0, 1e-08, 0
530280001, 23.15, 1.43e-07, 5.4e-08, 2.0, 0, 1e-08, 0
530539201, 48.73, 1.74e-07, 5.3e-08, 2.0, 0, 1e-08, 0
530798401, 118.02, 3.19e-07, 6.6e-08, 2.0, 0, 1e-08, 0
531057601, 106.74, 3.47e-07, 7.1e-08, 2.0, 0, 1e-08, 0
531316801, 46.11, 2.27e-07, 6e-08, 2.0, 0, 1e-08, 0
531576001, 13.73, 1.25e-07, 5.09e-08, 2.0, 0, 1e-08, 0
531835201, 13.05, 1.28e-07, 5.52e-08, 2.0, 0, 1e-08, 0
532094401, 6.46, 7.79e-08, 4.8e-08, 2.0, 0, 1e-08, 0
532353601, 1.6, 3.53e-08, 3.77e-08, 2.0, 0, 1e-08, 0
532612801, 3.35, 3.66e-08, 2.96e-08, 2.0, 0, 1e-08, 0
532872001, 13.18, 1.02e-07, 4.69e-08, 2.0, 0, 1e-08, 0
533131201, 6.56, 7.19e-08, 4.22e-08, 2.0, 0, 1e-08, 0
533390401, 21.15, 1e-07, 4.22e-08, 2.0, 0, 1e-08, 0
533649601, 54.39, 2.56e-07, 6.6e-08, 2.0, 0, 1e-08, 0
533908801, 163.82, 4.44e-07, 7.4e-08, 2.0, 0, 1e-08, 0
534168001, 198.25, 5.2e-07, 7.5e-08, 2.0, 0, 1e-08, 0
534427201, 27.61, 1.7e-07, 5.3e-08, 2.0, 0, 1e-08, 0
534686401, 8.84, 8.44e-08, 4.67e-08, 2.0, 0, 1e-08, 0
534945601, 65.62, 2.85e-07, 7.3e-08, 2.0, 0, 1e-08, 0
535204801, 63.55, 3.46e-07, 9.2e-08, 2.0, 0, 1e-08, 0
535464001, 21.75, 1.33e-07, 5.12e-08, 2.0, 0, 1e-08, 0
535723201, 11.48, 9.6e-08, 4.79e-08, 2.0, 0, 1e-08, 0
535982401, 25.02, 1.48e-07, 5e-08, 2.0, 0, 1e-08, 0
536241601, 23.26, 1.45e-07, 4.82e-08, 2.0, 0, 1e-08, 0
536500801, 42.99, 2.08e-07, 6e-08, 2.0, 0, 1e-08, 0
536760001, 75.4, 1.86e-07, 5.5e-08, 2.0, 0, 1e-08, 0
537019201, 129.19, 3.77e-07, 7.2e-08, 2.0, 0, 1e-08, 0
537278401, 20.6, 7.68e-08, 3.92e-08, 2.0, 0, 1e-08, 0
537537601, 45.03, 1.64e-07, 5e-08, 2.0, 0, 1e-08, 0
537796801, 21.73, 7.97e-08, 3.73e-08, 2.0, 0, 1e-08, 0
538056001, 3.09, 4.53e-08, 3.86e-08, 2.0, 0, 1e-08, 0
538315201, 40.91, 1.57e-07, 5.5e-08, 2.0, 0, 1e-08, 0
538574401, 12.94, 1.01e-07, 4.19e-08, 2.0, 0, 1e-08, 0
538833601, 44.48, 1.78e-07, 5.5e-08, 2.0, 0, 1e-08, 0
539092801, 33.31, 1.85e-07, 6.65e-08, 2.0, 0, 1e-08, 0
539352001, 8.89, 4.61e-08, 4.01e-08, 2.0, 0, 1e-08, 0
539611201, 21.18, 1.28e-07, 5.7e-08, 2.0, 0, 1e-08, 0
539870401, 6.6, 4.25e-08, 3.12e-08, 2.0, 0, 1e-08, 0
540129601, 25.05, 1.14e-07, 4.51e-08, 2.0, 0, 1e-08, 0
540388801, 36.0, 1.2e-07, 4.52e-08, 2.0, 0, 1e-08, 0
540648001, 29.53, 1.21e-07, 4.7e-08, 2.0, 0, 1e-08, 0
540907201, 26.22, 1.86e-07, 6.6e-08, 2.0, 0, 1e-08, 0
541166401, 34.75, 2.07e-07, 6.5e-08, 2.0, 0, 1e-08, 0
541425601, 15.05, 1.18e-07, 5.61e-08, 2.0, 0, 1e-08, 0
541684801, 16.85, 1.48e-07, 5.59e-08, 2.0, 0, 1e-08, 0
541944001, 33.74, 1.36e-07, 4.59e-08, 2.0, 0, 1e-08, 0
542203201, 22.92, 9.21e-08, 4.08e-08, 2.0, 0, 1e-08, 0
542462401, 79.72, 2.61e-07, 5.8e-08, 2.0, 0, 1e-08, 0
542721601, 450.8, 3.81e-07, 3.6e-08, 2.0, 0, 1e-08, 0
542980801, 20.28, 3.94e-07, 1.64e-07, 2.0, 0, 1e-08, 0
545572801, 16.1, 2.14e-07, 1.2e-07, 2.0, 0, 1e-08, 0
545832001, 5.41, 1e-07, 7.61e-08, 2.0, 0, 1e-08, 0
546091201, 21.67, 1.02e-07, 4.3e-08, 2.0, 0, 1e-08, 0
546350401, 4.66, 4.91e-08, 3.15e-08, 2.0, 0, 1e-08, 0
546609601, 59.28, 1.25e-07, 3.43e-08, 2.0, 0, 1e-08, 0
546868801, 25.48, 2.07e-07, 7.75e-08, 2.0, 0, 1e-08, 0
547128001, 3.94, 1.99e-07, 1.42e-07, 2.0, 0, 1e-08, 0
547646401, 21.69, 2.46e-07, 1.03e-07, 2.0, 0, 1e-08, 0
547905601, 30.6, 1.96e-07, 6.4e-08, 2.0, 0, 1e-08, 0
548942401, 3.17, 1.09e-07, 1.18e-07, 2.0, 0, 1e-08, 0
550238401, 12.93, 1.37e-07, 7.9e-08, 2.0, 0, 1e-08, 0
550497601, 4.32, 4.3e-08, 3.73e-08, 2.0, 0, 1e-08, 0
550756801, 31.95, 1.14e-07, 4.4e-08, 2.0, 0, 1e-08, 0
551016001, 48.07, 1.8e-07, 4.7e-08, 2.0, 0, 1e-08, 0
551534401, 17.22, 4.26e-07, 1.76e-07, 2.0, 0, 1e-08, 101
551793601, 24.12, 8.72e-08, 3.07e-08, 2.0, 0, 1e-08, 0
552052801, 19.16, 1.03e-07, 3.8e-08, 2.0, 0, 1e-08, 0
552312001, 7.83, 7.5e-08, 3.92e-08, 2.0, 0, 1e-08, 0
552571201, 1.36, 4.26e-08, 4.64e-08, 2.0, 0, 1e-08, 0
552830401, 6.03, 5.71e-08, 3.6e-08, 2.0, 0, 1e-08, 0
553089601, 12.86, 7.29e-08, 4.59e-08, 2.0, 0, 1e-08, 0
553348801, 6.29, 8.2e-08, 5.01e-08, 2.0, 0, 1e-08, 0
553867201, 14.9, 9.38e-08, 5.14e-08, 2.0, 0, 1e-08, 0
554126401, 19.55, 1.3e-07, 5.69e-08, 2.0, 0, 1e-08, 0
554904001, 29.63, 9.72e-08, 4.07e-08, 2.0, 0, 1e-08, 0
555163201, 30.86, 1.59e-07, 6.6e-08, 2.0, 0, 1e-08, 0
555422401, 8.9, 1.41e-07, 6.88e-08, 2.0, 0, 1e-08, 0
555681601, 1.65, 9.98e-08, 1.09e-07, 2.0, 0, 1e-08, 102
555940801, 15.46, 1.52e-07, 7.07e-08, 2.0, 0, 1e-08, 0
556200001, 30.18, 8.15e-08, 2.95e-08, 2.0, 0, 1e-08, 0
556459201, 64.3, 1.48e-07, 3.6e-08, 2.0, 0, 1e-08, 0
556718401, 84.49, 2.42e-07, 4.8e-08, 2.0, 0, 1e-08, 0
556977601, 20.29, 9.58e-08, 3.63e-08, 2.0, 0, 1e-08, 0
557236801, 3.87, 4.74e-08, 3.27e-08, 2.0, 0, 1e-08, 0
557496001, 31.21, 1.4e-07, 4.57e-08, 2.0, 0, 1e-08, 0
557755201, 33.19, 1.03e-07, 3.71e-08, 2.0, 0, 1e-08, 0
558532801, 1.8, 3.32e-08, 3.41e-08, 2.0, 0, 1e-08, 0
558792001, 6.6, 4.96e-08, 2.72e-08, 2.0, 0, 1e-08, 0
559051201, 54.98, 1.55e-07, 4e-08, 2.0, 0, 1e-08, 0
559310401, 48.82, 1.71e-07, 4.9e-08, 2.0, 0, 1e-08, 0
559569601, 36.47, 1.58e-07, 4.7e-08, 2.0, 0, 1e-08, 0
559828801, 34.25, 1.79e-07, 5.85e-08, 2.0, 0, 1e-08, 0
560088001, 4.74, 1.31e-07, 1.01e-07, 2.0, 0, 1e-08, 0
560347201, 17.98, 2.84e-07, 1.31e-07, 2.0, 0, 1e-08, 0
560606401, 21.18, 9.11e-08, 3.31e-08, 2.0, 0, 1e-08, 0
560865601, 15.56, 4.51e-08, 2.04e-08, 2.0, 0, 1e-08, 0
561124801, 1.64, 1.66e-08, 1.86e-08, 2.0, 0, 1e-08, 0
561384001, 35.46, 1.02e-07, 3.58e-08, 2.0, 0, 1e-08, 0
561902401, 7.03, 6.16e-08, 4.56e-08, 2.0, 0, 1e-08, 0
562161601, 31.02, 1.16e-07, 4.19e-08, 2.0, 0, 1e-08, 0
562420801, 51.52, 1.51e-07, 4e-08, 2.0, 0, 1e-08, 0
562680001, 17.53, 9.03e-08, 3.35e-08, 2.0, 0, 1e-08, 0
563457601, 2.05, 8.87e-08, 8.64e-08, 2.0, 0, 1e-08, 0
564235201, 15.47, 1.19e-07, 5.18e-08, 2.0, 0, 1e-08, 0
564494401, 2.04, 3.28e-08, 3.78e-08, 2.0, 0, 1e-08, 0
564753601, 13.6, 1.73e-07, 8.92e-08, 2.0, 0, 1e-08, 0
565012801, 14.0, 9.13e-08, 4.07e-08, 2.0, 0, 1e-08, 0
565272001, 70.74, 2.54e-07, 5.3e-08, 2.0, 0, 1e-08, 0
565531201, 59.01, 2.02e-07, 5.6e-08, 2.0, 0, 1e-08, 0
565790401, 20.55, 6.95e-08, 3.67e-08, 2.0, 0, 1e-08, 0
566049601, 4.38, 6.34e-08, 4.66e-08, 2.0, 0, 1e-08, 0
566308801, 35.23, 1.75e-07, 5.35e-08, 2.0, 0, 1e-08, 0
566568001, 7.13, 8.1e-08, 4.29e-08, 2.0, 0, 1e-08, 0
566827201, 1.41, 4.89e-08, 6.12e-08, 2.0, 0, 1e-08, 0
568123201, 7.26, 7.26e-08, 6.62e-08, 2.0, 0, 1e-08, 0
568382401, 45.02, 1.59e-07, 3.95e-08, 2.0, 0, 1e-08, 0
568641601, 18.69, 8.73e-08, 4.27e-08, 2.0, 0, 1e-08, 0
568900801, 22.58, 1.06e-07, 4.4e-08, 2.0, 0, 1e-08, 0
569160001, 65.8, 2.96e-07, 7.3e-08, 2.0, 0, 1e-08, 0
569419201, 20.62, 1.45e-07, 5.11e-08, 2.0, 0, 1e-08, 0
569678401, 30.23, 1.47e-07, 4.78e-08, 2.0, 0, 1e-08, 0
569937601, 45.8, 1.7e-07, 4.6e-08, 2.0, 0, 1e-08, 0
570196801, 12.74, 8.53e-08, 4.49e-08, 2.0, 0, 1e-08, 0
570715201, 31.39, 9.2e-08, 3.5e-08, 2.0, 0, 1e-08, 0
570974401, 5.23, 6.6e-08, 4.01e-08, 2.0, 0, 1e-08, 0
571233601, 4.22, 5.22e-08, 3.73e-08, 2.0, 0, 1e-08, 0
571492801, 11.23, 7.37e-08, 3.94e-08, 2.0, 0, 1e-08, 0
571752001, 6.21, 4.74e-08, 3.16e-08, 2.0, 0, 1e-08, 0
572011201, 2.38, 4.64e-08, 4.14e-08, 2.0, 0, 1e-08, 0
572270401, 17.71, 1.13e-07, 4.89e-08, 2.0, 0, 1e-08, 0
572529601, 5.01, 6.77e-08, 4.13e-08, 2.0, 0, 1e-08, 0
572788801, 8.3, 4.32e-08, 3.08e-08, 2.0, 0, 1e-08, 0
573048001, 12.48, 9.56e-08, 4.45e-08, 2.0, 0, 1e-08, 0
573307201, 15.04, 1.13e-07, 5.42e-08, 2.0, 0, 1e-08, 0
573566401, 4.16, 5.1e-08, 3.65e-08, 2.0, 0, 1e-08, 0
573825601, 8.93, 6.11e-08, 3.71e-08, 2.0, 0, 1e-08, 0
574084801, 15.84, 1.13e-07, 4.52e-08, 2.0, 0, 1e-08, 0
574344001, 8.99, 7.64e-08, 4.06e-08, 2.0, 0, 1e-08, 0
574603201, 12.33, 8.78e-08, 3.9e-08, 2.0, 0, 1e-08, 0
574862401, 13.43, 1.4e-07, 5.58e-08, 2.0, 0, 1e-08, 0
575121601, 20.39, 1.67e-07, 6.2e-08, 2.0, 0, 1e-08, 0
575380801, 4.63, 7.06e-08, 4.76e-08, 2.0, 0, 1e-08, 0
575640001, 12.69, 1.21e-07, 5.4e-08, 2.0, 0, 1e-08, 0
575899201, 2.77, 4.5e-08, 4.03e-08, 2.0, 0, 1e-08, 0
576158401, 9.57, 8.4e-08, 4.43e-08, 2.0, 0, 1e-08, 0
576676801, 10.98, 7.88e-08, 4.42e-08, 2.0, 0, 1e-08, 0
576936001, 9.47, 7.37e-08, 4.01e-08, 2.0, 0, 1e-08, 0
577195201, 6.38, 6.61e-08, 3.8e-08, 2.0, 0, 1e-08, 0
577454401, 12.48, 7.34e-08, 3.98e-08, 2.0, 0, 1e-08, 0
577713601, 17.11, 1.22e-07, 4.41e-08, 2.0, 0, 1e-08, 0
577972801, 11.83, 8.13e-08, 3.97e-08, 2.0, 0, 1e-08, 0
578232001, 22.1, 1.63e-07, 6.6e-08, 2.0, 0, 1e-08, 0
578491201, 11.89, 9.98e-08, 4.24e-08, 2.0, 0, 1e-08, 0
578750401, 37.17, 1.49e-07, 4.8e-08, 2.0, 0, 1e-08, 0
579009601, 12.25, 7.02e-08, 3.99e-08, 2.0, 0, 1e-08, 0
579268801, 31.13, 1.6e-07, 4.7e-08, 2.0, 0, 1e-08, 0
579528001, 49.63, 1.98e-07, 5.3e-08, 2.0, 0, 1e-08, 0
579787201, 11.55, 6.04e-08, 3.62e-08, 2.0, 0, 1e-08, 0
580046401, 36.96, 1.46e-07, 5e-08, 2.0, 0, 1e-08, 0
580305601, 23.33, 1.67e-07, 6.2e-08, 2.0, 0, 1e-08, 0
580564801, 13.38, 2.25e-07, 9.7e-08, 2.0, 0, 1e-08, 0
580824001, 24.26, 3.68e-07, 1.39e-07, 2.0, 0, 1e-08, 0
581083201, 25.21, 2.87e-07, 1.28e-07, 2.0, 0, 1e-08, 0
581601601, 4.2, 2.11e-07, 1.72e-07, 2.0, 0, 1e-08, 0
581860801, 9.34, 2.28e-07, 1.39e-07, 2.0, 0, 1e-08, 0
582120001, 80.4, 5e-07, 1.15e-07, 2.0, 0, 1e-08, 0
582379201, 69.24, 3.32e-07, 8.1e-08, 2.0, 0, 1e-08, 0
582638401, 42.75, 1.86e-07, 5.2e-08, 2.0, 0, 1e-08, 0
582897601, 21.33, 9.86e-08, 3.77e-08, 2.0, 0, 1e-08, 0
583156801, 38.33, 1.72e-07, 5e-08, 2.0, 0, 1e-08, 0
583416001, 39.2, 1.66e-07, 4.9e-08, 2.0, 0, 1e-08, 0
583675201, 36.93, 1.74e-07, 5.1e-08, 2.0, 0, 1e-08, 0
583934401, 20.95, 1.2e-07, 4.4e-08, 2.0, 0, 1e-08, 0
584193601, 4.66, 3.86e-08, 3e-08, 2.0, 0, 1e-08, 0
584712001, 4.17, 3.23e-08, 2.81e-08, 2.0, 0, 1e-08, 0
584971201, 12.75, 5.42e-08, 4.21e-08, 2.0, 0, 1e-08, 0
585230401, 16.74, 9.18e-08, 4.11e-08, 2.0, 0, 1e-08, 0
585489601, 5.54, 7.32e-08, 4.58e-08, 2.0, 0, 1e-08, 0
585748801, 11.37, 6.18e-08, 4.33e-08, 2.0, 0, 1e-08, 0
586008001, 8.42, 9.86e-08, 6.33e-08, 2.0, 0, 1e-08, 0
586267201, 8.8, 8.33e-08, 4.65e-08, 2.0, 0, 1e-08, 0
586526401, 1.95, 4.34e-08, 4.2e-08, 2.0, 0, 1e-08, 0
586785601, 62.34, 2.04e-07, 5.5e-08, 2.0, 0, 1e-08, 0
587044801, 7.51, 5.58e-08, 3.67e-08, 2.0, 0, 1e-08, 0
587304001, 9.97, 7.77e-08, 4.72e-08, 2.0, 0, 1e-08, 0
587563201, 20.68, 8.19e-08, 3.69e-08, 2.0, 0, 1e-08, 0
587822401, 19.48, 5.53e-08, 3.1e-08, 2.0, 0, 1e-08, 0
588340801, 17.31, 7.07e-08, 3.45e-08, 2.0, 0, 1e-08, 0
588600001, 4.29, 4.59e-08, 3.32e-08, 2.0, 0, 1e-08, 0
588859201, 10.24, 5.73e-08, 3.03e-08, 2.0, 0, 1e-08, 0
589118401, 21.76, 8.89e-08, 3.43e-08, 2.0, 0, 1e-08, 0
589377601, 1.82, 2.67e-08, 2.59e-08, 2.0, 0, 1e-08, 0
589636801, 40.04, 1.26e-07, 4.19e-08, 2.0, 0, 1e-08, 0
589896001, 7.51, 6.49e-08, 3.51e-08, 2.0, 0, 1e-08, 0
590155201, 26.26, 1.35e-07, 5e-08, 2.0, 0, 1e-08, 0
590414401, 32.9, 1.56e-07, 5.15e-08, 2.0, 0, 1e-08, 0
590673601, 21.4, 1.25e-07, 4.88e-08, 2.0, 0, 1e-08, 0
590932801, 13.04, 6.37e-08, 3.71e-08, 2.0, 0, 1e-08, 0
591192001, 19.27, 9.28e-08, 3.64e-08, 2.0, 0, 1e-08, 0
591451201, 7.96, 7.29e-08, 3.71e-08, 2.0, 0, 1e-08, 0
591710401, 2.61, 1.96e-08, 2.07e-08, 2.0, 0, 1e-08, 0
591969601, 49.97, 1.74e-07, 5.1e-08, 2.0, 0, 1e-08, 0
592228801, 40.97, 1.19e-07, 4.08e-08, 2.0, 0, 1e-08, 0
592488001, 21.17, 9.03e-08, 3.67e-08, 2.0, 0, 1e-08, 0
592747201, 17.82, 7.86e-08, 3.35e-08, 2.0, 0, 1e-08, 0
593006401, 8.65, 5.8e-08, 3.7e-08, 2.0, 0, 1e-08, 0
593265601, 3.35, 4.59e-08, 3.56e-08, 2.0, 0, 1e-08, 0
593524801, 5.3, 5.59e-08, 3.89e-08, 2.0, 0, 1e-08, 0
593784001, 9.87, 7.12e-08, 3.58e-08, 2.0, 0, 1e-08, 0
594043201, 2.58, 2.53e-08, 2.44e-08, 2.0, 0, 1e-08, 0
596116801, 12.98, 8.11e-08, 4.68e-08, 2.0, 0, 1e-08, 0
596376001, 1.18, 2.84e-08, 3.63e-08, 2.0, 0, 1e-08, 0
596894401, 10.08, 8.26e-08, 3.63e-08, 2.0, 0, 1e-08, 0
597153601, 32.21, 1.41e-07, 4.31e-08, 2.0, 0, 1e-08, 0
597412801, 1.2, 2.35e-08, 2.77e-08, 2.0, 0, 1e-08, 0
597672001, 1.51, 2.33e-08, 2.56e-08, 2.0, 0, 1e-08, 0
597931201, 10.45, 6.87e-08, 3.84e-08, 2.0, 0, 1e-08, 0
598190401, 10.06, 9.29e-08, 4.51e-08, 2.0, 0, 1e-08, 0
598449601, 5.32, 4.81e-08, 3.79e-08, 2.0, 0, 1e-08, 0
600004801, 3.97, 7.46e-08, 7.74e-08, 2.0, 0, 1e-08, 0
600264001, 1.93, 6.28e-08, 7.4e-08, 2.0, 0, 1e-08, 0
600523201, 21.52, 9.3e-08, 4.79e-08, 2.0, 0, 1e-08, 0
601560001, 6.14, 6.11e-08, 3.61e-08, 2.0, 0, 1e-08, 0
601819201, 17.18, 6.63e-08, 3.29e-08, 2.0, 0, 1e-08, 0
602078401, 38.12, 1.46e-07, 4.5e-08, 2.0, 0, 1e-08, 0
602337601, 6.55, 5.88e-08, 3.81e-08, 2.0, 0, 1e-08, 0
602596801, 6.71, 5.78e-08, 3.3e-08, 2.0, 0, 1e-08, 0
602856001, 20.75, 9.97e-08, 4.21e-08, 2.0, 0, 1e-08, 0
603115201, 39.59, 1.36e-07, 4.58e-08, 2.0, 0, 1e-08, 0
603374401, 7.21, 3.37e-08, 2.51e-08, 2.0, 0, 1e-08, 0
603633601, 1.98, 4.73e-08, 5.1e-08, 2.0, 0, 1e-08, 0
603892801, 11.3, 5.95e-08, 3.33e-08, 2.0, 0, 1e-08, 0
604152001, 13.08, 5.96e-08, 3.55e-08, 2.0, 0, 1e-08, 0
604411201, 10.27, 7.82e-08, 3.9e-08, 2.0, 0, 1e-08, 0
604670401, 7.28, 7.54e-08, 4.44e-08, 2.0, 0, 1e-08, 0
604929601, 1.5, 5.06e-08, 4.86e-08, 2.0, 0, 1e-08, 0
605188801, 1.46, 3.64e-08, 4.01e-08, 2.0, 0, 1e-08, 0
605448001, 6.29, 7.66e-08, 4.52e-08, 2.0, 0, 1e-08, 0
605707201, 19.34, 9.3e-08, 4.38e-08, 2.0, 0, 1e-08, 0
605966401, 16.14, 9.9e-08, 4.41e-08, 2.0, 0, 1e-08, 0
606225601, 49.41, 1.77e-07, 5.2e-08, 2.0, 0, 1e-08, 0
606484801, 7.31, 3.44e-08, 2.72e-08, 2.0, 0, 1e-08, 0
606744001, 4.24, 4.83e-08, 3.45e-08, 2.0, 0, 1e-08, 0
607003201, 3.67, 4.75e-08, 3.98e-08, 2.0, 0, 1e-08, 0
607521601, 9.0, 5.02e-08, 3.96e-08, 2.0, 0, 1e-08, 0
607780801, 9.28, 3.55e-08, 2.67e-08, 2.0, 0, 1e-08, 0
608299201, 4.51, 5.9e-08, 3.74e-08, 2.0, 0, 1e-08, 0
609595201, 8.91, 5.66e-08, 3.01e-08, 2.0, 0, 1e-08, 0
610113601, 1.78, 4.93e-08, 4.46e-08, 2.0, 0, 1e-08, 0
610372801, 12.45, 6.97e-08, 3.35e-08, 2.0, 0, 1e-08, 0
610632001, 5.54, 6.69e-08, 3.6e-08, 2.0, 0, 1e-08, 0
610891201, 3.6, 2.82e-08, 2.46e-08, 2.0, 0, 1e-08, 0
611150401, 22.19, 7.62e-08, 3.1e-08, 2.0, 0, 1e-08, 0
611409601, 5.3, 4.76e-08, 3.1e-08, 2.0, 0, 1e-08, 0
611928001, 1.58, 4.16e-08, 5.18e-08, 2.0, 0, 1e-08, 0
612187201, 3.78, 4.62e-08, 3.84e-08, 2.0, 0, 1e-08, 0
614001601, 1.9, 7.25e-08, 7.76e-08, 2.0, 0, 1e-08, 0
614520001, 18.86, 9.58e-08, 4.73e-08, 2.0, 0, 1e-08, 0
614779201, 7.43, 4.01e-08, 3.15e-08, 2.0, 0, 1e-08, 0
615038401, 14.79, 5.58e-08, 3.62e-08, 2.0, 0, 1e-08, 0
615297601, 5.49, 5.2e-08, 3.49e-08, 2.0, 0, 1e-08, 0
615556801, 12.73, 5.95e-08, 2.97e-08, 2.0, 0, 1e-08, 0
615816001, 3.0, 4e-08, 2.96e-08, 2.0, 0, 1e-08, 0
616075201, 5.22, 1.73e-08, 1.72e-08, 2.0, 0, 1e-08, 0
616593601, 48.31, 1e-07, 3.21e-08, 2.0, 0, 1e-08, 0
617112001, 12.68, 5.84e-08, 3.52e-08, 2.0, 0, 1e-08, 0
617371201, 2.88, 4.42e-08, 3.52e-08, 2.0, 0, 1e-08, 0
617630401, 2.92, 2.18e-08, 2.29e-08, 2.0, 0, 1e-08, 0
618148801, 15.24, 8.08e-08, 4.24e-08, 2.0, 0, 1e-08, 0
618408001, 2.12, 3.34e-08, 3.01e-08, 2.0, 0, 1e-08, 0
618667201, 3.29, 3.13e-08, 2.63e-08, 2.0, 0, 1e-08, 0
618926401, 5.27, 4.44e-08, 3.51e-08, 2.0, 0, 1e-08, 0
619185601, 5.73, 3.63e-08, 2.79e-08, 2.0, 0, 1e-08, 0
619444801, 3.59, 2.75e-08, 2.34e-08, 2.0, 0, 1e-08, 0
619704001, 14.75, 5.73e-08, 2.85e-08, 2.0, 0, 1e-08, 0
619963201, 2.63, 4e-08, 3.65e-08, 2.0, 0, 1e-08, 0
620222401, 19.19, 1.04e-07, 3.72e-08, 2.0, 0, 1e-08, 0
620481601, 38.58, 1.6e-07, 4.3e-08, 2.0, 0, 1e-08, 0
620740801, 98.87, 2.37e-07, 5e-08, 2.0, 0, 1e-08, 0
621000001, 56.01, 1.57e-07, 4e-08, 2.0, 0, 1e-08, 0
621259201, 25.97, 1.27e-07, 4.21e-08, 2.0, 0, 1e-08, 0
621518401, 47.35, 1.24e-07, 3.78e-08, 2.0, 0, 1e-08, 0
621777601, 24.26, 1.06e-07, 4.59e-08, 2.0, 0, 1e-08, 0
622036801, 16.29, 1.24e-07, 5e-08, 2.0, 0, 1e-08, 0
622555201, 1.51, 3.39e-08, 3.66e-08, 2.0, 0, 1e-08, 0
622814401, 12.39, 6.06e-08, 3.61e-08, 2.0, 0, 1e-08, 0
623073601, 4.49, 5.29e-08, 3.62e-08, 2.0, 0, 1e-08, 0
623332801, 6.29, 5.55e-08, 3.64e-08, 2.0, 0, 1e-08, 0
623851201, 21.83, 1.11e-07, 4e-08, 2.0, 0, 1e-08, 0
624110401, 5.57, 3.97e-08, 3.12e-08, 2.0, 0, 1e-08, 0
624369601, 16.05, 8.04e-08, 3.54e-08, 2.0, 0, 1e-08, 0
624628801, 16.23, 1.07e-07, 4.31e-08, 2.0, 0, 1e-08, 0
624888001, 14.52, 1.16e-07, 4.51e-08, 2.0, 0, 1e-08, 0
625147201, 24.04, 1.49e-07, 5.09e-08, 2.0, 0, 1e-08, 0
625406401, 7.35, 6.37e-08, 3.91e-08, 2.0, 0, 1e-08, 0
625665601, 8.78, 8.99e-08, 5.31e-08, 2.0, 0, 1e-08, 0
625924801, 2.02, 3.72e-08, 3.39e-08, 2.0, 0, 1e-08, 0
626184001, 7.0, 9.13e-08, 4.59e-08, 2.0, 0, 1e-08, 0
627220801, 7.12, 1.8e-07, 1.59e-07, 2.0, 0, 1e-08, 0
627739201, 4.03, 1.05e-07, 8.91e-08, 2.0, 0, 1e-08, 0
628257601, 4.48, 5.11e-08, 4.02e-08, 2.0, 0, 1e-08, 0
628516801, 8.37, 9e-08, 4.61e-08, 2.0, 0, 1e-08, 0
628776001, 3.85, 2.9e-08, 2.82e-08, 2.0, 0, 1e-08, 0
629035201, 2.26, 2.43e-08, 2.35e-08, 2.0, 0, 1e-08, 0
629294401, 25.76, 9.06e-08, 3.52e-08, 2.0, 0, 1e-08, 0
629553601, 4.44, 4.46e-08, 3.16e-08, 2.0, 0, 1e-08, 0
629812801, 1.84, 2.82e-08, 2.85e-08, 2.0, 0, 1e-08, 0
630331201, 18.93, 1.59e-07, 7.08e-08, 2.0, 0, 1e-08, 0
630590401, 3.3, 1.22e-07, 9.11e-08, 2.0, 0, 1e-08, 0
630849601, 4.13, 1.95e-07, 1.53e-07, 2.0, 0, 1e-08, 0
631627201, 1.25, 8.92e-08, 9.99e-08, 2.0, 0, 1e-08, 0
631886401, 1.85, 7.12e-08, 8.36e-08, 2.0, 0, 1e-08, 0
632145601, 6.92, 7.7e-08, 4.52e-08, 2.0, 0, 1e-08, 0
632664001, 5.32, 4.88e-08, 3.58e-08, 2.0, 0, 1e-08, 0
633182401, 17.99, 1.34e-07, 4.78e-08, 2.0, 0, 1e-08, 0
633441601, 1.08, 2.56e-08, 3.18e-08, 2.0, 0, 1e-08, 0
633960001, 5.1, 4.76e-08, 3.3e-08, 2.0, 0, 1e-08, 0
634478401, 8.64, 3.79e-08, 2.45e-08, 2.0, 0, 1e-08, 0
634996801, 6.7, 4.86e-08, 2.96e-08, 2.0, 0, 1e-08, 0
635256001, 4.55, 3.02e-08, 2.56e-08, 2.0, 0, 1e-08, 0
635515201, 6.92, 2.66e-08, 2.24e-08, 2.0, 0, 1e-08, 0
635774401, 24.25, 1.18e-07, 4.22e-08, 2.0, 0, 1e-08, 0
636033601, 13.05, 6.5e-08, 3.42e-08, 2.0, 0, 1e-08, 0
636292801, 8.52, 9.45e-08, 4.73e-08, 2.0, 0, 1e-08, 0
636552001, 6.82, 3.97e-08, 3.07e-08, 2.0, 0, 1e-08, 0
637070401, 16.65, 9.69e-08, 4.5e-08, 2.0, 0, 1e-08, 0
637588801, 2.09, 4.37e-08, 3.85e-08, 2.0, 0, 1e-08, 0
637848001, 25.12, 1.28e-07, 4.3e-08, 2.0, 0, 1e-08, 0
638107201, 1.36, 2.17e-08, 2.5e-08, 2.0, 0, 1e-08, 0
638366401, 16.07, 3.78e-08, 2.16e-08, 2.0, 0, 1e-08, 0
638625601, 5.27, 4.8e-08, 3.07e-08, 2.0, 0, 1e-08, 0
639144001, 1.34, 2.57e-08, 3.05e-08, 2.0, 0, 1e-08, 0
639662401, 8.39, 6.73e-08, 3.87e-08, 2.0, 0, 1e-08, 0
640440001, 11.65, 5.04e-08, 3.21e-08, 2.0, 0, 1e-08, 0
640958401, 13.67, 5.16e-08, 3.33e-08, 2.0, 0, 1e-08, 0
641476801, 7.74, 3.97e-08, 2.72e-08, 2.0, 0, 1e-08, 0
641736001, 7.41, 4.78e-08, 2.86e-08, 2.0, 0, 1e-08, 0
641995201, 7.99, 3.92e-08, 2.61e-08, 2.0, 0, 1e-08, 0
642772801, 5.33, 3.56e-08, 2.71e-08, 2.0, 0, 1e-08, 0
643550401, 10.44, 6.32e-08, 3.65e-08, 2.0, 0, 1e-08, 0
644846401, 3.19, 2.67e-07, 2.06e-07, 2.0, 0, 1e-08, 0
645883201, 10.19, 1.28e-07, 6.81e-08, 2.0, 0, 1e-08, 0
646142401, 19.35, 1.13e-07, 5.4e-08, 2.0, 0, 1e-08, 0
646401601, 6.89, 4.38e-08, 3.12e-08, 2.0, 0, 1e-08, 0
646660801, 4.08, 3.56e-08, 2.77e-08, 2.0, 0, 1e-08, 0
646920001, 13.22, 6.23e-08, 3.61e-08, 2.0, 0, 1e-08, 0
647438401, 4.08, 6.32e-08, 4.26e-08, 2.0, 0, 1e-08, 0
647697601, 30.71, 1.09e-07, 3.89e-08, 2.0, 0, 1e-08, 0
647956801, 34.35, 1.14e-07, 3.99e-08, 2.0, 0, 1e-08, 0
648216001, 7.24, 3.08e-08, 2.69e-08, 2.0, 0, 1e-08, 0
648475201, 1.41, 2.76e-08, 2.77e-08, 2.0, 0, 1e-08, 0
648734401, 17.32, 8.5e-08, 3.9e-08, 2.0, 0, 1e-08, 0
648993601, 19.25, 7.08e-08, 3.23e-08, 2.0, 0, 1e-08, 0
649512001, 3.46, 3.68e-08, 3.19e-08, 2.0, 0, 1e-08, 0
649771201, 3.91, 2.9e-08, 2.78e-08, 2.0, 0, 1e-08, 0
650030401, 2.4, 4.02e-08, 3.43e-08, 2.0, 0, 1e-08, 0
650289601, 2.68, 4.03e-08, 3.17e-08, 2.0, 0, 1e-08, 0
651326401, 1.2, 2.33e-08, 2.81e-08, 2.0, 0, 1e-08, 0
651585601, 7.75, 5.35e-08, 3.32e-08, 2.0, 0, 1e-08, 0
651844801, 4.57, 2.89e-08, 2.29e-08, 2.0, 0, 1e-08, 0
652104001, 15.71, 5.5e-08, 2.92e-08, 2.0, 0, 1e-08, 0
652363201, 3.79, 5.69e-08, 3.95e-08, 2.0, 0, 1e-08, 0
652881601, 4.06, 4.77e-08, 3.15e-08, 2.0, 0, 1e-08, 0
653140801, 3.72, 2.41e-08, 2.29e-08, 2.0, 0, 1e-08, 0
653400001, 13.28, 6.04e-08, 3.08e-08, 2.0, 0, 1e-08, 0
653918401, 10.08, 5.99e-08, 3.6e-08, 2.0, 0, 1e-08, 0
654177601, 2.81, 3.13e-08, 3.01e-08, 2.0, 0, 1e-08, 0
654696001, 2.59, 5.71e-08, 4.87e-08, 2.0, 0, 1e-08, 0
654955201, 13.14, 7.2e-08, 4.11e-08, 2.0, 0, 1e-08, 0
655214401, 42.49, 1.74e-07, 5.1e-08, 2.0, 0, 1e-08, 0
655473601, 34.69, 1.56e-07, 5.3e-08, 2.0, 0, 1e-08, 0
655732801, 11.6, 4.02e-08, 2.7e-08, 2.0, 0, 1e-08, 0
655992001, 9.97, 4.61e-08, 3.6e-08, 2.0, 0, 1e-08, 0
656510401, 3.41, 3.84e-08, 3.16e-08, 2.0, 0, 1e-08, 0
656769601, 31.6, 1.12e-07, 3.79e-08, 2.0, 0, 1e-08, 0
657028801, 28.6, 1.25e-07, 4.03e-08, 2.0, 0, 1e-08, 0
657288001, 23.87, 1.1e-07, 4.31e-08, 2.0, 0, 1e-08, 0
657547201, 5.4, 3.48e-08, 2.96e-08, 2.0, 0, 1e-08, 0
657806401, 7.66, 3.39e-08, 2.6e-08, 2.0, 0, 1e-08, 0
658065601, 1.39, 3.32e-08, 3.54e-08, 2.0, 0, 1e-08, 0
658324801, 9.57, 8.99e-08, 5.23e-08, 2.0, 0, 1e-08, 0
659102401, 2.17, 1.58e-07, 1.59e-07, 2.0, 0, 1e-08, 0
659361601, 3.77, 2.2e-07, 1.83e-07, 2.0, 0, 1e-08, 0
660139201, 1.12, 3.52e-08, 4.58e-08, 2.0, 0, 1e-08, 0
660398401, 21.4, 1.08e-07, 4.78e-08, 2.0, 0, 1e-08, 0
660657601, 10.26, 7.02e-08, 3.76e-08, 2.0, 0, 1e-08, 0
660916801, 13.62, 7.68e-08, 3.61e-08, 2.0, 0, 1e-08, 0
661176001, 4.08, 4.89e-08, 3.53e-08, 2.0, 0, 1e-08, 0
661435201, 1.94, 4.24e-08, 3.94e-08, 2.0, 0, 1e-08, 0
661694401, 11.92, 7.46e-08, 3.92e-08, 2.0, 0, 1e-08, 0
661953601, 8.67, 1.17e-07, 6.32e-08, 2.0, 0, 1e-08, 0
662212801, 10.28, 5.4e-08, 4.47e-08, 2.0, 0, 1e-08, 0
662472001, 12.82, 1.62e-07, 7.9e-08, 2.0, 0, 1e-08, 0
662990401, 2.25, 8.84e-08, 1.02e-07, 2.0, 0, 1e-08, 0
663249601, 2.44, 1.6e-07, 1.53e-07, 2.0, 0, 1e-08, 0
664027201, 5.21, 8.01e-08, 5.61e-08, 2.0, 0, 1e-08, 0
664286401, 39.16, 1.68e-07, 5.5e-08, 2.0, 0, 1e-08, 0
664545601, 1.33, 3.16e-08, 3.53e-08, 2.0, 0, 1e-08, 0
664804801, 23.82, 1.19e-07, 4.78e-08, 2.0, 0, 1e-08, 0
665064001, 8.86, 4.96e-08, 3.54e-08, 2.0, 0, 1e-08, 0
665841601, 18.87, 6.05e-08, 3.02e-08, 2.0, 0, 1e-08, 0
666360001, 2.55, 3.44e-08, 2.78e-08, 2.0, 0, 1e-08, 0
666619201, 5.79, 3.44e-08, 2.27e-08, 2.0, 0, 1e-08, 0
666878401, 6.49, 4.31e-08, 2.79e-08, 2.0, 0, 1e-08, 0
667137601, 28.3, 1.24e-07, 4.01e-08, 2.0, 0, 1e-08, 0
667656001, 5.18, 4.97e-08, 3.37e-08, 2.0, 0, 1e-08, 0
667915201, 1.79, 3.23e-08, 3.26e-08, 2.0, 0, 1e-08, 0
668174401, 16.75, 1.06e-07, 4.8e-08, 2.0, 0, 1e-08, 0
668433601, 26.28, 1.28e-07, 5.52e-08, 2.0, 0, 1e-08, 0
668692801, 2.76, 5.45e-08, 4.47e-08, 2.0, 0, 1e-08, 0
669211201, 6.07, 9.11e-08, 5.7e-08, 2.0, 0, 1e-08, 0
669729601, 1.59, 2.52e-08, 2.71e-08, 2.0, 0, 1e-08, 0
669988801, 7.46, 7.37e-08, 4.23e-08, 2.0, 0, 1e-08, 0
670248001, 32.86, 1.47e-07, 5.19e-08, 2.0, 0, 1e-08, 0
670507201, 6.67, 7.14e-08, 4.17e-08, 2.0, 0, 1e-08, 0
670766401, 6.64, 6e-08, 4.2e-08, 2.0, 0, 1e-08, 0
671025601, 16.04, 1.05e-07, 4.78e-08, 2.0, 0, 1e-08, 0
671284801, 3.76, 5.68e-08, 4.3e-08, 2.0, 0, 1e-08, 0
671544001, 1.36, 2.85e-08, 3.14e-08, 2.0, 0, 1e-08, 0
672580801, 13.64, 1.45e-07, 6.92e-08, 2.0, 0, 1e-08, 0
672840001, 16.68, 1.4e-07, 5.42e-08, 2.0, 0, 1e-08, 0
673099201, 3.99, 7.49e-08, 5.32e-08, 2.0, 0, 1e-08, 0
673358401, 15.81, 1.41e-07, 6.48e-08, 2.0, 0, 1e-08, 0
673617601, 53.27, 1.89e-07, 5.1e-08, 2.0, 0, 1e-08, 0
673876801, 23.31, 1.11e-07, 4.32e-08, 2.0, 0, 1e-08, 0
674136001, 54.47, 2.04e-07, 5.6e-08, 2.0, 0, 1e-08, 0
674395201, 54.34, 2.57e-07, 6.15e-08, 2.0, 0, 1e-08, 0
674654401, 25.01, 8.69e-08, 3.62e-08, 2.0, 0, 1e-08, 0
674913601, 15.39, 1.15e-07, 4.8e-08, 2.0, 0, 1e-08, 0
675172801, 5.52, 5.96e-08, 3.81e-08, 2.0, 0, 1e-08, 0
675432001, 18.28, 9.68e-08, 4.24e-08, 2.0, 0, 1e-08, 0
675691201, 26.97, 1.48e-07, 4.81e-08, 2.0, 0, 1e-08, 0
675950401, 23.23, 1.63e-07, 6.1e-08, 2.0, 0, 1e-08, 0
676209601, 7.73, 6.7e-08, 4.9e-08, 2.0, 0, 1e-08, 0
676468801, 5.36, 1.44e-07, 1.08e-07, 2.0, 0, 1e-08, 0
677246401, 4.48, 1.88e-07, 1.59e-07, 2.0, 0, 1e-08, 0
677505601, 3.95, 9.07e-08, 7.01e-08, 2.0, 0, 1e-08, 0
677764801, 21.59, 1.77e-07, 7.5e-08, 2.0, 0, 1e-08, 0
678024001, 11.6, 8.25e-08, 5.16e-08, 2.0, 0, 1e-08, 0
678283201, 12.69, 8.26e-08, 4.83e-08, 2.0, 0, 1e-08, 0
678542401, 1.08, 2.14e-08, 2.72e-08, 2.0, 0, 1e-08, 0
678801601, 8.28, 6.89e-08, 4.03e-08, 2.0, 0, 1e-08, 0
679060801, 8.47, 4.83e-08, 3.03e-08, 2.0, 0, 1e-08, 0
679320001, 5.3, 5.41e-08, 3.68e-08, 2.0, 0, 1e-08, 0
679579201, 2.49, 4.97e-08, 4.1e-08, 2.0, 0, 1e-08, 0
679838401, 8.46, 7.91e-08, 4.3e-08, 2.0, 0, 1e-08, 0
680097601, 6.86, 5.07e-08, 3.2e-08, 2.0, 0, 1e-08, 0
680356801, 4.77, 4.19e-08, 2.96e-08, 2.0, 0, 1e-08, 0
680616001, 1.78, 2.56e-08, 2.56e-08, 2.0, 0, 1e-08, 0
681393601, 6.67, 3.59e-08, 2.72e-08, 2.0, 0, 1e-08, 0
681912001, 4.41, 6.06e-08, 4.14e-08, 2.0, 0, 1e-08, 0
682430401, 13.55, 7.2e-08, 3.51e-08, 2.0, 0, 1e-08, 0
682689601, 20.26, 8.26e-08, 3.96e-08, 2.0, 0, 1e-08, 0
682948801, 1.88, 2.77e-08, 2.95e-08, 2.0, 0, 1e-08, 0
683985601, 8.13, 5.5e-08, 3.23e-08, 2.0, 0, 1e-08, 0
684244801, 7.0, 4.91e-08, 2.98e-08, 2.0, 0, 1e-08, 0
684504001, 5.85, 2.25e-08, 2.09e-08, 2.0, 0, 1e-08, 0
684763201, 21.35, 8.65e-08, 3.55e-08, 2.0, 0, 1e-08, 0
685022401, 23.69, 8.15e-08, 2.97e-08, 2.0, 0, 1e-08, 0
685281601, 33.31, 9.66e-08, 3.27e-08, 2.0, 0, 1e-08, 0
685800001, 41.34, 1.71e-07, 5.1e-08, 2.0, 0, 1e-08, 0
686059201, 10.7, 6.39e-08, 3.62e-08, 2.0, 0, 1e-08, 0
686318401, 2.19, 3.37e-08, 3.11e-08, 2.0, 0, 1e-08, 0
686577601, 6.21, 4.18e-08, 3.19e-08, 2.0, 0, 1e-08, 0
686836801, 15.85, 1.08e-07, 4.58e-08, 2.0, 0, 1e-08, 0
687096001, 13.9, 1.06e-07, 5.1e-08, 2.0, 0, 1e-08, 0
687614401, 6.35, 6.17e-08, 3.91e-08, 2.0, 0, 1e-08, 0
687873601, 18.15, 9.57e-08, 4.71e-08, 2.0, 0, 1e-08, 0
688132801, 3.46, 2.04e-08, 2.09e-08, 2.0, 0, 1e-08, 0
688392001, 14.07, 5.27e-08, 3.35e-08, 2.0, 0, 1e-08, 0
688651201, 5.55, 5.83e-08, 3.52e-08, 2.0, 0, 1e-08, 0
688910401, 10.68, 8.32e-08, 4.6e-08, 2.0, 0, 1e-08, 0
689169601, 3.31, 5.89e-08, 4.33e-08, 2.0, 0, 1e-08, 0
689428801, 9.68, 9.67e-08, 4.83e-08, 2.0, 0, 1e-08, 0
689688001, 15.1, 6.26e-08, 3.92e-08, 2.0, 0, 1e-08, 0
689947201, 2.03, 3.31e-08, 3.28e-08, 2.0, 0, 1e-08, 0
690465601, 3.91, 2.58e-07, 2.69e-07, 2.0, 0, 1e-08, 0
690724801, 1.36, 2.32e-06, 1e-08, 2.0, 0, 1e-08, 101
691502401, 1.3, 9.23e-08, 1.22e-07, 2.0, 0, 1e-08, 0
692280001, 1.53, 3.78e-08, 3.95e-08, 2.0, 0, 1e-08, 0
693057601, 16.1, 5.25e-08, 3.13e-08, 2.0, 0, 1e-08, 0
695131201, 2.07, 1.24e-07, 1.28e-07, 2.0, 0, 1e-08, 102
695649601, 9.16, 6.63e-08, 6.05e-08, 2.0, 0, 1e-08, 0
695908801, 2.45, 4.23e-08, 3.46e-08, 2.0, 0, 1e-08, 0
696168001, 35.36, 1.39e-07, 4.49e-08, 2.0, 0, 1e-08, 0
696427201, 26.45, 1.42e-07, 4.72e-08, 2.0, 0, 1e-08, 0
696686401, 12.37, 1.04e-07, 4.5e-08, 2.0, 0, 1e-08, 0
697204801, 10.24, 6.19e-08, 3.24e-08, 2.0, 0, 1e-08, 0
697464001, 7.48, 7.65e-08, 4.05e-08, 2.0, 0, 1e-08, 0
697723201, 51.6, 1.97e-07, 5.3e-08, 2.0, 0, 1e-08, 0
697982401, 82.76, 2.99e-07, 6.1e-08, 2.0, 0, 1e-08, 0
698241601, 13.61, 6.92e-08, 3.59e-08, 2.0, 0, 1e-08, 0
698500801, 8.92, 4.63e-08, 2.55e-08, 2.0, 0, 1e-08, 0
698760001, 16.32, 5.67e-08, 2.67e-08, 2.0, 0, 1e-08, 0
699019201, 25.09, 7.21e-08, 3.19e-08, 2.0, 0, 1e-08, 0
699278401, 6.39, 4.06e-08, 2.57e-08, 2.0, 0, 1e-08, 0
699796801, 9.51, 7.15e-08, 4.13e-08, 2.0, 0, 1e-08, 0
700056001, 2.3, 4.49e-08, 4.02e-08, 2.0, 0, 1e-08, 0
700315201, 1.52, 4.26e-08, 4.56e-08, 2.0, 0, 1e-08, 0
700574401, 12.34, 9.06e-08, 5.55e-08, 2.0, 0, 1e-08, 0
700833601, 14.91, 8.05e-08, 3.77e-08, 2.0, 0, 1e-08, 0
701092801, 4.87, 3.41e-08, 2.45e-08, 2.0, 0, 1e-08, 0
701352001, 1.61, 4.59e-08, 5e-08, 2.0, 0, 1e-08, 0
702388801, 2.01, 2.99e-08, 2.88e-08, 2.0, 0, 1e-08, 0
703166401, 7.19, 9.05e-08, 5.34e-08, 2.0, 0, 1e-08, 0
703425601, 18.95, 1.26e-07, 4.92e-08, 2.0, 0, 1e-08, 0
703684801, 2.63, 4.6e-08, 3.96e-08, 2.0, 0, 1e-08, 0
704721601, 1.86, 2.34e-08, 2.76e-08, 2.0, 0, 1e-08, 0
705499201, 6.48, 5e-08, 3.26e-08, 2.0, 0, 1e-08, 0
705758401, 8.33, 7.14e-08, 3.56e-08, 2.0, 0, 1e-08, 0
706017601, 2.41, 5.46e-08, 4.41e-08, 2.0, 0, 1e-08, 0
706276801, 3.59, 4.71e-08, 3.47e-08, 2.0, 0, 1e-08, 0
706795201, 20.06, 1.14e-07, 4.39e-08, 2.0, 0, 1e-08, 0
707054401, 15.39, 5.7e-08, 2.87e-08, 2.0, 0, 1e-08, 0
707313601, 11.17, 8.22e-08, 3.88e-08, 2.0, 0, 1e-08, 0
707572801, 4.84, 4.02e-08, 3.36e-08, 2.0, 0, 1e-08, 0
707832001, 1.93, 2.81e-08, 2.86e-08, 2.0, 0, 1e-08, 0
708609601, 7.93, 2.46e-07, 1.51e-07, 2.0, 0, 1e-08, 0
709387201, 8.42, 1.49e-07, 9.79e-08, 2.0, 0, 1e-08, 0
709905601, 9.91, 1.06e-07, 5.5e-08, 2.0, 0, 1e-08, 0
710164801, 11.48, 6.04e-08, 3.6e-08, 2.0, 0, 1e-08, 0
710424001, 4.05, 4.4e-08, 3.22e-08, 2.0, 0, 1e-08, 0
710942401, 1.06, 2.16e-08, 2.71e-08, 2.0, 0, 1e-08, 0
711720001, 9.44, 5.61e-08, 3.76e-08, 2.0, 0, 1e-08, 0
712238401, 14.26, 6.96e-08, 3.05e-08, 2.0, 0, 1e-08, 0
712497601, 15.61, 7.42e-08, 3.27e-08, 2.0, 0, 1e-08, 0
712756801, 3.82, 4.06e-08, 3.08e-08, 2.0, 0, 1e-08, 0
713016001, 9.57, 7.44e-08, 4.26e-08, 2.0, 0, 1e-08, 0
713275201, 20.97, 1.15e-07, 4.41e-08, 2.0, 0, 1e-08, 0
713534401, 33.93, 1.3e-07, 4.51e-08, 2.0, 0, 1e-08, 0
713793601, 19.9, 1.37e-07, 5.02e-08, 2.0, 0, 1e-08, 0
714052801, 35.43, 1.35e-07, 4.7e-08, 2.0, 0, 1e-08, 0
714312001, 41.92, 2.08e-07, 6.6e-08, 2.0, 0, 1e-08, 0
714571201, 20.8, 8.33e-08, 3.66e-08, 2.0, 0, 1e-08, 0
714830401, 1.01, 3.32e-08, 4.59e-08, 2.0, 0, 1e-08, 0
715608001, 11.67, 5.61e-08, 2.73e-08, 2.0, 0, 1e-08, 0
715867201, 12.37, 6.03e-08, 2.88e-08, 2.0, 0, 1e-08, 0
716126401, 18.89, 8.67e-08, 3.45e-08, 2.0, 0, 1e-08, 0
716385601, 9.07, 7.7e-08, 3.62e-08, 2.0, 0, 1e-08, 0
716644801, 21.3, 5.82e-08, 2.84e-08, 2.0, 0, 1e-08, 0
716904001, 2.9, 4.14e-08, 3.34e-08, 2.0, 0, 1e-08, 0
717163201, 7.58, 5.18e-08, 3.64e-08, 2.0, 0, 1e-08, 0
717681601, 12.82, 8.58e-08, 3.82e-08, 2.0, 0, 1e-08, 0
718977601, 10.53, 5.76e-08, 3.94e-08, 2.0, 0, 1e-08, 0
719236801, 20.41, 1.01e-07, 3.99e-08, 2.0, 0, 1e-08, 0
719496001, 11.07, 4.95e-08, 3.13e-08, 2.0, 0, 1e-08, 0
719755201, 33.09, 1.71e-07, 5.45e-08, 2.0, 0, 1e-08, 0
720014401, 26.71, 8.6e-08, 3.53e-08, 2.0, 0, 1e-08, 0
720273601, 14.83, 1.09e-07, 5.02e-08, 2.0, 0, 1e-08, 0
720792001, 20.89, 7.61e-08, 3.18e-08, 2.0, 0, 1e-08, 0
721051201, 13.35, 8.06e-08, 3.74e-08, 2.0, 0, 1e-08, 0
721310401, 10.87, 2.95e-08, 2.4e-08, 2.0, 0, 1e-08, 0
722865601, 2.9, 2.37e-07, 2.28e-07, 2.0, 0, 1e-08, 0
723643201, 1.08, 2.5e-08, 3.51e-08, 2.0, 0, 1e-08, 0
724161601, 4.77, 5.41e-08, 4.1e-08, 2.0, 0, 1e-08, 0
724420801, 1.7, 1.48e-08, 1.75e-08, 2.0, 0, 1e-08, 0
724939201, 1.24, 3.27e-08, 3.86e-08, 2.0, 0, 1e-08, 0
725457601, 44.39, 1.57e-07, 4.8e-08, 2.0, 0, 1e-08, 0
725716801, 21.51, 1.22e-07, 5.72e-08, 2.0, 0, 1e-08, 0
726235201, 1.18, 2.64e-08, 3.52e-08, 2.0, 0, 1e-08, 0
727531201, 3.41, 5.67e-08, 4.93e-08, 2.0, 0, 1e-08, 0
728049601, 1.06, 2.43e-08, 3.35e-08, 2.0, 0, 1e-08, 0
728308801, 6.71, 8.39e-08, 4.93e-08, 2.0, 0, 1e-08, 0
728568001, 7.17, 6.88e-08, 4.42e-08, 2.0, 0, 1e-08, 0
728827201, 3.58, 5.32e-08, 4.08e-08, 2.0, 0, 1e-08, 0
729345601, 1.16, 3.86e-08, 4.81e-08, 2.0, 0, 1e-08, 0
729604801, 17.33, 4.99e-08, 3.07e-08, 2.0, 0, 1e-08, 0
730382401, 1.48, 2.58e-08, 2.64e-08, 2.0, 0, 1e-08, 0
731160001, 11.99, 6.92e-08, 3.38e-08, 2.0, 0, 1e-08, 0
731419201, 1.62, 3.27e-08, 3.37e-08, 2.0, 0, 1e-08, 0
731937601, 16.89, 6.3e-08, 3.38e-08, 2.0, 0, 1e-08, 0
732196801, 2.31, 3.89e-08, 3.6e-08, 2.0, 0, 1e-08, 0
732974401, 1.52, 2.31e-08, 2.52e-08, 2.0, 0, 1e-08, 0
733492801, 13.12, 7.98e-08, 3.91e-08, 2.0, 0, 1e-08, 0
734011201, 3.14, 6.06e-08, 4.52e-08, 2.0, 0, 1e-08, 0
734270401, 20.91, 9.02e-08, 3.78e-08, 2.0, 0, 1e-08, 0
734788801, 11.56, 6.11e-08, 3.65e-08, 2.0, 0, 1e-08, 0
735566401, 16.09, 9.8e-08, 4.6e-08, 2.0, 0, 1e-08, 0
736084801, 1.49, 3.98e-08, 4.5e-08, 2.0, 0, 1e-08, 0
736344001, 5.57, 3.9e-08, 3.05e-08, 2.0, 0, 1e-08, 0
736862401, 4.53, 6.43e-08, 5.07e-08, 2.0, 0, 1e-08, 0
737380801, 3.29, 3.8e-08, 3.84e-08, 2.0, 0, 1e-08, 0
737899201, 5.89, 6.64e-08, 3.97e-08, 2.0, 0, 1e-08, 0
738158401, 2.37, 4.85e-08, 4.3e-08, 2.0, 0, 1e-08, 0
738417601, 15.21, 6.76e-08, 4.06e-08, 2.0, 0, 1e-08, 0
738676801, 2.42, 3.05e-08, 3.18e-08, 2.0, 0, 1e-08, 0
738936001, 7.23, 5.69e-08, 3.38e-08, 2.0, 0, 1e-08, 0
739195201, 8.63, 8.87e-08, 4.15e-08, 2.0, 0, 1e-08, 0
739454401, 3.32, 3.52e-08, 3.16e-08, 2.0, 0, 1e-08, 0
739713601, 6.97, 8.53e-08, 4.9e-08, 2.0, 0, 1e-08, 0
740491201, 4.21, 1.41e-07, 1.15e-07, 2.0, 0, 1e-08, 0
741268801, 2.86, 1.12e-07, 9.91e-08, 2.0, 0, 1e-08, 0
741787201, 22.45, 7.89e-08, 3.9e-08, 2.0, 0, 1e-08, 0
742046401, 9.72, 9.95e-08, 5.24e-08, 2.0, 0, 1e-08, 0
