timestamp, ts, flux, flux_error, photon_index, photon_index_interval, fit_tolerance, fit_convergence
240494401, 3.18, 4.3e-08, 2.82e-08, 2.55, 0, 1e-08, 0
241704001, 3.71, 5.52e-08, 3.27e-08, 2.55, 0, 1e-08, 0
245332801, 4.03, 5.07e-08, 3.05e-08, 2.55, 0, 1e-08, 0
247147201, 6.89, 8.8e-08, 3.99e-08, 2.55, 0, 1e-08, 0
255009601, 3.33, 5.45e-08, 3.4e-08, 2.55, 0, 1e-08, 0
256824001, 1.53, 4.81e-08, 4.25e-08, 2.55, 0, 1e-08, 0
264081601, 4.6, 6.66e-08, 3.55e-08, 2.55, 0, 1e-08, 0
264686401, 3.74, 5.87e-08, 3.41e-08, 2.55, 0, 1e-08, 0
265896001, 1.93, 4.76e-08, 3.86e-08, 2.55, 0, 1e-08, 0
266500801, 2.8, 4.47e-08, 3.46e-08, 2.55, 0, 1e-08, 0
267105601, 1.21, 2.88e-08, 2.96e-08, 2.55, 0, 1e-08, 0
267710401, 4.54, 5.5e-08, 3.12e-08, 2.55, 0, 1e-08, 0
268315201, 1.45, 3.25e-08, 2.98e-08, 2.55, 0, 1e-08, 0
270734401, 1.15, 3.21e-08, 3.5e-08, 2.55, 0, 1e-08, 0
272548801, 1.28, 2.68e-08, 2.67e-08, 2.55, 0, 1e-08, 0
274968001, 2.86, 3.57e-08, 2.7e-08, 2.55, 0, 1e-08, 0
276177601, 1.55, 4.02e-08, 3.53e-08, 2.55, 0, 1e-08, 0
277387201, 4.2, 3.35e-08, 2.45e-08, 2.55, 0, 1e-08, 0
277992001, 2.31, 4.49e-08, 3.29e-08, 2.55, 0, 1e-08, 0
278596801, 1.95, 3.43e-08, 2.9e-08, 2.55, 0, 1e-08, 0
279806401, 3.25, 4.54e-08, 3.07e-08, 2.55, 0, 1e-08, 0
281016001, 3.81, 6.38e-08, 3.71e-08, 2.55, 0, 1e-08, 0
282225601, 1.76, 3.59e-08, 3.09e-08, 2.55, 0, 1e-08, 0
282830401, 5.88, 7.35e-08, 3.64e-08, 2.55, 0, 1e-08, 0
284040001, 3.75, 5.1e-08, 3.03e-08, 2.55, 0, 1e-08, 0
284644801, 1.24, 3.24e-08, 3.25e-08, 2.55, 0, 1e-08, 0
285249601, 3.89, 5.27e-08, 3.27e-08, 2.55, 0, 1e-08, 0
285854401, 4.26, 6.76e-08, 3.72e-08, 2.55, 0, 1e-08, 0
286459201, 1.13, 2.98e-08, 3.17e-08, 2.55, 0, 1e-08, 0
290692801, 2.62, 4.42e-08, 3.05e-08, 2.55, 0, 1e-08, 0
291297601, 2.39, 3.93e-08, 3.02e-08, 2.55, 0, 1e-08, 0
291902401, 1.66, 3.6e-08, 3.19e-08, 2.55, 0, 1e-08, 0
292507201, 6.91, 5.02e-08, 2.5e-08, 2.55, 0, 1e-08, 0
294321601, 1.93, 4.27e-08, 3.49e-08, 2.55, 0, 1e-08, 0
297345601, 2.04, 3.08e-08, 2.57e-08, 2.55, 0, 1e-08, 0
300369601, 6.05, 5.74e-08, 3.03e-08, 2.55, 0, 1e-08, 0
300974401, 19.16, 1.24e-07, 3.9e-08, 2.55, 0, 1e-08, 0
301579201, 6.26, 8.13e-08, 3.77e-08, 2.55, 0, 1e-08, 0
302788801, 6.48, 6.95e-08, 3.33e-08, 2.55, 0, 1e-08, 0
303393601, 1.8, 4.93e-08, 4.08e-08, 2.55, 0, 1e-08, 0
303998401, 1.0, 2.65e-08, 2.93e-08, 2.55, 0, 1e-08, 0
305208001, 2.76, 5.13e-08, 3.46e-08, 2.55, 0, 1e-08, 0
305812801, 5.01, 7.47e-08, 3.91e-08, 2.55, 0, 1e-08, 0
308232001, 7.29, 7.99e-08, 3.62e-08, 2.55, 0, 1e-08, 0
310046401, 2.63, 3.12e-08, 2.6e-08, 2.55, 0, 1e-08, 0
310651201, 2.36, 3.92e-08, 2.91e-08, 2.55, 0, 1e-08, 0
311256001, 4.07, 5.54e-08, 3.2e-08, 2.55, 0, 1e-08, 0
311860801, 2.26, 3.8e-08, 2.85e-08, 2.55, 0, 1e-08, 0
312465601, 5.5, 8.78e-08, 4.32e-08, 2.55, 0, 1e-08, 0
313070401, 5.45, 6.06e-08, 3.2e-08, 2.55, 0, 1e-08, 0
314884801, 3.13, 5.38e-08, 3.53e-08, 2.55, 0, 1e-08, 0
319723201, 1.61, 3.43e-08, 3.04e-08, 2.55, 0, 1e-08, 0
323956801, 1.55, 3.31e-08, 3.09e-08, 2.55, 0, 1e-08, 0
330609601, 3.75, 5.79e-08, 3.41e-08, 2.55, 0, 1e-08, 0
331819201, 1.67, 2.76e-08, 2.55e-08, 2.55, 0, 1e-08, 0
333633601, 2.03, 2.02e-08, 2.11e-08, 2.55, 0, 1e-08, 0
337262401, 6.88, 9.13e-08, 4.16e-08, 2.55, 0, 1e-08, 0
339076801, 1.97, 2.89e-08, 2.46e-08, 2.55, 0, 1e-08, 0
340891201, 1.78, 3.62e-08, 2.98e-08, 2.55, 0, 1e-08, 0
341496001, 2.1, 3.83e-08, 3.02e-08, 2.55, 0, 1e-08, 0
342100801, 1.45, 3.9e-08, 3.56e-08, 2.55, 0, 1e-08, 0
343310401, 6.0, 5.14e-08, 2.84e-08, 2.55, 0, 1e-08, 0
344520001, 4.58, 5.84e-08, 3.33e-08, 2.55, 0, 1e-08, 0
345124801, 5.16, 6.43e-08, 3.34e-08, 2.55, 0, 1e-08, 0
346939201, 1.32, 3.72e-08, 3.58e-08, 2.55, 0, 1e-08, 0
348753601, 2.53, 4.84e-08, 3.48e-08, 2.55, 0, 1e-08, 0
350568001, 4.04, 2.66e-08, 2.11e-08, 2.55, 0, 1e-08, 0
351172801, 1.19, 2.58e-08, 2.89e-08, 2.55, 0, 1e-08, 0
352987201, 1.41, 1.68e-08, 1.91e-08, 2.55, 0, 1e-08, 0
356616001, 1.99, 3.34e-08, 2.73e-08, 2.55, 0, 1e-08, 0
359035201, 1.56, 4.14e-08, 3.71e-08, 2.55, 0, 1e-08, 0
360244801, 3.78, 4.68e-08, 2.86e-08, 2.55, 0, 1e-08, 0
360849601, 5.79, 6.03e-08, 3.3e-08, 2.55, 0, 1e-08, 0
361454401, 2.67, 3.81e-08, 2.78e-08, 2.55, 0, 1e-08, 0
364478401, 3.81, 5.75e-08, 3.37e-08, 2.55, 0, 1e-08, 0
367502401, 1.59, 2.95e-08, 2.92e-08, 2.55, 0, 1e-08, 0
368107201, 3.43, 4.27e-08, 2.82e-08, 2.55, 0, 1e-08, 0
370526401, 4.43, 7.61e-08, 4.09e-08, 2.55, 0, 1e-08, 0
371131201, 3.97, 4.58e-08, 2.83e-08, 2.55, 0, 1e-08, 0
372340801, 4.25, 4.24e-08, 2.7e-08, 2.55, 0, 1e-08, 0
374760001, 2.37, 4.1e-08, 3.21e-08, 2.55, 0, 1e-08, 0
376574401, 1.34, 3.71e-08, 3.5e-08, 2.55, 0, 1e-08, 0
377179201, 2.39, 4.05e-08, 3.13e-08, 2.55, 0, 1e-08, 0
379598401, 1.97, 4.2e-08, 3.36e-08, 2.55, 0, 1e-08, 0
380203201, 1.1, 1.87e-08, 2.19e-08, 2.55, 0, 1e-08, 0
380808001, 1.59, 1.91e-08, 1.98e-08, 2.55, 0, 1e-08, 0
381412801, 4.59, 6.45e-08, 3.67e-08, 2.55, 0, 1e-08, 0
382017601, 2.87, 3.85e-08, 2.88e-08, 2.55, 0, 1e-08, 0
382622401, 1.64, 2.57e-08, 2.36e-08, 2.55, 0, 1e-08, 0
383227201, 12.13, 9.59e-08, 3.51e-08, 2.55, 0, 1e-08, 0
384436801, 6.46, 7.91e-08, 3.89e-08, 2.55, 0, 1e-08, 0
385041601, 8.85, 7.38e-08, 3.15e-08, 2.55, 0, 1e-08, 0
385646401, 2.04, 4.18e-08, 3.3e-08, 2.55, 0, 1e-08, 0
386856001, 2.22, 3.45e-08, 2.79e-08, 2.55, 0, 1e-08, 0
388670401, 5.85, 6.21e-08, 3.37e-08, 2.55, 0, 1e-08, 0
389275201, 10.63, 8.95e-08, 3.73e-08, 2.55, 0, 1e-08, 0
389880001, 15.26, 1.09e-07, 3.62e-08, 2.55, 0, 1e-08, 0
390484801, 2.77, 3.7e-08, 2.45e-08, 2.55, 0, 1e-08, 0
391694401, 3.01, 3.95e-08, 2.69e-08, 2.55, 0, 1e-08, 0
392299201, 1.85, 2.54e-08, 2.39e-08, 2.55, 0, 1e-08, 0
392904001, 1.44, 2.38e-08, 2.51e-08, 2.55, 0, 1e-08, 0
395928001, 3.59, 5.14e-08, 3.22e-08, 2.55, 0, 1e-08, 0
396532801, 6.76, 4.39e-08, 2.64e-08, 2.55, 0, 1e-08, 0
397137601, 5.39, 5.76e-08, 3.12e-08, 2.55, 0, 1e-08, 0
398952001, 3.09, 3.25e-08, 2.34e-08, 2.55, 0, 1e-08, 0
400766401, 2.0, 3.85e-08, 3.03e-08, 2.55, 0, 1e-08, 0
401371201, 4.12, 5.27e-08, 3.04e-08, 2.55, 0, 1e-08, 0
403185601, 2.53, 5.19e-08, 3.62e-08, 2.55, 0, 1e-08, 0
405000001, 5.53, 6.58e-08, 3.5e-08, 2.55, 0, 1e-08, 0
406209601, 5.06, 6.36e-08, 3.54e-08, 2.55, 0, 1e-08, 0
406814401, 3.37, 4.25e-08, 2.97e-08, 2.55, 0, 1e-08, 0
409838401, 10.1, 1.52e-07, 6.29e-08, 2.55, 0, 1e-08, 0
414072001, 1.63, 6.35e-08, 5.67e-08, 2.55, 0, 1e-08, 0
415886401, 3.03, 5.07e-08, 3.56e-08, 2.55, 0, 1e-08, 0
416491201, 65.65, 1.84e-07, 3.3e-08, 2.55, 0, 1e-08, 0
417096001, 66.04, 1.84e-07, 3.1e-08, 2.55, 0, 1e-08, 0
417700801, 46.33, 2.63e-07, 5.3e-08, 2.55, 0, 1e-08, 0
418305601, 1.25, 5.57e-08, 5.91e-08, 2.55, 0, 1e-08, 0
418910401, 17.15, 2.23e-07, 6.8e-08, 2.55, 0, 1e-08, 0
420120001, 1.73, 3.94e-08, 3.52e-08, 2.55, 0, 1e-08, 0
420724801, 11.59, 9.86e-08, 3.55e-08, 2.55, 0, 1e-08, 0
421329601, 8.42, 8.49e-08, 3.53e-08, 2.55, 0, 1e-08, 0
421934401, 32.21, 1.56e-07, 3.75e-08, 2.55, 0, 1e-08, 0
422539201, 20.23, 1.28e-07, 3.87e-08, 2.55, 0, 1e-08, 0
423144001, 14.81, 1.35e-07, 4.7e-08, 2.55, 0, 1e-08, 0
423748801, 10.81, 1.02e-07, 4.11e-08, 2.55, 0, 1e-08, 0
424353601, 26.67, 1.53e-07, 4.2e-08, 2.55, 0, 1e-08, 0
424958401, 15.55, 1.4e-07, 4.39e-08, 2.55, 0, 1e-08, 0
425563201, 2.09, 4.61e-08, 3.63e-08, 2.55, 0, 1e-08, 0
426168001, 6.18, 5.11e-08, 2.63e-08, 2.55, 0, 1e-08, 0
428587201, 2.61, 6.25e-08, 4.96e-08, 2.55, 0, 1e-08, 0
429796801, 1.28, 3.56e-08, 3.44e-08, 2.55, 0, 1e-08, 0
430401601, 6.39, 6.02e-08, 2.89e-08, 2.55, 0, 1e-08, 0
431006401, 1.82, 3.61e-08, 2.9e-08, 2.55, 0, 1e-08, 0
433425601, 1.53, 6.18e-08, 5.64e-08, 2.55, 0, 1e-08, 0
435844801, 1.97, 4.82e-08, 3.81e-08, 2.55, 0, 1e-08, 0
436449601, 2.57, 7.78e-08, 6.3e-08, 2.55, 0, 1e-08, 0
437054401, 3.3, 9.75e-08, 6.24e-08, 2.55, 0, 1e-08, 0
437659201, 3.06, 8.76e-08, 5.72e-08, 2.55, 0, 1e-08, 0
438264001, 1.17, 4.46e-08, 4.77e-08, 2.55, 0, 1e-08, 0
440078401, 1.45, 2.05e-08, 2.12e-08, 2.55, 0, 1e-08, 0
440683201, 1.04, 2.59e-08, 2.88e-08, 2.55, 0, 1e-08, 0
441892801, 5.57, 4.69e-08, 2.75e-08, 2.55, 0, 1e-08, 0
442497601, 2.67, 3.12e-08, 2.35e-08, 2.55, 0, 1e-08, 0
443102401, 3.01, 4.65e-08, 3.24e-08, 2.55, 0, 1e-08, 0
447940801, 2.79, 4.9e-08, 3.26e-08, 2.55, 0, 1e-08, 0
449755201, 1.4, 4.33e-08, 4.17e-08, 2.55, 0, 1e-08, 0
453988801, 1.61, 3.51e-08, 3.03e-08, 2.55, 0, 1e-08, 0
457012801, 2.61, 5.05e-08, 3.62e-08, 2.55, 0, 1e-08, 0
457617601, 3.17, 4.82e-08, 3.22e-08, 2.55, 0, 1e-08, 0
463060801, 1.12, 3.13e-08, 3.22e-08, 2.55, 0, 1e-08, 0
464875201, 1.03, 2.22e-08, 2.47e-08, 2.55, 0, 1e-08, 0
469108801, 7.34, 5.74e-08, 2.89e-08, 2.55, 0, 1e-08, 0
471528001, 1.18, 2.88e-08, 3.08e-08, 2.55, 0, 1e-08, 0
472737601, 2.97, 3.79e-08, 2.75e-08, 2.55, 0, 1e-08, 0
473947201, 2.4, 2.96e-08, 2.44e-08, 2.55, 0, 1e-08, 0
475761601, 7.0, 7.82e-08, 3.57e-08, 2.55, 0, 1e-08, 0
476971201, 1.26, 2.19e-08, 2.42e-08, 2.55, 0, 1e-08, 0
479390401, 1.37, 2.41e-08, 2.48e-08, 2.55, 0, 1e-08, 0
481204801, 4.28, 4.96e-08, 2.89e-08, 2.55, 0, 1e-08, 0
482414401, 1.65, 3.23e-08, 3.06e-08, 2.55, 0, 1e-08, 0
483624001, 1.0, 8.56e-09, 1.08e-08, 2.55, 0, 1e-08, 0
487857601, 1.44, 3.62e-08, 3.61e-08, 2.55, 0, 1e-08, 0
488462401, 1.46, 3e-08, 2.85e-08, 2.55, 0, 1e-08, 0
490276801, 6.64, 4.57e-08, 2.58e-08, 2.55, 0, 1e-08, 0
490881601, 7.5, 1.09e-07, 5.03e-08, 2.55, 0, 1e-08, 0
492696001, 8.65, 4.63e-08, 2.5e-08, 2.55, 0, 1e-08, 0
494510401, 2.83, 3.18e-08, 2.43e-08, 2.55, 0, 1e-08, 0
496324801, 1.38, 2.65e-08, 2.58e-08, 2.55, 0, 1e-08, 0
506606401, 1.63, 3.56e-08, 3.13e-08, 2.55, 0, 1e-08, 0
509630401, 1.49, 3.09e-08, 2.93e-08, 2.55, 0, 1e-08, 0
510840001, 1.7, 2.71e-08, 2.48e-08, 2.55, 0, 1e-08, 0
512654401, 1.53, 2.59e-08, 2.42e-08, 2.55, 0, 1e-08, 0
515678401, 5.46, 5.1e-08, 2.7e-08, 2.55, 0, 1e-08, 0
522936001, 1.09, 2.67e-08, 2.86e-08, 2.55, 0, 1e-08, 0
524145601, 4.49, 4.89e-08, 3e-08, 2.55, 0, 1e-08, 0
526564801, 1.53, 3.8e-08, 3.35e-08, 2.55, 0, 1e-08, 0
531403201, 7.75, 6.24e-08, 3.05e-08, 2.55, 0, 1e-08, 0
533217601, 2.52, 3.93e-08, 2.97e-08, 2.55, 0, 1e-08, 0
533822401, 1.84, 3.82e-08, 3.1e-08, 2.55, 0, 1e-08, 0
536241601, 6.58, 6.29e-08, 3.07e-08, 2.55, 0, 1e-08, 0
536846401, 1.77, 3.45e-08, 3.07e-08, 2.55, 0, 1e-08, 0
538660801, 1.35, 2.59e-08, 2.65e-08, 2.55, 0, 1e-08, 0
541684801, 2.3, 5.08e-08, 3.81e-08, 2.55, 0, 1e-08, 0
547128001, 1.26, 1.52e-08, 1.6e-08, 2.55, 0, 1e-08, 0
548942401, 7.19, 6.89e-08, 2.92e-08, 2.55, 0, 1e-08, 0
549547201, 23.36, 9.22e-08, 2.56e-08, 2.55, 0, 1e-08, 0
550152001, 14.91, 7.45e-08, 2.56e-08, 2.55, 0, 1e-08, 0
551361601, 1.7, 2.42e-08, 2.08e-08, 2.55, 0, 1e-08, 0
552571201, 6.61, 8.32e-08, 3.76e-08, 2.55, 0, 1e-08, 0
553176001, 4.66, 4.21e-08, 2.34e-08, 2.55, 0, 1e-08, 0
553780801, 3.33, 3.94e-08, 2.41e-08, 2.55, 0, 1e-08, 0
554385601, 47.81, 2.69e-07, 6.3e-08, 2.55, 0, 1e-08, 0
554990401, 6.9, 4.27e-08, 2.2e-08, 2.55, 0, 1e-08, 0
555595201, 23.1, 8.44e-08, 2.47e-08, 2.55, 0, 1e-08, 0
556804801, 19.31, 1.17e-07, 3.41e-08, 2.55, 0, 1e-08, 0
557409601, 16.5, 9.03e-08, 2.69e-08, 2.55, 0, 1e-08, 0
558014401, 1.66, 4.21e-08, 4.06e-08, 2.55, 0, 1e-08, 0
558619201, 2.87, 3.22e-08, 2.24e-08, 2.55, 0, 1e-08, 0
559828801, 4.62, 3.6e-08, 1.98e-08, 2.55, 0, 1e-08, 0
560433601, 4.71, 6.16e-08, 3.22e-08, 2.55, 0, 1e-08, 0
562248001, 1.12, 2.55e-08, 2.64e-08, 2.55, 0, 1e-08, 0
563457601, 20.57, 8.38e-08, 2.52e-08, 2.55, 0, 1e-08, 0
564667201, 1.53, 2.49e-08, 2.26e-08, 2.55, 0, 1e-08, 0
565272001, 2.72, 3.02e-08, 2.44e-08, 2.55, 0, 1e-08, 0
567086401, 6.31, 4.82e-08, 2.28e-08, 2.55, 0, 1e-08, 0
567691201, 6.31, 4.94e-08, 2.38e-08, 2.55, 0, 1e-08, 0
570110401, 3.99, 4.75e-08, 2.7e-08, 2.55, 0, 1e-08, 0
570715201, 8.23, 5.05e-08, 2.12e-08, 2.55, 0, 1e-08, 0
571924801, 2.17, 3.11e-08, 2.36e-08, 2.55, 0, 1e-08, 0
572529601, 3.64, 3.39e-08, 2.54e-08, 2.55, 0, 1e-08, 0
574948801, 2.34, 4.01e-08, 3.11e-08, 2.55, 0, 1e-08, 0
575553601, 9.11, 9.39e-08, 3.83e-08, 2.55, 0, 1e-08, 0
576158401, 2.72, 4.15e-08, 2.98e-08, 2.55, 0, 1e-08, 0
577368001, 3.69, 4e-08, 2.43e-08, 2.55, 0, 1e-08, 0
577972801, 2.45, 2.98e-08, 2.29e-08, 2.55, 0, 1e-08, 0
578577601, 9.21, 9.61e-08, 4.11e-08, 2.55, 0, 1e-08, 0
579787201, 1.49, 3.32e-08, 3.08e-08, 2.55, 0, 1e-08, 0
580392001, 3.63, 4.21e-08, 2.96e-08, 2.55, 0, 1e-08, 0
580996801, 1.71, 3.45e-08, 2.86e-08, 2.55, 0, 1e-08, 0
581601601, 1.73, 2.23e-08, 1.93e-08, 2.55, 0, 1e-08, 0
582206401, 12.66, 6.73e-08, 2.43e-08, 2.55, 0, 1e-08, 0
584020801, 3.6, 4.95e-08, 3.06e-08, 2.55, 0, 1e-08, 0
584625601, 7.97, 5.45e-08, 2.29e-08, 2.55, 0, 1e-08, 0
585835201, 3.07, 2.96e-08, 2.02e-08, 2.55, 0, 1e-08, 0
586440001, 54.62, 2.56e-07, 4.8e-08, 2.55, 0, 1e-08, 0
587044801, 10.66, 7.9e-08, 3.11e-08, 2.55, 0, 1e-08, 0
587649601, 2.81, 5.56e-08, 3.7e-08, 2.55, 0, 1e-08, 0
588254401, 1.76, 3.77e-08, 3.13e-08, 2.55, 0, 1e-08, 0
588859201, 2.32, 2.87e-08, 2.16e-08, 2.55, 0, 1e-08, 0
589464001, 3.31, 3.89e-08, 2.41e-08, 2.55, 0, 1e-08, 0
590068801, 1.45, 4.32e-08, 3.97e-08, 2.55, 0, 1e-08, 0
591278401, 9.59, 8.26e-08, 3.23e-08, 2.55, 0, 1e-08, 0
592488001, 3.23, 4.77e-08, 3.07e-08, 2.55, 0, 1e-08, 0
593092801, 5.15, 6.41e-08, 3.25e-08, 2.55, 0, 1e-08, 0
593697601, 1.03, 2.15e-08, 2.55e-08, 2.55, 0, 1e-08, 0
596721601, 1.3, 2.39e-08, 2.64e-08, 2.55, 0, 1e-08, 0
600350401, 6.48, 6.41e-08, 3e-08, 2.55, 0, 1e-08, 0
602769601, 19.52, 8.83e-08, 2.48e-08, 2.55, 0, 1e-08, 0
603374401, 2.49, 2.28e-08, 1.92e-08, 2.55, 0, 1e-08, 0
603979201, 8.81, 8.12e-08, 3.25e-08, 2.55, 0, 1e-08, 0
604584001, 1.4, 2.87e-08, 2.75e-08, 2.55, 0, 1e-08, 0
606398401, 2.7, 3.45e-08, 2.58e-08, 2.55, 0, 1e-08, 0
607608001, 1.74, 2.88e-08, 2.53e-08, 2.55, 0, 1e-08, 0
609422401, 5.93, 4.37e-08, 2.18e-08, 2.55, 0, 1e-08, 0
610027201, 16.9, 1.12e-07, 3.29e-08, 2.55, 0, 1e-08, 0
610632001, 2.57, 5.04e-08, 3.66e-08, 2.55, 0, 1e-08, 0
612446401, 14.64, 7.97e-08, 2.83e-08, 2.55, 0, 1e-08, 0
613656001, 21.39, 7.68e-08, 2.28e-08, 2.55, 0, 1e-08, 0
614260801, 65.45, 1.61e-07, 3.1e-08, 2.55, 0, 1e-08, 0
614865601, 9.97, 1.03e-07, 3.98e-08, 2.55, 0, 1e-08, 0
615470401, 2.01, 2.79e-08, 2.48e-08, 2.55, 0, 1e-08, 0
616680001, 8.17, 6.55e-08, 2.61e-08, 2.55, 0, 1e-08, 0
617284801, 14.36, 9.09e-08, 2.81e-08, 2.55, 0, 1e-08, 0
617889601, 2.41, 3.37e-08, 2.5e-08, 2.55, 0, 1e-08, 0
618494401, 5.85, 5.1e-08, 2.7e-08, 2.55, 0, 1e-08, 0
619099201, 3.73, 3.64e-08, 2.59e-08, 2.55, 0, 1e-08, 0
619704001, 2.24, 4.79e-08, 3.57e-08, 2.55, 0, 1e-08, 0
620308801, 5.26, 5.3e-08, 2.9e-08, 2.55, 0, 1e-08, 0
620913601, 4.0, 4.28e-08, 2.42e-08, 2.55, 0, 1e-08, 0
621518401, 3.27, 3.74e-08, 2.51e-08, 2.55, 0, 1e-08, 0
622123201, 11.32, 7.51e-08, 3.38e-08, 2.55, 0, 1e-08, 0
622728001, 30.08, 1.51e-07, 3.8e-08, 2.55, 0, 1e-08, 0
623332801, 140.95, 2.89e-07, 4e-08, 2.55, 0, 1e-08, 0
623937601, 40.89, 1.69e-07, 3.9e-08, 2.55, 0, 1e-08, 0
624542401, 1.21, 3.18e-08, 3.17e-08, 2.55, 0, 1e-08, 0
625752001, 4.86, 4.75e-08, 2.67e-08, 2.55, 0, 1e-08, 0
626356801, 12.19, 9.84e-08, 3.56e-08, 2.55, 0, 1e-08, 0
626961601, 6.81, 5.71e-08, 2.62e-08, 2.55, 0, 1e-08, 0
627566401, 3.41, 3.69e-08, 2.3e-08, 2.55, 0, 1e-08, 0
628171201, 4.38, 3.44e-08, 2.17e-08, 2.55, 0, 1e-08, 0
628776001, 7.66, 8.01e-08, 3.61e-08, 2.55, 0, 1e-08, 0
629985601, 2.93, 3.27e-08, 2.37e-08, 2.55, 0, 1e-08, 0
630590401, 14.24, 6.13e-08, 2.34e-08, 2.55, 0, 1e-08, 0
631195201, 2.54, 3e-08, 2.17e-08, 2.55, 0, 1e-08, 0
631800001, 3.58, 3.78e-08, 2.29e-08, 2.55, 0, 1e-08, 0
633009601, 6.09, 5.21e-08, 2.98e-08, 2.55, 0, 1e-08, 0
633614401, 1.44, 3.28e-08, 3.12e-08, 2.55, 0, 1e-08, 0
634219201, 3.36, 4.85e-08, 3.06e-08, 2.55, 0, 1e-08, 0
634824001, 1.09, 2.14e-08, 2.25e-08, 2.55, 0, 1e-08, 0
635428801, 10.75, 5.54e-08, 2.21e-08, 2.55, 0, 1e-08, 0
636033601, 1.59, 2.06e-08, 2.16e-08, 2.55, 0, 1e-08, 0
637243201, 7.59, 6.84e-08, 3.12e-08, 2.55, 0, 1e-08, 0
637848001, 2.02, 4.51e-08, 3.61e-08, 2.55, 0, 1e-08, 0
638452801, 5.75, 3.84e-08, 2.61e-08, 2.55, 0, 1e-08, 0
639057601, 3.3, 5.03e-08, 3.13e-08, 2.55, 0, 1e-08, 0
640267201, 5.4, 5.05e-08, 2.92e-08, 2.55, 0, 1e-08, 0
644500801, 1.57, 2.48e-08, 2.27e-08, 2.55, 0, 1e-08, 0
645710401, 3.22, 3.15e-08, 2e-08, 2.55, 0, 1e-08, 0
647524801, 4.16, 4.63e-08, 3.02e-08, 2.55, 0, 1e-08, 0
648734401, 1.5, 1.93e-08, 1.78e-08, 2.55, 0, 1e-08, 0
649944001, 4.8, 5.71e-08, 3.08e-08, 2.55, 0, 1e-08, 0
650548801, 1.44, 2.54e-08, 2.54e-08, 2.55, 0, 1e-08, 0
652968001, 5.25, 4.83e-08, 2.42e-08, 2.55, 0, 1e-08, 0
654177601, 21.21, 1.36e-07, 3.99e-08, 2.55, 0, 1e-08, 0
655387201, 1.91, 3.52e-08, 2.81e-08, 2.55, 0, 1e-08, 0
655992001, 4.15, 4.76e-08, 3e-08, 2.55, 0, 1e-08, 0
656596801, 10.44, 9.31e-08, 3.5e-08, 2.55, 0, 1e-08, 0
658411201, 1.4, 3.44e-08, 3.16e-08, 2.55, 0, 1e-08, 0
659016001, 24.42, 9.9e-08, 2.79e-08, 2.55, 0, 1e-08, 0
659620801, 19.24, 9.49e-08, 2.71e-08, 2.55, 0, 1e-08, 0
660225601, 3.11, 4.28e-08, 2.8e-08, 2.55, 0, 1e-08, 0
660830401, 1.42, 2.25e-08, 2.33e-08, 2.55, 0, 1e-08, 0
663249601, 3.82, 3.92e-08, 2.28e-08, 2.55, 0, 1e-08, 0
663854401, 48.99, 1.45e-07, 3e-08, 2.55, 0, 1e-08, 0
664459201, 5.18, 4.7e-08, 2.66e-08, 2.55, 0, 1e-08, 0
665064001, 4.43, 5.53e-08, 3.36e-08, 2.55, 0, 1e-08, 0
665668801, 5.01, 6.03e-08, 3.24e-08, 2.55, 0, 1e-08, 0
666273601, 10.12, 7.1e-08, 2.9e-08, 2.55, 0, 1e-08, 0
667483201, 2.37, 3.61e-08, 2.63e-08, 2.55, 0, 1e-08, 0
668088001, 5.86, 6.17e-08, 3.13e-08, 2.55, 0, 1e-08, 0
668692801, 21.7, 1.3e-07, 3.58e-08, 2.55, 0, 1e-08, 0
669297601, 30.15, 1.57e-07, 3.8e-08, 2.55, 0, 1e-08, 0
670507201, 1.83, 3.94e-08, 3.21e-08, 2.55, 0, 1e-08, 0
671112001, 6.2, 8.08e-08, 3.71e-08, 2.55, 0, 1e-08, 0
675345601, 1.42, 2.84e-08, 2.73e-08, 2.55, 0, 1e-08, 0
675950401, 13.01, 7.42e-08, 2.89e-08, 2.55, 0, 1e-08, 0
677764801, 1.66, 2.56e-08, 2.2e-08, 2.55, 0, 1e-08, 0
680788801, 4.05, 4.22e-08, 2.37e-08, 2.55, 0, 1e-08, 0
681998401, 1.99, 3.11e-08, 2.57e-08, 2.55, 0, 1e-08, 0
682603201, 5.8, 6.59e-08, 3.17e-08, 2.55, 0, 1e-08, 0
683208001, 1.34, 2.64e-08, 2.58e-08, 2.55, 0, 1e-08, 0
685627201, 1.47, 3.11e-08, 2.93e-08, 2.55, 0, 1e-08, 0
686232001, 4.75, 5.49e-08, 3.18e-08, 2.55, 0, 1e-08, 0
686836801, 1.01, 1.84e-08, 2.23e-08, 2.55, 0, 1e-08, 0
689256001, 5.16, 6.41e-08, 3.24e-08, 2.55, 0, 1e-08, 0
689860801, 1.38, 3.35e-08, 3.2e-08, 2.55, 0, 1e-08, 0
690465601, 3.4, 4.49e-08, 2.73e-08, 2.55, 0, 1e-08, 0
691070401, 2.35, 2.81e-08, 2.23e-08, 2.55, 0, 1e-08, 0
691675201, 2.53, 3.83e-08, 2.66e-08, 2.55, 0, 1e-08, 0
692884801, 1.83, 2.31e-08, 2.18e-08, 2.55, 0, 1e-08, 0
696513601, 1.43, 2.69e-08, 2.65e-08, 2.55, 0, 1e-08, 0
697723201, 6.33, 6.94e-08, 3.25e-08, 2.55, 0, 1e-08, 0
698932801, 3.78, 4.28e-08, 2.45e-08, 2.55, 0, 1e-08, 0
700747201, 57.11, 2.16e-07, 3.8e-08, 2.55, 0, 1e-08, 0
701956801, 5.57, 5.84e-08, 3.24e-08, 2.55, 0, 1e-08, 0
703166401, 1.85, 3.12e-08, 2.63e-08, 2.55, 0, 1e-08, 0
704376001, 8.18, 7.22e-08, 3.1e-08, 2.55, 0, 1e-08, 0
704980801, 9.55, 7.05e-08, 2.67e-08, 2.55, 0, 1e-08, 0
705585601, 9.08, 5.36e-08, 2.32e-08, 2.55, 0, 1e-08, 0
706190401, 8.4, 6.91e-08, 3.47e-08, 2.55, 0, 1e-08, 0
706795201, 1.76, 2.89e-08, 2.55e-08, 2.55, 0, 1e-08, 0
707400001, 2.57, 3.35e-08, 2.56e-08, 2.55, 0, 1e-08, 0
708004801, 1.51, 2.67e-08, 2.5e-08, 2.55, 0, 1e-08, 0
708609601, 15.76, 8.55e-08, 2.66e-08, 2.55, 0, 1e-08, 0
709214401, 23.65, 1.13e-07, 2.78e-08, 2.55, 0, 1e-08, 0
709819201, 5.13, 4.86e-08, 2.52e-08, 2.55, 0, 1e-08, 0
710424001, 1.54, 3.54e-08, 3.21e-08, 2.55, 0, 1e-08, 0
711028801, 22.02, 1.23e-07, 3.89e-08, 2.55, 0, 1e-08, 0
711633601, 3.29, 4.66e-08, 2.98e-08, 2.55, 0, 1e-08, 0
712238401, 9.48, 5.43e-08, 2.3e-08, 2.55, 0, 1e-08, 0
712843201, 8.8, 6.11e-08, 2.5e-08, 2.55, 0, 1e-08, 0
713448001, 6.38, 6.61e-08, 2.98e-08, 2.55, 0, 1e-08, 0
714052801, 1.41, 3.43e-08, 3.2e-08, 2.55, 0, 1e-08, 0
714657601, 1.29, 2.42e-08, 2.48e-08, 2.55, 0, 1e-08, 0
715262401, 5.84, 7.3e-08, 3.6e-08, 2.55, 0, 1e-08, 0
716472001, 13.38, 8.43e-08, 2.85e-08, 2.55, 0, 1e-08, 0
717076801, 1.91, 2.27e-08, 2.08e-08, 2.55, 0, 1e-08, 0
717681601, 1.59, 3.51e-08, 3.18e-08, 2.55, 0, 1e-08, 0
718286401, 2.45, 4.43e-08, 3.21e-08, 2.55, 0, 1e-08, 0
718891201, 2.36, 2.48e-08, 2.04e-08, 2.55, 0, 1e-08, 0
720100801, 2.42, 4.51e-08, 3.26e-08, 2.55, 0, 1e-08, 0
721310401, 6.0, 5.4e-08, 2.9e-08, 2.55, 0, 1e-08, 0
722520001, 31.41, 1.19e-07, 2.81e-08, 2.55, 0, 1e-08, 0
723124801, 10.74, 5.5e-08, 2.25e-08, 2.55, 0, 1e-08, 0
723729601, 4.93, 5.35e-08, 2.76e-08, 2.55, 0, 1e-08, 0
724939201, 4.79, 6.54e-08, 3.44e-08, 2.55, 0, 1e-08, 0
725544001, 7.51, 5.39e-08, 2.65e-08, 2.55, 0, 1e-08, 0
726148801, 10.7, 5.56e-08, 2.24e-08, 2.55, 0, 1e-08, 0
726753601, 6.19, 4.48e-08, 2.21e-08, 2.55, 0, 1e-08, 0
729777601, 2.14, 4e-08, 3.06e-08, 2.55, 0, 1e-08, 0
730987201, 1.21, 2.25e-08, 2.27e-08, 2.55, 0, 1e-08, 0
731592001, 3.04, 5.76e-08, 3.7e-08, 2.55, 0, 1e-08, 0
732196801, 3.12, 4.08e-08, 2.74e-08, 2.55, 0, 1e-08, 0
732801601, 11.58, 8.43e-08, 2.99e-08, 2.55, 0, 1e-08, 0
733406401, 1.75, 3.62e-08, 3.23e-08, 2.55, 0, 1e-08, 0
734616001, 2.58, 4.88e-08, 3.38e-08, 2.55, 0, 1e-08, 0
737035201, 9.09, 5.4e-08, 2.21e-08, 2.55, 0, 1e-08, 0
739454401, 2.56, 4.98e-08, 3.44e-08, 2.55, 0, 1e-08, 0
740059201, 4.33, 4.44e-08, 2.5e-08, 2.55, 0, 1e-08, 0
740664001, 12.12, 6.76e-08, 2.37e-08, 2.55, 0, 1e-08, 0
741268801, 14.7, 6.93e-08, 2.31e-08, 2.55, 0, 1e-08, 0
