timestamp, ts, flux, flux_error, photon_index, photon_index_interval, fit_tolerance, fit_convergence
239889601, 6.23, 8.34e-09, 8.26e-09, 1.24, 0.48, 1e-08, 0
240494401, 12.92, 7.62e-08, 4.5e-08, 2.32, 0.5, 1e-08, 0
241704001, 10.39, 2.2e-09, 2.59e-09, 0.35, 0.89, 1e-08, 0
242308801, 8.37, 4.21e-08, 2.9e-08, 2.07, 0.45, 1e-08, 0
242913601, 10.64, 3.98e-08, 2.75e-08, 1.9, 0.4, 1e-08, 0
243518401, 8.52, 9.34e-08, 4.54e-08, 2.92, 0.63, 1e-08, 0
244123201, 22.19, 9.31e-08, 3.86e-08, 2.29, 0.3, 1e-08, 0
244728001, 12.32, 1.09e-07, 4.4e-08, 2.59, 0.38, 1e-08, 0
245332801, 16.54, 4.02e-08, 2.58e-08, 1.77, 0.35, 1e-08, 0
245937601, 12.98, 1.93e-07, 6.2e-08, 4.2, 2.97, 1e-08, 102
246542401, 6.6, 1.04e-07, 4.98e-08, 2.88, 0.57, 1e-08, 0
247147201, 13.08, 5.44e-08, 3.73e-08, 2.2, 0.4, 1e-08, 0
247752001, 6.57, 6.14e-08, 3.57e-08, 2.43, 0.42, 1e-08, 0
248356801, 13.44, 9.39e-08, 4.11e-08, 2.64, 0.47, 1e-08, 0
248961601, 6.51, 5.74e-08, 3.5e-08, 2.35, 0.49, 1e-08, 0
249566401, 19.49, 8.77e-08, 4.12e-08, 2.25, 0.36, 1e-08, 0
250171201, 17.15, 1.29e-07, 4.78e-08, 2.53, 0.32, 1e-08, 0
251380801, 22.95, 3.59e-08, 2.35e-08, 1.63, 0.35, 1e-08, 0
251985601, 2.19, 5.93e-08, 5.78e-08, 3.61, 7.26, 1e-08, 102
252590401, 1.05, 8.52e-09, 1.36e-08, 1.77, 0.75, 1e-08, 0
253195201, 9.75, 8.73e-08, 3.67e-08, 2.55, 0.39, 1e-08, 0
253800001, 12.95, 7.48e-08, 4.11e-08, 2.52, 0.46, 1e-08, 0
254404801, 7.69, 7.36e-08, 3.84e-08, 2.51, 0.4, 1e-08, 0
255009601, 3.9, 5.49e-09, 8.24e-09, 1.16, 0.76, 1e-08, 0
255614401, 2.18, 4.82e-08, 3.87e-08, 2.6, 0.54, 1e-08, 0
256219201, 2.39, 4e-08, 4.54e-08, 2.55, 1.1, 1e-08, 0
256824001, 17.26, 1.28e-07, 4.22e-08, 2.75, 0.36, 1e-08, 0
257428801, 5.11, 3.97e-08, 3.08e-08, 2.23, 0.53, 1e-08, 0
258033601, 37.27, 1.82e-07, 4.6e-08, 2.68, 0.28, 1e-08, 0
258638401, 4.55, 6.71e-08, 4.78e-08, 2.44, 0.57, 1e-08, 0
259243201, 4.78, 9.97e-08, 5.14e-08, 3.1, 0.7, 1e-08, 0
259848001, 13.5, 7.66e-08, 4.52e-08, 2.18, 0.43, 1e-08, 0
260452801, 65.59, 1.7e-07, 4.4e-08, 2.02, 0.18, 1e-08, 0
261057601, 59.58, 1.93e-07, 4.3e-08, 2.33, 0.18, 1e-08, 0
261662401, 35.11, 1.41e-07, 4e-08, 2.39, 0.23, 1e-08, 0
262267201, 37.85, 1.48e-07, 4.2e-08, 2.39, 0.24, 1e-08, 0
262872001, 11.0, 1.24e-07, 4.51e-08, 3.03, 0.45, 1e-08, 0
263476801, 43.11, 1.78e-07, 4.8e-08, 2.41, 0.22, 1e-08, 0
264081601, 14.5, 1.3e-07, 4.88e-08, 2.51, 0.37, 1e-08, 0
264686401, 7.26, 8.74e-08, 5.03e-08, 2.73, 0.63, 1e-08, 0
265896001, 21.03, 2.71e-08, 2.68e-08, 1.74, 0.52, 1e-08, 0
266500801, 10.02, 1.86e-09, 3.16e-09, 0.72, 1.01, 1e-08, 0
267105601, 6.31, 7.76e-08, 4.35e-08, 2.88, 0.68, 1e-08, 0
267710401, 3.2, 6.67e-08, 1.07e-07, 3.1, 7.45, 1e-08, 0
268315201, 7.54, 8.62e-08, 5.39e-08, 2.83, 0.85, 1e-08, 0
268920001, 15.38, 8.58e-08, 3.84e-08, 2.1, 0.32, 1e-08, 0
269524801, 1.64, 6.04e-08, 5.27e-08, 4.13, 1.73, 1e-08, 0
270129601, 3.39, 3.4e-08, 3.29e-08, 2.16, 0.67, 1e-08, 0
270734401, 14.74, 5.16e-08, 3.03e-08, 1.96, 0.34, 1e-08, 0
271339201, 10.18, 9.34e-08, 4.65e-08, 2.73, 0.59, 1e-08, 0
272548801, 9.26, 6.53e-08, 3.67e-08, 2.39, 0.44, 1e-08, 0
273153601, 7.71, 1.05e-07, 5.21e-08, 2.79, 0.53, 1e-08, 0
273758401, 2.02, 6.15e-08, 4.86e-08, 2.96, 0.97, 1e-08, 0
274363201, 30.53, 1.76e-07, 5.2e-08, 2.4, 0.26, 1e-08, 0
274968001, 7.29, 8.27e-08, 5.41e-08, 2.18, 0.44, 1e-08, 0
275572801, 21.65, 6.43e-08, 3.76e-08, 1.91, 0.36, 1e-08, 0
276177601, 8.48, 2.37e-08, 2.28e-08, 1.67, 0.54, 1e-08, 0
277387201, 3.73, 6.7e-08, 4.88e-08, 2.54, 0.6, 1e-08, 0
277992001, 3.03, 8.49e-08, 8.49e-08, 3.15, 6.88, 1e-08, 102
278596801, 3.64, 1.03e-07, 6.2e-08, 4.34, 2.35, 1e-08, 0
279201601, 10.94, 7.06e-08, 4.12e-08, 2.01, 0.37, 1e-08, 0
279806401, 70.56, 1.61e-07, 4.8e-08, 1.93, 0.19, 1e-08, 0
280411201, 33.35, 1.81e-07, 5e-08, 2.43, 0.24, 1e-08, 0
281016001, 99.17, 2.24e-07, 5.4e-08, 2.11, 0.18, 1e-08, 0
281620801, 99.77, 2.89e-07, 6.5e-08, 2.14, 0.17, 1e-08, 0
282225601, 97.6, 2.81e-07, 6.4e-08, 2.26, 0.19, 1e-08, 0
282830401, 24.79, 1.48e-07, 5.02e-08, 2.4, 0.3, 1e-08, 0
283435201, 34.11, 1.48e-07, 4.6e-08, 2.15, 0.24, 1e-08, 0
284040001, 32.74, 1.22e-07, 5.01e-08, 2.12, 0.27, 1e-08, 0
284644801, 37.32, 1.41e-07, 4.52e-08, 2.03, 0.22, 1e-08, 0
285249601, 37.24, 1.58e-07, 5.4e-08, 2.3, 0.26, 1e-08, 0
285854401, 97.53, 1.08e-07, 3.09e-08, 1.66, 0.17, 1e-08, 0
286459201, 19.34, 1.31e-07, 5.71e-08, 2.42, 0.37, 1e-08, 0
287064001, 4.18, 5.65e-08, 4.02e-08, 2.24, 0.49, 1e-08, 0
287668801, 11.71, 9.44e-08, 4.07e-08, 2.25, 0.31, 1e-08, 0
288273601, 16.79, 1.05e-07, 4.99e-08, 2.33, 0.35, 1e-08, 0
288878401, 6.8, 5.75e-08, 4.85e-08, 2.25, 0.57, 1e-08, 0
289483201, 15.78, 3.48e-08, 2.28e-08, 1.59, 0.37, 1e-08, 0
290088001, 1.2, 4.89e-08, 5.3e-08, 5.0, 0, 1e-08, 0
290692801, 1.31, 5.06e-08, 4.86e-08, 3.1, 2.37, 1e-08, 0
291297601, 4.48, 8.54e-08, 5.45e-08, 2.71, 0.64, 1e-08, 0
292507201, 24.3, 9.45e-08, 4.35e-08, 1.97, 0.29, 1e-08, 0
293112001, 8.71, 5.9e-08, 4.71e-08, 2.08, 0.49, 1e-08, 0
293716801, 1.62, 5.65e-08, 5.07e-08, 2.98, 1.11, 1e-08, 0
294321601, 4.67, 1.42e-08, 1.42e-08, 1.68, 0.54, 1e-08, 0
294926401, 1.08, 3.26e-08, 4.47e-08, 2.66, 1.13, 1e-08, 0
296740801, 2.39, 4.94e-08, 6.05e-08, 2.54, 1.07, 1e-08, 0
297345601, 8.38, 5.19e-08, 3.85e-08, 2.11, 0.46, 1e-08, 0
297950401, 9.81, 1.06e-07, 7.52e-08, 2.48, 0.72, 1e-08, 0
298555201, 9.0, 1.59e-07, 7.21e-08, 3.25, 1.4, 1e-08, 0
299160001, 10.82, 5e-08, 5.81e-08, 2.15, 0.67, 1e-08, 0
299764801, 6.79, 1.2e-07, 6.4e-08, 3.09, 0.81, 1e-08, 0
300369601, 39.48, 3.03e-07, 7.2e-08, 2.67, 0.25, 1e-08, 0
300974401, 17.95, 5.49e-08, 3.18e-08, 1.75, 0.35, 1e-08, 0
301579201, 7.44, 2.26e-08, 2.73e-08, 1.74, 0.61, 1e-08, 0
302184001, 9.72, 7.53e-08, 4.55e-08, 2.16, 0.41, 1e-08, 0
302788801, 5.53, 8.01e-08, 5.38e-08, 2.63, 0.55, 1e-08, 0
303393601, 4.32, 5.88e-08, 4.11e-08, 2.56, 0.54, 1e-08, 0
303998401, 1.58, 5.5e-08, 4.92e-08, 3.08, 2.81, 1e-08, 0
304603201, 5.44, 3.9e-08, 3.29e-08, 2.06, 0.52, 1e-08, 0
305208001, 1.25, 2.36e-08, 3.18e-08, 2.31, 0.83, 1e-08, 0
305812801, 4.8, 2e-08, 2.43e-08, 1.73, 0.61, 1e-08, 0
306417601, 1.34, 5.52e-08, 6.88e-08, 3.68, 8.37, 1e-08, 102
307022401, 19.68, 1.02e-07, 3.32e-08, 2.85, 0.41, 1e-08, 0
307627201, 8.38, 7.57e-08, 4.43e-08, 2.28, 0.39, 1e-08, 0
308232001, 24.55, 1.29e-07, 4.91e-08, 2.38, 0.3, 1e-08, 0
308836801, 2.54, 8.61e-08, 7.2e-08, 3.56, 6.29, 1e-08, 102
309441601, 11.73, 2.47e-08, 2.72e-08, 1.54, 0.55, 1e-08, 0
310046401, 8.33, 1.17e-07, 5.39e-08, 2.62, 0.62, 1e-08, 0
310651201, 1.03, 2.52e-08, 3.01e-08, 2.17, 0.61, 1e-08, 0
311256001, 10.97, 8.02e-08, 4.08e-08, 2.29, 0.36, 1e-08, 0
312465601, 1.23, 1.83e-08, 3.82e-08, 2.1, 1.42, 1e-08, 0
313070401, 9.86, 9.5e-08, 4.63e-08, 2.55, 0.41, 1e-08, 0
313675201, 6.2, 4.98e-08, 5.01e-08, 2.21, 0.68, 1e-08, 0
314280001, 7.6, 7.36e-08, 4.55e-08, 2.07, 0.38, 1e-08, 0
314884801, 6.9, 1.4e-08, 1.22e-08, 1.39, 0.47, 1e-08, 0
315489601, 8.94, 7.27e-08, 5.55e-08, 2.24, 0.56, 1e-08, 0
316094401, 5.1, 7.26e-08, 4.65e-08, 2.47, 0.54, 1e-08, 0
316699201, 7.03, 6.33e-08, 4.19e-08, 2.31, 0.49, 1e-08, 0
317908801, 7.62, 1.68e-08, 1.58e-08, 1.52, 0.53, 1e-08, 0
318513601, 1.12, 4.68e-08, 1.35e-07, 3.05, 12.2, 1e-08, 102
319118401, 13.99, 1.79e-07, 6e-08, 3.05, 0.45, 1e-08, 0
319723201, 3.74, 3.8e-08, 3.16e-08, 2.26, 0.55, 1e-08, 0
320328001, 12.44, 4.51e-08, 2.57e-08, 1.71, 0.34, 1e-08, 0
320932801, 6.11, 7.84e-08, 4.47e-08, 2.39, 0.45, 1e-08, 0
321537601, 15.99, 1.68e-07, 6.1e-08, 2.89, 0.61, 1e-08, 0
322142401, 9.16, 8.06e-08, 4.53e-08, 2.27, 0.39, 1e-08, 0
322747201, 19.99, 1.41e-07, 6.4e-08, 2.04, 0.29, 1e-08, 0
323352001, 29.54, 1.23e-07, 5.1e-08, 2.1, 0.27, 1e-08, 0
323956801, 6.41, 1.31e-07, 7.78e-08, 5.0, 0, 1e-08, 0
324561601, 5.44, 6.73e-08, 3.36e-08, 3.9, 1.18, 1e-08, 0
325166401, 34.12, 1.47e-07, 4.8e-08, 2.33, 0.29, 1e-08, 0
325771201, 50.94, 1.1e-07, 4.68e-08, 1.85, 0.27, 1e-08, 0
326376001, 76.7, 1.75e-07, 4.4e-08, 1.9, 0.17, 1e-08, 0
326980801, 42.27, 1.84e-07, 5.4e-08, 2.31, 0.23, 1e-08, 0
327585601, 28.2, 1.87e-07, 6.3e-08, 2.4, 0.26, 1e-08, 0
328190401, 55.23, 1.8e-07, 5.4e-08, 2.04, 0.21, 1e-08, 0
328795201, 53.29, 1.99e-07, 5.3e-08, 2.2, 0.21, 1e-08, 0
329400001, 21.87, 1.38e-07, 5.42e-08, 2.33, 0.34, 1e-08, 0
330004801, 35.44, 2.19e-07, 6.6e-08, 2.41, 0.26, 1e-08, 0
330609601, 16.2, 2.27e-07, 7.2e-08, 3.21, 0.47, 1e-08, 0
331214401, 21.24, 1.76e-07, 5.8e-08, 2.88, 0.39, 1e-08, 0
332424001, 7.89, 1.04e-08, 1.04e-08, 1.35, 0.51, 1e-08, 0
333028801, 6.73, 8.64e-08, 4.86e-08, 2.75, 0.55, 1e-08, 0
333633601, 2.86, 1.15e-08, 1.66e-08, 1.75, 0.71, 1e-08, 0
334238401, 14.01, 7.37e-09, 7.05e-09, 1.0, 0.52, 1e-08, 0
334843201, 10.75, 6.79e-09, 6.74e-09, 1.04, 0.52, 1e-08, 0
335448001, 8.53, 7.92e-08, 5.26e-08, 2.57, 0.56, 1e-08, 0
336052801, 6.16, 1.06e-07, 7.73e-08, 3.35, 4.84, 1e-08, 102
336657601, 1.42, 4.49e-08, 4.81e-08, 2.84, 0.83, 1e-08, 0
337262401, 21.66, 2.42e-07, 7.2e-08, 2.83, 0.38, 1e-08, 0
337867201, 21.13, 1.34e-07, 5.22e-08, 2.21, 0.3, 1e-08, 0
338472001, 12.58, 1.38e-07, 5.2e-08, 2.76, 0.43, 1e-08, 0
339076801, 8.9, 3.42e-08, 2.71e-08, 1.81, 0.45, 1e-08, 0
339681601, 36.64, 1.31e-07, 4.28e-08, 2.15, 0.23, 1e-08, 0
340286401, 15.39, 4.26e-08, 2.53e-08, 1.79, 0.34, 1e-08, 0
340891201, 49.27, 1.99e-07, 5e-08, 2.31, 0.21, 1e-08, 0
341496001, 48.34, 1.46e-07, 5.41e-08, 2.09, 0.25, 1e-08, 0
342100801, 371.37, 5.73e-07, 7e-08, 2.01, 0.09, 1e-08, 0
342705601, 553.75, 8.12e-07, 7.7e-08, 2.02, 0.08, 1e-08, 0
343310401, 82.23, 2.42e-07, 5.4e-08, 2.11, 0.18, 1e-08, 0
343915201, 24.85, 1.55e-07, 5.5e-08, 2.3, 0.27, 1e-08, 0
344520001, 7.01, 9.9e-08, 5.4e-08, 2.49, 0.44, 1e-08, 0
345124801, 66.9, 2.45e-07, 5.4e-08, 2.39, 0.18, 1e-08, 0
345729601, 34.54, 1.58e-07, 4.8e-08, 2.17, 0.22, 1e-08, 0
346334401, 20.32, 1.78e-07, 6e-08, 2.5, 0.28, 1e-08, 0
346939201, 25.51, 1.25e-07, 4.6e-08, 2.15, 0.29, 1e-08, 0
347544001, 12.56, 9.27e-08, 4.74e-08, 2.36, 0.4, 1e-08, 0
348148801, 62.42, 2.82e-07, 6.5e-08, 2.33, 0.2, 1e-08, 0
348753601, 77.61, 2.97e-07, 6.7e-08, 2.26, 0.18, 1e-08, 0
349358401, 27.91, 2.68e-07, 6.9e-08, 3.15, 0.35, 1e-08, 0
349963201, 41.9, 1.54e-07, 5.2e-08, 2.13, 0.25, 1e-08, 0
350568001, 11.02, 1.8e-07, 6.6e-08, 3.15, 0.51, 1e-08, 0
351172801, 9.35, 1.57e-07, 6.71e-08, 2.99, 0.46, 1e-08, 0
351777601, 1.02, 2.73e-08, 3.83e-08, 2.59, 0.96, 1e-08, 0
352382401, 20.78, 1.55e-07, 6.21e-08, 2.62, 0.37, 1e-08, 0
352987201, 29.6, 2.12e-07, 6.2e-08, 2.66, 0.32, 1e-08, 0
353592001, 23.83, 2.06e-07, 6.7e-08, 2.76, 0.33, 1e-08, 0
354196801, 17.48, 1.2e-07, 4.88e-08, 2.31, 0.38, 1e-08, 0
354801601, 6.69, 3.88e-08, 4.52e-08, 1.98, 0.65, 1e-08, 0
355406401, 3.31, 1.14e-07, 6.98e-08, 3.56, 5.73, 1e-08, 102
356011201, 5.39, 2.14e-08, 2.51e-08, 1.72, 0.59, 1e-08, 0
356616001, 46.1, 1.9e-07, 6.2e-08, 2.15, 0.24, 1e-08, 0
357220801, 144.53, 3.5e-07, 6.5e-08, 2.15, 0.15, 1e-08, 0
357825601, 227.05, 5.52e-07, 7.6e-08, 2.2, 0.11, 1e-08, 0
358430401, 121.89, 2.13e-07, 5.2e-08, 1.92, 0.16, 1e-08, 0
359035201, 30.56, 1.46e-07, 5.1e-08, 2.17, 0.23, 1e-08, 0
359640001, 106.61, 2.88e-07, 5.8e-08, 2.19, 0.16, 1e-08, 0
360244801, 4.8, 8.13e-08, 5.07e-08, 2.44, 0.57, 1e-08, 0
360849601, 99.63, 1.89e-07, 4.8e-08, 1.88, 0.17, 1e-08, 0
361454401, 71.88, 2.02e-07, 4.9e-08, 2.01, 0.18, 1e-08, 0
362059201, 53.17, 1.94e-07, 5.25e-08, 2.13, 0.21, 1e-08, 0
362664001, 94.37, 2.85e-07, 6.6e-08, 2.21, 0.18, 1e-08, 0
363268801, 325.29, 3.37e-07, 3.8e-08, 2.11, 0.09, 1e-08, 0
363873601, 179.47, 3.7e-07, 6e-08, 2.17, 0.13, 1e-08, 0
364478401, 166.51, 4.91e-07, 7.1e-08, 2.37, 0.13, 1e-08, 0
365083201, 193.66, 4.73e-07, 6.6e-08, 2.26, 0.12, 1e-08, 0
365688001, 182.93, 5.15e-07, 6.9e-08, 2.46, 0.13, 1e-08, 0
366292801, 119.83, 2.91e-07, 5.3e-08, 2.11, 0.14, 1e-08, 0
366897601, 73.2, 2.83e-07, 6.7e-08, 2.44, 0.21, 1e-08, 0
367502401, 68.44, 1.98e-07, 4.7e-08, 2.16, 0.19, 1e-08, 0
368107201, 86.63, 2.29e-07, 4.9e-08, 2.21, 0.17, 1e-08, 0
368712001, 134.64, 3.25e-07, 5.4e-08, 2.22, 0.14, 1e-08, 0
369316801, 86.09, 1.87e-07, 4.5e-08, 1.99, 0.17, 1e-08, 0
369921601, 31.32, 1.92e-07, 5.2e-08, 2.57, 0.29, 1e-08, 0
370526401, 75.66, 2.09e-07, 5.1e-08, 2.2, 0.18, 1e-08, 0
371131201, 38.7, 1.59e-07, 5.8e-08, 2.3, 0.28, 1e-08, 0
371736001, 18.22, 9.43e-08, 3.97e-08, 2.2, 0.29, 1e-08, 0
372340801, 4.47, 6.11e-08, 4.79e-08, 2.61, 0.62, 1e-08, 0
372945601, 29.49, 1.74e-07, 5.3e-08, 2.55, 0.26, 1e-08, 0
373550401, 28.43, 6.54e-08, 3.08e-08, 1.74, 0.28, 1e-08, 0
374155201, 29.55, 1.4e-07, 4.91e-08, 2.15, 0.25, 1e-08, 0
374760001, 37.76, 1.82e-07, 5.3e-08, 2.29, 0.25, 1e-08, 0
375364801, 21.12, 1.57e-07, 5e-08, 2.56, 0.31, 1e-08, 0
375969601, 12.57, 1.51e-07, 6.3e-08, 2.61, 0.38, 1e-08, 0
376574401, 26.9, 1.57e-07, 5.2e-08, 2.37, 0.25, 1e-08, 0
377179201, 36.02, 1.44e-07, 4.78e-08, 2.18, 0.26, 1e-08, 0
377784001, 18.15, 1.39e-07, 4.82e-08, 2.39, 0.27, 1e-08, 0
378388801, 2.73, 9.07e-08, 6.04e-08, 3.05, 1.07, 1e-08, 0
378993601, 29.28, 1.84e-07, 6e-08, 2.5, 0.28, 1e-08, 0
379598401, 12.59, 7.89e-08, 4.09e-08, 2.18, 0.36, 1e-08, 0
380203201, 17.29, 1.24e-07, 4.89e-08, 2.37, 0.34, 1e-08, 0
380808001, 13.2, 3.68e-08, 3.5e-08, 1.8, 0.52, 1e-08, 0
381412801, 7.64, 1.21e-07, 6.3e-08, 3.0, 0.74, 1e-08, 0
382017601, 4.18, 6.82e-08, 4.36e-08, 2.48, 0.49, 1e-08, 0
382622401, 31.13, 2.19e-08, 1.42e-08, 1.21, 0.33, 1e-08, 0
383227201, 28.42, 1.45e-07, 5.13e-08, 2.1, 0.25, 1e-08, 0
383832001, 11.01, 9.77e-08, 4.55e-08, 2.4, 0.36, 1e-08, 0
384436801, 36.54, 7.53e-08, 2.65e-08, 1.97, 0.22, 1e-08, 0
385041601, 45.73, 3.08e-07, 7.1e-08, 2.62, 0.25, 1e-08, 0
385646401, 14.98, 6.97e-08, 4.71e-08, 1.99, 0.47, 1e-08, 0
386251201, 66.01, 1.98e-07, 5.3e-08, 2.1, 0.19, 1e-08, 0
386856001, 95.84, 2.57e-07, 6e-08, 2.24, 0.18, 1e-08, 0
387460801, 20.77, 1.9e-07, 7.15e-08, 2.67, 0.45, 1e-08, 0
388065601, 11.77, 2.97e-09, 3.32e-09, 0.5, 0.71, 1e-08, 0
388670401, 5.05, 1.94e-08, 1.73e-08, 1.5, 0.49, 1e-08, 0
389275201, 24.78, 7.8e-08, 3.69e-08, 1.8, 0.3, 1e-08, 0
389880001, 10.22, 1.27e-07, 6e-08, 2.45, 0.42, 1e-08, 0
390484801, 4.17, 1.44e-07, 7.9e-08, 3.8, 5.1, 1e-08, 102
391089601, 4.8, 1.81e-08, 1.81e-08, 1.66, 0.53, 1e-08, 0
391694401, 1.43, 4.9e-08, 5.42e-08, 2.96, 1.13, 1e-08, 0
392299201, 6.35, 9.04e-08, 5.14e-08, 2.58, 0.43, 1e-08, 0
392904001, 9.23, 1.23e-07, 5.82e-08, 2.75, 0.55, 1e-08, 0
394113601, 1.48, 5.08e-08, 4.93e-08, 2.95, 0.78, 1e-08, 0
395323201, 12.61, 7.07e-08, 4.11e-08, 2.29, 0.39, 1e-08, 0
395928001, 12.26, 1.88e-08, 1.37e-08, 1.36, 0.36, 1e-08, 0
396532801, 1.91, 2.83e-08, 2.91e-08, 2.26, 0.6, 1e-08, 0
397137601, 1.74, 3.91e-08, 4.14e-08, 2.43, 0.89, 1e-08, 0
398347201, 3.09, 2.48e-08, 2.93e-08, 2.04, 0.69, 1e-08, 0
398952001, 11.55, 4.04e-08, 3.57e-08, 1.71, 0.47, 1e-08, 0
399556801, 4.03, 1.31e-07, 7.59e-08, 4.86, 1.77, 1e-08, 0
400161601, 54.39, 6.57e-08, 2.21e-08, 1.52, 0.2, 1e-08, 0
400766401, 13.66, 8.01e-08, 3.61e-08, 2.21, 0.3, 1e-08, 0
401371201, 5.73, 8.33e-08, 4.99e-08, 2.96, 0.69, 1e-08, 0
401976001, 4.02, 7e-08, 4.5e-08, 2.66, 0.51, 1e-08, 0
402580801, 64.73, 1.94e-07, 4.5e-08, 2.08, 0.17, 1e-08, 0
403185601, 3.79, 6.99e-08, 4.53e-08, 2.69, 0.61, 1e-08, 0
403790401, 37.59, 5.89e-08, 2.73e-08, 1.94, 0.3, 1e-08, 0
404395201, 12.44, 2.16e-08, 2.36e-08, 1.44, 0.51, 1e-08, 0
405000001, 15.1, 1.31e-07, 5.07e-08, 2.46, 0.34, 1e-08, 0
406209601, 2.32, 2.82e-08, 4.78e-08, 2.4, 1.05, 1e-08, 0
406814401, 6.8, 3.73e-08, 2.77e-08, 1.83, 0.43, 1e-08, 0
407419201, 1.46, 4.65e-08, 4.54e-08, 2.72, 0.97, 1e-08, 0
408628801, 5.1, 3.79e-08, 5.61e-08, 2.13, 0.8, 1e-08, 0
409233601, 5.89, 3.84e-09, 5.34e-09, 1.12, 0.69, 1e-08, 0
409838401, 9.03, 4.47e-08, 3.21e-08, 2.09, 0.44, 1e-08, 0
411652801, 10.33, 6.45e-08, 3.95e-08, 2.12, 0.37, 1e-08, 0
412257601, 15.57, 1.05e-07, 3.91e-08, 2.65, 0.37, 1e-08, 0
412862401, 6.3, 7.76e-08, 4.34e-08, 2.81, 0.59, 1e-08, 0
413467201, 14.8, 9.29e-08, 4.7e-08, 2.23, 0.33, 1e-08, 0
414072001, 5.75, 7.55e-08, 4.24e-08, 2.48, 0.46, 1e-08, 0
414676801, 7.68, 5.88e-08, 3.91e-08, 2.22, 0.44, 1e-08, 0
415281601, 1.78, 9.04e-09, 1.34e-08, 1.42, 0.68, 1e-08, 0
415886401, 2.36, 4.95e-08, 4.3e-08, 2.5, 0.64, 1e-08, 0
416491201, 35.09, 1.34e-07, 3.8e-08, 2.54, 0.26, 1e-08, 0
417096001, 19.17, 1.58e-07, 6.6e-08, 2.71, 0.41, 1e-08, 0
417700801, 15.32, 2.15e-09, 2.75e-09, 0.0, 0, 1e-08, 0
418305601, 8.34, 4.41e-08, 4.39e-08, 1.88, 0.56, 1e-08, 0
418910401, 40.82, 9.63e-08, 3.95e-08, 1.85, 0.25, 1e-08, 0
419515201, 66.08, 2.21e-07, 5.6e-08, 2.13, 0.18, 1e-08, 0
420120001, 27.62, 1.3e-07, 5.48e-08, 2.15, 0.27, 1e-08, 0
420724801, 9.34, 5.43e-08, 3.77e-08, 2.1, 0.46, 1e-08, 0
421934401, 19.35, 3.6e-08, 2.4e-08, 1.58, 0.36, 1e-08, 0
422539201, 5.21, 1.99e-08, 2.69e-08, 1.71, 0.65, 1e-08, 0
423144001, 6.36, 1.72e-09, 2e-09, 0.58, 0.8, 1e-08, 0
423748801, 6.76, 1.21e-07, 5.58e-08, 2.86, 0.51, 1e-08, 0
424353601, 1.81, 2.79e-08, 5.02e-08, 2.25, 1.08, 1e-08, 0
424958401, 6.31, 8.24e-08, 5.15e-08, 2.43, 0.54, 1e-08, 0
425563201, 3.03, 2.81e-08, 2.93e-08, 1.86, 0.65, 1e-08, 0
426168001, 2.01, 2.13e-08, 2.82e-08, 2.0, 0.69, 1e-08, 0
426772801, 9.71, 5.73e-08, 4.55e-08, 2.15, 0.46, 1e-08, 0
427377601, 1.94, 1.18e-08, 1.64e-08, 1.72, 0.72, 1e-08, 0
427982401, 9.49, 4.9e-08, 3.21e-08, 2.14, 0.41, 1e-08, 0
428587201, 19.65, 1.13e-07, 6.1e-08, 2.13, 0.38, 1e-08, 0
429192001, 10.87, 1.34e-07, 6.01e-08, 2.67, 0.41, 1e-08, 0
429796801, 3.32, 5.94e-08, 4.75e-08, 2.68, 0.79, 1e-08, 0
430401601, 16.8, 8.02e-08, 3.06e-08, 2.35, 0.32, 1e-08, 0
431006401, 13.03, 4.57e-08, 3.3e-08, 1.79, 0.43, 1e-08, 0
431611201, 6.33, 2.28e-08, 2.64e-08, 1.7, 0.61, 1e-08, 0
432820801, 30.19, 1.36e-07, 4.68e-08, 2.21, 0.25, 1e-08, 0
433425601, 14.41, 1.05e-07, 5.4e-08, 2.44, 0.39, 1e-08, 0
434030401, 2.64, 8.78e-08, 7.93e-08, 3.68, 6.77, 1e-08, 102
434635201, 16.32, 6.4e-08, 4.51e-08, 2.02, 0.44, 1e-08, 0
435240001, 6.46, 3.56e-08, 3.68e-08, 1.97, 0.59, 1e-08, 0
435844801, 11.87, 1.8e-07, 6.9e-08, 3.19, 0.57, 1e-08, 0
437054401, 1.08, 3.72e-08, 4.16e-08, 2.87, 1.58, 1e-08, 0
437659201, 20.07, 1.21e-07, 5.31e-08, 2.37, 0.31, 1e-08, 0
438264001, 19.05, 1.02e-07, 5.71e-08, 2.24, 0.36, 1e-08, 0
438868801, 5.34, 2.69e-08, 3.68e-08, 1.68, 0.72, 1e-08, 0
439473601, 1.24, 5.69e-08, 5.61e-08, 3.56, 9.08, 1e-08, 102
440078401, 16.4, 2.05e-07, 6.6e-08, 3.15, 0.43, 1e-08, 0
440683201, 1.8, 6.01e-08, 5.4e-08, 2.7, 0.87, 1e-08, 0
441892801, 18.75, 2.24e-08, 1.16e-08, 1.23, 0.29, 1e-08, 0
442497601, 2.09, 2.87e-08, 3.54e-08, 2.06, 0.72, 1e-08, 0
443102401, 8.26, 1.96e-08, 1.78e-08, 1.67, 0.53, 1e-08, 0
443707201, 3.0, 6.38e-08, 4.31e-08, 2.71, 0.58, 1e-08, 0
444312001, 28.37, 2.21e-07, 6.4e-08, 2.49, 0.27, 1e-08, 0
444916801, 9.19, 1.21e-07, 5.79e-08, 2.66, 0.51, 1e-08, 0
445521601, 6.37, 6.9e-08, 4.18e-08, 2.44, 0.5, 1e-08, 0
446126401, 26.2, 6.93e-08, 3.09e-08, 1.82, 0.27, 1e-08, 0
446731201, 13.26, 1.64e-07, 6.3e-08, 3.0, 0.56, 1e-08, 0
447336001, 13.23, 1.22e-07, 5.71e-08, 2.51, 0.36, 1e-08, 0
447940801, 27.33, 1.37e-07, 4.92e-08, 2.11, 0.27, 1e-08, 0
448545601, 12.67, 1.15e-07, 5.09e-08, 2.52, 0.39, 1e-08, 0
449150401, 6.92, 2.52e-08, 2.4e-08, 1.6, 0.53, 1e-08, 0
449755201, 6.62, 1.49e-07, 1.19e-07, 3.34, 4.76, 1e-08, 102
450360001, 6.79, 4.57e-08, 3.97e-08, 2.09, 0.54, 1e-08, 0
450964801, 5.34, 1.14e-07, 5.32e-08, 4.55, 4.25, 1e-08, 102
451569601, 11.95, 2.15e-07, 8.7e-08, 5.0, 0, 1e-08, 0
452174401, 4.12, 5.75e-08, 3.95e-08, 2.27, 0.47, 1e-08, 0
452779201, 1.48, 5.24e-08, 5.48e-08, 5.0, 0, 1e-08, 0
453384001, 1.43, 2.93e-08, 3.55e-08, 2.28, 0.75, 1e-08, 0
453988801, 2.1, 5.52e-08, 5.07e-08, 2.98, 1.77, 1e-08, 0
454593601, 1.71, 7.33e-08, 6.17e-08, 3.44, 1.9, 1e-08, 0
455198401, 4.56, 1.97e-08, 2.16e-08, 1.78, 0.53, 1e-08, 0
457012801, 19.33, 7.63e-08, 3.87e-08, 1.94, 0.31, 1e-08, 0
458222401, 68.75, 2.21e-07, 5.2e-08, 2.21, 0.19, 1e-08, 0
458827201, 5.45, 2.35e-08, 2.33e-08, 1.77, 0.47, 1e-08, 0
459432001, 11.92, 4.6e-08, 3.67e-08, 1.91, 0.43, 1e-08, 0
460036801, 26.91, 2.13e-07, 6.1e-08, 3.02, 0.38, 1e-08, 0
460641601, 7.11, 9.79e-08, 5.01e-08, 2.8, 0.5, 1e-08, 0
461246401, 38.13, 9.71e-08, 4.48e-08, 2.01, 0.29, 1e-08, 0
461851201, 22.8, 1.29e-07, 4.71e-08, 2.33, 0.29, 1e-08, 0
463060801, 16.24, 5.75e-08, 3.72e-08, 2.01, 0.38, 1e-08, 0
463665601, 14.85, 7.31e-08, 4.27e-08, 2.24, 0.39, 1e-08, 0
464270401, 17.29, 6.08e-08, 3.13e-08, 1.88, 0.31, 1e-08, 0
464875201, 15.79, 1.26e-07, 4.52e-08, 2.63, 0.34, 1e-08, 0
465480001, 20.1, 1.34e-07, 4.91e-08, 2.54, 0.31, 1e-08, 0
466084801, 31.89, 4.55e-08, 2.58e-08, 1.53, 0.33, 1e-08, 0
466689601, 34.23, 1.62e-07, 4.6e-08, 2.25, 0.24, 1e-08, 0
467294401, 18.88, 9.76e-08, 4.11e-08, 2.24, 0.32, 1e-08, 0
467899201, 10.67, 6.66e-08, 5.83e-08, 2.23, 0.57, 1e-08, 0
468504001, 51.5, 2.78e-07, 6.4e-08, 2.76, 0.25, 1e-08, 0
469108801, 24.42, 1.51e-07, 4.6e-08, 2.44, 0.27, 1e-08, 0
469713601, 23.27, 1.39e-07, 5.01e-08, 2.36, 0.27, 1e-08, 0
470318401, 37.57, 2.4e-07, 6.2e-08, 2.53, 0.22, 1e-08, 0
470923201, 33.19, 1.65e-07, 5.3e-08, 2.33, 0.27, 1e-08, 0
471528001, 52.69, 2.87e-07, 6.4e-08, 2.44, 0.2, 1e-08, 0
472132801, 22.18, 1.69e-07, 5.7e-08, 2.45, 0.31, 1e-08, 0
472737601, 10.83, 5.42e-09, 7.17e-09, 0.88, 0.78, 1e-08, 0
473342401, 36.6, 1.78e-07, 5.75e-08, 2.32, 0.27, 1e-08, 0
473947201, 65.02, 1.55e-07, 3.4e-08, 2.42, 0.2, 1e-08, 0
474552001, 70.26, 2.54e-07, 4.7e-08, 2.61, 0.18, 1e-08, 0
475156801, 17.74, 1.3e-07, 5.68e-08, 2.37, 0.34, 1e-08, 0
475761601, 10.39, 7.66e-08, 4.35e-08, 2.27, 0.45, 1e-08, 0
476366401, 28.9, 1.33e-07, 4.98e-08, 2.3, 0.28, 1e-08, 0
476971201, 7.27, 7.5e-08, 4.02e-08, 2.32, 0.41, 1e-08, 0
477576001, 17.84, 3.51e-08, 2.64e-08, 1.63, 0.39, 1e-08, 0
478180801, 12.61, 2.02e-09, 6.21e-09, 0.49, 2.39, 1e-08, 0
478785601, 16.33, 9.61e-08, 4.41e-08, 2.13, 0.32, 1e-08, 0
479390401, 20.55, 1.61e-07, 6.89e-08, 2.53, 0.36, 1e-08, 0
479995201, 98.36, 2.6e-07, 5.7e-08, 2.11, 0.17, 1e-08, 0
480600001, 18.26, 7.8e-08, 3.71e-08, 1.87, 0.33, 1e-08, 0
481204801, 3.27, 7.2e-08, 5.11e-08, 2.88, 0.63, 1e-08, 0
481809601, 23.27, 1.23e-07, 6.08e-08, 2.31, 0.35, 1e-08, 0
482414401, 20.69, 9.24e-08, 4.48e-08, 2.11, 0.3, 1e-08, 0
483019201, 12.22, 6.84e-08, 3.96e-08, 2.22, 0.37, 1e-08, 0
484228801, 11.46, 1.42e-07, 6.58e-08, 2.78, 0.52, 1e-08, 0
484833601, 5.56, 5.04e-08, 7.14e-08, 2.29, 1, 1e-08, 0
486648001, 5.8, 6.23e-08, 8.15e-08, 2.44, 0.88, 1e-08, 0
487252801, 1.27, 2.21e-08, 2.67e-08, 2.17, 0.69, 1e-08, 0
487857601, 12.49, 1.37e-07, 5.39e-08, 2.68, 0.34, 1e-08, 0
489067201, 32.36, 1.51e-07, 5.1e-08, 2.16, 0.25, 1e-08, 0
489672001, 17.4, 1.08e-07, 4.68e-08, 2.27, 0.33, 1e-08, 0
490276801, 25.34, 1.9e-07, 5.6e-08, 2.56, 0.28, 1e-08, 0
490881601, 8.57, 7e-08, 4.2e-08, 2.18, 0.41, 1e-08, 0
491486401, 10.73, 9.76e-08, 4.22e-08, 2.47, 0.34, 1e-08, 0
492091201, 6.81, 5.85e-08, 3.37e-08, 2.62, 0.47, 1e-08, 0
492696001, 21.82, 6.17e-08, 3.4e-08, 1.91, 0.32, 1e-08, 0
493300801, 19.49, 1.53e-07, 5.79e-08, 2.67, 0.35, 1e-08, 0
493905601, 1.19, 1.34e-08, 5.16e-08, 2.08, 2.28, 1e-08, 0
494510401, 13.89, 7.47e-08, 4.82e-08, 2.15, 0.39, 1e-08, 0
495115201, 1.19, 3.36e-09, 6.07e-09, 1.02, 0.89, 1e-08, 0
495720001, 5.52, 5.59e-08, 4.08e-08, 2.3, 0.55, 1e-08, 0
496929601, 3.34, 4.55e-08, 3.39e-08, 2.34, 0.45, 1e-08, 0
497534401, 21.94, 6.17e-08, 2.64e-08, 2.33, 0.31, 1e-08, 0
498139201, 4.17, 5.82e-08, 3.01e-08, 3.63, 5.1, 1e-08, 102
498744001, 46.88, 1.2e-07, 2.81e-08, 2.41, 0.2, 1e-08, 0
499348801, 10.14, 6.92e-08, 4.36e-08, 2.29, 0.48, 1e-08, 0
499953601, 9.87, 8.53e-08, 4.36e-08, 2.4, 0.37, 1e-08, 0
500558401, 12.97, 7.93e-08, 3.79e-08, 2.2, 0.31, 1e-08, 0
501163201, 31.77, 1.21e-07, 4.29e-08, 2.2, 0.25, 1e-08, 0
501768001, 17.22, 1.51e-07, 5.38e-08, 2.62, 0.35, 1e-08, 0
502372801, 13.13, 6.7e-09, 6.1e-09, 0.65, 0.58, 1e-08, 0
502977601, 11.84, 1.01e-07, 5.58e-08, 2.52, 0.46, 1e-08, 0
503582401, 18.1, 1.36e-07, 6.08e-08, 2.27, 0.35, 1e-08, 0
504187201, 8.99, 1.91e-07, 8.7e-08, 5.0, 0, 1e-08, 0
504792001, 4.94, 1.3e-07, 7.28e-08, 3.06, 0.72, 1e-08, 0
505396801, 5.01, 6.31e-08, 5.39e-08, 2.65, 0.77, 1e-08, 0
506001601, 5.45, 6.54e-08, 4.27e-08, 2.48, 0.53, 1e-08, 0
506606401, 4.4, 4.76e-08, 3.78e-08, 2.41, 0.54, 1e-08, 0
507211201, 4.48, 5.77e-08, 4.32e-08, 2.44, 0.56, 1e-08, 0
507816001, 4.16, 5.5e-08, 4.38e-08, 2.57, 0.73, 1e-08, 0
508420801, 15.87, 1.28e-07, 4.69e-08, 2.47, 0.34, 1e-08, 0
509025601, 12.09, 9.12e-08, 4.57e-08, 2.38, 0.42, 1e-08, 0
509630401, 5.75, 1.74e-08, 2.21e-08, 1.82, 0.67, 1e-08, 0
510235201, 8.07, 7.51e-08, 4.07e-08, 2.48, 0.48, 1e-08, 0
511444801, 14.67, 1.98e-07, 7.1e-08, 3.47, 3.05, 1e-08, 102
512049601, 6.04, 7.84e-08, 4.57e-08, 2.48, 0.48, 1e-08, 0
513864001, 14.11, 2.11e-07, 7.5e-08, 2.97, 0.56, 1e-08, 0
514468801, 24.65, 1.18e-07, 4.51e-08, 2.24, 0.27, 1e-08, 0
515073601, 10.17, 5.28e-08, 3.3e-08, 1.79, 0.36, 1e-08, 0
515678401, 21.68, 1.57e-07, 5.5e-08, 2.45, 0.3, 1e-08, 0
516283201, 10.82, 5.9e-08, 4.78e-08, 1.97, 0.52, 1e-08, 0
516888001, 30.89, 1.06e-07, 4.7e-08, 2.15, 0.31, 1e-08, 0
517492801, 106.74, 1.66e-07, 4.1e-08, 1.74, 0.16, 1e-08, 0
518097601, 9.45, 1.25e-07, 5.99e-08, 2.69, 0.47, 1e-08, 0
518702401, 117.71, 2.79e-07, 5.3e-08, 2.12, 0.14, 1e-08, 0
519307201, 47.26, 1.55e-07, 4.8e-08, 2.12, 0.23, 1e-08, 0
519912001, 19.81, 1.2e-07, 4.61e-08, 2.13, 0.32, 1e-08, 0
520516801, 16.43, 8.1e-08, 5.08e-08, 2.05, 0.39, 1e-08, 0
521121601, 42.57, 1.87e-07, 5.6e-08, 2.26, 0.23, 1e-08, 0
521726401, 41.8, 2.24e-07, 5.8e-08, 2.28, 0.22, 1e-08, 0
522331201, 1.14, 3.45e-08, 3.87e-08, 2.61, 0.75, 1e-08, 0
522936001, 14.19, 9.16e-08, 4.76e-08, 2.31, 0.39, 1e-08, 0
523540801, 8.97, 4.06e-08, 2.78e-08, 2.03, 0.41, 1e-08, 0
524145601, 31.15, 1.67e-07, 4.8e-08, 2.58, 0.25, 1e-08, 0
524750401, 19.66, 2.78e-08, 1.98e-08, 1.61, 0.4, 1e-08, 0
525355201, 8.07, 1.12e-07, 4.98e-08, 2.73, 0.46, 1e-08, 0
525960001, 11.16, 5.06e-08, 3.64e-08, 2.07, 0.46, 1e-08, 0
526564801, 5.83, 1.82e-08, 2.04e-08, 1.62, 0.62, 1e-08, 0
527169601, 6.72, 5.81e-08, 4.2e-08, 2.25, 0.48, 1e-08, 0
527774401, 4.96, 8.35e-08, 4.55e-08, 2.86, 0.59, 1e-08, 0
528379201, 10.86, 7.69e-08, 4.49e-08, 2.38, 0.49, 1e-08, 0
528984001, 26.45, 1.86e-07, 5.3e-08, 2.85, 0.36, 1e-08, 0
529588801, 15.95, 8.04e-08, 5.25e-08, 2.15, 0.39, 1e-08, 0
530193601, 8.58, 1.03e-07, 5.63e-08, 2.65, 0.77, 1e-08, 0
530798401, 3.78, 6.72e-08, 5.18e-08, 2.81, 0.73, 1e-08, 0
531403201, 1.69, 4.46e-08, 4.08e-08, 2.57, 0.62, 1e-08, 0
532008001, 22.83, 7.02e-08, 3.86e-08, 1.94, 0.32, 1e-08, 0
532612801, 8.79, 8.67e-08, 4.82e-08, 2.32, 0.46, 1e-08, 0
533217601, 18.34, 1.13e-07, 4.41e-08, 2.15, 0.3, 1e-08, 0
533822401, 3.4, 3.66e-08, 3.54e-08, 2.01, 0.58, 1e-08, 0
534427201, 5.29, 7.19e-08, 4.4e-08, 2.35, 0.38, 1e-08, 0
535032001, 10.89, 9.55e-08, 4.82e-08, 2.3, 0.36, 1e-08, 0
535636801, 17.27, 1.15e-07, 5.3e-08, 2.43, 0.39, 1e-08, 0
536241601, 3.66, 5.39e-08, 4.82e-08, 2.31, 0.65, 1e-08, 0
536846401, 14.98, 6.46e-08, 3.38e-08, 1.94, 0.32, 1e-08, 0
537451201, 11.17, 3.84e-08, 3.02e-08, 1.88, 0.45, 1e-08, 0
538056001, 34.96, 8.46e-08, 3.14e-08, 1.81, 0.23, 1e-08, 0
538660801, 13.05, 1.46e-07, 5.91e-08, 2.67, 0.4, 1e-08, 0
539265601, 14.41, 2.76e-08, 1.82e-08, 1.48, 0.36, 1e-08, 0
539870401, 11.94, 8.08e-08, 4.13e-08, 2.13, 0.38, 1e-08, 0
540475201, 16.03, 1.77e-07, 5.9e-08, 2.79, 0.39, 1e-08, 0
541080001, 1.82, 5.1e-08, 4.79e-08, 2.8, 0.87, 1e-08, 0
541684801, 1.9, 3.6e-08, 3.99e-08, 2.41, 1.11, 1e-08, 0
542289601, 20.49, 1.05e-07, 4.23e-08, 2.26, 0.3, 1e-08, 0
542894401, 18.79, 7.05e-08, 4.15e-08, 2.2, 0.45, 1e-08, 0
545313601, 1.41, 1.7e-07, 1.92e-07, 2.45, 0.76, 1e-08, 0
545918401, 3.03, 7.49e-08, 6.59e-08, 2.7, 0.76, 1e-08, 0
546523201, 1.3, 3.26e-08, 4.2e-08, 2.68, 2.03, 1e-08, 0
547732801, 11.58, 9.41e-08, 5.1e-08, 2.14, 0.35, 1e-08, 0
548337601, 5.49, 1.56e-07, 1.15e-07, 2.39, 0.56, 1e-08, 0
548942401, 3.94, 3.47e-07, 2.38e-07, 2.59, 0.52, 1e-08, 0
549547201, 1.88, 3.06e-07, 2.67e-07, 4.86, 3.25, 1e-08, 0
550152001, 8.47, 1.28e-07, 1.01e-07, 2.14, 0.59, 1e-08, 0
550756801, 60.82, 1.8e-07, 5.3e-08, 2.27, 0.22, 1e-08, 0
551361601, 17.9, 2.06e-07, 9.9e-08, 2.08, 0.34, 1e-08, 0
551966401, 152.82, 2.87e-07, 4.5e-08, 2.24, 0.13, 1e-08, 0
552571201, 19.27, 1.05e-07, 5.68e-08, 2.23, 0.37, 1e-08, 0
553780801, 12.87, 1.26e-07, 6.01e-08, 2.12, 0.32, 1e-08, 0
554385601, 12.77, 1.74e-07, 1.23e-07, 2.15, 0.45, 1e-08, 0
554990401, 36.27, 9.24e-08, 4.56e-08, 1.83, 0.29, 1e-08, 0
555595201, 13.7, 5.66e-08, 4.28e-08, 1.74, 0.42, 1e-08, 0
556200001, 61.29, 1.41e-07, 3.8e-08, 2.13, 0.19, 1e-08, 0
556804801, 48.42, 1.24e-07, 3.89e-08, 2.05, 0.22, 1e-08, 0
557409601, 24.21, 1.19e-07, 3.62e-08, 2.18, 0.24, 1e-08, 0
558014401, 10.3, 9.36e-08, 5.63e-08, 1.9, 0.37, 1e-08, 0
558619201, 200.75, 2.85e-07, 4.3e-08, 1.9, 0.11, 1e-08, 0
559224001, 123.93, 1.4e-07, 3.1e-08, 1.78, 0.14, 1e-08, 0
559828801, 17.42, 1.3e-07, 6.31e-08, 2.25, 0.35, 1e-08, 0
560433601, 29.37, 1.86e-07, 6.4e-08, 2.35, 0.28, 1e-08, 0
561038401, 51.72, 2.08e-07, 4.6e-08, 2.6, 0.2, 1e-08, 0
561643201, 8.18, 1.8e-07, 8.59e-08, 3.16, 0.86, 1e-08, 0
562248001, 24.31, 7.43e-08, 2.97e-08, 2.09, 0.27, 1e-08, 0
562852801, 3.94, 9.06e-08, 5.24e-08, 2.98, 1.08, 1e-08, 0
564062401, 3.57, 1.36e-07, 1.13e-07, 5.0, 0, 1e-08, 0
564667201, 8.27, 6.24e-08, 5.27e-08, 2.01, 0.55, 1e-08, 0
565272001, 4.43, 8.4e-08, 5.01e-08, 3.08, 0.91, 1e-08, 0
565876801, 24.23, 1.02e-07, 4.32e-08, 1.95, 0.28, 1e-08, 0
566481601, 27.08, 1.13e-07, 4.98e-08, 2.01, 0.28, 1e-08, 0
567691201, 3.54, 2.21e-06, 2.28e-06, 5.0, 0, 1e-08, 0
568296001, 56.89, 1.29e-07, 4.41e-08, 1.85, 0.22, 1e-08, 0
568900801, 4.42, 3.64e-08, 3.7e-08, 1.99, 0.56, 1e-08, 0
569505601, 4.2, 8.69e-08, 4.82e-08, 3.14, 0.85, 1e-08, 0
570110401, 6.51, 1.08e-07, 7.6e-08, 3.06, 0.87, 1e-08, 0
570715201, 37.89, 2.49e-07, 6.7e-08, 2.73, 0.26, 1e-08, 0
571320001, 6.23, 6.12e-08, 4.2e-08, 2.16, 0.53, 1e-08, 0
571924801, 17.6, 9.12e-08, 5.39e-08, 2.04, 0.39, 1e-08, 0
572529601, 18.17, 1.29e-07, 5.3e-08, 2.46, 0.38, 1e-08, 0
573134401, 1.16, 4.02e-08, 5.06e-08, 2.38, 0.8, 1e-08, 0
573739201, 11.01, 7.56e-08, 4.55e-08, 2.16, 0.43, 1e-08, 0
574344001, 3.99, 5.5e-08, 4.13e-08, 2.34, 0.5, 1e-08, 0
574948801, 1.29, 5.71e-08, 8e-08, 2.71, 2.29, 1e-08, 0
576158401, 1.71, 6.61e-08, 5.59e-08, 3.05, 1.01, 1e-08, 0
576763201, 14.33, 7.43e-09, 8.88e-09, 0.88, 0.71, 1e-08, 0
577368001, 1.0, NaN, NaN, NaN, NaN, 1e-08, 0
578577601, 4.45, 5.44e-08, 4.5e-08, 2.26, 0.54, 1e-08, 0
579787201, 16.19, 2.12e-07, 7.9e-08, 3.22, 0.5, 1e-08, 0
580392001, 12.48, 1.89e-07, 7.9e-08, 2.75, 0.49, 1e-08, 0
580996801, 2.53, 2.52e-07, 1.83e-07, 3.23, 0.72, 1e-08, 0
581601601, 5.12, 2.07e-07, 1.41e-07, 2.32, 0.5, 1e-08, 0
582206401, 3.71, 1.44e-07, 9.8e-08, 2.97, 0.99, 1e-08, 0
582811201, 11.32, 9.35e-08, 5.05e-08, 2.29, 0.38, 1e-08, 0
583416001, 1.62, 2.28e-08, 2.65e-08, 1.95, 0.63, 1e-08, 0
586440001, 4.55, 9.81e-08, 5.61e-08, 2.94, 0.78, 1e-08, 0
587044801, 2.54, 3.11e-08, 2.78e-08, 2.02, 0.51, 1e-08, 0
588254401, 2.82, 4.02e-08, 3.16e-08, 2.48, 0.54, 1e-08, 0
588859201, 7.71, 7.4e-08, 4.22e-08, 2.63, 0.6, 1e-08, 0
589464001, 7.56, 3.89e-08, 2.79e-08, 2.14, 0.43, 1e-08, 0
590068801, 1.91, 1.55e-08, 2.3e-08, 1.84, 0.77, 1e-08, 0
591278401, 5.0, 1.36e-08, 1.3e-08, 1.6, 0.49, 1e-08, 0
591883201, 8.51, 4.62e-08, 5.2e-08, 2.2, 0.68, 1e-08, 0
592488001, 1.32, 4.46e-08, 4.23e-08, 3.58, 9.13, 1e-08, 102
593092801, 10.14, 8.86e-08, 4.55e-08, 2.5, 0.4, 1e-08, 0
593697601, 2.06, 7.13e-08, 5.39e-08, 3.21, 7.47, 1e-08, 102
594302401, 3.63, 2.01e-08, 2.05e-08, 1.86, 0.55, 1e-08, 0
596116801, 3.79, 1.23e-07, 7.58e-08, 3.0, 0.79, 1e-08, 0
596721601, 13.84, 7.4e-08, 4.62e-08, 2.1, 0.43, 1e-08, 0
597326401, 7.42, 1.19e-07, 6.69e-08, 3.05, 1.11, 1e-08, 0
597931201, 10.73, 2.21e-08, 2.04e-08, 1.57, 0.46, 1e-08, 0
598536001, 2.3, 9.94e-08, 9.46e-08, 2.41, 0.69, 1e-08, 0
599140801, 1.11, 1.5e-07, 2.32e-07, 1.4, 1.01, 1e-08, 0
600955201, 4.18, 4.16e-08, 5.27e-08, 2.29, 0.76, 1e-08, 0
601560001, 31.64, 1.05e-07, 4.41e-08, 2.08, 0.28, 1e-08, 0
602769601, 25.77, 1.93e-07, 5.8e-08, 2.76, 0.3, 1e-08, 0
603374401, 14.61, 5.71e-08, 3.36e-08, 1.96, 0.36, 1e-08, 0
603979201, 13.78, 1.59e-07, 5.5e-08, 3.11, 0.56, 1e-08, 0
604584001, 6.5, 6.57e-08, 4.52e-08, 2.35, 0.55, 1e-08, 0
605188801, 5.35, 9.38e-08, 5.61e-08, 2.41, 0.42, 1e-08, 0
605793601, 3.16, 7.04e-08, 4.96e-08, 2.72, 0.58, 1e-08, 0
606398401, 10.96, 3.84e-08, 3.06e-08, 1.82, 0.49, 1e-08, 0
607003201, 6.24, 1.42e-07, 7.4e-08, 2.95, 0.72, 1e-08, 0
607608001, 4.07, 2.63e-08, 3.4e-08, 1.83, 0.61, 1e-08, 0
608212801, 4.92, 3.38e-08, 3.83e-08, 1.93, 0.73, 1e-08, 0
608817601, 14.86, 1.29e-07, 5e-08, 2.54, 0.34, 1e-08, 0
610027201, 5.79, 1.05e-07, 5.11e-08, 3.02, 0.7, 1e-08, 0
610632001, 5.32, 8.21e-08, 4.97e-08, 2.63, 0.65, 1e-08, 0
612446401, 10.89, 4.5e-09, 6.39e-09, 0.46, 1.01, 1e-08, 0
613656001, 3.72, 5.46e-07, 3.49e-07, 3.89, 1.05, 1e-08, 0
614260801, 4.37, 1.28e-07, 7.5e-08, 2.76, 0.56, 1e-08, 0
616075201, 2.59, 9.21e-08, 8.28e-08, 3.5, 6.83, 1e-08, 102
616680001, 1.62, 6.17e-08, 6.3e-08, 5.0, 0, 1e-08, 0
617284801, 13.07, 4.67e-08, 3.33e-08, 1.83, 0.41, 1e-08, 0
617889601, 22.51, 1.02e-07, 4.19e-08, 2.06, 0.28, 1e-08, 0
618494401, 17.73, 9.83e-08, 4.35e-08, 2.17, 0.31, 1e-08, 0
619099201, 18.77, 1.52e-07, 5.2e-08, 2.59, 0.3, 1e-08, 0
619704001, 19.26, 1.27e-07, 4.51e-08, 2.5, 0.34, 1e-08, 0
620308801, 1.1, 2.33e-08, 3.69e-08, 2.67, 1.72, 1e-08, 0
620913601, 13.39, 6.92e-08, 3.98e-08, 2.04, 0.35, 1e-08, 0
621518401, 19.76, 1.39e-07, 4.88e-08, 2.65, 0.32, 1e-08, 0
622123201, 41.55, 1.48e-07, 4.82e-08, 2.06, 0.24, 1e-08, 0
622728001, 13.36, 1.64e-07, 6.2e-08, 3.29, 3.36, 1e-08, 102
623332801, 7.49, 1.03e-07, 4.59e-08, 3.13, 1.2, 1e-08, 0
623937601, 2.91, 1.21e-08, 1.7e-08, 1.42, 0.7, 1e-08, 0
624542401, 4.31, 5.85e-08, 3.74e-08, 2.7, 0.55, 1e-08, 0
625147201, 14.07, 4.53e-08, 2.72e-08, 1.83, 0.34, 1e-08, 0
626961601, 1.17, 9.91e-08, 1.08e-07, 2.46, 0.81, 1e-08, 0
627566401, 2.99, 9.59e-08, 9.01e-08, 2.14, 0.58, 1e-08, 0
628171201, 1.2, 2.12e-08, 3.23e-08, 1.97, 0.74, 1e-08, 0
628776001, 16.64, 6.84e-08, 3.64e-08, 2.02, 0.33, 1e-08, 0
629380801, 5.58, 8.47e-08, 5.05e-08, 2.58, 0.64, 1e-08, 0
629985601, 2.98, 5.07e-08, 5.41e-08, 2.43, 0.66, 1e-08, 0
630590401, 6.94, 2.95e-07, 1.62e-07, 2.53, 0.49, 1e-08, 0
632404801, 11.91, 5.84e-08, 4.16e-08, 2.08, 0.45, 1e-08, 0
633009601, 14.06, 2.56e-08, 1.99e-08, 1.63, 0.4, 1e-08, 0
633614401, 6.73, 8.21e-08, 5.47e-08, 2.63, 0.76, 1e-08, 0
634219201, 7.01, 1.36e-07, 6.12e-08, 3.3, 1.12, 1e-08, 0
634824001, 6.43, 1.28e-07, 5.48e-08, 3.66, 4.15, 1e-08, 102
635428801, 8.58, 4.91e-08, 3.89e-08, 2.13, 0.49, 1e-08, 0
636033601, 5.44, 5.35e-08, 3.42e-08, 2.18, 0.4, 1e-08, 0
636638401, 1.15, 3.07e-08, 3.81e-08, 2.5, 0.83, 1e-08, 0
637243201, 8.59, 1.31e-07, 6.3e-08, 2.38, 0.42, 1e-08, 0
637848001, 14.75, 1.89e-07, 6.6e-08, 3.04, 0.59, 1e-08, 0
638452801, 42.19, 1.69e-07, 4.8e-08, 2.21, 0.22, 1e-08, 0
639662401, 6.02, 8.61e-08, 5.6e-08, 2.65, 0.61, 1e-08, 0
640267201, 15.09, 1.55e-07, 5.59e-08, 2.8, 0.42, 1e-08, 0
640872001, 6.61, 1.47e-07, 6.01e-08, 4.56, 3.84, 1e-08, 102
641476801, 6.59, 7.39e-08, 4.41e-08, 2.56, 0.52, 1e-08, 0
642081601, 1.12, 3.19e-08, 3.86e-08, 2.45, 0.78, 1e-08, 0
642686401, 6.71, 3.21e-08, 2.31e-08, 1.81, 0.43, 1e-08, 0
643291201, 5.49, 8.04e-08, 4.75e-08, 2.74, 0.58, 1e-08, 0
643896001, 7.8, 1.56e-08, 1.98e-08, 1.55, 0.63, 1e-08, 0
644500801, 1.23, 8.73e-09, 1.44e-08, 1.06, 1.04, 1e-08, 0
645105601, 2.44, 1.49e-07, 2.33e-07, 1.84, 0.94, 1e-08, 0
645710401, 1.32, 1.2e-07, 1.55e-07, 2.35, 0.89, 1e-08, 0
646920001, 29.89, 1.21e-07, 4.19e-08, 2.07, 0.23, 1e-08, 0
648129601, 3.83, 1.1e-07, 7.32e-08, 5.0, 0, 1e-08, 0
648734401, 3.86, 3.79e-08, 4.17e-08, 2.25, 0.66, 1e-08, 0
650548801, 8.42, 3.93e-08, 2.99e-08, 1.96, 0.43, 1e-08, 0
651758401, 13.59, 5.98e-08, 3.19e-08, 2.1, 0.34, 1e-08, 0
653572801, 2.2, 6.86e-08, 5.84e-08, 5.0, 0, 1e-08, 0
654177601, 3.05, 2.26e-08, 3.17e-08, 1.81, 0.73, 1e-08, 0
654782401, 2.25, 2.91e-08, 2.83e-08, 2.06, 0.55, 1e-08, 0
655387201, 11.96, 8.95e-08, 4.85e-08, 2.37, 0.41, 1e-08, 0
655992001, 3.15, 1.65e-08, 6.5e-08, 2.13, 2.08, 1e-08, 0
657201601, 4.3, 2.07e-08, 2.4e-08, 1.84, 0.65, 1e-08, 0
657806401, 12.31, 6.67e-08, 3.81e-08, 2.17, 0.38, 1e-08, 0
661435201, 2.95, 3.6e-08, 3.98e-08, 2.25, 0.7, 1e-08, 0
662040001, 1.01, 5.47e-08, 6.05e-08, 3.17, 5.18, 1e-08, 0
662644801, 6.31, 2.58e-08, 2.61e-08, 0.87, 0.55, 1e-08, 0
663249601, 4.57, 2.83e-07, 2.3e-07, 2.3, 0.62, 1e-08, 0
663854401, 2.39, 1.02e-07, 7.59e-08, 3.08, 1, 1e-08, 0
667483201, 2.53, 5.67e-09, 1.26e-08, 1.38, 1.06, 1e-08, 0
668088001, 2.45, 2.91e-08, 3.76e-08, 2.07, 1.02, 1e-08, 0
668692801, 4.15, 2.91e-09, 5.56e-09, 0.68, 1.28, 1e-08, 0
669297601, 1.83, 8.31e-08, 6.79e-08, 3.09, 1.09, 1e-08, 0
669902401, 2.12, 1.98e-08, 2.65e-08, 2.07, 0.72, 1e-08, 0
670507201, 11.22, 9.84e-08, 5.15e-08, 2.4, 0.43, 1e-08, 0
671112001, 5.19, 7.01e-08, 5.48e-08, 2.25, 0.49, 1e-08, 0
671716801, 4.44, 5.33e-09, 8.48e-09, 1.13, 0.86, 1e-08, 0
672926401, 1.21, 3.56e-08, 4.05e-08, 2.45, 0.71, 1e-08, 0
674136001, 6.61, 4.63e-09, 9.79e-09, 1.12, 1.07, 1e-08, 0
675345601, 3.8, 5.92e-08, 4.29e-08, 2.6, 0.56, 1e-08, 0
675950401, 9.53, 9.1e-08, 5.29e-08, 2.33, 0.41, 1e-08, 0
676555201, 4.07, 2.97e-07, 2.11e-07, 2.62, 0.57, 1e-08, 0
678369601, 6.95, 5.68e-09, 5.82e-09, 1.0, 0.55, 1e-08, 0
679579201, 1.59, 5.02e-09, 7.3e-09, 1.22, 0.67, 1e-08, 0
681393601, 4.95, 3.09e-08, 3.17e-08, 1.98, 0.56, 1e-08, 0
681998401, 2.89, 4.36e-08, 3.65e-08, 2.48, 0.57, 1e-08, 0
682603201, 2.56, 3.92e-08, 4.21e-08, 2.4, 0.93, 1e-08, 0
683208001, 1.3, 2.73e-08, 3.78e-08, 2.54, 0.95, 1e-08, 0
683812801, 14.13, 2.65e-08, 2.25e-08, 1.63, 0.45, 1e-08, 0
684417601, 7.78, 7.65e-08, 4.13e-08, 2.52, 0.51, 1e-08, 0
685627201, 9.37, 5.21e-08, 3.64e-08, 2.08, 0.42, 1e-08, 0
686232001, 3.18, 7.47e-08, 4.84e-08, 2.93, 0.8, 1e-08, 0
686836801, 13.42, 1.35e-08, 1.04e-08, 1.27, 0.4, 1e-08, 0
687441601, 8.32, 2.04e-08, 2.4e-08, 1.6, 0.58, 1e-08, 0
688651201, 1.41, 2.75e-08, 3.12e-08, 2.49, 0.75, 1e-08, 0
689256001, 1.64, 2.6e-08, 2.94e-08, 2.18, 0.6, 1e-08, 0
689860801, 2.72, 4.3e-08, 3.92e-08, 2.45, 0.65, 1e-08, 0
690465601, 4.58, 3.81e-07, 2.3e-07, 3.95, 1.28, 1e-08, 0
692280001, 1.88, 8.33e-08, 6.68e-08, 3.52, 7.51, 1e-08, 102
692884801, 6.57, 1.02e-07, 5.12e-08, 2.78, 0.56, 1e-08, 0
693489601, 1.99, 3.38e-08, 3.52e-08, 2.28, 0.63, 1e-08, 0
694094401, 1.28, 5.29e-08, 5.6e-08, 2.48, 0.65, 1e-08, 0
695908801, 9.47, 1.77e-07, 6.6e-08, 4.06, 3.51, 1e-08, 102
697723201, 4.13, 1.03e-07, 5.81e-08, 4.24, 1.72, 1e-08, 0
698328001, 8.1, 6.27e-08, 3.74e-08, 2.28, 0.41, 1e-08, 0
698932801, 4.83, 2.01e-09, 2.92e-09, 0.88, 0.87, 1e-08, 0
699537601, 5.63, 4.3e-08, 3.02e-08, 2.19, 0.46, 1e-08, 0
700142401, 27.37, 1.08e-07, 4.72e-08, 2.2, 0.31, 1e-08, 0
700747201, 25.85, 1.56e-07, 5.99e-08, 2.59, 0.33, 1e-08, 0
701352001, 16.26, 8.83e-08, 3.77e-08, 2.05, 0.3, 1e-08, 0
701956801, 8.56, 3.98e-08, 2.74e-08, 1.87, 0.39, 1e-08, 0
702561601, 31.61, 2e-07, 6.1e-08, 2.46, 0.27, 1e-08, 0
703166401, 5.49, 7.64e-08, 9.47e-08, 2.49, 1.01, 1e-08, 0
703771201, 9.95, 1.5e-07, 6.31e-08, 3.06, 0.7, 1e-08, 0
704376001, 1.6, 5.21e-08, 4.73e-08, 3.0, 1.08, 1e-08, 0
704980801, 8.39, 1.24e-07, 6.72e-08, 2.81, 0.64, 1e-08, 0
705585601, 63.62, 1.99e-07, 5.2e-08, 2.11, 0.19, 1e-08, 0
706190401, 71.53, 2.31e-07, 5.5e-08, 2.22, 0.18, 1e-08, 0
706795201, 44.14, 2.15e-07, 5.9e-08, 2.51, 0.25, 1e-08, 0
707400001, 41.33, 1.24e-07, 4.22e-08, 1.89, 0.21, 1e-08, 0
709214401, 1.89, 1.05e-07, 1.34e-07, 1.95, 0.74, 1e-08, 0
710424001, 5.0, 7.1e-08, 4.38e-08, 2.54, 0.56, 1e-08, 0
711028801, 13.22, 5.48e-08, 3.31e-08, 2.08, 0.37, 1e-08, 0
711633601, 3.86, 8.88e-08, 5.23e-08, 3.0, 0.78, 1e-08, 0
712238401, 1.21, 1.2e-08, 1.64e-08, 1.95, 0.72, 1e-08, 0
714052801, 4.47, 8.66e-08, 4.74e-08, 3.14, 1.13, 1e-08, 0
714657601, 5.47, 6.88e-08, 4.01e-08, 2.39, 0.47, 1e-08, 0
715262401, 4.47, 7e-08, 4.78e-08, 2.93, 1.21, 1e-08, 0
715867201, 6.68, 4.88e-08, 3.25e-08, 2.16, 0.4, 1e-08, 0
716472001, 4.27, 5.53e-08, 3.49e-08, 2.57, 0.55, 1e-08, 0
717076801, 2.21, 3.31e-08, 3.96e-08, 2.31, 0.87, 1e-08, 0
717681601, 13.72, 6.58e-08, 4.23e-08, 2.27, 0.45, 1e-08, 0
718286401, 7.29, 7.71e-08, 4.09e-08, 2.57, 0.46, 1e-08, 0
718891201, 4.48, 4.18e-08, 3.27e-08, 2.06, 0.47, 1e-08, 0
720100801, 1.99, 1.33e-08, 1.69e-08, 1.99, 0.67, 1e-08, 0
721310401, 9.07, 8.85e-08, 5.25e-08, 2.47, 0.49, 1e-08, 0
722520001, 2.0, 2.02e-07, 2.71e-07, 2.82, 1.23, 1e-08, 0
723124801, 8.1, 3.45e-07, 2.2e-07, 2.2, 0.49, 1e-08, 0
723729601, 11.74, 1.47e-07, 7.39e-08, 2.3, 0.38, 1e-08, 0
724334401, 3.38, 4.69e-08, 4.45e-08, 2.36, 0.78, 1e-08, 0
724939201, 1.27, 5.62e-08, 5.89e-08, 5.0, 0, 1e-08, 0
725544001, 49.6, 1.23e-07, 4.89e-08, 1.96, 0.26, 1e-08, 0
726148801, 1.12, 4.09e-08, 5.88e-08, 2.37, 0.79, 1e-08, 0
727963201, 8.61, 2.88e-08, 2.33e-08, 1.69, 0.43, 1e-08, 0
728568001, 3.28, 7.18e-08, 5.13e-08, 2.81, 0.63, 1e-08, 0
729172801, 13.86, 5.04e-08, 3.33e-08, 1.87, 0.39, 1e-08, 0
729777601, 8.8, 1.16e-07, 5.09e-08, 2.86, 0.49, 1e-08, 0
730382401, 31.67, 7.65e-08, 3.36e-08, 1.96, 0.27, 1e-08, 0
730987201, 27.84, 8.4e-08, 3.78e-08, 2.01, 0.31, 1e-08, 0
731592001, 34.47, 2.06e-07, 5.8e-08, 2.58, 0.29, 1e-08, 0
732196801, 14.76, 6.29e-08, 3.32e-08, 1.86, 0.31, 1e-08, 0
732801601, 24.77, 7.29e-08, 2.72e-08, 1.99, 0.24, 1e-08, 0
733406401, 1.04, 4.83e-08, 5.25e-08, 3.21, 2.67, 1e-08, 0
734011201, 7.74, 5.87e-08, 5.74e-08, 2.36, 0.67, 1e-08, 0
734616001, 1.46, 3.93e-08, 4.42e-08, 2.61, 0.74, 1e-08, 0
735220801, 18.04, 1.19e-07, 5.18e-08, 2.21, 0.31, 1e-08, 0
735825601, 27.49, 1.08e-07, 4.68e-08, 2.09, 0.29, 1e-08, 0
736430401, 4.21, 1.66e-08, 2.25e-08, 1.58, 0.72, 1e-08, 0
737035201, 4.36, 1.39e-07, 9.28e-08, 5.0, 0, 1e-08, 0
737640001, 5.36, 6.63e-09, 1.05e-08, 0.83, 0.87, 1e-08, 0
738244801, 4.95, 1.12e-07, 5.79e-08, 4.22, 1.35, 1e-08, 0
739454401, 1.94, 8.99e-08, 7.39e-08, 4.65, 3.8, 1e-08, 0
740059201, 9.29, 8.71e-08, 6.46e-08, 1.75, 0.39, 1e-08, 0
740664001, 5.1, 1.38e-06, 8.38e-07, 3.54, 0.81, 1e-08, 0
741268801, 2.47, 1.78e-07, 1.63e-07, 5.0, 0, 1e-08, 0
