timestamp, ts, flux, flux_error, photon_index, photon_index_interval, fit_tolerance, fit_convergence
239889601, 6.38, 2.12e-08, 1.66e-08, 2.25, 0.54, 1e-08, 0
240494401, 5.27, 1.26e-08, 1.3e-08, 1.78, 0.52, 1e-08, 0
241099201, 1.75, 3.25e-08, 2.82e-08, 3.33, 1.27, 1e-08, 0
241704001, 3.02, 5.43e-08, 3.64e-08, 3.58, 1.54, 1e-08, 0
243518401, 2.93, 4.85e-08, 3.32e-08, 3.89, 6.1, 1e-08, 102
244728001, 8.21, 1.55e-09, 1.76e-09, 1.02, 0.61, 1e-08, 0
245332801, 10.28, 3.73e-08, 1.95e-08, 2.09, 0.32, 1e-08, 0
245937601, 2.36, 2.01e-08, 2.58e-08, 2.34, 1.02, 1e-08, 0
247752001, 3.03, 5.6e-09, 9.89e-09, 1.77, 0.84, 1e-08, 0
248356801, 3.72, 3.2e-08, 2.6e-08, 2.8, 0.74, 1e-08, 0
249566401, 3.77, 1.69e-08, 2.13e-08, 2.38, 0.76, 1e-08, 0
251985601, 5.29, 4.72e-08, 2.72e-08, 2.45, 0.39, 1e-08, 0
252590401, 28.4, 1.52e-07, 3.9e-08, 2.98, 0.37, 1e-08, 0
253195201, 5.25, 6.13e-08, 3.34e-08, 3.31, 0.97, 1e-08, 0
253800001, 1.88, 4e-08, 3.33e-08, 4.93, 6.79, 1e-08, 102
255614401, 7.39, 2.5e-08, 2.25e-08, 2.2, 0.52, 1e-08, 0
256219201, 20.67, 1.43e-09, 1.44e-09, 0.0, 0, 1e-08, 0
256824001, 6.73, 4.21e-08, 3.62e-08, 2.57, 0.68, 1e-08, 0
257428801, 4.4, 5.16e-08, 2.99e-08, 3.35, 1.02, 1e-08, 0
258033601, 1.08, 2.42e-08, 2.71e-08, 3.2, 2.08, 1e-08, 0
259243201, 8.4, 3.12e-08, 2.4e-08, 2.31, 0.52, 1e-08, 0
259848001, 3.63, 7.41e-09, 9.49e-09, 1.6, 0.58, 1e-08, 0
260452801, 1.78, 4.71e-08, 4.63e-08, 4.37, 7.2, 1e-08, 102
261057601, 2.15, 4.75e-08, 3.45e-08, 5.03, 6.82, 1e-08, 102
261662401, 13.98, 2.87e-08, 2.35e-08, 1.96, 0.41, 1e-08, 0
262267201, 2.03, 2.91e-08, 2.9e-07, 9.27, 5.98, 1e-08, 102
263476801, 2.7, 1.75e-08, 2.08e-08, 2.23, 0.74, 1e-08, 0
264686401, 11.79, 6.45e-08, 3.33e-08, 2.46, 0.4, 1e-08, 0
265896001, 1.48, 1.31e-08, 1.61e-08, 2.17, 0.67, 1e-08, 0
266500801, 5.6, 3.78e-08, 2.39e-08, 2.39, 0.46, 1e-08, 0
267105601, 6.01, 1.02e-08, 9.9e-09, 1.85, 0.5, 1e-08, 0
267710401, 2.85, 2.93e-08, 2.45e-08, 2.96, 0.92, 1e-08, 0
268315201, 2.79, 1.58e-09, 1.96e-09, 1.04, 0.61, 1e-08, 0
268920001, 5.6, 5.48e-08, 2.75e-08, 9.63, 0.3, 1e-08, 0
269524801, 8.32, 2.71e-09, 3.95e-09, 1.2, 0.74, 1e-08, 0
273153601, 1.2, 6.37e-09, 9.65e-09, 1.93, 0.75, 1e-08, 0
273758401, 4.42, 2.44e-08, 2.33e-08, 2.26, 0.57, 1e-08, 0
274363201, 2.3, 4.54e-08, 4.13e-08, 3.28, 1.18, 1e-08, 0
274968001, 6.55, 4.75e-08, 3.95e-08, 2.38, 0.54, 1e-08, 0
276177601, 1.89, 2.42e-08, 2.46e-08, 2.76, 1.01, 1e-08, 0
276782401, 7.31, 6.82e-09, 7.3e-09, 1.59, 0.47, 1e-08, 0
277387201, 1.74, 1.04e-08, 1.51e-08, 2.32, 0.85, 1e-08, 0
279201601, 3.26, 6.93e-08, 4.45e-08, 4.34, 5.97, 1e-08, 102
280411201, 1.71, 1.97e-08, 1.91e-08, 2.44, 0.68, 1e-08, 0
281620801, 15.76, 2.13e-08, 1.62e-08, 1.96, 0.44, 1e-08, 0
284644801, 16.45, 1.04e-07, 3.61e-08, 2.47, 0.31, 1e-08, 0
285249601, 8.3, 3.57e-08, 2.93e-08, 2.22, 0.48, 1e-08, 0
285854401, 6.42, 4.91e-08, 2.64e-08, 2.99, 0.71, 1e-08, 0
286459201, 19.14, 6.09e-09, 5.24e-09, 1.3, 0.4, 1e-08, 0
287064001, 6.34, 7.17e-08, 3.41e-08, 4.46, 4.12, 1e-08, 102
288273601, 5.52, 2.38e-08, 2.1e-08, 1.87, 0.52, 1e-08, 0
288878401, 6.01, 4.05e-08, 2.82e-08, 2.28, 0.47, 1e-08, 0
289483201, 2.85, 2e-08, 2.55e-08, 1.98, 0.63, 1e-08, 0
290088001, 106.21, 1.89e-07, 3.5e-08, 2.49, 0.17, 1e-08, 0
290692801, 70.42, 1.36e-07, 3e-08, 2.42, 0.2, 1e-08, 0
291297601, 22.97, 8.61e-08, 3.07e-08, 2.49, 0.33, 1e-08, 0
291902401, 2.93, 3.73e-08, 2.66e-08, 2.94, 1.12, 1e-08, 0
292507201, 23.65, 1.58e-07, 5.4e-08, 2.78, 0.36, 1e-08, 0
293112001, 14.07, 1.03e-07, 4.69e-08, 2.44, 0.34, 1e-08, 0
293716801, 2.21, 1.21e-08, 1.47e-08, 2.03, 0.68, 1e-08, 0
294321601, 22.63, 4.73e-08, 2.07e-08, 1.92, 0.27, 1e-08, 0
294926401, 17.39, 5.76e-08, 2.39e-08, 2.45, 0.33, 1e-08, 0
295531201, 3.42, 1.37e-08, 1.3e-08, 2.16, 0.57, 1e-08, 0
296136001, 6.43, 5.64e-08, 2.56e-08, 4.07, 4.28, 1e-08, 102
298555201, 14.13, 1.29e-07, 4.48e-08, 3.4, 0.49, 1e-08, 0
299160001, 11.14, 4.79e-08, 2.96e-08, 2.68, 0.57, 1e-08, 0
299764801, 17.39, 7.31e-08, 2.61e-08, 2.82, 0.38, 1e-08, 0
300369601, 7.07, 4.86e-08, 2.29e-08, 3.15, 0.75, 1e-08, 0
300974401, 2.75, 1.63e-08, 1.89e-08, 2.41, 0.81, 1e-08, 0
301579201, 8.84, 9.08e-08, 4e-08, 2.97, 0.57, 1e-08, 0
302184001, 1.87, 4.99e-08, 4.38e-08, 5.96, 7.03, 1e-08, 102
302788801, 1.25, 3.18e-08, 3.89e-08, 3.05, 1.52, 1e-08, 0
304603201, 15.2, 8.31e-08, 2.69e-08, 3.21, 0.52, 1e-08, 0
305208001, 18.87, 3.84e-08, 2.63e-08, 2.28, 0.45, 1e-08, 0
306417601, 5.91, 7.58e-08, 4.61e-08, 2.73, 0.76, 1e-08, 0
307022401, 4.74, 2.53e-08, 2.25e-08, 1.6, 0.44, 1e-08, 0
307627201, 1.35, 8.49e-09, 1.29e-08, 1.86, 0.74, 1e-08, 0
308232001, 2.56, 2.64e-08, 2.61e-08, 2.55, 0.77, 1e-08, 0
308836801, 13.98, 3.12e-08, 1.61e-08, 1.96, 0.29, 1e-08, 0
309441601, 11.12, 2.95e-08, 1.77e-08, 2.3, 0.41, 1e-08, 0
310046401, 4.99, 2.69e-08, 2.44e-08, 2.35, 0.62, 1e-08, 0
311256001, 1.08, 6.62e-09, 1.4e-08, 1.97, 1.1, 1e-08, 0
312465601, 4.39, 5.12e-08, 3.14e-08, 2.76, 0.65, 1e-08, 0
313070401, 1.42, 1e-08, 1.79e-08, 2.48, 1.17, 1e-08, 0
314280001, 9.73, 2.27e-08, 1.6e-08, 2.22, 0.47, 1e-08, 0
314884801, 3.9, 2.25e-08, 1.92e-08, 2.21, 0.54, 1e-08, 0
315489601, 1.01, 1.51e-08, 1.91e-08, 2.32, 0.69, 1e-08, 0
316094401, 18.26, 3.26e-08, 2.65e-08, 1.88, 0.39, 1e-08, 0
316699201, 14.54, 8.58e-08, 3.61e-08, 2.44, 0.35, 1e-08, 0
317304001, 1.32, 2.85e-08, 3.04e-08, 3.4, 1.78, 1e-08, 0
317908801, 20.46, 7.65e-08, 2.74e-08, 2.61, 0.35, 1e-08, 0
318513601, 19.05, 9.59e-08, 3.1e-08, 2.78, 0.38, 1e-08, 0
319118401, 32.4, 4.15e-08, 2.16e-08, 1.9, 0.29, 1e-08, 0
319723201, 7.53, 4.28e-08, 2.6e-08, 2.24, 0.42, 1e-08, 0
320328001, 10.06, 6.57e-08, 3.61e-08, 2.5, 0.43, 1e-08, 0
320932801, 16.64, 7.74e-08, 4.05e-08, 2.05, 0.32, 1e-08, 0
321537601, 34.99, 1.17e-07, 3.71e-08, 2.34, 0.26, 1e-08, 0
322142401, 1.8, 2.25e-08, 2.03e-08, 2.53, 0.7, 1e-08, 0
322747201, 5.81, 3.81e-08, 3.25e-08, 2.08, 0.48, 1e-08, 0
323352001, 13.46, 2.52e-08, 1.82e-08, 2.11, 0.45, 1e-08, 0
323956801, 3.28, 3.08e-08, 2.27e-08, 2.65, 0.72, 1e-08, 0
325166401, 9.57, 9.47e-08, 4.24e-08, 2.66, 0.41, 1e-08, 0
325771201, 15.57, 4.7e-08, 2.44e-08, 2.05, 0.32, 1e-08, 0
326376001, 20.07, 1.09e-07, 3.78e-08, 2.87, 0.39, 1e-08, 0
326980801, 13.22, 3.22e-08, 1.81e-08, 2.04, 0.33, 1e-08, 0
328190401, 1.07, 1.33e-08, 1.93e-08, 2.47, 1.04, 1e-08, 0
328795201, 1.65, 2.2e-08, 2.38e-08, 2.59, 0.9, 1e-08, 0
329400001, 7.55, 1.73e-08, 1.53e-08, 1.88, 0.45, 1e-08, 0
330609601, 2.4, 5.56e-08, 4.06e-08, 3.46, 1.72, 1e-08, 0
331214401, 2.09, 1.2e-08, 1.69e-08, 2.19, 0.82, 1e-08, 0
331819201, 18.42, 2.17e-08, 1.58e-08, 1.79, 0.37, 1e-08, 0
333028801, 4.13, 4.84e-08, 2.76e-08, 3.28, 0.91, 1e-08, 0
333633601, 3.73, 5.95e-08, 4.57e-08, 3.35, 1.93, 1e-08, 0
334238401, 14.01, 4.79e-08, 3.34e-08, 2.17, 0.4, 1e-08, 0
334843201, 14.13, 1.05e-07, 5.09e-08, 2.75, 0.45, 1e-08, 0
335448001, 15.46, 9.04e-08, 3.48e-08, 2.37, 0.3, 1e-08, 0
336052801, 7.65, 5.75e-08, 2.99e-08, 3.14, 0.74, 1e-08, 0
336657601, 8.93, 8.46e-08, 3.52e-08, 5.42, 3.46, 1e-08, 102
337262401, 12.21, 5.3e-08, 2.63e-08, 2.24, 0.37, 1e-08, 0
337867201, 7.78, 4.11e-08, 2.23e-08, 2.39, 0.41, 1e-08, 0
339076801, 6.61, 3.05e-08, 3.15e-08, 2.24, 0.6, 1e-08, 0
339681601, 5.98, 7.82e-08, 4.3e-08, 3.23, 0.64, 1e-08, 0
340286401, 9.82, 7.45e-08, 3.36e-08, 2.57, 0.42, 1e-08, 0
340891201, 5.88, 1.66e-08, 1.48e-08, 2.05, 0.51, 1e-08, 0
341496001, 25.08, 7.16e-08, 2.37e-08, 2.62, 0.31, 1e-08, 0
342100801, 6.55, 3.11e-08, 2.67e-08, 2.7, 0.81, 1e-08, 0
342705601, 12.33, 6.07e-08, 2.87e-08, 2.65, 0.44, 1e-08, 0
343310401, 7.57, 7.45e-08, 3.86e-08, 2.86, 0.6, 1e-08, 0
343915201, 4.06, 9.63e-08, 5.38e-08, 7.68, 4.7, 1e-08, 102
344520001, 5.42, 6.42e-08, 4.08e-08, 2.93, 0.65, 1e-08, 0
345124801, 6.67, 3.03e-08, 2.01e-08, 2.3, 0.45, 1e-08, 0
345729601, 3.12, 1.48e-08, 1.81e-08, 2.03, 0.62, 1e-08, 0
346334401, 3.8, 7.85e-09, 8.04e-09, 1.8, 0.5, 1e-08, 0
346939201, 3.36, 4.08e-08, 3.93e-07, 8.31, 2.88, 1e-08, 0
347544001, 6.63, 6.11e-08, 3.25e-08, 2.63, 0.52, 1e-08, 0
348148801, 4.18, 2.44e-08, 2.82e-08, 2.24, 0.63, 1e-08, 0
348753601, 10.61, 7.42e-08, 4.06e-08, 2.52, 0.44, 1e-08, 0
349358401, 9.55, 5.53e-08, 3.38e-08, 2.5, 0.56, 1e-08, 0
350568001, 18.72, 3.76e-08, 1.88e-08, 2.08, 0.29, 1e-08, 0
351172801, 21.94, 8.24e-08, 2.64e-08, 2.65, 0.33, 1e-08, 0
351777601, 18.59, 3.32e-08, 2.01e-08, 1.92, 0.32, 1e-08, 0
352987201, 5.21, 5.46e-08, 4.17e-08, 2.24, 0.49, 1e-08, 0
354196801, 20.24, 5.73e-08, 2.45e-08, 2.25, 0.33, 1e-08, 0
354801601, 5.59, 3.07e-08, 2.08e-08, 2.34, 0.48, 1e-08, 0
355406401, 34.84, 7.99e-08, 2.39e-08, 2.35, 0.24, 1e-08, 0
356011201, 15.65, 3.12e-08, 1.87e-08, 2.0, 0.33, 1e-08, 0
356616001, 2.33, 4.63e-08, 3.54e-08, 3.66, 2.99, 1e-08, 0
357220801, 11.76, 4.65e-08, 3.02e-08, 2.09, 0.38, 1e-08, 0
357825601, 3.63, 7.18e-08, 4.93e-08, 3.42, 1.25, 1e-08, 0
358430401, 10.8, 3.94e-08, 2.58e-08, 2.15, 0.4, 1e-08, 0
359640001, 7.9, 5.48e-08, 2.75e-08, 2.93, 0.7, 1e-08, 0
360244801, 12.45, 6.53e-08, 2.46e-08, 3.05, 0.54, 1e-08, 0
360849601, 14.23, 9.54e-08, 3.38e-08, 3.14, 0.55, 1e-08, 0
361454401, 12.76, 1.1e-07, 3.92e-08, 3.63, 0.62, 1e-08, 0
362664001, 2.84, 2.27e-08, 2.44e-08, 2.21, 0.59, 1e-08, 0
363268801, 25.93, 1.08e-07, 4.39e-08, 2.43, 0.35, 1e-08, 0
363873601, 18.96, 5.08e-08, 2.3e-08, 2.19, 0.29, 1e-08, 0
364478401, 17.7, 7.88e-08, 2.9e-08, 2.9, 0.46, 1e-08, 0
365083201, 16.47, 7.28e-08, 2.7e-08, 2.74, 0.41, 1e-08, 0
365688001, 1.04, 1.47e-08, 1.92e-08, 2.65, 0.9, 1e-08, 0
366897601, 5.3, 1.21e-08, 1.56e-08, 1.66, 0.59, 1e-08, 0
368712001, 15.28, 5.67e-08, 2.18e-08, 2.5, 0.36, 1e-08, 0
369316801, 4.92, 4.62e-08, 2.78e-08, 2.89, 0.75, 1e-08, 0
369921601, 3.7, 5.29e-08, 3.37e-08, 4.52, 5.03, 1e-08, 102
370526401, 3.21, 2.08e-07, 1.56e-07, 4.01, 1.79, 1e-08, 0
372340801, 10.35, 1.11e-07, 4.23e-08, 4.36, 3.44, 1e-08, 102
372945601, 1.6, 2.88e-08, 2.76e-08, 3.45, 1.69, 1e-08, 0
373550401, 3.42, 2.8e-08, 2.06e-08, 2.64, 0.7, 1e-08, 0
374155201, 7.96, 2.46e-08, 2.04e-08, 2.28, 0.5, 1e-08, 0
374760001, 17.37, 6.48e-08, 3.21e-08, 2.46, 0.41, 1e-08, 0
375364801, 1.91, 2.04e-08, 3.03e-08, 2.56, 1.02, 1e-08, 0
375969601, 4.84, 5.5e-08, 4.41e-08, 2.52, 0.58, 1e-08, 0
376574401, 16.15, 1e-07, 4.5e-08, 2.69, 0.43, 1e-08, 0
378388801, 6.04, 3.94e-08, 2.42e-08, 2.66, 0.72, 1e-08, 0
378993601, 1.97, 3.21e-08, 2.67e-08, 3.49, 2.87, 1e-08, 0
379598401, 3.56, 5.94e-08, 3.78e-08, 3.9, 5.38, 1e-08, 102
380203201, 1.79, 2e-08, 2.71e-08, 2.11, 0.76, 1e-08, 0
381412801, 4.78, 8.27e-08, 4.71e-08, 3.29, 0.68, 1e-08, 0
382622401, 18.71, 5.89e-08, 2.48e-08, 2.38, 0.34, 1e-08, 0
383227201, 9.55, 6.18e-08, 2.54e-08, 6.27, 3.43, 1e-08, 102
383832001, 12.13, 2.26e-08, 1.73e-08, 1.79, 0.4, 1e-08, 0
384436801, 3.38, 9e-08, 6.51e-08, 8.5, 5.73, 1e-08, 102
385041601, 2.79, 6.83e-08, 5.66e-08, 2.95, 1.49, 1e-08, 0
386251201, 1.32, 2.32e-08, 2.5e-08, 2.34, 0.76, 1e-08, 0
387460801, 5.73, 5.26e-08, 2.62e-08, 7.92, 4.28, 1e-08, 102
388065601, 3.21, 4.09e-08, 2.59e-08, 3.79, 5.93, 1e-08, 102
388670401, 1.0, NaN, NaN, NaN, NaN, 1e-08, 0
389880001, 1.39, 1.44e-08, 1.84e-08, 2.11, 0.69, 1e-08, 0
392299201, 1.71, 6.74e-09, 9.06e-09, 1.96, 0.75, 1e-08, 0
392904001, 6.86, 2.01e-09, 3.31e-09, 1.19, 0.88, 1e-08, 0
394113601, 4.16, 2.83e-08, 2.28e-08, 2.23, 0.49, 1e-08, 0
396532801, 3.31, 3.7e-08, 2.37e-08, 3.45, 1.2, 1e-08, 0
397137601, 5.13, 3.07e-09, 4.18e-09, 1.45, 0.64, 1e-08, 0
398347201, 1.16, 5.45e-08, 5.83e-08, 5.06, 8.64, 1e-08, 102
400766401, 1.63, 2e-08, 1.9e-08, 2.61, 0.77, 1e-08, 0
401371201, 3.2, 2.19e-08, 2.95e-08, 2.81, 1.24, 1e-08, 0
403185601, 10.25, 1.23e-07, 5.22e-08, 3.27, 0.67, 1e-08, 0
403790401, 4.08, 1.11e-07, 1.97e-06, 7.67, 5.31, 1e-08, 102
405604801, 4.97, 3.4e-08, 2.56e-08, 2.53, 0.63, 1e-08, 0
406209601, 3.36, 2.39e-08, 2e-08, 2.46, 0.75, 1e-08, 0
406814401, 5.01, 3.65e-08, 2.39e-08, 2.62, 0.56, 1e-08, 0
407419201, 1.8, 1.12e-08, 1.37e-08, 1.92, 0.57, 1e-08, 0
408024001, 1.92, 1.02e-08, 1.93e-08, 1.93, 0.92, 1e-08, 0
408628801, 4.19, 2.25e-08, 1.84e-08, 2.05, 0.47, 1e-08, 0
409233601, 1.5, 3.3e-08, 3.42e-08, 2.81, 1.31, 1e-08, 0
409838401, 4.19, 4.22e-08, 3.25e-08, 2.71, 0.78, 1e-08, 0
411652801, 2.09, 2.17e-08, 2.42e-08, 2.2, 0.66, 1e-08, 0
413467201, 4.46, 1.52e-08, 2.87e-08, 1.74, 0.93, 1e-08, 0
414676801, 7.21, 2.57e-08, 2.3e-08, 1.93, 0.46, 1e-08, 0
415281601, 6.61, 3.16e-08, 1.65e-08, 2.59, 0.45, 1e-08, 0
416491201, 6.66, 3.81e-08, 2.95e-08, 2.05, 0.45, 1e-08, 0
417096001, 6.63, 1.57e-07, 8.22e-08, 2.91, 0.54, 1e-08, 0
418910401, 5.19, 7.21e-08, 4.4e-08, 3.3, 0.96, 1e-08, 0
420120001, 2.85, 1.49e-08, 1.53e-08, 1.99, 0.55, 1e-08, 0
421934401, 2.21, 2.71e-08, 3.15e-08, 2.35, 0.72, 1e-08, 0
424353601, 1.92, 1.44e-08, 1.54e-08, 2.48, 0.73, 1e-08, 0
424958401, 7.47, 1.67e-09, 2.01e-09, 1.04, 0.63, 1e-08, 0
425563201, 7.18, 2.31e-08, 2.04e-08, 2.04, 0.6, 1e-08, 0
426168001, 2.88, 5.64e-08, 3.93e-08, 5.37, 5.76, 1e-08, 102
427982401, 2.44, 3.87e-08, 3.66e-08, 2.24, 0.62, 1e-08, 0
428587201, 9.72, 8.79e-08, 3.91e-08, 7.11, 3.62, 1e-08, 102
431611201, 1.38, 8.17e-08, 7.94e-08, 4.89, 8.32, 1e-08, 102
432820801, 1.73, 2.46e-08, 2.69e-08, 2.48, 0.91, 1e-08, 0
433425601, 4.21, 4.42e-08, 2.77e-08, 2.69, 0.58, 1e-08, 0
434030401, 11.42, 6.11e-08, 2.58e-08, 2.59, 0.42, 1e-08, 0
434635201, 1.71, 4.5e-08, 6.1e-08, 3.58, 8.71, 1e-08, 102
435844801, 5.45, 1.49e-07, 8.3e-08, 3.19, 0.74, 1e-08, 0
436449601, 4.85, 9.92e-08, 6.09e-08, 3.22, 0.77, 1e-08, 0
437054401, 8.03, 1.26e-07, 5.5e-08, 5.81, 3.69, 1e-08, 102
438868801, 2.59, 3.33e-08, 2.92e-08, 2.54, 0.91, 1e-08, 0
439473601, 1.77, 1.37e-08, 1.75e-08, 2.0, 0.62, 1e-08, 0
441288001, 16.04, 5.84e-08, 2.88e-08, 2.25, 0.34, 1e-08, 0
441892801, 37.76, 1.06e-07, 3.08e-08, 2.36, 0.24, 1e-08, 0
442497601, 6.36, 3.81e-08, 2.19e-08, 2.6, 0.51, 1e-08, 0
443102401, 6.39, 5.66e-08, 2.69e-08, 4.01, 4.22, 1e-08, 102
443707201, 6.75, 6.19e-08, 3e-08, 2.91, 0.58, 1e-08, 0
444312001, 12.73, 6.18e-08, 2.71e-08, 2.57, 0.37, 1e-08, 0
444916801, 10.34, 4.08e-08, 3.31e-08, 2.1, 0.5, 1e-08, 0
445521601, 3.09, 6.81e-08, 4.67e-08, 3.44, 1.33, 1e-08, 0
446126401, 1.86, 2.9e-08, 2.61e-08, 3.09, 1.12, 1e-08, 0
447336001, 4.77, 2.16e-08, 2.17e-08, 2.4, 0.79, 1e-08, 0
449150401, 7.87, 1.78e-07, 8.22e-08, 4.25, 4.06, 1e-08, 102
450360001, 19.78, 1.36e-07, 4.7e-08, 2.96, 0.49, 1e-08, 0
450964801, 1.63, 8.3e-09, 9.9e-09, 1.83, 0.55, 1e-08, 0
451569601, 13.87, 6.94e-08, 2.65e-08, 2.81, 0.44, 1e-08, 0
452174401, 15.73, 4.35e-08, 2.03e-08, 2.31, 0.35, 1e-08, 0
452779201, 5.09, 1.55e-08, 1.61e-08, 2.08, 0.56, 1e-08, 0
453384001, 10.38, 5.86e-08, 3.33e-08, 2.33, 0.42, 1e-08, 0
453988801, 8.17, 8.29e-08, 4.31e-08, 2.81, 0.55, 1e-08, 0
454593601, 3.08, 2.22e-08, 2.02e-08, 2.25, 0.66, 1e-08, 0
455198401, 1.21, 1.49e-08, 2.33e-08, 2.53, 1.02, 1e-08, 0
455803201, 21.1, 4.38e-08, 2.09e-08, 2.05, 0.28, 1e-08, 0
456408001, 5.5, 4.96e-08, 2.63e-08, 3.15, 0.63, 1e-08, 0
457012801, 20.11, 6.17e-08, 2.63e-08, 2.41, 0.32, 1e-08, 0
457617601, 18.25, 4.96e-08, 2.52e-08, 2.25, 0.34, 1e-08, 0
458222401, 1.55, 4.04e-08, 3.64e-08, 3.84, 2.54, 1e-08, 0
459432001, 4.31, 1.76e-08, 1.93e-08, 2.08, 0.58, 1e-08, 0
460036801, 2.41, 2.84e-08, 2.38e-08, 2.49, 0.6, 1e-08, 0
460641601, 7.43, 4.95e-08, 2.77e-08, 2.83, 0.84, 1e-08, 0
461246401, 1.09, 2.49e-08, 3.43e-08, 4.12, 8.84, 1e-08, 102
461851201, 12.89, 2.59e-08, 1.94e-08, 2.04, 0.41, 1e-08, 0
462456001, 22.25, 1.13e-07, 3.69e-08, 2.75, 0.37, 1e-08, 0
463060801, 1.5, 1.82e-08, 2.66e-08, 2.22, 0.91, 1e-08, 0
463665601, 12.73, 1.07e-07, 4.9e-08, 2.64, 0.43, 1e-08, 0
464270401, 1.43, 2.68e-08, 3.06e-07, 9.22, 6.87, 1e-08, 102
464875201, 1.8, 5.32e-09, 8.26e-09, 2.02, 0.84, 1e-08, 0
466084801, 17.51, 7.19e-08, 2.59e-08, 2.75, 0.38, 1e-08, 0
467294401, 2.84, 1.33e-08, 1.6e-08, 1.99, 0.64, 1e-08, 0
468504001, 3.93, 5.58e-08, 3.69e-08, 3.05, 0.67, 1e-08, 0
469108801, 3.38, 2.91e-08, 2.24e-08, 2.5, 0.65, 1e-08, 0
470923201, 1.17, 2.95e-08, 2.85e-08, 4.83, 8.46, 1e-08, 102
471528001, 3.44, 6.3e-08, 3.72e-08, 4.65, 5.35, 1e-08, 102
473342401, 5.33, 5.54e-08, 3.02e-08, 3.04, 0.67, 1e-08, 0
473947201, 2.06, 2.3e-08, 2.05e-08, 2.67, 0.79, 1e-08, 0
474552001, 4.2, 3.97e-08, 2.31e-08, 3.03, 0.84, 1e-08, 0
475156801, 16.95, 4.85e-08, 2.46e-08, 2.34, 0.39, 1e-08, 0
475761601, 6.57, 1.79e-08, 1.93e-08, 2.1, 0.6, 1e-08, 0
476366401, 1.77, 1.87e-08, 2.43e-08, 2.12, 0.71, 1e-08, 0
476971201, 2.15, 6.15e-08, 4.54e-08, 5.03, 6.78, 1e-08, 102
477576001, 1.45, 8.41e-09, 1.25e-08, 1.91, 0.78, 1e-08, 0
478785601, 19.24, 1.15e-07, 3.47e-08, 5.24, 2.47, 1e-08, 102
479390401, 21.67, 7.31e-08, 2.42e-08, 2.55, 0.31, 1e-08, 0
479995201, 12.93, 4.2e-08, 2.13e-08, 2.17, 0.34, 1e-08, 0
480600001, 4.48, 5.63e-08, 3.45e-08, 8.87, 4.8, 1e-08, 102
481204801, 10.37, 7.38e-08, 4.34e-08, 2.31, 0.43, 1e-08, 0
481809601, 11.76, 5.81e-08, 4.13e-08, 2.43, 0.49, 1e-08, 0
483019201, 20.94, 6.91e-08, 2.76e-08, 2.47, 0.32, 1e-08, 0
483624001, 7.56, 4.87e-08, 2.72e-08, 2.38, 0.45, 1e-08, 0
484228801, 17.55, 5.14e-08, 2.34e-08, 2.37, 0.36, 1e-08, 0
484833601, 11.95, 5.41e-08, 2.55e-08, 2.35, 0.35, 1e-08, 0
485438401, 6.89, 1.3e-08, 1.32e-08, 1.6, 0.45, 1e-08, 0
486043201, 25.46, 8.53e-08, 3.48e-08, 2.27, 0.3, 1e-08, 0
486648001, 37.47, 1.32e-07, 3.82e-08, 2.27, 0.22, 1e-08, 0
487252801, 17.37, 8.8e-08, 3.11e-08, 2.85, 0.38, 1e-08, 0
487857601, 2.16, 2.84e-08, 2.74e-08, 2.38, 0.63, 1e-08, 0
488462401, 38.81, 1.1e-07, 3.1e-08, 2.23, 0.22, 1e-08, 0
489067201, 27.54, 7.28e-08, 2.44e-08, 2.26, 0.26, 1e-08, 0
489672001, 1.74, 1.4e-08, 1.57e-08, 1.94, 0.54, 1e-08, 0
490276801, 29.5, 5.31e-08, 2.42e-08, 1.8, 0.25, 1e-08, 0
491486401, 7.38, 6.17e-08, 3.44e-08, 2.82, 0.57, 1e-08, 0
492091201, 6.97, 2.15e-08, 1.36e-08, 2.31, 0.44, 1e-08, 0
492696001, 17.58, 8.9e-08, 3.07e-08, 2.98, 0.44, 1e-08, 0
493300801, 20.58, 1.32e-08, 8.22e-09, 1.55, 0.3, 1e-08, 0
493905601, 90.81, 1.56e-07, 3.3e-08, 2.3, 0.18, 1e-08, 0
494510401, 38.83, 1.14e-07, 3.68e-08, 2.3, 0.25, 1e-08, 0
495115201, 9.83, 7.3e-09, 1.17e-08, 1.38, 0.66, 1e-08, 0
495720001, 3.26, 6.34e-08, 4.54e-08, 3.37, 1.04, 1e-08, 0
496324801, 2.91, 5.19e-08, 3.43e-08, 3.66, 6.15, 1e-08, 102
497534401, 18.57, 5.13e-08, 2.73e-08, 2.22, 0.39, 1e-08, 0
498139201, 13.4, 3.32e-08, 2.15e-08, 1.91, 0.36, 1e-08, 0
499953601, 2.27, 7.05e-08, 8.34e-07, 9.78, 7.1, 1e-08, 102
501163201, 6.86, 4.48e-08, 2.44e-08, 2.49, 0.45, 1e-08, 0
502977601, 6.19, 4.59e-08, 2.57e-08, 2.68, 0.51, 1e-08, 0
503582401, 4.61, 7.51e-08, 4.21e-08, 9.28, 4.73, 1e-08, 102
504187201, 8.43, 6.63e-08, 3.67e-08, 2.46, 0.5, 1e-08, 0
505396801, 4.69, 3.34e-08, 2.83e-08, 2.32, 0.61, 1e-08, 0
506001601, 1.95, 4.01e-09, 6.07e-09, 1.82, 0.77, 1e-08, 0
506606401, 6.66, 5.59e-08, 6.33e-08, 3.35, 5, 1e-08, 102
507816001, 1.38, 1.66e-08, 2.54e-08, 2.63, 1.2, 1e-08, 0
508420801, 1.58, 4.79e-08, 4.35e-08, 3.9, 2.48, 1e-08, 0
510840001, 4.32, 1.53e-08, 1.54e-08, 2.15, 0.6, 1e-08, 0
512049601, 2.95, 3.65e-08, 2.49e-08, 2.99, 0.86, 1e-08, 0
515678401, 1.52, 9.14e-09, 1.43e-08, 2.29, 0.93, 1e-08, 0
516888001, 17.5, 3.42e-08, 2.34e-08, 1.99, 0.38, 1e-08, 0
517492801, 19.09, 1.3e-07, 4.48e-08, 2.64, 0.36, 1e-08, 0
518097601, 1.78, 5.1e-08, 4.45e-08, 3.68, 1.99, 1e-08, 0
519307201, 15.28, 8.52e-08, 3.06e-08, 2.99, 0.47, 1e-08, 0
519912001, 9.42, 5.43e-08, 2.52e-08, 2.65, 0.46, 1e-08, 0
520516801, 1.86, 2.66e-08, 2.55e-08, 2.67, 0.77, 1e-08, 0
522331201, 3.96, 5.68e-08, 3.46e-08, 3.64, 1.09, 1e-08, 0
522936001, 3.4, 6.87e-08, 7.81e-07, 7.75, 3.4, 1e-08, 0
524145601, 2.64, 3.93e-08, 2.83e-08, 3.28, 1.07, 1e-08, 0
524750401, 9.3, 2.28e-08, 1.5e-08, 2.11, 0.42, 1e-08, 0
525960001, 8.04, 3.08e-09, 7.39e-09, 1.32, 1.09, 1e-08, 0
526564801, 11.16, 5e-08, 3.33e-08, 2.37, 0.47, 1e-08, 0
527169601, 7.54, 5.23e-08, 3.85e-08, 1.89, 0.42, 1e-08, 0
527774401, 17.28, 5.39e-08, 3.07e-08, 2.07, 0.34, 1e-08, 0
528379201, 49.17, 9.39e-08, 2.91e-08, 2.2, 0.23, 1e-08, 0
528984001, 2.12, 1.9e-08, 1.68e-08, 2.39, 0.65, 1e-08, 0
529588801, 6.48, 4.86e-08, 2.42e-08, 3.2, 0.61, 1e-08, 0
530193601, 5.65, 4.66e-08, 2.45e-08, 3.19, 0.75, 1e-08, 0
531403201, 7.26, 1.08e-07, 1.04e-07, 3.82, 4.67, 1e-08, 102
532612801, 10.48, 3.09e-09, 4.2e-09, 1.14, 0.66, 1e-08, 0
533217601, 6.33, 1.03e-08, 1.03e-08, 1.86, 0.54, 1e-08, 0
534427201, 5.85, 1.39e-08, 1.38e-08, 2.09, 0.52, 1e-08, 0
535032001, 6.35, 3.24e-08, 2.06e-08, 2.42, 0.48, 1e-08, 0
536241601, 6.59, 5.92e-08, 4.88e-08, 2.87, 0.78, 1e-08, 0
536846401, 10.24, 5.59e-08, 3.17e-08, 2.19, 0.36, 1e-08, 0
538056001, 3.39, 3.3e-08, 2.84e-08, 2.89, 0.97, 1e-08, 0
540475201, 4.73, 2.23e-08, 2.45e-08, 2.05, 0.66, 1e-08, 0
541684801, 1.92, 1.53e-08, 2.09e-08, 2.13, 0.77, 1e-08, 0
542894401, 2.35, 8.48e-09, 1.12e-08, 1.64, 0.67, 1e-08, 0
545313601, 5.4, 4.54e-08, 2.71e-08, 2.79, 0.57, 1e-08, 0
545918401, 1.77, 1.21e-08, 1.58e-08, 2.1, 0.65, 1e-08, 0
546523201, 28.93, 6.41e-08, 2.44e-08, 2.38, 0.31, 1e-08, 0
548337601, 1.7, 1.71e-08, 1.48e-08, 7.01, 7.08, 1e-08, 102
548942401, 2.32, 3.07e-08, 2.22e-08, 3.73, 6.77, 1e-08, 102
549547201, 5.48, 6.31e-08, 3.07e-08, 4.72, 4.29, 1e-08, 102
550152001, 11.14, 6.6e-08, 3.01e-08, 2.4, 0.34, 1e-08, 0
551966401, 7.64, 2.67e-08, 1.36e-08, 2.52, 0.43, 1e-08, 0
552571201, 10.31, 1.47e-08, 1.4e-08, 2.03, 0.52, 1e-08, 0
553176001, 6.77, 3.66e-08, 2.63e-08, 2.42, 0.53, 1e-08, 0
554385601, 10.57, 3.46e-08, 2.45e-08, 2.05, 0.39, 1e-08, 0
556200001, 2.51, 2.95e-08, 2.67e-08, 3.41, 7.07, 1e-08, 102
557409601, 2.31, 9.02e-08, 8.88e-08, 2.81, 0.98, 1e-08, 0
558014401, 2.55, 3.14e-08, 2.74e-07, 9.31, 5.24, 1e-08, 102
561038401, 2.59, 1.2e-08, 1.24e-08, 2.37, 0.67, 1e-08, 0
561643201, 9.25, 4.09e-08, 1.59e-08, 3.43, 1.12, 1e-08, 0
562852801, 2.52, 2.5e-08, 2.25e-08, 2.72, 0.96, 1e-08, 0
563457601, 1.32, 2.28e-08, 3.35e-08, 2.93, 1.77, 1e-08, 0
564062401, 10.63, 9.06e-08, 4.63e-08, 2.94, 0.59, 1e-08, 0
565272001, 15.07, 1.19e-09, 1.2e-09, 0.25, 0.94, 1e-08, 0
566481601, 2.85, 4.76e-08, 3.48e-08, 3.64, 10.4, 1e-08, 0
567086401, 20.89, 1.49e-08, 1.22e-08, 1.66, 0.38, 1e-08, 0
568900801, 1.35, 5.95e-09, 1.15e-08, 1.91, 1.02, 1e-08, 0
569505601, 3.62, 2.86e-09, 3.92e-09, 1.43, 0.66, 1e-08, 0
571924801, 1.84, 6.71e-08, 5.29e-08, 8.02, 6.67, 1e-08, 102
576763201, 10.58, 9.73e-08, 3.57e-08, 5.0, 3.22, 1e-08, 102
577368001, 2.14, 3.59e-08, 2.77e-08, 3.68, 1.71, 1e-08, 0
579182401, 1.77, 3.36e-08, 2.86e-08, 6.43, 6.67, 1e-08, 102
581601601, 4.11, 5.87e-08, 3.31e-08, 6.81, 4.62, 1e-08, 102
582206401, 6.76, 7.35e-08, 3.64e-08, 2.87, 0.62, 1e-08, 0
583416001, 2.76, 9.94e-09, 2.12e-08, 2.1, 1.14, 1e-08, 0
584020801, 3.8, 2.33e-08, 1.88e-08, 2.59, 0.69, 1e-08, 0
585835201, 2.95, 8.3e-09, 1.1e-08, 1.73, 0.66, 1e-08, 0
586440001, 1.64, 4.74e-08, 4.39e-08, 3.5, 1.11, 1e-08, 0
587649601, 1.58, 2.97e-08, 3.47e-07, 7.63, 3.48, 1e-08, 0
588254401, 6.81, 2.09e-09, 2.8e-09, 1.2, 0.68, 1e-08, 0
588859201, 2.06, 3.57e-08, 4.31e-08, 2.25, 0.76, 1e-08, 0
590673601, 7.5, 1.58e-08, 1.58e-08, 1.83, 0.51, 1e-08, 0
591883201, 2.78, 2.37e-08, 2.77e-08, 2.46, 0.9, 1e-08, 0
592488001, 5.51, 1.77e-09, 2.03e-09, 0.99, 0.6, 1e-08, 0
593697601, 2.58, 3.61e-08, 2.47e-08, 5.49, 5.77, 1e-08, 102
594302401, 7.2, 2.65e-08, 1.56e-08, 2.12, 0.38, 1e-08, 0
594907201, 1.59, 2.75e-08, 2.29e-08, 3.84, 8.08, 1e-08, 102
595512001, 7.69, 5.6e-08, 2.85e-08, 2.66, 0.44, 1e-08, 0
596721601, 2.92, 8.22e-09, 9.16e-09, 1.82, 0.59, 1e-08, 0
597326401, 8.02, 6.06e-08, 2.93e-08, 2.79, 0.62, 1e-08, 0
597931201, 6.38, 3.86e-08, 2.15e-08, 2.55, 0.46, 1e-08, 0
598536001, 7.25, 3.49e-08, 1.85e-08, 2.78, 0.64, 1e-08, 0
600350401, 5.97, 8.75e-08, 5.95e-08, 9.91, 0.41, 1e-08, 0
600955201, 3.43, 3.28e-08, 3.86e-08, 2.67, 0.9, 1e-08, 0
601560001, 4.22, 4.32e-08, 2.9e-08, 3.01, 0.9, 1e-08, 0
602164801, 5.05, 4.72e-08, 2.88e-08, 3.25, 0.75, 1e-08, 0
602769601, 3.31, 3.99e-08, 3.24e-08, 2.49, 0.58, 1e-08, 0
603979201, 6.48, 1.62e-08, 1.54e-08, 1.77, 0.46, 1e-08, 0
605188801, 3.21, 5.64e-08, 4.14e-08, 2.71, 0.75, 1e-08, 0
605793601, 15.26, 6.15e-08, 2.79e-08, 2.25, 0.33, 1e-08, 0
606398401, 24.96, 7.62e-08, 2.77e-08, 2.22, 0.26, 1e-08, 0
607003201, 12.36, 4.19e-08, 2.21e-08, 2.43, 0.43, 1e-08, 0
607608001, 45.26, 6.7e-08, 2.05e-08, 2.14, 0.21, 1e-08, 0
608212801, 25.69, 6.97e-08, 2.55e-08, 2.19, 0.26, 1e-08, 0
608817601, 17.06, 7.68e-08, 2.71e-08, 2.69, 0.32, 1e-08, 0
609422401, 56.46, 8.44e-08, 2.55e-08, 2.06, 0.19, 1e-08, 0
610027201, 2.28, 2.09e-08, 2.72e-08, 2.66, 1, 1e-08, 0
610632001, 6.82, 6.73e-08, 3.38e-08, 2.97, 0.54, 1e-08, 0
614865601, 42.45, 9.29e-08, 3.09e-08, 2.16, 0.24, 1e-08, 0
615470401, 53.5, 7.59e-08, 2.27e-08, 2.02, 0.19, 1e-08, 0
616075201, 8.69, 2.46e-08, 2.59e-08, 2.2, 0.6, 1e-08, 0
616680001, 6.36, 4.46e-08, 2.64e-08, 2.49, 0.47, 1e-08, 0
617284801, 15.91, 9.5e-08, 3.61e-08, 2.73, 0.4, 1e-08, 0
617889601, 23.59, 5.46e-08, 3.2e-08, 1.91, 0.33, 1e-08, 0
618494401, 20.17, 1.29e-07, 4.51e-08, 2.56, 0.34, 1e-08, 0
619704001, 8.06, 4e-08, 2.61e-08, 2.4, 0.47, 1e-08, 0
620308801, 358.08, 3.47e-07, 3.9e-08, 2.16, 0.09, 1e-08, 0
621518401, 81.04, 2.54e-07, 6.5e-08, 2.16, 0.19, 1e-08, 0
622123201, 148.23, 2.23e-07, 4.1e-08, 2.21, 0.15, 1e-08, 0
622728001, 15.26, 6.66e-08, 3.75e-08, 2.35, 0.39, 1e-08, 0
623332801, 20.67, 8.96e-08, 3.36e-08, 2.7, 0.35, 1e-08, 0
623937601, 17.36, 4.58e-08, 2.52e-08, 2.05, 0.33, 1e-08, 0
624542401, 18.16, 8.77e-08, 3.31e-08, 2.7, 0.34, 1e-08, 0
625147201, 3.27, 5.33e-09, 1.16e-08, 1.73, 0.95, 1e-08, 0
625752001, 43.31, 1.14e-07, 2.88e-08, 2.71, 0.27, 1e-08, 0
626356801, 27.78, 7.78e-08, 2.4e-08, 2.37, 0.24, 1e-08, 0
626961601, 55.87, 1.33e-07, 3e-08, 2.72, 0.24, 1e-08, 0
627566401, 9.24, 6.26e-08, 3.27e-08, 2.59, 0.52, 1e-08, 0
628171201, 20.75, 5.87e-08, 3.11e-08, 2.19, 0.34, 1e-08, 0
628776001, 4.46, 3.82e-08, 2.85e-08, 2.42, 0.57, 1e-08, 0
629380801, 2.41, 3.14e-08, 2.52e-08, 2.86, 0.83, 1e-08, 0
629985601, 10.98, 3.37e-08, 1.78e-08, 2.28, 0.37, 1e-08, 0
630590401, 23.07, 9.19e-08, 2.5e-08, 3.19, 0.44, 1e-08, 0
632404801, 10.53, 3.89e-08, 2.83e-08, 2.01, 0.4, 1e-08, 0
634824001, 3.32, 6.02e-08, 4.27e-08, 3.32, 1.73, 1e-08, 0
635428801, 5.03, 9.25e-08, 5.93e-08, 2.93, 0.79, 1e-08, 0
636033601, 13.08, 8.71e-08, 3.37e-08, 2.64, 0.38, 1e-08, 0
636638401, 5.44, 1e-07, 5.1e-08, 4.3, 4.63, 1e-08, 102
637243201, 2.02, 3.04e-08, 3e-08, 2.42, 0.75, 1e-08, 0
637848001, 4.86, 6.71e-08, 4.97e-08, 3.21, 1.49, 1e-08, 0
638452801, 11.24, 6.63e-08, 2.66e-08, 2.61, 0.38, 1e-08, 0
639057601, 14.11, 9.9e-10, 1.13e-09, 0.0, 0, 1e-08, 0
639662401, 6.64, 5.48e-08, 2.54e-08, 3.22, 0.93, 1e-08, 0
640267201, 43.32, 7.34e-08, 2.32e-08, 1.99, 0.2, 1e-08, 0
640872001, 12.17, 3.29e-08, 1.87e-08, 2.07, 0.34, 1e-08, 0
641476801, 13.54, 8.12e-08, 3.29e-08, 2.72, 0.39, 1e-08, 0
642081601, 163.73, 2.87e-07, 4.4e-08, 2.31, 0.13, 1e-08, 0
642686401, 80.35, 1.06e-07, 3.18e-08, 2.06, 0.2, 1e-08, 0
643291201, 724.02, 5.08e-07, 4.4e-08, 2.08, 0.07, 1e-08, 0
643896001, 329.46, 2.69e-07, 3.5e-08, 2.07, 0.09, 1e-08, 0
644500801, 34.97, 6.7e-08, 2.21e-08, 2.28, 0.24, 1e-08, 0
645105601, 61.74, 7.77e-08, 2.45e-08, 1.98, 0.2, 1e-08, 0
645710401, 15.13, 7.25e-08, 2.96e-08, 2.11, 0.28, 1e-08, 0
646315201, 22.81, 5.88e-08, 3.78e-08, 2.07, 0.38, 1e-08, 0
646920001, 13.6, 3.81e-08, 2.75e-08, 2.1, 0.4, 1e-08, 0
647524801, 85.42, 1.57e-07, 3.1e-08, 2.33, 0.17, 1e-08, 0
648129601, 18.36, 6.33e-08, 2.82e-08, 2.33, 0.33, 1e-08, 0
648734401, 1.87, 4.2e-08, 3.57e-08, 3.56, 1.96, 1e-08, 0
649339201, 2.17, 5.17e-08, 6.63e-08, 3.11, 2.51, 1e-08, 0
649944001, 10.14, 6.86e-08, 4.14e-08, 2.51, 0.52, 1e-08, 0
650548801, 11.26, 1.31e-07, 5.08e-08, 3.18, 0.5, 1e-08, 0
651153601, 9.67, 2.36e-09, 2.73e-09, 0.99, 0.65, 1e-08, 0
651758401, 1.22, 2.97e-08, 2.94e-08, 3.14, 2.63, 1e-08, 0
652363201, 22.62, 1.01e-07, 3e-08, 3.21, 0.45, 1e-08, 0
653572801, 5.01, 4.4e-08, 3.05e-08, 2.3, 0.58, 1e-08, 0
654177601, 7.14, 5.21e-08, 3.03e-08, 2.42, 0.5, 1e-08, 0
654782401, 6.51, 1.63e-08, 1.95e-08, 2.05, 0.59, 1e-08, 0
655992001, 7.05, 7.67e-08, 3.83e-08, 3.51, 0.8, 1e-08, 0
656596801, 3.1, 3.48e-08, 2.49e-08, 2.78, 0.7, 1e-08, 0
657201601, 2.28, 2.51e-08, 2.32e-07, 9.18, 5.57, 1e-08, 1
657806401, 5.84, 1.17e-08, 1.4e-08, 2.08, 0.64, 1e-08, 0
658411201, 13.58, 3.35e-08, 2.47e-08, 2.35, 0.49, 1e-08, 0
659016001, 5.1, 4.6e-09, 6.9e-09, 1.65, 0.64, 1e-08, 0
659620801, 8.09, 4.74e-08, 2.92e-08, 2.34, 0.4, 1e-08, 0
660225601, 3.66, 2.91e-08, 3e-08, 2.27, 0.7, 1e-08, 0
661435201, 8.47, 7.35e-08, 3.13e-08, 3.74, 3.83, 1e-08, 102
662644801, 3.69, 2.37e-08, 1.75e-08, 2.69, 0.66, 1e-08, 0
663854401, 2.14, 6.02e-08, 7.9e-08, 4.04, 48.5, 1e-08, 0
665668801, 1.8, 3.78e-08, 3.15e-08, 3.78, 1.17, 1e-08, 0
667483201, 1.95, 4.68e-08, 4.78e-08, 3.16, 2.19, 1e-08, 0
668088001, 1.74, 1.92e-08, 2.12e-08, 2.4, 0.75, 1e-08, 0
669902401, 2.09, 2.65e-08, 2.49e-08, 2.23, 0.5, 1e-08, 0
670507201, 32.84, 5.97e-08, 2.34e-08, 2.09, 0.26, 1e-08, 0
671112001, 13.71, 3.87e-08, 1.8e-08, 2.11, 0.3, 1e-08, 0
671716801, 1.13, 9.53e-09, 1.32e-08, 2.28, 0.8, 1e-08, 0
672926401, 7.8, 1.78e-08, 1.56e-08, 2.03, 0.5, 1e-08, 0
673531201, 8.18, 5.31e-08, 2.79e-08, 2.64, 0.49, 1e-08, 0
674136001, 21.8, 5.25e-08, 2.74e-08, 2.1, 0.33, 1e-08, 0
674740801, 3.49, 2.63e-08, 2.13e-08, 2.53, 0.59, 1e-08, 0
675345601, 2.5, 2.56e-08, 2.06e-08, 2.5, 0.57, 1e-08, 0
675950401, 1.61, 2.62e-08, 2.31e-08, 8.35, 7.18, 1e-08, 102
677160001, 4.7, 7.19e-09, 8.89e-09, 1.62, 0.54, 1e-08, 0
678974401, 3.36, 3.98e-08, 3.36e-08, 2.96, 1.23, 1e-08, 0
679579201, 9.43, 4.17e-08, 2.4e-08, 2.27, 0.4, 1e-08, 0
680184001, 6.49, 7.46e-08, 3.74e-08, 3.85, 1.58, 1e-08, 0
681998401, 6.49, 6.19e-08, 3.61e-08, 2.39, 0.43, 1e-08, 0
682603201, 34.5, 1.3e-07, 4.29e-08, 2.28, 0.25, 1e-08, 0
683208001, 5.36, 3.79e-08, 2.74e-08, 2.53, 0.55, 1e-08, 0
683812801, 8.71, 4.35e-08, 2.21e-08, 2.33, 0.39, 1e-08, 0
684417601, 16.09, 9.03e-08, 2.97e-08, 3.13, 0.5, 1e-08, 0
685627201, 19.35, 8.33e-08, 2.86e-08, 2.78, 0.35, 1e-08, 0
686232001, 231.02, 3.04e-07, 4.7e-08, 2.14, 0.12, 1e-08, 0
686836801, 62.59, 1.71e-07, 3.8e-08, 2.46, 0.2, 1e-08, 0
687441601, 17.33, 9.62e-08, 3.57e-08, 2.85, 0.39, 1e-08, 0
688046401, 4.66, 5.31e-08, 3.24e-08, 2.77, 0.6, 1e-08, 0
688651201, 16.27, 8.09e-08, 3.09e-08, 2.85, 0.43, 1e-08, 0
689256001, 12.04, 5.89e-08, 2.28e-08, 2.65, 0.39, 1e-08, 0
689860801, 17.5, 6.43e-08, 2.54e-08, 2.67, 0.41, 1e-08, 0
690465601, 2.95, 1.02e-08, 1e-08, 2.11, 0.57, 1e-08, 0
691070401, 4.53, 3.84e-08, 2.46e-08, 2.7, 0.55, 1e-08, 0
692280001, 3.77, 4.77e-08, 4.02e-08, 2.41, 0.57, 1e-08, 0
692884801, 16.28, 4.43e-08, 2.17e-08, 2.21, 0.33, 1e-08, 0
693489601, 21.18, 6.54e-08, 2.53e-08, 2.68, 0.37, 1e-08, 0
694094401, 5.64, 3.9e-08, 2.07e-08, 2.85, 0.61, 1e-08, 0
694699201, 9.26, 3.89e-08, 2.51e-08, 2.47, 0.46, 1e-08, 0
695304001, 5.42, 6.81e-08, 3.41e-08, 3.26, 0.76, 1e-08, 0
695908801, 13.5, 1.11e-07, 4.48e-08, 2.92, 0.46, 1e-08, 0
696513601, 15.26, 1.24e-07, 4.6e-08, 2.9, 0.45, 1e-08, 0
697723201, 8.81, 5.29e-08, 2.78e-08, 2.84, 0.5, 1e-08, 0
698328001, 4.75, 7.57e-08, 4.05e-08, 3.99, 4.85, 1e-08, 102
698932801, 4.69, 7.6e-08, 4.4e-08, 3.01, 0.65, 1e-08, 0
699537601, 2.88, 4.7e-08, 3.34e-08, 2.83, 0.74, 1e-08, 0
701352001, 18.57, 9.44e-08, 3.67e-08, 2.42, 0.32, 1e-08, 0
701956801, 52.89, 1.37e-07, 3.5e-08, 2.41, 0.23, 1e-08, 0
702561601, 29.25, 9.43e-08, 2.75e-08, 2.49, 0.26, 1e-08, 0
703166401, 16.86, 5.41e-08, 2.59e-08, 2.47, 0.38, 1e-08, 0
703771201, 13.1, 5.31e-08, 2.56e-08, 2.47, 0.46, 1e-08, 0
704376001, 18.32, 5.5e-08, 2.09e-08, 2.26, 0.26, 1e-08, 0
704980801, 61.15, 1.88e-07, 3.6e-08, 2.74, 0.21, 1e-08, 0
705585601, 58.33, 1.81e-07, 3.9e-08, 2.52, 0.22, 1e-08, 0
706190401, 3.74, 4.34e-08, 3.22e-08, 3.01, 0.75, 1e-08, 0
706795201, 51.14, 1.39e-07, 3.4e-08, 2.49, 0.22, 1e-08, 0
707400001, 22.03, 4.92e-08, 2.1e-08, 2.17, 0.3, 1e-08, 0
708004801, 39.08, 8e-08, 2.28e-08, 2.43, 0.24, 1e-08, 0
708609601, 85.06, 1.21e-07, 2.61e-08, 2.31, 0.18, 1e-08, 0
709214401, 31.5, 8.51e-08, 3.18e-08, 2.34, 0.28, 1e-08, 0
709819201, 14.36, 9.77e-08, 4.14e-08, 2.52, 0.37, 1e-08, 0
710424001, 41.7, 1.37e-07, 3.89e-08, 2.31, 0.22, 1e-08, 0
711028801, 98.39, 1.7e-07, 3.5e-08, 2.29, 0.18, 1e-08, 0
711633601, 10.65, 8.36e-08, 3.32e-08, 3.35, 0.78, 1e-08, 0
712238401, 8.91, 3.37e-08, 2.3e-08, 1.9, 0.38, 1e-08, 0
712843201, 13.29, 6.6e-08, 3.89e-08, 2.43, 0.5, 1e-08, 0
713448001, 4.1, 5.6e-08, 4.8e-08, 2.43, 0.7, 1e-08, 0
714052801, 18.82, 1.1e-07, 4.01e-08, 2.67, 0.34, 1e-08, 0
714657601, 29.58, 1.31e-07, 4.11e-08, 2.36, 0.26, 1e-08, 0
715262401, 49.55, 1.66e-07, 4.1e-08, 2.38, 0.21, 1e-08, 0
715867201, 65.13, 9.66e-08, 2.66e-08, 2.02, 0.19, 1e-08, 0
716472001, 48.09, 8.85e-08, 2.94e-08, 2.08, 0.23, 1e-08, 0
717076801, 4.04, 5.24e-08, 9.78e-07, 8.65, 5.54, 1e-08, 102
717681601, 58.41, 1.44e-07, 3.3e-08, 2.42, 0.2, 1e-08, 0
718286401, 37.03, 1.27e-07, 3.78e-08, 2.47, 0.26, 1e-08, 0
718891201, 6.99, 5.88e-08, 3.36e-08, 2.75, 0.65, 1e-08, 0
719496001, 29.28, 8.6e-08, 3.62e-08, 2.28, 0.29, 1e-08, 0
720100801, 77.92, 1.99e-07, 4e-08, 2.52, 0.21, 1e-08, 0
720705601, 61.29, 1.11e-07, 2.58e-08, 2.26, 0.18, 1e-08, 0
721310401, 53.18, 1.22e-07, 2.78e-08, 2.53, 0.22, 1e-08, 0
722520001, 80.81, 1.14e-07, 2.4e-08, 2.29, 0.16, 1e-08, 0
723124801, 32.37, 9.71e-08, 2.79e-08, 2.46, 0.25, 1e-08, 0
723729601, 9.18, 5.27e-08, 3.31e-08, 2.54, 0.49, 1e-08, 0
724334401, 8.47, 1.5e-08, 2.86e-08, 1.87, 0.87, 1e-08, 0
724939201, 2.25, 2.68e-08, 2.43e-08, 2.71, 0.78, 1e-08, 0
725544001, 15.4, 6.08e-08, 2.3e-08, 2.74, 0.38, 1e-08, 0
726148801, 13.19, 3.95e-08, 2.04e-08, 2.42, 0.39, 1e-08, 0
726753601, 36.48, 1.24e-07, 3.2e-08, 2.88, 0.3, 1e-08, 0
727963201, 13.52, 7.63e-08, 3.69e-08, 2.34, 0.39, 1e-08, 0
728568001, 6.89, 8.41e-08, 4.78e-08, 2.93, 0.69, 1e-08, 0
729172801, 7.77, 5.85e-08, 3.11e-08, 2.66, 0.52, 1e-08, 0
729777601, 16.76, 4.39e-08, 2.13e-08, 2.15, 0.33, 1e-08, 0
730987201, 6.45, 4.64e-08, 4.17e-08, 2.21, 0.58, 1e-08, 0
731592001, 14.08, 5.9e-08, 2.81e-08, 2.25, 0.36, 1e-08, 0
732196801, 1.41, 3.25e-08, 3.6e-08, 2.43, 0.66, 1e-08, 0
732801601, 20.67, 6.2e-08, 3.07e-08, 2.45, 0.37, 1e-08, 0
733406401, 4.69, 6.9e-08, 3.8e-08, 3.25, 0.66, 1e-08, 0
734011201, 38.17, 1.23e-07, 3.19e-08, 2.58, 0.25, 1e-08, 0
734616001, 34.74, 1e-07, 2.6e-08, 2.69, 0.28, 1e-08, 0
735220801, 8.53, 5.57e-08, 2.53e-08, 3.17, 0.69, 1e-08, 0
736430401, 10.69, 5.69e-08, 2.5e-08, 2.72, 0.46, 1e-08, 0
737035201, 20.97, 7.45e-08, 2.85e-08, 2.36, 0.35, 1e-08, 0
737640001, 3.03, 4.99e-08, 6.93e-08, 3.45, 7.29, 1e-08, 102
738244801, 35.33, 1.15e-07, 3.22e-08, 2.49, 0.26, 1e-08, 0
738849601, 5.69, 4.75e-08, 2.39e-08, 5.83, 4.34, 1e-08, 102
739454401, 26.58, 7.11e-08, 2.31e-08, 2.45, 0.28, 1e-08, 0
740059201, 10.56, 3.76e-08, 1.83e-08, 2.43, 0.36, 1e-08, 0
740664001, 9.66, 4.31e-08, 2.51e-08, 2.42, 0.49, 1e-08, 0
741268801, 6.23, 2.83e-08, 2.36e-08, 2.19, 0.49, 1e-08, 0
741873601, 6.99, 6.96e-08, 3.95e-08, 3.01, 0.67, 1e-08, 0
