timestamp, ts, flux, flux_error, photon_index, photon_index_interval, fit_tolerance, fit_convergence
239976001, 1.53, 6.81e-08, 1.65e-06, 3.69, 4.49, 1e-08, 102
240494401, 1.24, 8.94e-09, 1.42e-08, 1.92, 0.8, 1e-08, 0
240753601, 4.75, 5.39e-08, 4.93e-08, 2.16, 0.54, 1e-08, 0
241012801, 12.04, 2.64e-08, 2.61e-08, 1.72, 0.47, 1e-08, 0
243864001, 8.22, 6.82e-08, 7.47e-08, 2.06, 0.77, 1e-08, 0
244123201, 1.58, 6.5e-08, 5.79e-08, 2.69, 1.15, 1e-08, 0
244382401, 2.77, 8.42e-08, 6.05e-08, 3.29, 3.66, 1e-08, 102
244641601, 2.67, 5.56e-08, 4.66e-08, 2.34, 0.56, 1e-08, 0
244900801, 2.22, 8.61e-09, 1.78e-08, 1.66, 0.9, 1e-08, 0
245937601, 2.9, 1.01e-07, 6.28e-08, 3.98, 3.26, 1e-08, 102
246196801, 3.32, 8.03e-08, 5.78e-08, 2.76, 0.6, 1e-08, 0
246456001, 3.8, 1.63e-08, 1.79e-08, 1.46, 0.5, 1e-08, 0
247233601, 5.34, 2.2e-08, 3.33e-08, 1.83, 0.74, 1e-08, 0
247752001, 2.52, 5.05e-08, 5.64e-08, 2.43, 0.73, 1e-08, 0
248011201, 1.13, 3.21e-08, 4.06e-08, 2.3, 0.78, 1e-08, 0
248529601, 12.15, 1.54e-08, 2.23e-08, 1.41, 0.61, 1e-08, 0
249048001, 1.59, 1.37e-08, 2e-08, 1.81, 0.68, 1e-08, 0
249307201, 4.73, 1.13e-07, 5.72e-08, 3.64, 2.71, 1e-08, 102
249566401, 7.55, 1.1e-07, 6.91e-08, 2.85, 1.2, 1e-08, 0
249825601, 3.06, 3.35e-08, 5.11e-08, 2.12, 0.86, 1e-08, 0
250084801, 11.57, 7.77e-08, 3.96e-08, 2.11, 0.32, 1e-08, 0
250862401, 15.55, 5.17e-08, 3.38e-08, 1.66, 0.3, 1e-08, 0
251640001, 13.46, 2.68e-07, 9.3e-08, 4.4, 1.73, 1e-08, 102
251899201, 1.65, 5.25e-08, 5.37e-08, 2.45, 0.73, 1e-08, 0
252158401, 6.1, 2.43e-08, 2.47e-08, 1.7, 0.49, 1e-08, 0
252676801, 9.92, 6.53e-08, 4.37e-08, 2.17, 0.4, 1e-08, 0
253195201, 18.89, 3.65e-08, 2.75e-08, 1.66, 0.36, 1e-08, 0
253454401, 1.3, 6.55e-08, 6.23e-08, 3.13, 4.98, 1e-08, 102
253713601, 18.2, 1.23e-08, 1.36e-08, 1.29, 0.48, 1e-08, 0
253972801, 1.05, 2.35e-09, 3.79e-09, 1.1, 0.77, 1e-08, 0
254491201, 12.39, 9.06e-08, 5.75e-08, 2.28, 0.44, 1e-08, 0
255528001, 1.64, 1.57e-08, 2.19e-08, 1.84, 0.64, 1e-08, 0
255787201, 1.28, 4.99e-08, 4.69e-08, 3.15, 5.3, 1e-08, 102
256046401, 2.67, 2.1e-08, 2.22e-08, 1.76, 0.48, 1e-08, 0
256824001, 1.26, 5.3e-08, 5.9e-08, 2.69, 0.93, 1e-08, 0
257083201, 15.04, 1.88e-07, 7.6e-08, 2.63, 0.51, 1e-08, 0
257601601, 1.85, 4.78e-08, 4.87e-08, 2.34, 0.68, 1e-08, 0
258120001, 7.52, 1.93e-08, 1.64e-08, 1.46, 0.38, 1e-08, 0
259156801, 2.09, 1.73e-08, 2.32e-08, 2.03, 0.8, 1e-08, 0
259934401, 3.91, 2.6e-08, 3.4e-08, 1.81, 0.57, 1e-08, 0
260971201, 2.14, 8.92e-08, 9.17e-08, 3.26, 4.31, 1e-08, 102
264081601, 1.38, 1.02e-08, 1.69e-08, 1.91, 0.86, 1e-08, 0
264600001, 2.96, 1.14e-08, 1.84e-08, 1.65, 0.7, 1e-08, 0
265118401, 10.71, 2.94e-09, 4.05e-09, 0.0, 0, 1e-08, 0
265377601, 9.51, 6.98e-08, 5.53e-08, 2.15, 0.47, 1e-08, 0
265636801, 4.29, 1.86e-08, 2.84e-08, 1.75, 0.73, 1e-08, 0
265896001, 1.51, 7.52e-08, 8.6e-07, 6.43, 3.99, 1e-08, 102
266673601, 3.83, 7.55e-08, 6.07e-08, 2.46, 0.61, 1e-08, 0
266932801, 3.81, 6.17e-08, 5.11e-08, 2.28, 0.51, 1e-08, 0
267451201, 1.68, 7.17e-08, 6.44e-08, 3.22, 4.53, 1e-08, 102
267969601, 5.01, 1.68e-08, 2.96e-08, 1.89, 0.81, 1e-08, 0
268228801, 11.53, 9.09e-08, 6.03e-08, 2.25, 0.46, 1e-08, 0
268747201, 14.32, 5.34e-08, 3.63e-08, 1.9, 0.37, 1e-08, 0
269006401, 12.11, 2.72e-09, 2.85e-09, 0.51, 0.85, 1e-08, 0
269265601, 3.44, 7.64e-09, 1.12e-08, 1.57, 0.71, 1e-08, 0
269784001, 3.46, 3.27e-08, 3.39e-08, 1.95, 0.56, 1e-08, 0
270043201, 4.26, 6.49e-08, 6.4e-08, 2.41, 0.66, 1e-08, 0
270561601, 5.74, 1.59e-07, 8.1e-08, 2.95, 0.65, 1e-08, 0
271080001, 1.76, 6.2e-08, 5.01e-08, 3.45, 4.5, 1e-08, 102
271339201, 3.97, 1.11e-07, 6.18e-08, 4.76, 2.86, 1e-08, 102
271598401, 3.03, 5.12e-08, 4.2e-08, 2.31, 0.49, 1e-08, 0
272116801, 1.34, 5.65e-08, 5.64e-08, 2.99, 5.29, 1e-08, 102
272376001, 1.68, 7.81e-08, 8.68e-08, 3.39, 4.63, 1e-08, 102
272635201, 2.49, 7.29e-08, 5.5e-08, 2.52, 0.88, 1e-08, 0
273153601, 1.19, 8.85e-09, 2.09e-08, 1.56, 0.96, 1e-08, 0
274449601, 1.25, 3.58e-08, 4.18e-08, 2.26, 0.68, 1e-08, 0
274708801, 2.08, 5.5e-08, 5.59e-08, 2.34, 0.71, 1e-08, 0
274968001, 4.57, 8.9e-08, 5.72e-08, 2.45, 0.54, 1e-08, 0
276264001, 6.0, 1.26e-07, 6.4e-08, 2.77, 0.48, 1e-08, 0
277041601, 7.61, 1.41e-07, 7e-08, 2.57, 0.57, 1e-08, 0
277300801, 2.31, 4.41e-08, 4.19e-08, 2.15, 0.53, 1e-08, 0
277819201, 4.94, 1.31e-08, 1.58e-08, 1.5, 0.57, 1e-08, 0
278337601, 4.18, 3.21e-08, 2.95e-08, 1.77, 0.45, 1e-08, 0
278596801, 2.42, 2.14e-08, 2.59e-08, 2.02, 0.59, 1e-08, 0
279374401, 1.0, NaN, NaN, NaN, NaN, 1e-08, 0
279633601, 10.4, 1.31e-07, 6.38e-08, 2.52, 0.5, 1e-08, 0
280152001, 4.82, 1.26e-07, 7.09e-08, 3.41, 2.79, 1e-08, 102
281188801, 1.01, 6.97e-09, 1.82e-08, 1.59, 1.17, 1e-08, 0
281966401, 3.32, 1.18e-07, 6.82e-08, 5.31, 3, 1e-08, 102
282484801, 2.94, 2.41e-08, 3.8e-08, 1.98, 0.77, 1e-08, 0
283780801, 4.21, 9.73e-08, 5.95e-08, 2.62, 0.56, 1e-08, 0
284558401, 3.66, 2.1e-08, 2.4e-08, 1.72, 0.59, 1e-08, 0
285595201, 1.42, 3.2e-08, 3.54e-08, 2.07, 0.55, 1e-08, 0
285854401, 1.52, 8.26e-08, 7.74e-08, 4.14, 4.42, 1e-08, 102
287409601, 2.58, 1.02e-07, 6.78e-08, 3.78, 3.51, 1e-08, 102
287668801, 8.6, 2.77e-08, 2.76e-08, 1.71, 0.43, 1e-08, 0
287928001, 3.76, 4.59e-09, 6.03e-09, 1.24, 0.65, 1e-08, 0
288187201, 4.5, 5.98e-08, 5.34e-08, 2.26, 0.54, 1e-08, 0
289483201, 1.34, 5.02e-08, 5.08e-08, 2.64, 0.94, 1e-08, 0
290001601, 1.58, 6.02e-08, 1.06e-07, 3.05, 5.42, 1e-08, 102
290260801, 4.61, 1.28e-07, 7.69e-08, 3.14, 2.91, 1e-08, 102
291556801, 9.86, 1.08e-07, 6.51e-08, 2.45, 0.46, 1e-08, 0
291816001, 7.59, 1.38e-07, 7.88e-08, 2.73, 1.48, 1e-08, 0
292075201, 7.18, 5.44e-09, 6.88e-09, 1.16, 0.63, 1e-08, 0
292334401, 3.34, 6.34e-08, 3.55e-08, 4.23, 2.96, 1e-08, 102
292593601, 8.88, 5.73e-09, 1.03e-08, 1.21, 0.88, 1e-08, 0
293112001, 3.13, 1.17e-08, 1.46e-08, 1.39, 0.52, 1e-08, 0
293371201, 7.11, 2.14e-08, 2.96e-08, 1.7, 0.62, 1e-08, 0
293630401, 7.82, 1.24e-08, 1.31e-08, 1.45, 0.5, 1e-08, 0
294408001, 2.19, 2.32e-08, 2.67e-08, 2.0, 0.63, 1e-08, 0
294667201, 10.94, 6.1e-08, 4.38e-08, 1.94, 0.34, 1e-08, 0
295185601, 4.47, 1.31e-07, 1.02e-07, 3.3, 3.07, 1e-08, 102
295444801, 4.82, 9.97e-08, 1.63e-07, 2.7, 2.78, 1e-08, 0
296740801, 4.78, 5.33e-08, 3.92e-08, 2.14, 0.43, 1e-08, 0
297000001, 1.66, 4.71e-08, 1.28e-07, 2.66, 5.54, 1e-08, 0
297259201, 5.22, 5.55e-08, 4.09e-08, 2.18, 0.49, 1e-08, 0
297518401, 1.35, 4.08e-08, 4.61e-08, 2.57, 1.23, 1e-08, 0
297777601, 1.42, 6.89e-08, 6.53e-08, 3.79, 4.63, 1e-08, 102
298036801, 1.05, 5.73e-08, 5.98e-08, 3.4, 5.55, 1e-08, 102
299073601, 10.01, 2.19e-08, 2.21e-08, 1.57, 0.48, 1e-08, 0
299332801, 3.28, 3.85e-08, 4.64e-08, 1.97, 0.67, 1e-08, 0
300110401, 5.5, 1.8e-07, 1.05e-07, 3.41, 2.6, 1e-08, 102
300628801, 2.48, 7.62e-08, 6.56e-08, 2.89, 1.08, 1e-08, 0
301147201, 1.06, 1.99e-08, 2.78e-08, 1.88, 0.62, 1e-08, 0
302184001, 2.18, 6.8e-08, 5.09e-08, 3.47, 4.09, 1e-08, 102
302443201, 5.41, 1.01e-08, 1.71e-08, 1.5, 0.74, 1e-08, 0
302961601, 2.65, 4.91e-08, 4.6e-08, 2.37, 0.65, 1e-08, 0
303480001, 1.0, 5.41e-08, 5.68e-08, 4.05, 5.46, 1e-08, 102
304257601, 4.74, 4.95e-09, 6.13e-09, 1.26, 0.63, 1e-08, 0
305553601, 1.46, 7.43e-08, 8.54e-07, 6.42, 4.01, 1e-08, 102
305812801, 2.13, 7.67e-08, 6.61e-08, 3.04, 0.94, 1e-08, 0
306072001, 2.1, 2.5e-08, 3.89e-08, 2.24, 1.03, 1e-08, 0
306331201, 2.56, 2.06e-08, 2.52e-08, 1.81, 0.61, 1e-08, 0
306590401, 2.96, 9.35e-08, 5.85e-08, 4.5, 3.32, 1e-08, 102
306849601, 16.24, 5.54e-09, 1.13e-08, 0.87, 1.22, 1e-08, 0
307627201, 3.29, 9.5e-08, 7.94e-07, 6.51, 2.92, 1e-08, 102
307886401, 8.41, 1.57e-07, 6.6e-08, 5.27, 2.09, 1e-08, 102
308145601, 8.96, 1.55e-07, 6.58e-08, 5.16, 2.04, 1e-08, 102
308923201, 12.07, 1.89e-08, 1.46e-08, 1.42, 0.35, 1e-08, 0
310737601, 1.15, 4.38e-08, 4.72e-08, 2.79, 0.84, 1e-08, 0
310996801, 1.28, 5.31e-08, 5.4e-08, 3.0, 1.06, 1e-08, 0
313848001, 3.19, 1.15e-07, 7.32e-08, 5.2, 3.1, 1e-08, 102
314107201, 3.15, 1.12e-07, 6.81e-08, 4.69, 3.13, 1e-08, 102
314625601, 4.57, 1.26e-07, 6.6e-08, 4.04, 2.73, 1e-08, 102
314884801, 7.54, 1.5e-07, 5.4e-07, 6.67, 1.26, 1e-08, 102
315144001, 3.97, 1.01e-07, 6.39e-08, 2.74, 1.13, 1e-08, 0
315403201, 1.61, 8.99e-08, 7.48e-08, 4.69, 4.34, 1e-08, 102
315662401, 3.11, 3.29e-08, 4.23e-08, 1.88, 0.66, 1e-08, 0
315921601, 11.15, 4.7e-08, 3.23e-08, 1.77, 0.35, 1e-08, 0
317217601, 1.6, 5.86e-08, 5.26e-08, 2.71, 0.98, 1e-08, 0
318513601, 1.25, 5.55e-09, 9.67e-09, 1.56, 0.81, 1e-08, 0
319550401, 1.5, 2.18e-08, 3.34e-08, 2.14, 0.85, 1e-08, 0
320328001, 1.5, 3.09e-08, 3.8e-08, 2.16, 0.66, 1e-08, 0
320587201, 3.22, 9e-09, 1.34e-08, 1.52, 0.67, 1e-08, 0
321105601, 1.83, 2.86e-08, 3.43e-08, 2.04, 0.7, 1e-08, 0
321364801, 9.89, 8.41e-09, 1.19e-08, 1.24, 0.68, 1e-08, 0
321883201, 4.11, 8.63e-08, 5.25e-08, 2.63, 0.68, 1e-08, 0
322401601, 3.61, 5.98e-08, 5.74e-08, 2.28, 0.83, 1e-08, 0
322660801, 9.77, 7.02e-08, 3.56e-08, 2.21, 0.33, 1e-08, 0
323179201, 2.54, 7.89e-08, 7.43e-08, 2.64, 2.03, 1e-08, 0
323697601, 3.55, 1.38e-07, 8.21e-08, 4.0, 2.96, 1e-08, 102
326030401, 5.45, 8.34e-09, 1.32e-08, 1.41, 0.7, 1e-08, 0
326289601, 2.41, 5.25e-08, 5.27e-08, 2.83, 1.78, 1e-08, 0
326548801, 1.45, 6.63e-08, 5.86e-08, 4.48, 4.45, 1e-08, 102
326808001, 4.12, 1.3e-07, 7.72e-08, 3.4, 2.84, 1e-08, 102
327585601, 5.25, 4.42e-08, 3.61e-08, 2.06, 0.47, 1e-08, 0
327844801, 1.21, 4.83e-08, 7.77e-08, 3.09, 5.94, 1e-08, 102
328104001, 2.22, 3.93e-08, 4.46e-08, 2.15, 0.61, 1e-08, 0
330436801, 1.25, 1.21e-08, 1.9e-08, 1.83, 0.77, 1e-08, 0
330955201, 1.54, 3.48e-09, 5e-09, 1.18, 0.69, 1e-08, 0
332510401, 1.63, 1.2e-08, 1.88e-08, 1.64, 0.66, 1e-08, 0
333806401, 2.65, 1.02e-08, 1.45e-08, 1.72, 0.68, 1e-08, 0
335620801, 5.8, 3.63e-08, 2.84e-08, 1.81, 0.4, 1e-08, 0
336657601, 1.79, 5.04e-08, 5.68e-08, 2.15, 0.67, 1e-08, 0
336916801, 1.62, 3.51e-08, 4.05e-08, 2.19, 0.61, 1e-08, 0
338472001, 9.12, 5.04e-09, 5.65e-09, 0.98, 0.57, 1e-08, 0
338990401, 3.28, 1.04e-07, 6.59e-08, 3.38, 3.22, 1e-08, 102
339508801, 8.07, 6.13e-08, 3.66e-08, 1.92, 0.35, 1e-08, 0
340286401, 5.65, 1.26e-07, 9.51e-08, 3.12, 2.81, 1e-08, 102
340545601, 10.54, 6.67e-08, 4.15e-08, 2.02, 0.38, 1e-08, 0
341841601, 9.25, 8.78e-08, 5.84e-08, 2.28, 0.47, 1e-08, 0
342100801, 1.94, 3.27e-08, 4.29e-08, 2.15, 0.69, 1e-08, 0
342619201, 4.59, 7.09e-08, 5.19e-08, 2.51, 0.77, 1e-08, 0
343137601, 1.27, 5.72e-08, 5.9e-08, 3.17, 5.27, 1e-08, 102
344433601, 12.03, 4.81e-09, 7.29e-09, 0.95, 0.87, 1e-08, 0
345470401, 5.44, 9.55e-08, 6.37e-08, 2.84, 1.15, 1e-08, 0
345729601, 4.75, 2.19e-08, 2.06e-08, 1.57, 0.39, 1e-08, 0
346248001, 4.07, 7.53e-09, 1.07e-08, 1.29, 0.64, 1e-08, 0
346507201, 3.67, 8.1e-08, 5.91e-08, 2.33, 0.46, 1e-08, 0
347544001, 1.46, 5.86e-08, 5.44e-08, 3.36, 4.74, 1e-08, 102
347803201, 6.88, 1.4e-07, 7.58e-08, 3.13, 2.51, 1e-08, 102
348062401, 1.21, 5.86e-08, 6.14e-08, 3.46, 5.19, 1e-08, 102
348321601, 1.59, 2.6e-08, 4.16e-08, 2.27, 1.11, 1e-08, 0
348840001, 1.68, 6.51e-08, 5.31e-08, 4.26, 4.31, 1e-08, 102
349876801, 2.35, 3.29e-08, 3.81e-08, 2.11, 0.67, 1e-08, 0
350395201, 1.85, 5.21e-08, 5.19e-08, 2.39, 0.6, 1e-08, 0
350654401, 14.75, 2.2e-07, 1.48e-07, 3.07, 1.67, 1e-08, 0
351172801, 1.26, 6.69e-09, 9.6e-09, 1.25, 0.61, 1e-08, 0
351432001, 4.55, 2.1e-08, 1.83e-08, 1.4, 0.41, 1e-08, 0
351691201, 4.54, 1.08e-07, 8.62e-08, 2.8, 1.24, 1e-08, 0
354283201, 3.71, 2.76e-08, 2.68e-08, 1.96, 0.54, 1e-08, 0
355060801, 1.47, 7.67e-08, 1.62e-07, 3.03, 5.45, 1e-08, 102
355838401, 4.44, 3.58e-08, 3.52e-08, 1.87, 0.44, 1e-08, 0
356616001, 15.31, 4.08e-08, 2.96e-08, 1.7, 0.34, 1e-08, 0
357134401, 7.63, 9.3e-08, 6.38e-08, 2.54, 0.57, 1e-08, 0
358430401, 5.18, 9.09e-09, 1.13e-08, 1.38, 0.56, 1e-08, 0
359467201, 3.84, 4.84e-08, 4.33e-08, 2.36, 0.68, 1e-08, 0
360244801, 2.91, 5.98e-08, 5.23e-08, 2.32, 0.55, 1e-08, 0
360763201, 1.51, 3.29e-08, 4.53e-08, 2.43, 0.98, 1e-08, 0
361022401, 4.52, 8.73e-08, 5.45e-08, 2.54, 0.52, 1e-08, 0
361540801, 4.48, 4.27e-08, 3.68e-08, 2.01, 0.46, 1e-08, 0
361800001, 2.6, 6.56e-08, 5.85e-08, 2.83, 1.28, 1e-08, 0
362577601, 1.77, 1.86e-08, 2.19e-08, 1.74, 0.62, 1e-08, 0
364132801, 2.59, 8.94e-08, 8.02e-07, 6.49, 3.13, 1e-08, 102
364392001, 1.12, 5.37e-08, 6.65e-07, 6.31, 4.33, 1e-08, 102
364910401, 7.58, 1.29e-07, 8.28e-08, 2.69, 0.57, 1e-08, 0
365428801, 3.34, 1.25e-08, 1.63e-08, 1.7, 0.6, 1e-08, 0
366465601, 7.79, 6.64e-08, 5.36e-08, 2.16, 0.46, 1e-08, 0
366724801, 10.62, 9.76e-09, 1.27e-08, 1.34, 0.56, 1e-08, 0
366984001, 1.24, 5.7e-08, 4.27e-07, 4.31, 1.37, 1e-08, 0
367243201, 5.25, 2.56e-08, 3.45e-08, 1.77, 0.67, 1e-08, 0
367502401, 9.51, 7.94e-08, 5.75e-08, 2.31, 0.51, 1e-08, 0
367761601, 2.35, 7.42e-08, 5.39e-08, 3.57, 3.86, 1e-08, 102
368020801, 2.3, 4.04e-08, 7.59e-08, 2.43, 1.26, 1e-08, 0
368539201, 16.73, 3.03e-08, 2.99e-08, 1.59, 0.43, 1e-08, 0
369057601, 3.78, 7.98e-08, 5.94e-08, 2.51, 0.53, 1e-08, 0
369835201, 3.32, 9.73e-08, 2.49e-07, 2.85, 7.16, 1e-08, 0
370094401, 8.51, 2.85e-09, 3.24e-09, 0.93, 0.64, 1e-08, 0
370612801, 1.22, 4.01e-08, 1.08e-06, 4.47, 4.83, 1e-08, 102
371390401, 5.25, 1.35e-07, 7.09e-08, 3.73, 2.59, 1e-08, 102
371649601, 1.69, 5.05e-09, 8.37e-09, 1.39, 0.78, 1e-08, 0
371908801, 5.34, 1.02e-07, 8.68e-08, 2.88, 2.38, 1e-08, 0
372427201, 2.83, 8.07e-08, 5.32e-08, 4.11, 3.48, 1e-08, 102
373204801, 4.29, 5.58e-08, 5.04e-08, 2.19, 0.66, 1e-08, 0
373982401, 2.5, 1.2e-07, 8.58e-08, 3.93, 3.56, 1e-08, 102
374760001, 3.91, 1.12e-07, 9.69e-08, 2.81, 3.39, 1e-08, 102
376056001, 1.77, 2.33e-08, 3.97e-08, 2.05, 0.92, 1e-08, 0
376574401, 2.59, 6.74e-08, 7.67e-08, 2.91, 4.35, 1e-08, 102
377092801, 5.33, 3.63e-08, 4.62e-08, 2.02, 0.68, 1e-08, 0
377870401, 14.09, 2.26e-07, 7.7e-08, 4.56, 1.7, 1e-08, 102
379166401, 2.06, 9.62e-08, 8.1e-08, 2.9, 4.14, 1e-08, 102
379425601, 19.21, 9.11e-08, 5.69e-08, 1.98, 0.34, 1e-08, 0
379684801, 2.82, 9.66e-09, 1.3e-08, 1.64, 0.63, 1e-08, 0
380462401, 1.09, 2.36e-08, 3.21e-08, 2.2, 0.85, 1e-08, 0
380721601, 2.45, 8.15e-08, 7.82e-07, 6.46, 3.34, 1e-08, 102
382017601, 2.06, 8.48e-08, 6.15e-08, 4.34, 3.8, 1e-08, 102
382536001, 2.98, 3.43e-08, 3.85e-08, 2.22, 0.76, 1e-08, 0
382795201, 3.73, 1.29e-07, 7.4e-08, 3.81, 2.97, 1e-08, 102
383054401, 1.51, 8.11e-08, 7.29e-08, 3.41, 4.65, 1e-08, 102
383313601, 2.8, 1.24e-07, 7.82e-08, 3.56, 3.33, 1e-08, 102
383572801, 2.89, 4.13e-08, 4.11e-08, 2.24, 0.57, 1e-08, 0
385387201, 1.7, 6.78e-08, 5.72e-08, 3.68, 4.38, 1e-08, 102
385646401, 7.85, 1.54e-07, 6.63e-08, 3.6, 2.24, 1e-08, 102
387979201, 1.07, 3.36e-08, 5.93e-08, 2.63, 1.97, 1e-08, 0
388238401, 9.65, 1.87e-08, 2.23e-08, 1.65, 0.55, 1e-08, 0
388497601, 29.08, 7.78e-08, 4.94e-08, 1.86, 0.32, 1e-08, 0
389016001, 1.5, 3.49e-08, 3.53e-08, 2.25, 0.56, 1e-08, 0
389793601, 2.07, 2.49e-08, 3.3e-08, 2.09, 0.68, 1e-08, 0
390052801, 1.62, 8.15e-09, 1.46e-08, 1.68, 0.91, 1e-08, 0
390571201, 7.81, 2.46e-09, 3.26e-09, 1.07, 0.68, 1e-08, 0
390830401, 2.89, 1.09e-08, 2.98e-08, 1.44, 1.11, 1e-08, 0
392644801, 5.64, 1.91e-08, 1.9e-08, 1.62, 0.45, 1e-08, 0
393422401, 5.25, 5.57e-08, 4.12e-08, 1.95, 0.4, 1e-08, 0
395496001, 6.06, 3.43e-08, 2.67e-08, 1.78, 0.42, 1e-08, 0
396014401, 2.94, 8.17e-08, 5.34e-08, 3.49, 3.53, 1e-08, 102
396532801, 6.79, 8.9e-08, 6.78e-08, 2.51, 0.6, 1e-08, 0
397051201, 1.32, 8.6e-08, 7.92e-08, 3.89, 4.63, 1e-08, 102
397310401, 10.26, 2.67e-08, 2.16e-08, 1.47, 0.37, 1e-08, 0
397828801, 5.81, 1.23e-07, 8.61e-08, 2.51, 1.07, 1e-08, 0
398088001, 4.41, 1.2e-07, 6.6e-08, 5.61, 2.69, 1e-08, 102
398347201, 5.21, 4.35e-09, 5.96e-09, 1.28, 0.67, 1e-08, 0
398606401, 3.84, 5.24e-08, 3.63e-08, 2.44, 0.49, 1e-08, 0
399124801, 1.33, 6.28e-08, 1.89e-07, 2.84, 6.22, 1e-08, 102
399643201, 3.6, 1.13e-07, 9.49e-08, 2.76, 1.03, 1e-08, 0
399902401, 1.15, 7.78e-08, 8.3e-08, 3.36, 5.69, 1e-08, 102
400680001, 2.78, 9.01e-09, 1.42e-08, 1.7, 0.76, 1e-08, 0
400939201, 1.36, 6.7e-08, 6.47e-08, 3.31, 5.01, 1e-08, 102
401198401, 5.06, 2.56e-08, 2.61e-08, 1.77, 0.49, 1e-08, 0
401457601, 3.9, 6.84e-08, 5.47e-08, 2.14, 0.5, 1e-08, 0
402494401, 3.76, 8.97e-08, 5.84e-08, 2.47, 0.55, 1e-08, 0
403012801, 6.37, 4.5e-09, 5.71e-09, 1.0, 0.65, 1e-08, 0
403531201, 1.93, 6.29e-08, 5.03e-08, 2.83, 4.49, 1e-08, 102
403790401, 3.62, 8.63e-08, 5.75e-08, 2.88, 0.6, 1e-08, 0
404827201, 3.6, 8.14e-08, 5.76e-08, 2.42, 0.52, 1e-08, 0
405345601, 7.26, 2.27e-08, 2.71e-08, 1.82, 0.58, 1e-08, 0
405604801, 3.33, 2.08e-08, 2.77e-08, 1.74, 0.62, 1e-08, 0
405864001, 2.63, 1.01e-07, 6.9e-08, 3.53, 3.65, 1e-08, 102
406123201, 1.02, 5.29e-08, 6.03e-08, 2.48, 0.74, 1e-08, 0
407678401, 9.79, 1.02e-08, 1.65e-08, 1.44, 0.65, 1e-08, 0
407937601, 1.44, 6.97e-08, 6.91e-08, 2.52, 0.83, 1e-08, 0
409492801, 3.58, 9.15e-09, 1.16e-08, 1.38, 0.61, 1e-08, 0
410011201, 7.03, 1.33e-08, 1.63e-08, 1.28, 0.58, 1e-08, 0
411825601, 4.13, 2.01e-07, 1.73e-07, 2.83, 3.18, 1e-08, 0
412344001, 10.1, 1.99e-09, 2.86e-09, 0.81, 0.95, 1e-08, 0
412862401, 6.76, 4.51e-08, 2.8e-08, 2.16, 0.37, 1e-08, 0
413121601, 5.4, 1.09e-08, 1.89e-08, 1.63, 0.68, 1e-08, 0
413640001, 2.77, 3.6e-08, 4.45e-08, 1.93, 0.67, 1e-08, 0
414158401, 8.01, 1.14e-08, 1.93e-08, 1.39, 0.78, 1e-08, 0
414417601, 2.54, 4.65e-08, 5.06e-08, 1.98, 0.63, 1e-08, 0
415713601, 2.48, 9.04e-09, 1.32e-08, 1.28, 0.7, 1e-08, 0
416232001, 6.16, 1.62e-07, 9.52e-08, 2.8, 0.59, 1e-08, 0
416491201, 6.93, 1.38e-07, 8.28e-08, 2.7, 0.62, 1e-08, 0
416750401, 12.87, 2.6e-08, 2.27e-08, 1.46, 0.4, 1e-08, 0
417009601, 2.7, 6.66e-08, 7.45e-08, 2.64, 1.01, 1e-08, 0
417268801, 4.89, 1.57e-07, 7.62e-07, 6.68, 1.7, 1e-08, 102
418046401, 2.63, 9.47e-08, 7.03e-08, 2.3, 0.53, 1e-08, 0
418824001, 1.2, 2.39e-08, 3.54e-08, 2.03, 0.89, 1e-08, 0
419083201, 22.3, 1.6e-08, 1.36e-08, 1.08, 0.45, 1e-08, 0
419601601, 4.74, 1.57e-08, 2.34e-08, 1.54, 0.73, 1e-08, 0
420120001, 1.98, 4.42e-09, 6.98e-09, 1.28, 0.74, 1e-08, 0
420379201, 4.01, 2.43e-08, 2.34e-08, 1.71, 0.44, 1e-08, 0
420897601, 1.1, 1.2e-08, 2.27e-08, 1.93, 0.85, 1e-08, 0
421156801, 15.25, 5.93e-08, 4.17e-08, 1.99, 0.4, 1e-08, 0
422193601, 5.95, 4.6e-08, 3.66e-08, 2.1, 0.47, 1e-08, 0
422971201, 1.2, 5.79e-08, 6.87e-07, 6.34, 4.15, 1e-08, 102
425822401, 7.33, 3.26e-09, 3.29e-09, 0.0, 0, 1e-08, 0
426081601, 5.17, 2.96e-08, 2.72e-08, 1.77, 0.46, 1e-08, 0
426340801, 2.62, 9.52e-08, 6.29e-08, 3.72, 3.41, 1e-08, 102
426600001, 1.86, 5.63e-08, 5.46e-08, 2.43, 0.91, 1e-08, 0
427377601, 4.03, 4.09e-08, 3.63e-08, 1.9, 0.49, 1e-08, 0
427896001, 7.58, 6.26e-08, 4.05e-08, 2.12, 0.39, 1e-08, 0
428155201, 4.22, 1.37e-07, 8.12e-08, 3.33, 2.97, 1e-08, 102
428932801, 2.15, 9.57e-08, 2.04e-07, 2.05, 2.09, 1e-08, 0
429710401, 2.72, 1.59e-07, 1.13e-07, 4.24, 3.63, 1e-08, 102
430228801, 23.87, 2.78e-08, 1.72e-08, 1.2, 0.32, 1e-08, 0
431006401, 3.64, 9.87e-09, 1.55e-08, 1.33, 0.69, 1e-08, 0
431784001, 1.09, 3.17e-08, 4.83e-08, 1.98, 0.76, 1e-08, 0
432302401, 4.05, 1.37e-07, 8.31e-08, 3.06, 3.14, 1e-08, 102
434116801, 4.54, 2.22e-07, 1.3e-07, 5.35, 2.84, 1e-08, 102
435153601, 13.64, 7.88e-08, 5.03e-08, 1.86, 0.32, 1e-08, 0
435672001, 2.88, 1.73e-07, 1.64e-07, 3.0, 2.54, 1e-08, 0
435931201, 4.64, 8.96e-08, 1.19e-07, 2.09, 0.81, 1e-08, 0
436449601, 3.93, 1.33e-07, 9.7e-08, 3.5, 3.33, 1e-08, 102
436708801, 16.16, 5.13e-09, 5.15e-09, 0.43, 0.72, 1e-08, 0
437227201, 5.48, 1.85e-08, 2.43e-08, 1.55, 0.55, 1e-08, 0
438004801, 8.47, 2.48e-07, 1.31e-07, 2.77, 0.83, 1e-08, 0
438782401, 1.26, 1.42e-07, 1.62e-07, 4.0, 5.02, 1e-08, 102
440337601, 3.81, 1.11e-07, 7.92e-08, 2.79, 3.38, 1e-08, 102
441115201, 2.13, 6.86e-09, 1.05e-08, 1.45, 0.68, 1e-08, 0
441374401, 1.59, 5.31e-08, 9.79e-08, 2.59, 5.72, 1e-08, 102
441892801, 4.29, 1.03e-07, 5.98e-08, 2.79, 0.54, 1e-08, 0
442152001, 12.54, 4.78e-09, 7.64e-09, 0.94, 0.95, 1e-08, 0
443448001, 6.75, 3.34e-08, 5.29e-08, 1.82, 0.7, 1e-08, 0
444225601, 5.92, 9.4e-08, 6.28e-08, 2.53, 0.51, 1e-08, 0
444484801, 3.83, 1.01e-08, 1.43e-08, 1.39, 0.65, 1e-08, 0
445003201, 5.72, 1.33e-07, 7.91e-08, 3.06, 2.77, 1e-08, 102
445780801, 2.51, 4.74e-08, 4.31e-08, 2.06, 0.48, 1e-08, 0
446817601, 1.85, 9.87e-08, 7.82e-08, 3.52, 4.1, 1e-08, 102
447076801, 2.8, 2.65e-08, 3.37e-08, 1.94, 0.64, 1e-08, 0
447336001, 3.67, 1.29e-08, 1.7e-08, 1.43, 0.59, 1e-08, 0
448372801, 4.95, 2.08e-08, 3.18e-08, 1.41, 0.65, 1e-08, 0
448632001, 9.17, 2e-07, 1.36e-07, 1.88, 0.41, 1e-08, 0
449409601, 6.99, 2.12e-07, 1.32e-07, 2.22, 0.49, 1e-08, 0
449668801, 4.52, 3.31e-07, 2.21e-07, 2.69, 0.93, 1e-08, 0
450446401, 1.49, 7.3e-08, 2.23e-07, 2.77, 6.1, 1e-08, 102
450705601, 5.26, 1.12e-07, 7.02e-08, 2.54, 0.58, 1e-08, 0
450964801, 3.08, 5.02e-08, 4.34e-08, 2.07, 0.51, 1e-08, 0
451224001, 1.54, 4.97e-08, 5.93e-08, 2.45, 0.81, 1e-08, 0
451483201, 1.76, 3.33e-08, 3.74e-08, 1.86, 0.56, 1e-08, 0
451742401, 3.54, 5.51e-08, 7.09e-08, 2.4, 0.8, 1e-08, 0
452779201, 1.58, 8.42e-08, 7.26e-08, 3.97, 4.39, 1e-08, 102
453038401, 4.36, 5.08e-09, 7.14e-09, 1.13, 0.66, 1e-08, 0
453297601, 4.8, 5.29e-08, 5.33e-08, 2.24, 0.61, 1e-08, 0
453556801, 2.45, 1.02e-08, 1.49e-08, 1.66, 0.66, 1e-08, 0
454334401, 2.73, 6.29e-08, 7.14e-08, 2.56, 1.38, 1e-08, 0
454593601, 1.87, 1.41e-08, 2.08e-08, 1.51, 0.75, 1e-08, 0
455889601, 5.74, 1.12e-07, 6.4e-08, 2.67, 0.5, 1e-08, 0
456148801, 4.11, 5.3e-08, 4.15e-08, 1.88, 0.42, 1e-08, 0
456408001, 2.04, 2.46e-08, 3.02e-08, 1.95, 0.69, 1e-08, 0
456926401, 2.33, 1.01e-07, 7.48e-08, 3.63, 3.71, 1e-08, 102
457444801, 1.19, 6.46e-08, 6.45e-08, 3.63, 5.22, 1e-08, 102
457704001, 1.59, 5.02e-08, 5.26e-08, 2.38, 0.66, 1e-08, 0
457963201, 4.44, 6.38e-09, 9.42e-09, 1.39, 0.69, 1e-08, 0
458222401, 18.96, 2.86e-08, 2.64e-08, 1.49, 0.4, 1e-08, 0
460036801, 1.44, 3.89e-08, 5.25e-08, 2.36, 0.71, 1e-08, 0
460555201, 4.35, 1.29e-07, 7.99e-08, 3.43, 2.93, 1e-08, 102
461073601, 4.13, 3.88e-09, 5.19e-09, 0.95, 0.76, 1e-08, 0
461851201, 7.92, 1.02e-07, 6e-08, 2.22, 0.36, 1e-08, 0
462888001, 6.04, 1.5e-08, 1.73e-08, 1.37, 0.49, 1e-08, 0
463147201, 5.76, 1.17e-07, 5.8e-08, 5.27, 2.5, 1e-08, 102
463924801, 5.81, 1.18e-07, 7.2e-08, 2.91, 2.02, 1e-08, 0
464443201, 2.63, 5.05e-08, 4.36e-08, 2.6, 0.65, 1e-08, 0
464702401, 1.99, 6.2e-08, 5.23e-08, 2.65, 1.07, 1e-08, 0
465739201, 10.74, 2e-07, 9e-08, 2.72, 0.41, 1e-08, 0
466516801, 3.65, 7.4e-08, 5.82e-08, 2.36, 0.55, 1e-08, 0
466776001, 9.82, 1.14e-08, 1.32e-08, 1.38, 0.52, 1e-08, 0
467035201, 2.51, 6.36e-08, 6.22e-08, 2.56, 0.76, 1e-08, 0
467553601, 1.14, 1.2e-08, 2.08e-08, 1.79, 0.76, 1e-08, 0
468590401, 5.29, 8.74e-09, 9.78e-09, 1.25, 0.52, 1e-08, 0
469627201, 4.98, 9.25e-09, 1.39e-08, 1.32, 0.63, 1e-08, 0
469886401, 2.9, 8.65e-08, 6.74e-08, 2.37, 0.5, 1e-08, 0
470923201, 2.94, 7.56e-08, 6.14e-08, 2.6, 0.58, 1e-08, 0
472478401, 2.25, 3.63e-08, 4.62e-08, 2.17, 0.75, 1e-08, 0
474033601, 5.99, 1.23e-07, 7.3e-08, 2.74, 0.6, 1e-08, 0
475070401, 5.14, 6.72e-09, 8.37e-09, 0.98, 0.68, 1e-08, 0
475329601, 1.53, 3.95e-08, 4.45e-08, 2.2, 0.63, 1e-08, 0
476884801, 1.94, 2.73e-08, 3.22e-08, 1.93, 0.61, 1e-08, 0
477144001, 9.39, 2.65e-08, 5.32e-08, 1.64, 0.75, 1e-08, 0
477921601, 2.26, 1.55e-08, 2.81e-08, 1.9, 0.85, 1e-08, 0
478180801, 1.1, 6.23e-08, 6.35e-08, 3.23, 5.54, 1e-08, 102
480772801, 1.92, 3.71e-08, 5.46e-08, 2.28, 0.76, 1e-08, 0
481032001, 5.11, 1.48e-07, 1e-06, 6.66, 2.35, 1e-08, 102
481291201, 1.68, 4.57e-08, 9.62e-08, 2.34, 1.31, 1e-08, 0
481550401, 2.51, 8.65e-08, 7.05e-08, 2.6, 0.72, 1e-08, 0
482587201, 3.98, 1.29e-08, 2.03e-08, 1.72, 0.72, 1e-08, 0
482846401, 8.32, 5.02e-08, 4.74e-08, 1.98, 0.49, 1e-08, 0
483624001, 8.21, 5.84e-08, 3.63e-08, 2.12, 0.39, 1e-08, 0
483883201, 1.15, 2.03e-08, 4.55e-08, 2.26, 1.35, 1e-08, 0
484660801, 12.61, 2.05e-07, 7e-08, 5.14, 1.63, 1e-08, 102
485179201, 5.07, 1.04e-07, 6.19e-08, 2.63, 1.29, 1e-08, 0
486216001, 9.73, 3.27e-09, 3.31e-09, 0.51, 0.73, 1e-08, 0
486734401, 12.23, 3.31e-09, 3.44e-09, 0.49, 0.88, 1e-08, 0
487252801, 16.46, 2.53e-08, 2.99e-08, 1.52, 0.51, 1e-08, 0
487512001, 7.59, 6.95e-08, 5.56e-08, 2.24, 0.5, 1e-08, 0
488289601, 5.92, 1.82e-07, 1.02e-07, 2.7, 0.53, 1e-08, 0
488548801, 6.76, 1.04e-07, 5.8e-08, 2.51, 0.6, 1e-08, 0
488808001, 3.2, 7.81e-08, 6.21e-08, 2.68, 0.91, 1e-08, 0
490104001, 9.93, 5.24e-08, 3.99e-08, 1.84, 0.36, 1e-08, 0
490881601, 12.61, 6.47e-07, 3.82e-06, 4.73, 1.05, 1e-08, 0
491659201, 9.91, 6.07e-09, 1.21e-08, 1.2, 0.95, 1e-08, 0
492436801, 1.73, 5.4e-08, 6e-08, 2.44, 0.72, 1e-08, 0
492696001, 7.3, 2.57e-08, 4.42e-08, 1.83, 0.91, 1e-08, 0
492955201, 4.67, 9.99e-08, 6.72e-08, 2.69, 0.62, 1e-08, 0
494510401, 1.7, 7.01e-08, 7.8e-08, 3.0, 4.86, 1e-08, 102
495028801, 12.98, 5.82e-08, 4.61e-08, 2.03, 0.43, 1e-08, 0
495806401, 1.75, 4.47e-08, 5.95e-08, 2.5, 1.27, 1e-08, 0
496065601, 2.22, 9.76e-08, 4.46e-07, 6.52, 1.59, 1e-08, 102
497102401, 2.13, 1.19e-07, 3.1e-07, 3.59, 0.45, 1e-08, 0
498139201, 1.28, 1.12e-08, 1.88e-08, 1.85, 0.88, 1e-08, 0
498657601, 1.19, 7.5e-08, 7.91e-08, 3.53, 5.28, 1e-08, 102
499176001, 1.03, 3.49e-08, 5.37e-08, 2.53, 1.32, 1e-08, 0
500731201, 6.34, 1.46e-07, 1.1e-07, 2.9, 1.96, 1e-08, 0
500990401, 23.78, 3.34e-07, 9.1e-08, 4.14, 1.34, 1e-08, 102
501508801, 2.08, 7.67e-08, 7.64e-08, 3.11, 4.3, 1e-08, 102
501768001, 5.91, 1.47e-07, 7.61e-08, 5.1, 2.44, 1e-08, 102
502027201, 1.34, 6.33e-08, 8.86e-08, 2.82, 5.68, 1e-08, 102
502804801, 11.22, 1.42e-08, 1.5e-08, 1.31, 0.47, 1e-08, 0
503064001, 1.94, 5.14e-08, 4.81e-08, 2.39, 0.58, 1e-08, 0
503582401, 1.58, 2.21e-08, 2.64e-08, 2.16, 0.71, 1e-08, 0
504619201, 1.61, 6.57e-08, 1.06e-07, 3.01, 5.22, 1e-08, 102
505137601, 1.5, 6.41e-08, 5.9e-08, 3.47, 4.67, 1e-08, 102
505915201, 9.57, 6.13e-08, 3.78e-08, 1.96, 0.34, 1e-08, 0
506692801, 1.27, 7.91e-08, 2.06e-06, 4.08, 4.74, 1e-08, 102
506952001, 3.04, 9.82e-08, 6.97e-08, 2.56, 0.51, 1e-08, 0
507729601, 1.37, 8.04e-08, 2.05e-06, 3.59, 4.71, 1e-08, 102
509284801, 4.29, 7.55e-08, 5.35e-08, 2.4, 0.51, 1e-08, 0
509544001, 4.57, 8.48e-08, 8.13e-08, 2.75, 1.54, 1e-08, 0
509803201, 4.49, 3.22e-08, 4.1e-08, 2.02, 0.63, 1e-08, 0
510062401, 1.23, 2.79e-08, 3.52e-08, 2.03, 0.64, 1e-08, 0
510321601, 10.01, 9.49e-08, 4.99e-08, 2.2, 0.35, 1e-08, 0
510840001, 1.95, 3.84e-08, 4.08e-08, 2.19, 0.68, 1e-08, 0
511358401, 1.17, 1.28e-08, 2.42e-08, 1.81, 0.81, 1e-08, 0
512136001, 1.84, 8.56e-08, 7.45e-08, 2.75, 0.7, 1e-08, 0
512395201, 4.65, 5.23e-09, 6.59e-09, 0.96, 0.65, 1e-08, 0
512654401, 1.77, 1.85e-08, 2.47e-08, 1.83, 0.6, 1e-08, 0
512913601, 2.51, 1.03e-07, 7.28e-08, 3.12, 3.73, 1e-08, 102
513432001, 2.12, 3.02e-08, 3.79e-08, 1.98, 0.64, 1e-08, 0
513950401, 11.54, 1.41e-07, 6.72e-08, 2.3, 0.33, 1e-08, 0
516542401, 2.57, 2.5e-08, 3.49e-08, 1.94, 0.68, 1e-08, 0
518356801, 4.51, 6.8e-08, 5.79e-08, 2.32, 0.6, 1e-08, 0
518616001, 1.4, 3.8e-08, 4.34e-08, 2.25, 0.61, 1e-08, 0
518875201, 7.19, 8.83e-08, 5.76e-08, 2.17, 0.41, 1e-08, 0
519393601, 1.94, 3.22e-08, 3.73e-08, 2.2, 0.68, 1e-08, 0
520171201, 2.82, 1.13e-07, 1.38e-07, 2.99, 3.95, 1e-08, 102
521985601, 8.27, 1.15e-07, 5.71e-08, 2.51, 0.51, 1e-08, 0
522504001, 1.91, 5.31e-08, 4.87e-08, 2.43, 0.76, 1e-08, 0
522763201, 1.5, 5.83e-08, 1.59e-07, 2.93, 6, 1e-08, 102
523540801, 6.83, 4.27e-08, 3.72e-08, 1.93, 0.45, 1e-08, 0
523800001, 6.97, 2.24e-08, 2.8e-08, 1.61, 0.58, 1e-08, 0
524059201, 6.38, 9.16e-08, 5.43e-08, 2.29, 0.42, 1e-08, 0
524836801, 7.48, 1.55e-08, 2.16e-08, 1.46, 0.58, 1e-08, 0
525096001, 2.39, 1.31e-08, 1.71e-08, 1.65, 0.74, 1e-08, 0
526132801, 3.4, 2.31e-08, 2.23e-08, 1.8, 0.47, 1e-08, 0
526392001, 3.87, 3.2e-08, 3.03e-08, 1.93, 0.51, 1e-08, 0
526651201, 2.61, 9.41e-08, 6.41e-08, 6.51, 0.24, 1e-08, 0
526910401, 1.21, 7.54e-08, 2.08e-06, 3.6, 5.11, 1e-08, 102
527169601, 5.61, 5.75e-08, 6.57e-08, 1.68, 0.59, 1e-08, 0
527428801, 2.88, 1.46e-07, 1.01e-07, 4.02, 3.56, 1e-08, 102
527688001, 9.7, 3.57e-09, 3.73e-09, 0.73, 0.67, 1e-08, 0
528465601, 2.59, 4.95e-09, 7.18e-09, 1.25, 0.68, 1e-08, 0
528724801, 2.0, 3.48e-08, 3.96e-08, 2.22, 0.85, 1e-08, 0
529761601, 2.49, 5.34e-09, 8.67e-09, 1.12, 0.76, 1e-08, 0
530280001, 3.48, 1.03e-07, 1.44e-07, 3.01, 3.85, 1e-08, 102
530798401, 1.55, 6.8e-08, 8.8e-08, 3.32, 5.01, 1e-08, 102
531316801, 6.22, 5.67e-08, 4.71e-08, 2.14, 0.5, 1e-08, 0
531835201, 3.99, 1.86e-08, 3.05e-08, 1.9, 0.83, 1e-08, 0
532094401, 13.08, 2.83e-08, 2.18e-08, 1.56, 0.37, 1e-08, 0
533390401, 4.77, 4.51e-08, 4.9e-08, 2.21, 0.64, 1e-08, 0
533649601, 11.66, 3.81e-08, 3.48e-08, 1.84, 0.44, 1e-08, 0
535204801, 7.64, 4.26e-09, 4.38e-09, 0.7, 0.64, 1e-08, 0
535464001, 1.29, 2.84e-08, 4e-08, 2.17, 0.79, 1e-08, 0
537019201, 3.94, 2.92e-09, 3.19e-09, 0.4, 1, 1e-08, 0
537537601, 3.02, 8.55e-08, 7.24e-07, 6.47, 2.95, 1e-08, 102
538056001, 1.9, 4.4e-08, 4.49e-08, 2.39, 0.66, 1e-08, 0
538574401, 2.14, 3.82e-08, 3.57e-08, 2.07, 0.52, 1e-08, 0
538833601, 2.93, 3.45e-08, 4.12e-08, 1.88, 0.58, 1e-08, 0
539092801, 4.83, 6.43e-08, 4.59e-08, 2.18, 0.44, 1e-08, 0
540129601, 7.73, 1.27e-07, 7.28e-08, 2.86, 1.05, 1e-08, 0
541166401, 2.79, 6.38e-08, 1.12e-07, 2.76, 3.28, 1e-08, 0
541425601, 5.21, 9.04e-08, 5.47e-08, 2.46, 0.46, 1e-08, 0
542721601, 6.16, 1.93e-07, 1.1e-07, 2.69, 0.86, 1e-08, 0
546868801, 6.22, 4.29e-08, 2.9e-08, 2.07, 0.39, 1e-08, 0
547128001, 7.29, 1.19e-08, 1.58e-08, 1.68, 0.6, 1e-08, 0
547905601, 1.8, 1.84e-08, 2.71e-08, 1.83, 0.63, 1e-08, 0
548164801, 1.34, 1.3e-07, 1.81e-07, 2.5, 1.16, 1e-08, 0
548424001, 15.22, 2.76e-07, 2.08e-07, 2.17, 0.46, 1e-08, 0
548683201, 9.7, 2.02e-08, 1.92e-08, 1.63, 0.43, 1e-08, 0
548942401, 2.93, 1.42e-08, 1.6e-08, 1.68, 0.5, 1e-08, 0
549201601, 1.91, 1.26e-08, 2.05e-08, 1.72, 0.71, 1e-08, 0
549460801, 7.91, 1.31e-08, 1.54e-08, 1.49, 0.46, 1e-08, 0
549720001, 3.97, 1.68e-08, 1.97e-08, 1.92, 0.55, 1e-08, 0
549979201, 2.19, 2.9e-08, 3.82e-08, 2.4, 1.04, 1e-08, 0
550238401, 1.44, 2.4e-08, 3.21e-08, 2.23, 0.87, 1e-08, 0
551016001, 4.24, 1.4e-08, 1.73e-08, 1.25, 0.59, 1e-08, 0
551534401, 6.6, 7.88e-08, 1.35e-07, 2.84, 3.28, 1e-08, 102
551793601, 8.99, 2.04e-06, 2.14e-05, 7.56, 3.65, 1e-08, 102
552052801, 1.49, 3.19e-07, 4.77e-07, 2.53, 1.16, 1e-08, 0
552312001, 1.03, 1.41e-07, 1.97e-07, 2.17, 0.75, 1e-08, 0
552571201, 4.31, 3.18e-08, 3.18e-08, 1.94, 0.56, 1e-08, 0
553348801, 1.58, 5.84e-08, 5.05e-08, 3.43, 4.49, 1e-08, 102
553608001, 6.72, 1.15e-07, 4.98e-08, 4.28, 2.16, 1e-08, 102
554904001, 12.72, 6.73e-08, 4.39e-08, 2.08, 0.4, 1e-08, 0
555681601, 3.14, 2.9e-08, 2.27e-08, 2.21, 0.51, 1e-08, 0
555940801, 3.86, 3.07e-08, 2.7e-08, 1.98, 0.45, 1e-08, 0
556459201, 5.48, 1.98e-06, 1.79e-06, 2.24, 0.63, 1e-08, 0
556977601, 1.62, 3.61e-08, 3.39e-08, 2.31, 0.51, 1e-08, 0
557236801, 4.89, 4.19e-08, 3.68e-08, 2.15, 0.46, 1e-08, 0
557496001, 10.68, 1.45e-07, 8.19e-08, 3.15, 2.13, 1e-08, 102
557755201, 1.16, 5.32e-08, 4.96e-08, 3.64, 4.99, 1e-08, 102
558014401, 1.37, 3.25e-07, 4.78e-07, 2.43, 1.04, 1e-08, 0
558273601, 2.49, 8.39e-06, 9.91e-06, 4.65, 2.22, 1e-08, 0
558532801, 20.31, 1.93e-08, 1.34e-08, 1.42, 0.32, 1e-08, 0
558792001, 14.44, 4.7e-08, 3.23e-08, 2.09, 0.41, 1e-08, 0
559051201, 2.66, 3.64e-08, 4.41e-08, 2.45, 0.84, 1e-08, 0
559310401, 17.24, 3.28e-08, 2.04e-08, 1.82, 0.32, 1e-08, 0
559569601, 7.31, 6.42e-09, 7.49e-09, 1.37, 0.48, 1e-08, 0
559828801, 1.61, 3.45e-08, 9.15e-08, 2.65, 6.2, 1e-08, 102
560088001, 1.53, 1.73e-08, 2.55e-08, 2.35, 0.98, 1e-08, 0
560606401, 4.09, 1.1e-08, 1.81e-08, 1.3, 0.79, 1e-08, 0
561643201, 2.24, 2.94e-07, 5e-07, 3.44, 4.7, 1e-08, 102
561902401, 14.42, 5.57e-08, 6.72e-08, 1.38, 0.54, 1e-08, 0
562161601, 22.07, 6.15e-08, 4.55e-08, 1.9, 0.34, 1e-08, 0
562420801, 2.64, 6.34e-08, 4.55e-08, 2.7, 0.84, 1e-08, 0
562680001, 6.18, 3.86e-08, 3.84e-08, 2.15, 0.56, 1e-08, 0
562939201, 1.12, 8.25e-08, 8.27e-08, 4.96, 5.01, 1e-08, 102
563198401, 9.97, 3.08e-09, 3.37e-09, 0.67, 0.79, 1e-08, 0
563716801, 6.32, 6.7e-08, 5e-08, 2.15, 0.44, 1e-08, 0
563976001, 2.47, 6.64e-08, 5.56e-08, 2.54, 0.65, 1e-08, 0
564235201, 2.48, 6.91e-08, 5.29e-08, 3.15, 3.88, 1e-08, 102
564494401, 1.05, 2.44e-09, 5.12e-09, 1.2, 0.9, 1e-08, 0
566049601, 4.07, 2.17e-08, 4.36e-08, 1.83, 0.81, 1e-08, 0
566568001, 8.21, 4.4e-08, 2.95e-08, 2.01, 0.36, 1e-08, 0
567345601, 5.23, 4.89e-08, 3.64e-08, 2.22, 0.47, 1e-08, 0
567604801, 5.29, 5.43e-08, 3.51e-08, 2.26, 0.47, 1e-08, 0
568641601, 1.79, 6.17e-08, 5.05e-08, 3.23, 4.55, 1e-08, 102
570196801, 2.14, 3.33e-08, 3.93e-08, 2.17, 0.69, 1e-08, 0
570715201, 6.12, 9.14e-08, 4.85e-08, 2.71, 0.75, 1e-08, 0
570974401, 6.62, 9.83e-08, 4.48e-08, 6.52, 0.16, 1e-08, 0
571492801, 3.31, 1.18e-08, 1.57e-08, 1.52, 0.6, 1e-08, 0
572270401, 7.25, 8.2e-08, 6.42e-08, 2.6, 0.83, 1e-08, 0
572788801, 9.5, 3.02e-09, 3.04e-09, 0.32, 0.89, 1e-08, 0
573566401, 5.98, 1.22e-07, 5.79e-08, 4.67, 2.41, 1e-08, 102
573825601, 1.22, 1.31e-08, 2.81e-08, 1.8, 1.04, 1e-08, 0
574084801, 7.35, 1.63e-07, 7.03e-08, 4.12, 2.14, 1e-08, 102
574603201, 1.77, 1.48e-08, 2.24e-08, 1.91, 0.86, 1e-08, 0
576417601, 11.43, 1.46e-07, 6.23e-08, 2.38, 0.34, 1e-08, 0
576936001, 3.82, 2.92e-08, 2.87e-08, 1.99, 0.54, 1e-08, 0
578232001, 3.1, 5.75e-08, 4.43e-08, 2.49, 0.9, 1e-08, 0
578491201, 2.41, 7.78e-08, 7.11e-08, 3.27, 3.96, 1e-08, 102
579528001, 1.48, 7.59e-08, 6.71e-08, 5.48, 4.4, 1e-08, 102
581083201, 8.01, 8.32e-08, 7.09e-08, 2.48, 0.62, 1e-08, 0
581342401, 1.32, 3.47e-08, 3.57e-08, 2.54, 0.92, 1e-08, 0
583675201, 2.08, 7.2e-08, 7.09e-08, 3.06, 4.31, 1e-08, 102
584452801, 2.14, 6.17e-08, 1.11e-07, 2.95, 4.82, 1e-08, 102
585230401, 3.0, 6.36e-08, 4.65e-08, 2.66, 1.07, 1e-08, 0
585489601, 5.26, 1.04e-07, 4.9e-08, 4.61, 2.39, 1e-08, 102
585748801, 5.73, 4.41e-08, 3.33e-08, 2.13, 0.49, 1e-08, 0
586008001, 1.36, 4.62e-08, 4.16e-08, 3.54, 4.67, 1e-08, 102
587044801, 4.82, 8.9e-08, 7.01e-08, 2.76, 1.72, 1e-08, 0
587822401, 2.04, 9.75e-09, 1.37e-08, 1.63, 0.63, 1e-08, 0
589118401, 2.23, 1.55e-08, 1.83e-08, 1.85, 0.56, 1e-08, 0
589896001, 3.33, 1e-07, 8.3e-08, 2.84, 1.43, 1e-08, 0
590414401, 1.85, 1.95e-08, 2.57e-08, 1.87, 0.63, 1e-08, 0
590673601, 5.07, 9.49e-08, 6.68e-08, 2.83, 2.19, 1e-08, 0
592228801, 5.12, 2.6e-08, 3e-08, 1.88, 0.57, 1e-08, 0
593265601, 2.06, 3.56e-08, 5.49e-08, 2.22, 0.85, 1e-08, 0
593784001, 7.18, 6.22e-08, 5.4e-08, 2.0, 0.42, 1e-08, 0
594302401, 8.46, 1.56e-07, 7.2e-08, 2.67, 0.44, 1e-08, 0
595080001, 2.87, 1.02e-07, 6.92e-08, 3.73, 3.5, 1e-08, 102
595339201, 1.6, 6.71e-08, 8.06e-08, 3.18, 4.91, 1e-08, 102
595857601, 4.72, 3.75e-08, 4.03e-08, 2.03, 0.59, 1e-08, 0
596376001, 2.25, 7.88e-08, 5.62e-08, 3.82, 3.83, 1e-08, 102
597153601, 9.37, 9.31e-09, 1.31e-08, 1.22, 0.62, 1e-08, 0
597672001, 1.19, 4.77e-08, 5.31e-08, 2.6, 0.8, 1e-08, 0
598449601, 1.88, 6.95e-08, 5.35e-08, 3.52, 4.21, 1e-08, 102
599227201, 4.68, 8.55e-08, 5.17e-08, 2.96, 2.98, 1e-08, 102
599486401, 3.44, 6.26e-08, 4.44e-08, 2.7, 1.28, 1e-08, 0
599745601, 6.17, 6.96e-08, 4.06e-08, 2.49, 0.43, 1e-08, 0
600004801, 4.84, 8.11e-08, 4.27e-08, 3.45, 2.77, 1e-08, 102
600264001, 1.92, 5.31e-08, 4.68e-08, 2.68, 1.1, 1e-08, 0
601041601, 5.72, 5.21e-09, 7.08e-09, 1.18, 0.69, 1e-08, 0
601560001, 6.17, 2.57e-08, 4.8e-08, 1.91, 0.81, 1e-08, 0
602856001, 4.99, 2.02e-08, 2.47e-08, 1.93, 0.6, 1e-08, 0
603115201, 7.29, 9.12e-08, 5.3e-08, 2.63, 0.56, 1e-08, 0
603374401, 2.51, 6.66e-09, 1.04e-08, 1.7, 0.73, 1e-08, 0
603633601, 5.86, 8.52e-08, 4.81e-08, 2.65, 0.48, 1e-08, 0
604152001, 6.01, 1.37e-08, 1.6e-08, 1.51, 0.57, 1e-08, 0
604929601, 7.49, 6.78e-08, 5.13e-08, 2.2, 0.49, 1e-08, 0
605188801, 6.46, 1.81e-08, 2.18e-08, 1.56, 0.53, 1e-08, 0
605707201, 6.01, 1.06e-08, 1.09e-08, 1.35, 0.49, 1e-08, 0
606225601, 1.54, 9.28e-09, 1.27e-08, 1.68, 0.65, 1e-08, 0
607521601, 6.99, 1.24e-07, 7.78e-08, 2.52, 0.46, 1e-08, 0
607780801, 7.51, 6.44e-08, 4.14e-08, 2.03, 0.37, 1e-08, 0
609336001, 2.85, 3.21e-08, 3.24e-08, 2.16, 0.57, 1e-08, 0
609595201, 1.97, 8.47e-08, 7.11e-08, 3.02, 4.4, 1e-08, 102
610632001, 9.02, 5.07e-08, 4.01e-08, 1.9, 0.41, 1e-08, 0
611150401, 12.72, 9.47e-08, 4.92e-08, 2.15, 0.35, 1e-08, 0
611409601, 2.04, 3.86e-09, 4.34e-09, 0.66, 0.64, 1e-08, 0
611668801, 4.4, 1.19e-08, 1.32e-08, 1.57, 0.51, 1e-08, 0
611928001, 5.76, 2.06e-08, 1.99e-08, 1.66, 0.48, 1e-08, 0
612187201, 1.0, 1.57e-08, 2.43e-08, 1.91, 0.69, 1e-08, 0
612705601, 4.31, 1.07e-07, 7.42e-07, 6.55, 2.43, 1e-08, 102
612964801, 1.13, 4.74e-08, 1.33e-06, 3.74, 5.14, 1e-08, 102
613483201, 7.12, 7.94e-08, 3.87e-08, 2.68, 0.71, 1e-08, 0
614001601, 2.81, 1.81e-08, 2.09e-08, 1.92, 0.63, 1e-08, 0
614520001, 8.63, 7.47e-08, 5.41e-08, 2.19, 0.43, 1e-08, 0
615556801, 4.16, 4.41e-08, 3.51e-08, 2.0, 0.46, 1e-08, 0
616334401, 1.95, 5.74e-08, 4.86e-08, 2.75, 1.13, 1e-08, 0
616593601, 3.72, 1.79e-08, 1.87e-08, 1.89, 0.5, 1e-08, 0
617112001, 5.56, 1.3e-07, 6.08e-08, 5.13, 2.28, 1e-08, 102
617630401, 7.32, 5.14e-08, 3.01e-08, 2.22, 0.36, 1e-08, 0
617889601, 6.05, 4.11e-08, 3.92e-08, 2.27, 0.58, 1e-08, 0
618667201, 6.5, 8.38e-08, 5.71e-08, 2.32, 0.52, 1e-08, 0
620481601, 5.73, 6.36e-09, 8.15e-09, 1.32, 0.62, 1e-08, 0
620740801, 2.05, 4.05e-08, 4.39e-08, 2.56, 0.77, 1e-08, 0
621000001, 1.93, 5.43e-08, 8.78e-08, 2.83, 4.89, 1e-08, 102
621518401, 6.27, 2.03e-08, 2.28e-08, 1.86, 0.5, 1e-08, 0
623851201, 3.66, 9.08e-08, 5.4e-08, 3.53, 3.22, 1e-08, 102
624628801, 5.1, 1.26e-07, 8.02e-08, 2.98, 2.85, 1e-08, 102
625406401, 5.9, 1.48e-08, 2.9e-08, 1.65, 0.84, 1e-08, 0
626443201, 1.74, 5.96e-08, 5.35e-08, 2.5, 0.82, 1e-08, 0
628257601, 6.42, 3.29e-08, 3.03e-08, 1.69, 0.42, 1e-08, 0
628776001, 1.05, 4.22e-08, 4.98e-08, 2.65, 1.98, 1e-08, 0
629035201, 1.49, 3.34e-08, 3.66e-08, 2.1, 0.57, 1e-08, 0
629553601, 1.84, 6.72e-08, 1.29e-07, 2.99, 5.07, 1e-08, 102
629812801, 2.31, 7.13e-08, 1.08e-07, 2.9, 4.81, 1e-08, 102
630590401, 4.01, 2.33e-08, 2.62e-08, 1.91, 0.61, 1e-08, 0
631627201, 1.72, 2.14e-08, 2.81e-08, 2.22, 0.77, 1e-08, 0
632145601, 5.23, 2.74e-08, 2.76e-08, 1.88, 0.49, 1e-08, 0
632664001, 9.19, 2.24e-08, 4.08e-08, 1.64, 0.75, 1e-08, 0
633960001, 5.99, 4.03e-08, 4.07e-08, 1.93, 0.62, 1e-08, 0
634478401, 1.23, 3.35e-08, 5.83e-08, 2.7, 2.76, 1e-08, 0
634737601, 5.66, 9.47e-08, 5.42e-08, 3.13, 2.7, 1e-08, 102
634996801, 10.1, 6.39e-08, 3.69e-08, 2.18, 0.33, 1e-08, 0
635515201, 2.62, 2.91e-08, 3.21e-08, 2.27, 0.63, 1e-08, 0
635774401, 15.12, 1.09e-08, 1.23e-08, 1.27, 0.52, 1e-08, 0
636292801, 1.12, 3.1e-08, 3.49e-08, 2.17, 0.73, 1e-08, 0
636552001, 3.43, 1.79e-08, 2.01e-08, 1.69, 0.53, 1e-08, 0
637070401, 4.17, 7.44e-08, 6.54e-08, 2.58, 0.79, 1e-08, 0
637588801, 12.99, 7.51e-08, 7.28e-08, 2.06, 0.52, 1e-08, 0
638625601, 4.24, 4.4e-08, 3.64e-08, 2.05, 0.52, 1e-08, 0
638884801, 2.98, 3e-08, 3.7e-08, 1.8, 0.58, 1e-08, 0
639403201, 13.73, 5.52e-09, 7.66e-09, 0.93, 0.72, 1e-08, 0
639662401, 7.05, 2.66e-08, 2.84e-08, 1.61, 0.45, 1e-08, 0
640699201, 4.55, 1.03e-07, 8.7e-08, 3.08, 3.17, 1e-08, 102
641476801, 8.65, 6.57e-09, 6.66e-09, 1.03, 0.54, 1e-08, 0
641736001, 11.83, 6.1e-08, 4.5e-08, 1.88, 0.39, 1e-08, 0
641995201, 2.73, 8.82e-08, 9.57e-08, 2.81, 4.09, 1e-08, 102
642513601, 2.64, 1.35e-08, 1.74e-08, 1.78, 0.68, 1e-08, 0
642772801, 3.29, 8.44e-09, 1.27e-08, 1.46, 0.69, 1e-08, 0
643291201, 4.81, 7.58e-08, 5.12e-08, 2.39, 0.49, 1e-08, 0
643550401, 12.39, 5.33e-08, 3.48e-08, 1.82, 0.35, 1e-08, 0
643809601, 15.57, 1.61e-07, 6.92e-08, 2.37, 0.39, 1e-08, 0
644068801, 6.0, 2.08e-08, 1.86e-08, 1.5, 0.41, 1e-08, 0
644587201, 6.23, 2.87e-08, 2.24e-08, 1.75, 0.37, 1e-08, 0
645105601, 18.77, 5.72e-08, 3.46e-08, 2.0, 0.32, 1e-08, 0
645364801, 18.04, 8.2e-09, 9.1e-09, 1.31, 0.5, 1e-08, 0
646142401, 1.02, 1.43e-08, 1.83e-08, 1.71, 0.6, 1e-08, 0
646401601, 1.51, 6.34e-08, 5.67e-08, 3.44, 4.85, 1e-08, 102
646660801, 1.49, 2.1e-08, 3.02e-08, 2.06, 0.76, 1e-08, 0
646920001, 9.24, 4.61e-08, 3.25e-08, 1.92, 0.4, 1e-08, 0
647179201, 4.37, 9.04e-08, 5.44e-08, 2.68, 0.61, 1e-08, 0
647956801, 13.19, 1.52e-07, 6.51e-08, 2.61, 0.54, 1e-08, 0
648216001, 2.77, 5.08e-08, 4.35e-08, 2.43, 0.59, 1e-08, 0
648475201, 2.44, 3.52e-08, 6.37e-08, 2.53, 1.14, 1e-08, 0
649252801, 1.67, 2.49e-08, 2.88e-08, 2.28, 0.64, 1e-08, 0
649512001, 7.4, 1.13e-08, 1.4e-08, 1.66, 0.53, 1e-08, 0
649771201, 3.49, 6.66e-08, 4.85e-08, 3.35, 3.3, 1e-08, 102
650030401, 3.28, 5.86e-08, 5.13e-08, 2.57, 0.98, 1e-08, 0
651067201, 11.62, 3.99e-09, 4.17e-09, 0.74, 0.65, 1e-08, 0
651326401, 1.69, 4.9e-08, 4.64e-08, 2.51, 1.46, 1e-08, 0
651844801, 1.99, 3.59e-08, 3.45e-08, 2.0, 0.56, 1e-08, 0
652881601, 6.03, 1.19e-08, 1.51e-08, 1.64, 0.54, 1e-08, 0
653918401, 1.4, 1.28e-08, 1.86e-08, 1.68, 0.65, 1e-08, 0
654177601, 4.25, 2.97e-08, 3.67e-08, 1.87, 0.57, 1e-08, 0
654436801, 1.33, 5.65e-09, 1.24e-08, 1.32, 0.95, 1e-08, 0
654696001, 1.13, 1.32e-08, 1.8e-08, 1.46, 0.53, 1e-08, 0
655732801, 1.31, 7.11e-08, 7.01e-08, 3.16, 5.22, 1e-08, 102
655992001, 2.45, 3.83e-08, 3.59e-08, 2.13, 0.54, 1e-08, 0
657547201, 9.2, 2.07e-08, 2.18e-08, 1.63, 0.5, 1e-08, 0
658324801, 2.71, 1.19e-07, 7.79e-08, 4.44, 3.39, 1e-08, 102
659361601, 2.03, 7.44e-08, 5.56e-08, 3.96, 3.89, 1e-08, 102
659620801, 4.67, 2.69e-08, 2.9e-08, 2.05, 0.6, 1e-08, 0
659880001, 1.41, 3.79e-08, 4.81e-08, 2.51, 0.88, 1e-08, 0
660657601, 4.2, 6.78e-08, 4.9e-08, 2.42, 0.65, 1e-08, 0
661176001, 1.73, 5.26e-08, 5.03e-08, 2.43, 0.99, 1e-08, 0
662731201, 1.4, 1.79e-08, 2.37e-08, 2.04, 0.64, 1e-08, 0
662990401, 7.47, 3.89e-08, 2.66e-08, 2.01, 0.37, 1e-08, 0
663249601, 1.54, 3.99e-08, 4.05e-08, 2.82, 0.84, 1e-08, 0
664027201, 1.14, 4.95e-08, 5.57e-08, 3.21, 5.53, 1e-08, 102
664545601, 2.78, 6.75e-09, 9.37e-09, 1.35, 0.66, 1e-08, 0
665582401, 1.19, 3.89e-08, 4.43e-08, 2.76, 2.42, 1e-08, 0
666360001, 5.32, 4.63e-08, 3.26e-08, 2.17, 0.42, 1e-08, 0
667137601, 6.78, 2.28e-08, 2.36e-08, 1.92, 0.5, 1e-08, 0
667396801, 4.06, 8.51e-09, 9.99e-09, 1.47, 0.51, 1e-08, 0
667656001, 4.06, 6.11e-08, 5.31e-08, 2.47, 0.79, 1e-08, 0
668692801, 5.7, 4.22e-08, 3.21e-08, 1.85, 0.41, 1e-08, 0
669729601, 2.13, 1.97e-08, 6.14e-08, 2.21, 1.87, 1e-08, 0
670248001, 1.22, 2.28e-08, 2.95e-08, 1.98, 0.63, 1e-08, 0
670507201, 5.91, 3.45e-09, 3.58e-09, 0.72, 0.62, 1e-08, 0
670766401, 4.14, 1.11e-07, 7.22e-08, 2.77, 1.32, 1e-08, 0
671025601, 1.23, 7.26e-08, 9.14e-08, 3.27, 5.48, 1e-08, 102
671544001, 3.39, 1.31e-07, 7.71e-08, 4.34, 2.95, 1e-08, 102
672062401, 7.5, 2.55e-08, 2.04e-08, 1.61, 0.36, 1e-08, 0
672321601, 1.32, 6.59e-08, 6.4e-08, 3.62, 4.95, 1e-08, 102
673876801, 1.53, 5.54e-08, 5.26e-08, 2.45, 0.58, 1e-08, 0
674136001, 1.0, 4.55e-08, 5.73e-08, 2.98, 6.13, 1e-08, 102
674654401, 1.31, 1.95e-08, 2.89e-08, 2.27, 1, 1e-08, 0
674913601, 1.15, 9.77e-09, 2e-08, 1.87, 0.98, 1e-08, 0
675432001, 10.28, 9.04e-08, 4.74e-08, 2.23, 0.36, 1e-08, 0
676468801, 2.2, 6.41e-08, 5e-08, 2.93, 0.96, 1e-08, 0
676987201, 3.42, 3.45e-08, 2.75e-08, 2.09, 0.44, 1e-08, 0
678542401, 1.3, 5.18e-08, 5.64e-08, 2.59, 2.44, 1e-08, 0
680097601, 3.58, 6.61e-09, 9.77e-09, 1.23, 0.63, 1e-08, 0
681134401, 2.36, 3.6e-08, 4.21e-08, 2.45, 0.73, 1e-08, 0
681393601, 2.28, 1.41e-08, 1.88e-08, 1.79, 0.66, 1e-08, 0
681652801, 4.0, 7.04e-08, 4.55e-08, 3.22, 3.08, 1e-08, 102
681912001, 2.61, 4.11e-08, 4.03e-08, 2.1, 0.6, 1e-08, 0
682171201, 4.65, 9.25e-08, 3.04e-08, 7.88, 0.08, 1e-08, 1
682430401, 4.24, 8.9e-09, 1.36e-08, 1.6, 0.72, 1e-08, 0
682689601, 2.57, 7.56e-08, 5.96e-08, 2.89, 4.04, 1e-08, 102
683467201, 6.14, 8.68e-08, 5.2e-08, 2.35, 0.48, 1e-08, 0
683985601, 7.99, 3.17e-08, 3.3e-08, 1.77, 0.54, 1e-08, 0
684504001, 12.28, 1.66e-07, 6.99e-08, 2.68, 0.39, 1e-08, 0
684763201, 2.86, 2.67e-08, 2.66e-08, 2.06, 0.51, 1e-08, 0
686059201, 4.66, 1.62e-08, 2.14e-08, 1.67, 0.63, 1e-08, 0
686577601, 10.72, 4.69e-08, 3.28e-08, 1.83, 0.38, 1e-08, 0
686836801, 4.47, 2.24e-07, 1.46e-07, 2.9, 0.83, 1e-08, 0
687873601, 6.81, 6.93e-08, 4.24e-08, 2.07, 0.38, 1e-08, 0
688132801, 6.73, 1.18e-07, 8.92e-08, 2.86, 1.7, 1e-08, 0
688910401, 6.55, 1.44e-07, 1.65e-07, 7.91, 0.22, 1e-08, 0
689688001, 3.57, 4.63e-08, 4.48e-08, 2.2, 0.59, 1e-08, 0
689947201, 1.84, 7.17e-08, 2.61e-07, 2.56, 6, 1e-08, 102
690206401, 7.01, 1.83e-07, 8.1e-08, 4.5, 2.22, 1e-08, 102
690465601, 1.65, 2.67e-08, 3.62e-08, 2.24, 0.86, 1e-08, 0
691243201, 2.97, 2.12e-08, 2.32e-08, 1.91, 0.53, 1e-08, 0
691502401, 3.05, 5.25e-08, 3.91e-08, 2.5, 0.85, 1e-08, 0
691761601, 2.46, 2.2e-08, 1.98e-08, 1.83, 0.43, 1e-08, 0
692020801, 5.61, 9.92e-08, 1.7e-09, 10.0, 0, 1e-08, 1
692798401, 1.27, 5.78e-08, 5.5e-08, 3.45, 4.99, 1e-08, 102
693057601, 2.93, 1.64e-08, 1.72e-08, 1.7, 0.48, 1e-08, 0
694094401, 3.33, 9.35e-08, 5.63e-08, 3.64, 3.21, 1e-08, 102
694353601, 1.5, 2.56e-09, 3.93e-09, 1.2, 0.72, 1e-08, 0
695131201, 16.76, 1.83e-08, 1.53e-08, 1.53, 0.36, 1e-08, 0
695390401, 4.75, 6.03e-08, 4.05e-08, 2.53, 0.83, 1e-08, 0
697982401, 4.31, 6.61e-08, 5.37e-08, 2.27, 0.52, 1e-08, 0
698500801, 2.1, 6.14e-08, 4.28e-08, 4.12, 3.77, 1e-08, 102
698760001, 6.83, 1.55e-08, 2.8e-08, 1.89, 0.8, 1e-08, 0
699019201, 8.06, 7.68e-09, 1e-08, 1.42, 0.56, 1e-08, 0
700574401, 1.96, 6.83e-08, 5.76e-08, 2.97, 1.02, 1e-08, 0
701352001, 2.76, 6.73e-08, 5.05e-08, 2.72, 1.43, 1e-08, 0
702129601, 2.7, 7.05e-09, 1.17e-08, 1.5, 0.75, 1e-08, 0
702388801, 3.07, 5.44e-08, 5.36e-08, 2.42, 0.95, 1e-08, 0
702648001, 6.43, 2.3e-08, 2.74e-08, 1.72, 0.51, 1e-08, 0
703166401, 2.25, 1.87e-08, 2.7e-08, 1.82, 0.64, 1e-08, 0
703944001, 5.63, 2.68e-08, 2.6e-08, 1.65, 0.41, 1e-08, 0
704462401, 1.63, 7.13e-08, 6.45e-08, 3.05, 0.85, 1e-08, 0
704980801, 1.0, 3.7e-09, 6.72e-09, 1.39, 0.8, 1e-08, 0
705240001, 3.54, 3.34e-08, 2.75e-08, 2.09, 0.49, 1e-08, 0
706017601, 2.32, 3.21e-08, 3.07e-08, 2.14, 0.58, 1e-08, 0
707054401, 2.72, 6.49e-09, 9.52e-09, 1.51, 0.7, 1e-08, 0
707572801, 1.64, 7.46e-08, 6.33e-08, 4.12, 4.2, 1e-08, 102
708609601, 3.49, 5.67e-08, 4.23e-08, 2.46, 0.5, 1e-08, 0
708868801, 2.83, 3.04e-08, 3.6e-08, 2.32, 0.96, 1e-08, 0
709387201, 4.32, 7.72e-08, 4.66e-08, 3.19, 2.93, 1e-08, 102
710424001, 3.13, 3.27e-08, 3.51e-08, 2.13, 0.64, 1e-08, 0
710683201, 3.19, 9.6e-08, 5.81e-08, 3.74, 3.24, 1e-08, 102
711201601, 1.68, 3.92e-08, 4.59e-08, 2.34, 0.83, 1e-08, 0
711460801, 1.1, 3.88e-08, 4.95e-08, 2.37, 0.79, 1e-08, 0
713016001, 2.7, 1.28e-08, 1.79e-08, 1.81, 0.61, 1e-08, 0
713275201, 9.3, 9.38e-09, 1.19e-08, 1.51, 0.55, 1e-08, 0
713534401, 24.31, 2.14e-08, 1.62e-08, 1.51, 0.32, 1e-08, 0
714052801, 2.75, 7.29e-08, 1.85e-06, 5.06, 4.43, 1e-08, 0
714571201, 13.8, 3.47e-08, 2.2e-08, 1.6, 0.32, 1e-08, 0
714830401, 2.12, 5.55e-08, 4.96e-08, 2.43, 0.83, 1e-08, 0
715348801, 4.11, 2.2e-08, 2.53e-08, 1.81, 0.65, 1e-08, 0
715608001, 10.46, 3.67e-08, 2.88e-08, 1.81, 0.41, 1e-08, 0
715867201, 1.45, 5.69e-08, 5.5e-08, 2.92, 5.06, 1e-08, 102
716126401, 1.03, 5.05e-08, 5.07e-08, 4.12, 5.41, 1e-08, 102
716385601, 1.61, 6.15e-08, 1.77e-07, 2.72, 6.08, 1e-08, 102
716644801, 3.22, 5.52e-08, 5.49e-08, 2.58, 0.8, 1e-08, 0
716904001, 4.02, 4.06e-09, 6.72e-09, 1.27, 0.73, 1e-08, 0
717163201, 2.52, 1.74e-08, 2.95e-08, 1.57, 0.66, 1e-08, 0
717681601, 2.44, 3.91e-08, 3.94e-08, 2.0, 0.53, 1e-08, 0
718200001, 24.0, 1.79e-07, 6.1e-08, 2.3, 0.26, 1e-08, 0
718718401, 6.22, 1.51e-07, 9.99e-08, 2.3, 0.45, 1e-08, 0
719236801, 3.43, 8.6e-08, 9.82e-08, 1.96, 0.67, 1e-08, 0
720014401, 9.09, 1.64e-08, 2.99e-08, 1.65, 0.77, 1e-08, 0
721569601, 2.67, 8.37e-08, 3.06e-07, 2.53, 5.36, 1e-08, 102
721828801, 1.19, 1.13e-08, 1.77e-08, 1.72, 0.73, 1e-08, 0
722606401, 4.93, 1.09e-07, 1.1e-07, 3.03, 3.13, 1e-08, 102
722865601, 29.64, 6.26e-08, 2.87e-08, 1.69, 0.24, 1e-08, 0
723124801, 1.11, 1.4e-08, 2.18e-08, 2.09, 0.78, 1e-08, 0
723384001, 9.29, 1.31e-07, 5.59e-08, 2.87, 0.66, 1e-08, 0
724161601, 4.49, 7.23e-08, 4.66e-08, 2.55, 0.86, 1e-08, 0
724420801, 12.14, 7.5e-08, 4.81e-08, 2.03, 0.36, 1e-08, 0
724939201, 4.75, 9.96e-08, 9.92e-08, 2.76, 3.29, 1e-08, 102
725716801, 3.97, 1.21e-07, 6.97e-08, 4.54, 2.96, 1e-08, 102
725976001, 3.78, 6.63e-08, 4.8e-08, 2.49, 0.65, 1e-08, 0
726235201, 3.63, 3.05e-08, 2.8e-08, 1.88, 0.45, 1e-08, 0
726494401, 9.64, 1.38e-08, 1.28e-08, 1.45, 0.42, 1e-08, 0
726753601, 4.45, 8.83e-09, 1.18e-08, 1.35, 0.58, 1e-08, 0
727012801, 4.12, 5.04e-08, 3.77e-08, 2.43, 0.56, 1e-08, 0
728308801, 1.72, 3.79e-08, 3.92e-08, 2.3, 0.76, 1e-08, 0
729086401, 3.7, 2.02e-08, 2.92e-08, 1.87, 0.7, 1e-08, 0
729345601, 13.81, 4.06e-08, 2.91e-08, 1.7, 0.35, 1e-08, 0
729604801, 1.1, 6.12e-08, 6.16e-08, 4.31, 5.03, 1e-08, 102
729864001, 1.09, 3.7e-08, 5.79e-08, 2.35, 1.26, 1e-08, 0
730123201, 7.83, 5.27e-08, 4.01e-08, 2.14, 0.45, 1e-08, 0
730900801, 1.89, 2.28e-08, 1.12e-07, 2.35, 3.41, 1e-08, 0
731160001, 12.02, 3.6e-08, 3.23e-08, 1.88, 0.46, 1e-08, 0
731419201, 3.08, 9.04e-09, 1.35e-08, 1.5, 0.67, 1e-08, 0
732974401, 2.24, 1.48e-07, 1.19e-07, 4.91, 4.08, 1e-08, 102
733492801, 13.67, 5.35e-08, 4.33e-08, 1.87, 0.44, 1e-08, 0
733752001, 1.16, 8.36e-09, 1.31e-08, 1.56, 0.63, 1e-08, 0
735825601, 1.94, 6.04e-08, 5.27e-08, 2.47, 0.9, 1e-08, 0
736344001, 2.14, 7.8e-08, 5.51e-08, 4.15, 3.77, 1e-08, 102
737640001, 1.59, 4.08e-08, 4.35e-08, 2.38, 0.7, 1e-08, 0
737899201, 14.81, 3.71e-08, 3.22e-08, 1.77, 0.43, 1e-08, 0
739195201, 6.77, 1.37e-07, 6.41e-08, 4.7, 2.34, 1e-08, 102
739454401, 9.85, 3.38e-08, 3.36e-08, 1.89, 0.52, 1e-08, 0
740232001, 4.31, 6.78e-08, 5.2e-08, 2.58, 0.94, 1e-08, 0
740491201, 3.59, 7.62e-08, 7.68e-08, 3.07, 3.53, 1e-08, 102
740750401, 2.06, 4.69e-08, 1.34e-07, 2.77, 5.38, 1e-08, 102
