timestamp, ts, flux, flux_error, photon_index, photon_index_interval, fit_tolerance, fit_convergence
239889601, 8.53, 4.7e-08, 2.84e-08, 2.46, 0.46, 1e-08, 0
240494401, 2.99, 4.77e-08, 3.29e-08, 2.8, 0.57, 1e-08, 0
241099201, 2.16, 2.91e-08, 3.79e-08, 2.75, 1.21, 1e-08, 0
242308801, 5.03, 6.17e-08, 3.73e-08, 2.74, 0.54, 1e-08, 0
242913601, 5.48, 7.23e-08, 4.15e-08, 4.32, 4.71, 1e-08, 102
244123201, 1.73, 3.93e-08, 4.29e-07, 6.42, 3.5, 1e-08, 0
244728001, 7.17, 7.65e-08, 3.45e-08, 3.2, 0.6, 1e-08, 0
245332801, 1.89, 3.81e-08, 3.01e-08, 8.7, 6.97, 1e-08, 102
245937601, 3.54, 4.74e-08, 3.34e-08, 2.89, 0.72, 1e-08, 0
246542401, 1.3, 4.51e-08, 4.3e-08, 3.66, 9.46, 1e-08, 102
248356801, 4.67, 5.25e-08, 3.02e-08, 10.0, 0, 1e-08, 0
248961601, 2.73, 1.7e-08, 1.69e-08, 2.08, 0.53, 1e-08, 0
249566401, 16.04, 5.12e-08, 2.52e-08, 2.23, 0.3, 1e-08, 0
250171201, 4.73, 5.88e-08, 3.34e-08, 2.96, 0.62, 1e-08, 0
250776001, 3.56, 5.21e-08, 3.52e-08, 2.92, 0.83, 1e-08, 0
251380801, 1.03, 1.53e-08, 2.45e-08, 2.22, 0.94, 1e-08, 0
251985601, 5.52, 7.6e-08, 3.88e-08, 3.26, 0.68, 1e-08, 0
253195201, 14.45, 6.22e-08, 2.71e-08, 2.39, 0.33, 1e-08, 0
253800001, 11.56, 3.74e-08, 2.81e-08, 2.19, 0.48, 1e-08, 0
254404801, 24.35, 7.72e-08, 3.07e-08, 2.38, 0.31, 1e-08, 0
255009601, 3.04, 5.94e-08, 3.92e-08, 3.59, 1.16, 1e-08, 0
255614401, 3.45, 2.65e-08, 2.41e-08, 2.18, 0.52, 1e-08, 0
256824001, 10.22, 8.61e-08, 3.41e-08, 2.8, 0.43, 1e-08, 0
257428801, 3.76, 5.14e-08, 3.38e-08, 3.07, 0.99, 1e-08, 0
258033601, 3.61, 2.8e-08, 2.36e-08, 2.44, 0.52, 1e-08, 0
258638401, 3.34, 3.62e-08, 3.51e-08, 2.32, 0.8, 1e-08, 0
259848001, 6.9, 6.98e-08, 3.6e-08, 2.62, 0.47, 1e-08, 0
260452801, 5.56, 5.35e-08, 3.6e-08, 2.4, 0.46, 1e-08, 0
261057601, 6.37, 8.2e-08, 3.91e-08, 3.23, 0.59, 1e-08, 0
261662401, 4.17, 2.43e-08, 2.5e-08, 2.22, 0.61, 1e-08, 0
262267201, 1.27, 3.23e-08, 3.24e-08, 3.58, 1.69, 1e-08, 0
262872001, 1.96, 3.75e-08, 3.33e-08, 2.85, 0.84, 1e-08, 0
263476801, 16.75, 7.48e-08, 3.44e-08, 2.37, 0.35, 1e-08, 0
264081601, 3.76, 5.19e-08, 3.07e-08, 3.17, 1.36, 1e-08, 0
265896001, 1.87, 4.44e-08, 3.75e-08, 5.21, 7.11, 1e-08, 102
266500801, 6.08, 7.19e-08, 3.91e-08, 3.82, 4.85, 1e-08, 102
267710401, 3.42, 4.71e-08, 3.17e-08, 3.08, 0.68, 1e-08, 0
268315201, 10.44, 1.01e-07, 3.72e-08, 4.59, 3.45, 1e-08, 102
268920001, 1.93, 4.23e-09, 5.99e-09, 1.66, 0.65, 1e-08, 0
269524801, 1.6, 5.52e-09, 1.05e-08, 1.77, 0.89, 1e-08, 0
271339201, 6.85, 9.24e-09, 1.41e-08, 1.74, 0.63, 1e-08, 0
271944001, 3.32, 5.78e-08, 3.94e-08, 5.0, 5.52, 1e-08, 102
272548801, 8.77, 8.88e-08, 3.74e-08, 3.24, 0.53, 1e-08, 0
274968001, 4.4, 5.65e-08, 3.17e-08, 3.07, 0.68, 1e-08, 0
276782401, 2.46, 7.47e-08, 6.92e-08, 4.3, 6.35, 1e-08, 102
277992001, 1.39, 3.51e-08, 4.3e-08, 4.59, 8.43, 1e-08, 102
281620801, 2.98, 6.48e-08, 4.3e-08, 3.46, 1.32, 1e-08, 0
282830401, 1.66, 3.56e-08, 3.12e-08, 5.84, 7.65, 1e-08, 102
283435201, 2.74, 4.23e-08, 3.04e-08, 10.0, 0, 1e-08, 0
284644801, 1.32, 3.14e-08, 3.16e-08, 4.56, 9.03, 1e-08, 102
285249601, 1.91, 5.28e-08, 4.29e-08, 5.27, 7.1, 1e-08, 102
285854401, 8.49, 5.15e-08, 2.69e-08, 2.22, 0.33, 1e-08, 0
287668801, 2.1, 4.36e-08, 3.41e-08, 3.54, 0.97, 1e-08, 0
289483201, 5.17, 6.26e-08, 3.62e-08, 2.69, 0.49, 1e-08, 0
290088001, 8.56, 4.93e-08, 4.04e-08, 2.45, 0.49, 1e-08, 0
291297601, 2.78, 6.22e-08, 4.4e-08, 5.78, 6.03, 1e-08, 102
293112001, 3.11, 5.12e-08, 3.73e-08, 2.9, 0.74, 1e-08, 0
293716801, 4.19, 5.77e-08, 3.3e-08, 3.18, 0.86, 1e-08, 0
294321601, 2.05, 4.97e-08, 3.8e-08, 3.49, 7.83, 1e-08, 102
296136001, 10.79, 1.23e-09, 1.52e-09, 0.0, 0, 1e-08, 0
299764801, 4.34, 5.28e-08, 5.13e-08, 2.36, 0.69, 1e-08, 0
300369601, 1.07, 3.89e-08, 3.91e-08, 8.68, 8.8, 1e-08, 102
300974401, 5.62, 1.25e-09, 1.47e-09, 0.0, 0, 1e-08, 0
301579201, 3.37, 1.78e-08, 2.7e-08, 2.22, 0.94, 1e-08, 0
302184001, 4.62, 7.46e-08, 4.52e-08, 3.5, 3.07, 1e-08, 0
302788801, 1.41, 2.53e-08, 2.63e-08, 2.63, 0.81, 1e-08, 0
305208001, 4.39, 7.09e-08, 4.1e-08, 7.43, 5, 1e-08, 102
307022401, 1.73, 2.33e-08, 2.62e-08, 2.53, 0.63, 1e-08, 0
310046401, 3.34, 6.56e-08, 4.24e-08, 3.73, 4.62, 1e-08, 0
310651201, 2.77, 4.61e-08, 3.42e-08, 10.0, 0, 1e-08, 0
311860801, 4.61, 8.56e-09, 1.11e-08, 1.75, 0.55, 1e-08, 0
314280001, 4.53, 8.1e-08, 4.8e-08, 3.29, 1.2, 1e-08, 0
314884801, 1.2, 1.13e-08, 1.54e-08, 2.07, 0.62, 1e-08, 0
315489601, 1.2, 1.37e-08, 2.49e-08, 2.21, 0.97, 1e-08, 0
316094401, 2.61, 5.05e-08, 3.73e-08, 2.56, 0.56, 1e-08, 0
316699201, 7.27, 5.67e-08, 3.73e-08, 2.43, 0.44, 1e-08, 0
317304001, 5.14, 3.86e-08, 4.92e-08, 2.27, 0.71, 1e-08, 0
318513601, 17.93, 1.11e-07, 3.99e-08, 2.57, 0.3, 1e-08, 0
319118401, 1.42, 4.48e-08, 4.12e-08, 2.99, 0.93, 1e-08, 0
319723201, 6.84, 8.59e-08, 4.41e-08, 2.93, 0.67, 1e-08, 0
320328001, 11.15, 1.34e-07, 5.09e-08, 4.32, 3.36, 1e-08, 102
320932801, 8.49, 6.88e-08, 3.42e-08, 2.58, 0.4, 1e-08, 0
322142401, 7.93, 1.08e-07, 4.72e-08, 2.94, 0.49, 1e-08, 0
323352001, 5.47, 6.84e-08, 6.45e-08, 2.68, 0.8, 1e-08, 0
323956801, 1.68, 5.37e-08, 4.51e-08, 4.54, 7.77, 1e-08, 102
325771201, 1.95, 8.54e-09, 1.16e-08, 1.77, 0.62, 1e-08, 0
326376001, 1.27, 3.53e-08, 3.66e-08, 2.95, 1.05, 1e-08, 0
328190401, 6.57, 5.3e-08, 3.41e-08, 2.57, 0.43, 1e-08, 0
328795201, 5.27, 5.33e-08, 3.26e-08, 2.6, 0.55, 1e-08, 0
329400001, 1.18, 1.41e-08, 1.82e-08, 2.19, 0.71, 1e-08, 0
330004801, 7.58, 7.73e-08, 3.49e-08, 3.21, 0.65, 1e-08, 0
330609601, 18.89, 1.18e-07, 3.99e-08, 2.81, 0.38, 1e-08, 0
331214401, 7.37, 8.21e-08, 3.7e-08, 4.89, 4.06, 1e-08, 102
331819201, 11.73, 9.6e-08, 4.01e-08, 2.59, 0.39, 1e-08, 0
332424001, 4.8, 2.19e-08, 1.86e-08, 2.11, 0.49, 1e-08, 0
333028801, 10.68, 1.03e-07, 3.98e-08, 3.14, 0.5, 1e-08, 0
334238401, 3.34, 6.3e-08, 4.08e-08, 5.08, 5.61, 1e-08, 102
336657601, 6.69, 9.88e-08, 5.03e-08, 3.05, 0.54, 1e-08, 0
337867201, 8.09, 8.78e-08, 4.1e-08, 2.85, 0.5, 1e-08, 0
338472001, 2.2, 4.62e-08, 3.5e-08, 3.43, 1.44, 1e-08, 0
340286401, 1.87, 4.5e-08, 4e-08, 3.15, 0.97, 1e-08, 0
340891201, 3.47, 3.38e-08, 2.82e-08, 2.19, 0.47, 1e-08, 0
341496001, 3.74, 6.96e-08, 4.55e-08, 10.0, 0, 1e-08, 0
342100801, 1.4, 4.58e-08, 4.04e-08, 4.08, 8.89, 1e-08, 102
343310401, 5.56, 4.47e-08, 2.68e-08, 2.39, 0.4, 1e-08, 0
344520001, 8.58, 3.82e-08, 2.92e-08, 2.27, 0.47, 1e-08, 0
350568001, 4.42, 9.62e-08, 5.46e-08, 3.4, 0.66, 1e-08, 0
351172801, 4.57, 3.66e-08, 2.58e-08, 2.15, 0.41, 1e-08, 0
351777601, 1.56, 2.42e-08, 2.65e-08, 2.34, 0.61, 1e-08, 0
354196801, 1.8, 3.84e-08, 3.43e-08, 3.17, 1.04, 1e-08, 0
354801601, 3.9, 7.7e-08, 4.41e-08, 8.01, 5.14, 1e-08, 102
355406401, 2.26, 4.32e-08, 3.81e-08, 2.56, 0.61, 1e-08, 0
356616001, 1.61, 4.78e-08, 4.3e-08, 4.73, 8.06, 1e-08, 102
357220801, 1.02, 5.36e-09, 9.52e-09, 1.95, 0.89, 1e-08, 0
359640001, 5.36, 6.92e-08, 4.09e-08, 2.91, 0.57, 1e-08, 0
360244801, 2.41, 4.83e-08, 3.63e-08, 6.55, 6.5, 1e-08, 102
360849601, 1.08, 2.14e-08, 2.54e-07, 9.63, 7.55, 1e-08, 102
362059201, 1.11, 3.41e-08, 4.64e-08, 4.47, 9.21, 1e-08, 102
365083201, 2.0, 4.22e-08, 3.82e-08, 3.79, 6.27, 1e-08, 0
365688001, 1.8, 3.97e-08, 3.68e-08, 4.74, 7.47, 1e-08, 102
366897601, 11.86, 1.24e-07, 4.39e-08, 6.74, 3.09, 1e-08, 102
368107201, 2.1, 4.44e-08, 3.61e-08, 3.3, 0.87, 1e-08, 0
368712001, 4.16, 7.91e-08, 4.67e-08, 3.32, 0.61, 1e-08, 0
369316801, 1.94, 4.05e-08, 3.71e-08, 2.5, 0.64, 1e-08, 0
370526401, 2.06, 4.65e-09, 7.24e-09, 1.99, 0.7, 1e-08, 0
371131201, 9.71, 1.07e-08, 9.9e-09, 1.58, 0.43, 1e-08, 0
372945601, 3.64, 8.84e-09, 9.75e-09, 1.62, 0.5, 1e-08, 0
374155201, 5.06, 4.56e-08, 3.78e-08, 2.23, 0.47, 1e-08, 0
374760001, 6.16, 2.08e-08, 2.06e-08, 2.04, 0.52, 1e-08, 0
375364801, 2.46, 1.2e-08, 1.76e-08, 2.11, 0.74, 1e-08, 0
377179201, 1.46, 4.38e-08, 4.49e-08, 4.12, 8.58, 1e-08, 102
378993601, 2.05, 5.46e-08, 4.28e-08, 4.14, 7.42, 1e-08, 102
380203201, 2.89, 4.69e-08, 3.22e-08, 3.35, 1.79, 1e-08, 0
380808001, 1.29, 2.29e-08, 2.46e-08, 2.56, 0.74, 1e-08, 0
381412801, 1.31, 3.22e-08, 3.33e-08, 2.93, 1.05, 1e-08, 0
382622401, 1.39, 1.85e-08, 2.27e-08, 2.18, 0.63, 1e-08, 0
387460801, 1.48, 4.84e-08, 4.48e-08, 3.61, 8.86, 1e-08, 102
389880001, 9.73, 6.49e-08, 3.23e-08, 2.46, 0.41, 1e-08, 0
390484801, 1.36, 9.74e-09, 1.38e-08, 2.27, 0.76, 1e-08, 0
392299201, 10.2, 1.38e-07, 5.4e-08, 3.78, 0.72, 1e-08, 0
393508801, 2.8, 3.52e-08, 3.17e-08, 2.64, 0.76, 1e-08, 0
394718401, 2.35, 4.08e-08, 3.2e-08, 2.75, 0.78, 1e-08, 0
397137601, 14.94, 6.22e-08, 2.91e-08, 2.2, 0.32, 1e-08, 0
397742401, 1.75, 4.36e-08, 3.7e-08, 6.06, 7.36, 1e-08, 102
398952001, 1.74, 6.25e-08, 5.53e-08, 3.52, 2.18, 1e-08, 0
400766401, 1.4, 4.1e-08, 3.89e-08, 2.98, 0.73, 1e-08, 0
401371201, 9.14, 8.76e-08, 4.64e-08, 2.76, 0.45, 1e-08, 0
401976001, 7.33, 5.73e-08, 4.15e-08, 2.42, 0.49, 1e-08, 0
402580801, 6.61, 2.33e-08, 2.42e-08, 2.08, 0.59, 1e-08, 0
403185601, 4.62, 7.02e-08, 3.79e-08, 4.03, 5.13, 1e-08, 102
403790401, 15.66, 6.73e-08, 3.03e-08, 2.38, 0.35, 1e-08, 0
404395201, 2.99, 6e-08, 4.9e-08, 2.63, 0.66, 1e-08, 0
405000001, 2.37, 6.42e-08, 5e-08, 3.55, 1.01, 1e-08, 0
406209601, 8.14, 9.38e-08, 4.61e-08, 2.84, 0.47, 1e-08, 0
406814401, 2.23, 3.99e-08, 3.73e-08, 2.95, 1.48, 1e-08, 0
407419201, 6.33, 7.18e-08, 3.72e-08, 3.03, 1.05, 1e-08, 0
408024001, 9.55, 8.9e-08, 5.79e-08, 2.34, 0.48, 1e-08, 0
408628801, 7.07, 1.3e-07, 7.1e-08, 2.82, 0.65, 1e-08, 0
409233601, 9.58, 9.43e-08, 5.56e-08, 2.39, 0.4, 1e-08, 0
409838401, 4.54, 9.4e-08, 5.23e-08, 2.83, 0.5, 1e-08, 0
410443201, 4.33, 1.05e-07, 5.92e-08, 3.32, 0.75, 1e-08, 0
411048001, 21.4, 1.74e-07, 5.7e-08, 2.76, 0.36, 1e-08, 0
411652801, 14.79, 1.63e-07, 5.6e-08, 4.0, 3.26, 1e-08, 102
412257601, 34.2, 1.02e-07, 3.19e-08, 2.41, 0.26, 1e-08, 0
412862401, 57.79, 8.28e-08, 2.22e-08, 2.2, 0.19, 1e-08, 0
413467201, 9.28, 7.73e-08, 3.48e-08, 2.89, 0.49, 1e-08, 0
414072001, 13.98, 8.33e-08, 3.97e-08, 2.22, 0.31, 1e-08, 0
414676801, 9.58, 1.29e-07, 5.29e-08, 2.92, 0.41, 1e-08, 0
415281601, 3.48, 9.9e-08, 6.71e-08, 3.56, 6.36, 1e-08, 102
416491201, 3.94, 5.29e-08, 3.27e-08, 2.6, 0.49, 1e-08, 0
417700801, 11.57, 6.65e-08, 3.53e-08, 2.26, 0.37, 1e-08, 0
418305601, 6.45, 8.9e-08, 4.4e-08, 6.31, 4.28, 1e-08, 102
419515201, 1.08, 3.39e-08, 4.4e-08, 2.79, 1.17, 1e-08, 0
420120001, 1.9, 5.29e-08, 4.31e-08, 3.53, 1.09, 1e-08, 0
420724801, 9.07, 4.17e-08, 3.28e-08, 2.3, 0.52, 1e-08, 0
421329601, 8.69, 8.3e-08, 3.7e-08, 2.86, 0.58, 1e-08, 0
421934401, 48.02, 1.93e-07, 4.3e-08, 2.61, 0.22, 1e-08, 0
422539201, 62.58, 1.93e-07, 4.1e-08, 2.45, 0.19, 1e-08, 0
423144001, 16.13, 1.49e-07, 4.7e-08, 3.06, 0.42, 1e-08, 0
423748801, 17.0, 1.29e-07, 4.8e-08, 2.81, 0.38, 1e-08, 0
424353601, 47.53, 2.34e-07, 5.3e-08, 2.62, 0.21, 1e-08, 0
424958401, 135.61, 2.39e-07, 4.1e-08, 2.15, 0.12, 1e-08, 0
425563201, 52.76, 1.64e-07, 4.05e-08, 2.41, 0.2, 1e-08, 0
426168001, 68.92, 2.01e-07, 4.4e-08, 2.49, 0.19, 1e-08, 0
426772801, 57.94, 9.95e-08, 3.23e-08, 2.0, 0.21, 1e-08, 0
427377601, 16.22, 1.26e-07, 4.29e-08, 2.82, 0.39, 1e-08, 0
427982401, 26.13, 1.14e-07, 2.9e-08, 3.1, 0.38, 1e-08, 0
428587201, 16.96, 1.04e-07, 5.01e-08, 2.29, 0.33, 1e-08, 0
429192001, 19.79, 1.51e-07, 4.9e-08, 2.55, 0.29, 1e-08, 0
429796801, 29.93, 1.37e-07, 4.61e-08, 2.32, 0.26, 1e-08, 0
430401601, 31.2, 1.61e-07, 4.6e-08, 2.5, 0.25, 1e-08, 0
431006401, 3.04, 3.15e-08, 2.53e-08, 2.1, 0.45, 1e-08, 0
431611201, 25.68, 1.34e-07, 3.91e-08, 2.6, 0.27, 1e-08, 0
432216001, 27.44, 1.7e-07, 4.7e-08, 2.75, 0.31, 1e-08, 0
432820801, 1.41, 4.11e-08, 4.14e-08, 2.94, 0.77, 1e-08, 0
433425601, 9.82, 1.13e-07, 5.22e-08, 2.56, 0.45, 1e-08, 0
434030401, 13.5, 1.18e-07, 4.92e-08, 2.66, 0.42, 1e-08, 0
434635201, 2.96, 3.08e-08, 3.46e-08, 2.31, 0.78, 1e-08, 0
435240001, 10.67, 3.39e-08, 3.24e-08, 1.83, 0.49, 1e-08, 0
435844801, 27.7, 1.07e-07, 3.49e-08, 2.2, 0.24, 1e-08, 0
436449601, 2.15, 3.79e-08, 2.28e-07, 9.98, 3.82, 1e-08, 1
437054401, 11.24, 1.14e-07, 4.99e-08, 2.78, 0.46, 1e-08, 0
437659201, 9.79, 4.44e-08, 3.19e-08, 2.02, 0.38, 1e-08, 0
438868801, 1.36, 4.78e-08, 4.75e-08, 3.65, 1.9, 1e-08, 0
439473601, 4.61, 3.37e-08, 2.33e-08, 2.24, 0.43, 1e-08, 0
440078401, 10.31, 5.46e-08, 3.84e-08, 2.57, 0.6, 1e-08, 0
440683201, 3.06, 2.95e-08, 2.95e-08, 2.37, 0.68, 1e-08, 0
442497601, 12.71, 1.42e-07, 5.41e-08, 3.44, 1.02, 1e-08, 0
443102401, 1.44, 4.06e-08, 3.95e-08, 3.52, 1.34, 1e-08, 0
443707201, 2.35, 2.15e-08, 2.61e-08, 2.43, 0.69, 1e-08, 0
444312001, 12.29, 1.16e-07, 4.21e-08, 3.34, 0.54, 1e-08, 0
444916801, 8.19, 2.46e-09, 3.93e-09, 1.19, 0.8, 1e-08, 0
446126401, 1.1, 3.69e-08, 3.86e-08, 3.35, 2.02, 1e-08, 0
446731201, 8.79, 3.42e-08, 2.8e-08, 2.08, 0.45, 1e-08, 0
447336001, 2.83, 4.16e-08, 3.86e-08, 2.52, 0.7, 1e-08, 0
449150401, 7.27, 1.36e-07, 6.3e-08, 3.93, 1.1, 1e-08, 0
450964801, 6.14, 1.04e-07, 5e-08, 3.89, 4.63, 1e-08, 102
452779201, 4.98, 6.76e-08, 3.66e-08, 2.98, 0.55, 1e-08, 0
453988801, 4.11, 4.46e-08, 3.1e-08, 2.68, 0.58, 1e-08, 0
454593601, 8.05, 6.92e-08, 3.68e-08, 10.0, 0, 1e-08, 0
455198401, 4.32, 7.65e-08, 4.26e-08, 3.43, 0.96, 1e-08, 0
456408001, 4.76, 5.61e-08, 4.04e-08, 2.24, 0.43, 1e-08, 0
457012801, 4.32, 2.25e-08, 2.12e-08, 2.27, 0.58, 1e-08, 0
457617601, 4.02, 4.94e-08, 3.03e-08, 2.75, 0.64, 1e-08, 0
458222401, 6.05, 1.99e-08, 2.14e-08, 1.88, 0.54, 1e-08, 0
458827201, 3.92, 2.42e-08, 2.25e-08, 2.25, 0.57, 1e-08, 0
459432001, 8.73, 2.23e-08, 1.52e-08, 1.91, 0.41, 1e-08, 0
460036801, 3.43, 5.01e-08, 3.31e-08, 2.59, 0.58, 1e-08, 0
461246401, 6.2, 3.96e-08, 2.97e-08, 2.27, 0.46, 1e-08, 0
461851201, 3.24, 1.34e-08, 1.49e-08, 1.99, 0.57, 1e-08, 0
463060801, 13.54, 5.38e-08, 3.01e-08, 2.11, 0.34, 1e-08, 0
463665601, 4.18, 6.54e-08, 3.78e-08, 3.17, 0.89, 1e-08, 0
464270401, 19.33, 1.18e-07, 4.1e-08, 2.75, 0.34, 1e-08, 0
464875201, 7.75, 1.03e-07, 4.52e-08, 3.22, 0.57, 1e-08, 0
465480001, 4.24, 8.31e-09, 1.56e-08, 1.73, 0.77, 1e-08, 0
466084801, 11.63, 8.52e-08, 3.78e-08, 2.55, 0.37, 1e-08, 0
466689601, 3.79, 5.2e-08, 3.48e-08, 3.01, 1.4, 1e-08, 0
467294401, 2.92, 5.03e-08, 3.47e-08, 3.53, 0.95, 1e-08, 0
467899201, 1.99, 2.23e-08, 2.27e-08, 2.4, 0.7, 1e-08, 0
468504001, 3.54, 5.05e-08, 3.28e-08, 3.33, 0.88, 1e-08, 0
469713601, 12.96, 1.38e-07, 4.98e-08, 3.18, 0.4, 1e-08, 0
470923201, 1.71, 1.38e-08, 1.51e-08, 1.97, 0.52, 1e-08, 0
471528001, 1.9, 1.02e-08, 1.63e-08, 2.05, 0.92, 1e-08, 0
472132801, 5.1, 5.79e-08, 3.19e-08, 7.79, 4.7, 1e-08, 102
473947201, 6.95, 5.97e-08, 3.6e-08, 2.72, 0.6, 1e-08, 0
474552001, 3.8, 6.68e-08, 3.92e-08, 6.41, 5.19, 1e-08, 102
475156801, 3.37, 7.01e-08, 4.41e-08, 4.07, 5.88, 1e-08, 102
476366401, 7.12, 6.9e-08, 3.31e-08, 2.88, 0.51, 1e-08, 0
476971201, 2.65, 4.53e-08, 3.66e-08, 3.06, 0.85, 1e-08, 0
477576001, 4.28, 1.71e-08, 1.93e-08, 1.86, 0.52, 1e-08, 0
478180801, 2.77, 5.41e-08, 3.66e-08, 4.91, 6.32, 1e-08, 102
479995201, 1.41, 5.29e-09, 8.33e-09, 1.86, 0.77, 1e-08, 0
483019201, 1.2, 2.98e-08, 3.76e-08, 2.67, 1.09, 1e-08, 0
492696001, 4.19, 5.17e-09, 6.71e-09, 1.58, 0.57, 1e-08, 0
495115201, 10.69, 3.44e-08, 2.42e-08, 2.11, 0.39, 1e-08, 0
496929601, 5.24, 8.81e-09, 1.02e-08, 1.47, 0.46, 1e-08, 0
497534401, 2.42, 7.18e-09, 8.1e-09, 1.79, 0.51, 1e-08, 0
498139201, 11.41, 9.1e-08, 3.92e-08, 2.84, 0.45, 1e-08, 0
499953601, 1.03, 2.59e-08, 2.91e-08, 6.85, 9.83, 1e-08, 102
500558401, 5.95, 8.74e-08, 4.14e-08, 5.67, 4.31, 1e-08, 102
501768001, 3.94, 3.01e-08, 3.25e-08, 2.44, 0.69, 1e-08, 0
502372801, 3.6, 3.86e-08, 3.17e-08, 2.31, 0.53, 1e-08, 0
502977601, 7.25, 4.14e-09, 3.6e-09, 1.08, 0.42, 1e-08, 0
504792001, 1.98, 3.61e-08, 3.55e-07, 9.95, 6.24, 1e-08, 102
506001601, 3.51, 2.24e-08, 2.04e-08, 2.18, 0.5, 1e-08, 0
509025601, 5.47, 6.36e-08, 3.34e-08, 5.87, 4.64, 1e-08, 102
510235201, 8.64, 6.25e-08, 3.2e-08, 2.7, 0.45, 1e-08, 0
510840001, 4.47, 6.36e-08, 3.74e-08, 2.75, 0.48, 1e-08, 0
512654401, 4.16, 4.01e-08, 3.21e-08, 2.54, 0.59, 1e-08, 0
515073601, 2.45, 7.49e-08, 5.69e-08, 4.5, 6.39, 1e-08, 102
515678401, 1.06, 1.75e-08, 3.48e-08, 2.17, 0.93, 1e-08, 0
516283201, 13.78, 1.61e-07, 5.8e-08, 4.02, 3.26, 1e-08, 102
516888001, 1.08, 1.06e-08, 1.57e-08, 1.97, 0.69, 1e-08, 0
517492801, 2.64, 6.49e-09, 1.09e-08, 1.85, 0.81, 1e-08, 0
518097601, 1.32, 1.31e-08, 1.89e-08, 2.04, 0.77, 1e-08, 0
518702401, 9.59, 1.16e-07, 4.49e-08, 3.74, 1.51, 1e-08, 0
519307201, 1.83, 4.97e-08, 5.22e-08, 3.43, 8.7, 1e-08, 102
519912001, 6.45, 1.03e-07, 4.93e-08, 4.51, 4.24, 1e-08, 102
520516801, 2.86, 5.29e-08, 4.64e-08, 2.59, 0.7, 1e-08, 0
521121601, 1.02, 2.55e-08, 3e-07, 9.73, 7.48, 1e-08, 102
521726401, 3.41, 6.48e-08, 3.81e-08, 5.4, 5.36, 1e-08, 102
523540801, 1.5, 2.86e-08, 2.67e-08, 2.87, 0.89, 1e-08, 0
526564801, 4.95, 7.1e-08, 3.71e-08, 5.17, 4.76, 1e-08, 102
527774401, 3.79, 2.47e-08, 2.18e-08, 2.14, 0.52, 1e-08, 0
528379201, 1.62, 2.92e-08, 3.04e-08, 2.61, 0.74, 1e-08, 0
528984001, 1.35, 4.43e-08, 4.33e-08, 3.22, 1.47, 1e-08, 0
529588801, 1.18, 5.35e-09, 8.03e-09, 1.56, 0.59, 1e-08, 0
530193601, 4.24, 9.98e-09, 1.18e-08, 1.64, 0.5, 1e-08, 0
530798401, 1.02, 3.13e-08, 3.4e-08, 3.46, 1.13, 1e-08, 0
531403201, 2.23, 4.51e-08, 3.62e-08, 3.67, 3.65, 1e-08, 0
532008001, 2.25, 4.53e-08, 3.35e-08, 7.52, 6.34, 1e-08, 102
533217601, 2.04, 4.71e-08, 3.8e-08, 2.88, 0.9, 1e-08, 0
535032001, 4.81, 8.4e-08, 4.4e-08, 4.91, 4.68, 1e-08, 102
536241601, 1.26, 3.44e-08, 3.45e-08, 6.39, 8.54, 1e-08, 102
538056001, 6.27, 1.19e-07, 5.6e-08, 3.91, 4.46, 1e-08, 102
538660801, 1.51, 3.65e-08, 3.99e-08, 2.76, 0.78, 1e-08, 0
540475201, 2.0, 1.43e-08, 1.55e-08, 1.98, 0.58, 1e-08, 0
541080001, 4.99, 5.97e-08, 3.09e-08, 9.24, 4.62, 1e-08, 102
541684801, 9.45, 2.63e-08, 1.7e-08, 1.79, 0.32, 1e-08, 0
546523201, 4.37, 2.28e-07, 1.55e-07, 2.74, 0.67, 1e-08, 0
547128001, 10.5, 6.76e-08, 3.09e-08, 2.48, 0.33, 1e-08, 0
547732801, 16.19, 1.08e-07, 4.62e-08, 2.73, 0.4, 1e-08, 0
548337601, 4.92, 7.41e-08, 6.2e-08, 2.18, 0.54, 1e-08, 0
548942401, 6.48, 3.82e-08, 3.89e-08, 2.27, 0.63, 1e-08, 0
549547201, 61.12, 1.88e-07, 5.1e-08, 2.2, 0.19, 1e-08, 0
550152001, 4.66, 1.64e-07, 9.4e-08, 4.02, 2.87, 1e-08, 0
551361601, 34.55, 1.3e-07, 3.41e-08, 2.67, 0.25, 1e-08, 0
551966401, 8.9, 1.09e-07, 7.48e-08, 2.61, 0.64, 1e-08, 0
552571201, 4.37, 8.41e-08, 4.6e-08, 3.7, 1.31, 1e-08, 0
553780801, 27.91, 1.23e-07, 3.19e-08, 2.74, 0.26, 1e-08, 0
554385601, 2.77, 8.49e-08, 6.39e-08, 3.33, 1.06, 1e-08, 0
554990401, 17.11, 7.72e-08, 2.7e-08, 2.63, 0.33, 1e-08, 0
555595201, 106.08, 2.02e-07, 3.1e-08, 2.52, 0.15, 1e-08, 0
556200001, 11.32, 1.51e-07, 5.82e-08, 3.2, 0.52, 1e-08, 0
556804801, 3.87, 1.98e-08, 3.39e-08, 2.22, 0.81, 1e-08, 0
557409601, 9.33, 7.73e-08, 3.17e-08, 3.14, 0.66, 1e-08, 0
558619201, 15.96, 8.99e-08, 3.13e-08, 2.81, 0.44, 1e-08, 0
559224001, 18.04, 5.77e-08, 2.16e-08, 2.41, 0.31, 1e-08, 0
559828801, 36.12, 9.1e-08, 2.4e-08, 2.43, 0.21, 1e-08, 0
560433601, 22.98, 1.49e-07, 4.05e-08, 3.46, 0.51, 1e-08, 0
561038401, 2.88, 4.94e-08, 5.37e-08, 2.3, 0.66, 1e-08, 0
561643201, 1.38, 8.67e-08, 1.24e-07, 3.86, 9.86, 1e-08, 102
562248001, 40.81, 1.24e-07, 3.21e-08, 2.44, 0.22, 1e-08, 0
564062401, 2.14, 2.94e-08, 2.84e-08, 2.33, 0.67, 1e-08, 0
564667201, 8.09, 5.63e-08, 2.52e-08, 2.91, 0.56, 1e-08, 0
565272001, 24.95, 1.62e-07, 5e-08, 2.83, 0.31, 1e-08, 0
565876801, 5.13, 4.79e-08, 3.31e-08, 2.33, 0.47, 1e-08, 0
566481601, 18.61, 7.33e-08, 3.06e-08, 2.4, 0.3, 1e-08, 0
567086401, 8.73, 9.53e-08, 4.16e-08, 2.96, 0.45, 1e-08, 0
567691201, 6.05, 8.06e-08, 4.36e-08, 3.07, 0.66, 1e-08, 0
568296001, 10.66, 6.15e-08, 2.89e-08, 2.44, 0.38, 1e-08, 0
569505601, 8.98, 8.82e-08, 3.99e-08, 3.07, 0.49, 1e-08, 0
570110401, 11.81, 8.86e-08, 4.74e-08, 2.62, 0.49, 1e-08, 0
570715201, 13.53, 7.37e-08, 2.8e-08, 2.59, 0.32, 1e-08, 0
571320001, 21.16, 5.68e-08, 2.64e-08, 2.31, 0.32, 1e-08, 0
571924801, 14.88, 9.6e-08, 2.99e-08, 3.72, 3.09, 1e-08, 102
572529601, 4.48, 3.76e-08, 3.13e-08, 2.5, 0.58, 1e-08, 0
573134401, 24.17, 9.01e-08, 3e-08, 2.24, 0.25, 1e-08, 0
573739201, 6.01, 5.92e-08, 3.16e-08, 2.48, 0.43, 1e-08, 0
574344001, 64.62, 1.84e-07, 4.4e-08, 2.29, 0.18, 1e-08, 0
574948801, 42.78, 1.62e-07, 5.8e-08, 2.31, 0.25, 1e-08, 0
575553601, 32.02, 9.82e-08, 3.87e-08, 2.11, 0.25, 1e-08, 0
576158401, 137.99, 3.16e-07, 5e-08, 2.36, 0.14, 1e-08, 0
576763201, 244.51, 6.06e-07, 8.3e-08, 2.25, 0.12, 1e-08, 0
577368001, 9.1, 1.65e-07, 2.82e-07, 1.73, 0.85, 1e-08, 0
577972801, 23.65, 1.81e-07, 7.2e-08, 2.48, 0.33, 1e-08, 0
578577601, 92.22, 2.06e-07, 4.4e-08, 2.24, 0.16, 1e-08, 0
579182401, 8.55, 1.22e-07, 5.11e-08, 3.21, 0.54, 1e-08, 0
579787201, 2.89, 3.93e-08, 3.61e-08, 2.33, 0.57, 1e-08, 0
580996801, 2.73, 3.45e-08, 5.27e-08, 2.25, 0.88, 1e-08, 0
582206401, 12.98, 1.42e-07, 4.99e-08, 3.46, 0.82, 1e-08, 0
582811201, 23.81, 1.66e-07, 4.5e-08, 3.44, 0.46, 1e-08, 0
583416001, 10.64, 1.05e-07, 4.38e-08, 3.03, 0.62, 1e-08, 0
584020801, 7.12, 9.04e-08, 4.34e-08, 3.06, 0.56, 1e-08, 0
584625601, 11.32, 1.12e-07, 4.11e-08, 3.18, 0.56, 1e-08, 0
585230401, 18.54, 3.36e-08, 2.11e-08, 2.04, 0.32, 1e-08, 0
585835201, 23.76, 9.38e-08, 2.8e-08, 2.71, 0.3, 1e-08, 0
586440001, 23.31, 1.34e-07, 4.58e-08, 2.53, 0.31, 1e-08, 0
587044801, 1.32, 3.06e-08, 3.07e-08, 3.04, 0.9, 1e-08, 0
587649601, 17.28, 1.15e-07, 3.79e-08, 2.87, 0.35, 1e-08, 0
588254401, 6.91, 9.11e-08, 4.08e-08, 8.12, 3.97, 1e-08, 102
588859201, 4.5, 2.42e-08, 2.02e-08, 2.12, 0.47, 1e-08, 0
589464001, 16.71, 5.71e-08, 2.87e-08, 2.43, 0.36, 1e-08, 0
590673601, 5.79, 8.18e-08, 4.02e-08, 3.67, 2.01, 1e-08, 0
591278401, 7.17, 1.69e-07, 9.58e-08, 2.81, 0.62, 1e-08, 0
591883201, 5.03, 3.15e-08, 2.3e-08, 2.1, 0.47, 1e-08, 0
592488001, 2.39, 6.12e-08, 4.6e-08, 3.51, 0.92, 1e-08, 0
593092801, 3.67, 2.59e-08, 2.23e-08, 1.96, 0.42, 1e-08, 0
593697601, 14.83, 1.77e-07, 5.9e-08, 3.51, 0.6, 1e-08, 0
594302401, 1.11, 2.25e-08, 2.88e-08, 2.43, 0.81, 1e-08, 0
594907201, 2.52, 1.61e-07, 1.8e-07, 1.7, 0.62, 1e-08, 0
596116801, 3.51, 7.2e-08, 4.69e-08, 9.22, 5.83, 1e-08, 102
597326401, 5.53, 8.12e-08, 4.99e-08, 2.95, 0.75, 1e-08, 0
597931201, 3.05, 6.98e-08, 4.92e-08, 3.16, 0.68, 1e-08, 0
598536001, 5.55, 7.28e-08, 4.31e-08, 2.55, 0.41, 1e-08, 0
599140801, 4.24, 6.45e-08, 4.76e-08, 3.01, 1.01, 1e-08, 0
599745601, 4.25, 1.52e-08, 1.38e-08, 2.03, 0.49, 1e-08, 0
600350401, 8.88, 4.02e-08, 2.53e-08, 2.2, 0.4, 1e-08, 0
600955201, 2.4, 2.48e-08, 2.3e-08, 2.38, 0.59, 1e-08, 0
601560001, 2.86, 3.76e-08, 3.12e-08, 2.4, 0.52, 1e-08, 0
602164801, 1.65, 5.75e-08, 5.63e-08, 3.54, 4.29, 1e-08, 0
602769601, 13.05, 2.22e-08, 1.9e-08, 1.87, 0.42, 1e-08, 0
603979201, 2.27, 4.18e-08, 2.93e-08, 3.97, 7.2, 1e-08, 102
604584001, 22.6, 6.39e-08, 2.52e-08, 2.0, 0.25, 1e-08, 0
605188801, 15.87, 9.17e-08, 3.33e-08, 2.58, 0.33, 1e-08, 0
605793601, 1.62, 3.69e-08, 3.34e-08, 2.96, 1.25, 1e-08, 0
606398401, 14.97, 7.64e-08, 3.35e-08, 2.34, 0.34, 1e-08, 0
607003201, 4.26, 8.24e-08, 4.97e-08, 3.13, 0.79, 1e-08, 0
607608001, 1.51, 4.53e-08, 4.16e-08, 3.13, 0.85, 1e-08, 0
608212801, 1.19, 1.67e-08, 2.01e-08, 2.32, 0.64, 1e-08, 0
608817601, 2.12, 7.25e-08, 6.65e-08, 10.0, 0, 1e-08, 0
610027201, 4.79, 4.14e-08, 3.27e-08, 2.11, 0.47, 1e-08, 0
610632001, 1.27, 3.14e-08, 3.1e-08, 7.14, 8.49, 1e-08, 102
611236801, 3.83, 8.27e-08, 4.85e-08, 3.56, 1.44, 1e-08, 0
613656001, 7.64, 9.8e-08, 4.23e-08, 3.37, 0.89, 1e-08, 0
614260801, 5.17, 5.95e-08, 3.58e-08, 2.77, 0.59, 1e-08, 0
614865601, 3.44, 4.31e-08, 2.73e-08, 2.66, 0.54, 1e-08, 0
615470401, 3.87, 4.65e-08, 3.08e-08, 2.64, 0.54, 1e-08, 0
616680001, 1.89, 3.86e-08, 3.55e-08, 3.66, 7.61, 1e-08, 102
617284801, 5.85, 3.41e-08, 2.34e-08, 2.59, 0.56, 1e-08, 0
617889601, 5.18, 3.8e-08, 2.32e-08, 2.61, 0.53, 1e-08, 0
618494401, 5.2, 6.82e-08, 3.68e-08, 6.84, 4.6, 1e-08, 102
619099201, 1.38, 3.63e-08, 9.16e-07, 5.99, 8.16, 1e-08, 102
620913601, 2.48, 4.91e-08, 3.65e-08, 5.86, 6.12, 1e-08, 102
621518401, 3.53, 3.06e-08, 2.33e-08, 2.52, 0.5, 1e-08, 0
623332801, 1.78, 2.75e-07, 2.7e-07, 3.93, 1.68, 1e-08, 0
623937601, 3.44, 5.76e-08, 3.83e-08, 3.13, 0.86, 1e-08, 0
626356801, 2.27, 2.41e-08, 2.33e-08, 2.13, 0.52, 1e-08, 0
628776001, 2.15, 1.48e-08, 1.82e-08, 2.05, 0.67, 1e-08, 0
629985601, 8.1, 7.91e-08, 4.01e-08, 2.37, 0.36, 1e-08, 0
631195201, 2.86, 5.25e-08, 3.83e-08, 4.12, 6.2, 1e-08, 102
632404801, 5.77, 5.9e-08, 3.12e-08, 2.56, 0.45, 1e-08, 0
634219201, 1.74, 5.51e-08, 5.68e-08, 4.17, 7.73, 1e-08, 102
637848001, 1.32, 2.27e-09, 4.25e-09, 1.36, 0.83, 1e-08, 0
638452801, 1.44, 4.37e-08, 4.19e-08, 3.39, 2.19, 1e-08, 0
639057601, 1.24, 4.93e-08, 4.93e-08, 3.59, 1.7, 1e-08, 0
641476801, 501.29, 3.93, 0, 10.0, 0, 1e-08, 0
645710401, 1.93, 4.65e-08, 3.54e-08, 4.69, 7.51, 1e-08, 102
647524801, 1.6, 7.55e-09, 9.93e-09, 1.82, 0.6, 1e-08, 0
648734401, 1.1, 2.58e-08, 3.04e-08, 2.94, 1.23, 1e-08, 0
651758401, 2.31, 4.04e-08, 3.24e-08, 2.59, 0.65, 1e-08, 0
654782401, 5.04, 7.47e-08, 6.02e-08, 2.75, 0.95, 1e-08, 0
655992001, 2.6, 4.99e-08, 4.27e-08, 3.72, 7.33, 1e-08, 102
656596801, 3.63, 7.19e-08, 4.42e-08, 6.28, 5.35, 1e-08, 102
657201601, 2.7, 8e-08, 5.3e-08, 4.71, 6.12, 1e-08, 102
659620801, 1.43, 1.6e-07, 1.81e-07, 2.82, 0.9, 1e-08, 0
660225601, 3.71, 1.71e-08, 2.09e-08, 2.13, 0.64, 1e-08, 0
662644801, 1.96, 3.23e-08, 3.2e-08, 2.62, 0.75, 1e-08, 0
663854401, 1.16, 2.89e-08, 5.11e-08, 9.81, 1.12, 1e-08, 0
665064001, 2.16, 8.49e-09, 9.91e-09, 1.78, 0.55, 1e-08, 0
666878401, 3.54, 4.8e-08, 2.79e-08, 3.65, 5.91, 1e-08, 102
669902401, 4.57, 5.64e-08, 3.61e-08, 10.0, 0, 1e-08, 0
671716801, 2.14, 5e-08, 3.89e-08, 3.43, 1.31, 1e-08, 0
674740801, 5.3, 5.85e-08, 3.28e-08, 2.59, 0.45, 1e-08, 0
675345601, 6.96, 7.98e-08, 4.03e-08, 2.76, 0.47, 1e-08, 0
676555201, 1.02, 8.06e-09, 2.33e-08, 1.96, 1.43, 1e-08, 0
677160001, 1.79, 3.12e-08, 2.74e-08, 7.39, 7.39, 1e-08, 102
678974401, 3.16, 4.37e-08, 3.04e-08, 2.69, 0.54, 1e-08, 0
679579201, 5.01, 7.68e-08, 4.04e-08, 3.96, 4.93, 1e-08, 102
680184001, 3.87, 3.81e-08, 2.49e-08, 2.49, 0.46, 1e-08, 0
680788801, 12.7, 5.32e-08, 2.85e-08, 2.27, 0.41, 1e-08, 0
681393601, 10.65, 6.08e-08, 2.56e-08, 2.86, 0.45, 1e-08, 0
681998401, 3.14, 4.65e-08, 3.2e-08, 3.08, 1.02, 1e-08, 0
683208001, 2.6, 4.26e-08, 3.17e-08, 3.05, 0.8, 1e-08, 0
683812801, 8.47, 5.9e-09, 8.59e-09, 1.55, 0.59, 1e-08, 0
684417601, 4.28, 1.43e-08, 2.12e-08, 1.79, 0.6, 1e-08, 0
685022401, 17.73, 1.12e-07, 3.53e-08, 3.11, 0.37, 1e-08, 0
685627201, 8.77, 8.2e-08, 3.81e-08, 2.78, 0.49, 1e-08, 0
686232001, 11.69, 3.2e-08, 1.79e-08, 1.91, 0.31, 1e-08, 0
686836801, 7.21, 2.31e-07, 1.28e-07, 3.53, 0.89, 1e-08, 0
688651201, 6.88, 1.06e-07, 5.18e-08, 3.47, 1.13, 1e-08, 0
690465601, 2.44, 1.1e-07, 8.6e-08, 4.06, 7.01, 1e-08, 102
692280001, 3.46, 2.15e-08, 2.01e-08, 2.33, 0.62, 1e-08, 0
693489601, 1.45, 2.55e-09, 3.94e-09, 1.55, 0.72, 1e-08, 0
694094401, 4.65, 2.38e-08, 2.38e-08, 2.17, 0.52, 1e-08, 0
695304001, 8.75, 7.85e-08, 3.07e-08, 4.33, 3.74, 1e-08, 102
698328001, 1.21, 2.58e-08, 2.82e-08, 3.01, 0.93, 1e-08, 0
698932801, 4.35, 4.58e-08, 2.56e-08, 3.15, 0.72, 1e-08, 0
699537601, 1.25, 2.93e-08, 3.84e-08, 4.41, 8.74, 1e-08, 102
701352001, 1.94, 2.39e-08, 2.15e-08, 2.29, 0.55, 1e-08, 0
701956801, 9.85, 1.23e-07, 4.71e-08, 3.45, 0.67, 1e-08, 0
702561601, 2.01, 6.56e-08, 5.03e-08, 4.53, 7.28, 1e-08, 102
703166401, 29.65, 1.75e-07, 5.2e-08, 2.62, 0.28, 1e-08, 0
703771201, 6.36, 6.73e-08, 3.98e-08, 2.55, 0.49, 1e-08, 0
706795201, 7.91, 1.04e-07, 4.68e-08, 7.92, 0.55, 1e-08, 0
708004801, 2.12, 5.72e-08, 4.98e-08, 4.1, 6.98, 1e-08, 102
709214401, 2.29, 4.29e-08, 3.22e-08, 3.34, 1.78, 1e-08, 0
710424001, 3.39, 5.82e-08, 4.09e-08, 4.7, 5.52, 1e-08, 102
711028801, 3.65, 4.33e-08, 2.89e-08, 2.44, 0.49, 1e-08, 0
712843201, 7.4, 5.89e-08, 2.84e-08, 2.84, 0.47, 1e-08, 0
713448001, 8.54, 6.08e-08, 2.49e-08, 3.01, 0.6, 1e-08, 0
714657601, 2.0, 3.71e-08, 4.11e-08, 3.26, 8.98, 1e-08, 102
715262401, 1.48, 3.7e-08, 3.78e-08, 4.7, 8.12, 1e-08, 102
715867201, 1.35, 3.81e-08, 4.45e-08, 4.37, 8.7, 1e-08, 102
716472001, 1.77, 1.91e-08, 2.12e-08, 2.33, 0.63, 1e-08, 0
717076801, 5.91, 8.68e-08, 4.41e-08, 3.85, 4.69, 1e-08, 102
717681601, 19.1, 7.37e-08, 3.01e-08, 2.19, 0.28, 1e-08, 0
718286401, 3.55, 4.33e-08, 3.79e-08, 2.39, 0.64, 1e-08, 0
718891201, 1.11, 1.27e-06, 1.94e-06, 4.67, 2.29, 1e-08, 0
719496001, 2.8, 7.04e-08, 5.17e-08, 5.27, 6.33, 1e-08, 102
720100801, 6.61, 6.05e-08, 3.63e-08, 2.57, 0.49, 1e-08, 0
720705601, 1.6, 5.77e-08, 5.33e-08, 3.3, 1.36, 1e-08, 0
721310401, 12.45, 1.88e-08, 2.24e-08, 1.74, 0.5, 1e-08, 0
723729601, 5.45, 2.79e-08, 3.43e-08, 2.02, 0.63, 1e-08, 0
724334401, 53.87, 1.55e-07, 3.8e-08, 2.42, 0.21, 1e-08, 0
724939201, 11.42, 1.16e-07, 4.68e-08, 2.94, 0.41, 1e-08, 0
726148801, 2.32, 1.87e-08, 1.8e-08, 1.98, 0.51, 1e-08, 0
726753601, 3.77, 1.14e-08, 1.13e-08, 1.89, 0.48, 1e-08, 0
727963201, 10.29, 8.01e-08, 3.37e-08, 2.91, 0.48, 1e-08, 0
729172801, 5.14, 8.07e-08, 4.22e-08, 3.76, 0.78, 1e-08, 0
731592001, 5.64, 7.18e-08, 3.61e-08, 3.68, 0.86, 1e-08, 0
732196801, 1.33, 3.29e-08, 3.25e-08, 3.32, 1.15, 1e-08, 0
732801601, 3.21, 7.23e-08, 4.57e-08, 4.88, 5.97, 1e-08, 102
733406401, 7.99, 6.92e-08, 3.26e-08, 2.75, 0.49, 1e-08, 0
734616001, 2.65, 7.71e-08, 5.39e-08, 5.54, 6.19, 1e-08, 102
735220801, 21.64, 1.12e-07, 4.18e-08, 2.45, 0.28, 1e-08, 0
737640001, 5.66, 8.34e-08, 4.48e-08, 3.32, 0.87, 1e-08, 0
738244801, 18.96, 9.9e-08, 3.88e-08, 2.48, 0.32, 1e-08, 0
740664001, 8.29, 7.77e-08, 3.82e-08, 2.96, 0.53, 1e-08, 0
741873601, 4.7, 5.46e-08, 3.22e-08, 2.97, 0.98, 1e-08, 0
