timestamp, ts, flux, flux_error, photon_index, photon_index_interval, fit_tolerance, fit_convergence
239889601, 1.75, 1.77e-08, 1.62e-08, 2.3, 0, 1e-08, 0
240494401, 5.32, 1.98e-08, 1.39e-08, 2.3, 0, 1e-08, 0
242308801, 1.4, 2.35e-08, 2.47e-08, 2.3, 0, 1e-08, 0
242913601, 2.78, 1.62e-08, 1.59e-08, 2.3, 0, 1e-08, 0
243518401, 2.9, 1.76e-08, 1.6e-08, 2.3, 0, 1e-08, 0
244728001, 6.23, 3.17e-08, 1.94e-08, 2.3, 0, 1e-08, 0
245937601, 9.67, 4.72e-08, 2.04e-08, 2.3, 0, 1e-08, 0
248356801, 2.15, 2.43e-08, 2.01e-08, 2.3, 0, 1e-08, 0
248961601, 2.32, 2.37e-08, 1.97e-08, 2.3, 0, 1e-08, 0
249566401, 3.16, 1.82e-08, 1.44e-08, 2.3, 0, 1e-08, 0
250171201, 18.13, 3.96e-08, 1.64e-08, 2.3, 0, 1e-08, 0
251985601, 2.74, 2.7e-08, 2.24e-08, 2.3, 0, 1e-08, 0
252590401, 1.99, 2.22e-08, 1.9e-08, 2.3, 0, 1e-08, 0
258033601, 7.86, 2.33e-08, 1.71e-08, 2.3, 0, 1e-08, 0
258638401, 6.05, 2.47e-08, 2.22e-08, 2.3, 0, 1e-08, 0
261057601, 2.21, 1.98e-08, 1.84e-08, 2.3, 0, 1e-08, 0
261662401, 3.94, 3.63e-08, 2.44e-08, 2.3, 0, 1e-08, 0
262872001, 3.13, 2.12e-08, 1.71e-08, 2.3, 0, 1e-08, 0
265896001, 5.63, 6.24e-08, 3.87e-08, 2.3, 0, 1e-08, 0
268315201, 2.99, 2.01e-08, 1.61e-08, 2.3, 0, 1e-08, 0
270734401, 4.82, 2.94e-08, 2.22e-08, 2.3, 0, 1e-08, 0
272548801, 4.13, 1.8e-08, 1.35e-08, 2.3, 0, 1e-08, 0
273758401, 20.16, 5.72e-08, 2.34e-08, 2.3, 0, 1e-08, 0
274363201, 4.97, 5.36e-08, 3.35e-08, 2.3, 0, 1e-08, 0
275572801, 8.31, 4.31e-08, 2.65e-08, 2.3, 0, 1e-08, 0
276177601, 6.28, 4.42e-08, 2.73e-08, 2.3, 0, 1e-08, 0
277387201, 1.16, 1.32e-08, 1.69e-08, 2.3, 0, 1e-08, 0
281620801, 3.58, 1.25e-08, 1.19e-08, 2.3, 0, 1e-08, 0
282225601, 1.14, 1.02e-08, 1.31e-08, 2.3, 0, 1e-08, 0
282830401, 2.92, 2.61e-08, 2.02e-08, 2.3, 0, 1e-08, 0
283435201, 7.57, 5.24e-08, 3.1e-08, 2.3, 0, 1e-08, 0
284040001, 1.62, 2.25e-08, 2.24e-08, 2.3, 0, 1e-08, 0
285249601, 1.88, 2.38e-08, 2.44e-08, 2.3, 0, 1e-08, 0
288878401, 7.4, 3.44e-08, 2.2e-08, 2.3, 0, 1e-08, 0
289483201, 6.73, 2.66e-08, 1.93e-08, 2.3, 0, 1e-08, 0
290692801, 4.32, 3.58e-08, 2.47e-08, 2.3, 0, 1e-08, 0
291297601, 9.87, 3.31e-08, 1.73e-08, 2.3, 0, 1e-08, 0
293716801, 1.27, 3.06e-08, 3.41e-08, 2.3, 0, 1e-08, 0
294321601, 6.08, 5.08e-08, 3.05e-08, 2.3, 0, 1e-08, 0
294926401, 9.22, 5.71e-08, 2.73e-08, 2.3, 0, 1e-08, 0
295531201, 5.66, 2.71e-08, 1.81e-08, 2.3, 0, 1e-08, 0
296136001, 21.12, 7.13e-08, 2.69e-08, 2.3, 0, 1e-08, 0
297345601, 3.02, 4e-08, 2.97e-08, 2.3, 0, 1e-08, 0
298555201, 2.63, 3.2e-08, 2.69e-08, 2.3, 0, 1e-08, 0
299764801, 4.69, 5.11e-08, 3.46e-08, 2.3, 0, 1e-08, 0
300369601, 2.16, 2.32e-08, 1.9e-08, 2.3, 0, 1e-08, 0
302788801, 4.45, 3.93e-08, 2.79e-08, 2.3, 0, 1e-08, 0
304603201, 10.65, 4.58e-08, 2.2e-08, 2.3, 0, 1e-08, 0
305208001, 2.3, 8.58e-09, 9.72e-09, 2.3, 0, 1e-08, 0
308232001, 3.56, 1.22e-08, 1.26e-08, 2.3, 0, 1e-08, 0
309441601, 8.98, 3.57e-08, 1.9e-08, 2.3, 0, 1e-08, 0
314280001, 9.93, 5.09e-08, 2.2e-08, 2.3, 0, 1e-08, 0
315489601, 4.15, 2.21e-08, 1.91e-08, 2.3, 0, 1e-08, 0
318513601, 1.3, 2.45e-08, 2.43e-08, 2.3, 0, 1e-08, 0
320328001, 2.7, 3.91e-08, 3.27e-08, 2.3, 0, 1e-08, 0
322747201, 4.34, 2.65e-08, 1.65e-08, 2.3, 0, 1e-08, 0
323352001, 2.51, 2.11e-08, 1.75e-08, 2.3, 0, 1e-08, 0
325166401, 6.44, 2.24e-08, 1.87e-08, 2.3, 0, 1e-08, 0
325771201, 14.1, 4.83e-08, 2.43e-08, 2.3, 0, 1e-08, 0
326980801, 8.82, 7e-08, 2.9e-08, 2.3, 0, 1e-08, 0
327585601, 2.98, 2.92e-08, 2.15e-08, 2.3, 0, 1e-08, 0
330609601, 15.49, 8.32e-08, 3.2e-08, 2.3, 0, 1e-08, 0
333633601, 2.0, 2.16e-08, 1.99e-08, 2.3, 0, 1e-08, 0
336657601, 8.72, 3.11e-08, 2.33e-08, 2.3, 0, 1e-08, 0
337867201, 3.04, 1.94e-08, 1.85e-08, 2.3, 0, 1e-08, 0
338472001, 4.49, 5.42e-08, 3.03e-08, 2.3, 0, 1e-08, 0
339076801, 2.05, 3.36e-08, 2.73e-08, 2.3, 0, 1e-08, 0
340891201, 3.06, 1.54e-08, 1.57e-08, 2.3, 0, 1e-08, 0
342100801, 1.12, 1.82e-08, 2.1e-08, 2.3, 0, 1e-08, 0
343915201, 2.4, 2.54e-08, 2.38e-08, 2.3, 0, 1e-08, 0
348148801, 9.23, 6.06e-08, 3.07e-08, 2.3, 0, 1e-08, 0
349358401, 1.58, 2.61e-08, 2.81e-08, 2.3, 0, 1e-08, 0
350568001, 2.69, 3.3e-08, 2.83e-08, 2.3, 0, 1e-08, 0
351172801, 1.01, 1.52e-08, 1.92e-08, 2.3, 0, 1e-08, 0
351777601, 5.94, 2.72e-08, 1.7e-08, 2.3, 0, 1e-08, 0
352382401, 11.43, 5.55e-08, 2.8e-08, 2.3, 0, 1e-08, 0
353592001, 1.28, 2.8e-08, 2.81e-08, 2.3, 0, 1e-08, 0
354196801, 3.38, 5.19e-08, 4.15e-08, 2.3, 0, 1e-08, 0
356011201, 3.69, 9.73e-09, 9.59e-09, 2.3, 0, 1e-08, 0
356616001, 1.18, 2.1e-08, 2.2e-08, 2.3, 0, 1e-08, 0
358430401, 2.39, 2.14e-08, 2.09e-08, 2.3, 0, 1e-08, 0
359035201, 8.59, 2.2e-08, 1.82e-08, 2.3, 0, 1e-08, 0
359640001, 7.79, 3.99e-08, 2.06e-08, 2.3, 0, 1e-08, 0
360244801, 8.68, 4.11e-08, 2.09e-08, 2.3, 0, 1e-08, 0
362664001, 1.05, 1.35e-08, 1.67e-08, 2.3, 0, 1e-08, 0
363268801, 18.17, 9.39e-08, 3.31e-08, 2.3, 0, 1e-08, 0
363873601, 124.04, 2.6e-07, 4.2e-08, 2.3, 0, 1e-08, 0
364478401, 77.28, 1.81e-07, 3.6e-08, 2.3, 0, 1e-08, 0
365083201, 111.47, 1.98e-07, 3.4e-08, 2.3, 0, 1e-08, 0
365688001, 5.36, 2.7e-08, 1.68e-08, 2.3, 0, 1e-08, 0
366292801, 4.01, 4.69e-08, 3.28e-08, 2.3, 0, 1e-08, 0
366897601, 132.33, 3.22e-07, 5.2e-08, 2.3, 0, 1e-08, 0
367502401, 131.97, 2.7e-07, 4.6e-08, 2.3, 0, 1e-08, 0
368107201, 13.18, 9.09e-08, 3.93e-08, 2.3, 0, 1e-08, 0
368712001, 5.49, 3.82e-08, 2.47e-08, 2.3, 0, 1e-08, 0
369316801, 1.17, 1.48e-08, 1.75e-08, 2.3, 0, 1e-08, 0
369921601, 12.57, 6.08e-08, 2.48e-08, 2.3, 0, 1e-08, 0
370526401, 6.28, 6.69e-08, 4.82e-08, 2.3, 0, 1e-08, 0
372945601, 5.9, 2.63e-08, 2.36e-08, 2.3, 0, 1e-08, 0
373550401, 14.22, 5.67e-08, 2.38e-08, 2.3, 0, 1e-08, 0
374155201, 4.99, 1.99e-08, 1.46e-08, 2.3, 0, 1e-08, 0
375969601, 2.23, 2.47e-08, 2.38e-08, 2.3, 0, 1e-08, 0
378993601, 1.15, 1.82e-08, 1.94e-08, 2.3, 0, 1e-08, 0
381412801, 4.73, 1.54e-08, 1.51e-08, 2.3, 0, 1e-08, 0
387460801, 5.07, 1.67e-08, 1.39e-08, 2.3, 0, 1e-08, 0
388670401, 1.82, 1.07e-08, 1.16e-08, 2.3, 0, 1e-08, 0
389275201, 8.23, 5.17e-08, 2.65e-08, 2.3, 0, 1e-08, 0
389880001, 2.66, 2.78e-08, 2.22e-08, 2.3, 0, 1e-08, 0
390484801, 6.87, 3.51e-08, 1.95e-08, 2.3, 0, 1e-08, 0
391694401, 10.66, 3.96e-08, 2.32e-08, 2.3, 0, 1e-08, 0
396532801, 3.91, 2.35e-08, 1.86e-08, 2.3, 0, 1e-08, 0
397137601, 6.05, 4.69e-08, 2.79e-08, 2.3, 0, 1e-08, 0
397742401, 4.64, 3.39e-08, 2.15e-08, 2.3, 0, 1e-08, 0
398347201, 26.43, 5.31e-08, 1.8e-08, 2.3, 0, 1e-08, 0
398952001, 12.38, 3.76e-08, 1.4e-08, 2.3, 0, 1e-08, 0
399556801, 6.71, 2.96e-08, 1.52e-08, 2.3, 0, 1e-08, 0
400766401, 6.15, 5.08e-08, 2.71e-08, 2.3, 0, 1e-08, 0
401371201, 2.95, 1.72e-08, 1.56e-08, 2.3, 0, 1e-08, 0
401976001, 1.05, 1.55e-08, 1.82e-08, 2.3, 0, 1e-08, 0
405000001, 11.12, 4.53e-08, 2.35e-08, 2.3, 0, 1e-08, 0
411652801, 2.5, 3.71e-08, 3.51e-08, 2.3, 0, 1e-08, 0
415886401, 1.62, 3.04e-08, 3.07e-08, 2.3, 0, 1e-08, 0
418910401, 13.56, 7.66e-08, 4.44e-08, 2.3, 0, 1e-08, 0
419515201, 1.84, 2.19e-08, 2.22e-08, 2.3, 0, 1e-08, 0
422539201, 3.32, 2.12e-08, 1.78e-08, 2.3, 0, 1e-08, 0
423144001, 1.09, 1.49e-08, 1.91e-08, 2.3, 0, 1e-08, 0
426772801, 1.55, 1.34e-08, 1.51e-08, 2.3, 0, 1e-08, 0
430401601, 1.12, 1.33e-08, 1.76e-08, 2.3, 0, 1e-08, 0
431006401, 1.18, 1.54e-08, 1.75e-08, 2.3, 0, 1e-08, 0
432216001, 2.43, 2.33e-08, 2.45e-08, 2.3, 0, 1e-08, 0
435844801, 4.63, 2.43e-08, 1.71e-08, 2.3, 0, 1e-08, 0
450964801, 2.41, 2.26e-08, 1.93e-08, 2.3, 0, 1e-08, 0
452174401, 10.64, 2.14e-08, 1.44e-08, 2.3, 0, 1e-08, 0
454593601, 2.56, 2.58e-08, 2.24e-08, 2.3, 0, 1e-08, 0
455198401, 4.24, 3.86e-08, 2.47e-08, 2.3, 0, 1e-08, 0
455803201, 3.5, 3.56e-08, 2.4e-08, 2.3, 0, 1e-08, 0
459432001, 1.1, 1.92e-08, 2.32e-08, 2.3, 0, 1e-08, 0
463060801, 1.78, 3.09e-08, 2.91e-08, 2.3, 0, 1e-08, 0
463665601, 3.65, 1.98e-08, 1.77e-08, 2.3, 0, 1e-08, 0
464875201, 7.93, 5.37e-08, 2.87e-08, 2.3, 0, 1e-08, 0
466689601, 4.1, 3.1e-08, 2.34e-08, 2.3, 0, 1e-08, 0
470318401, 3.06, 2.41e-08, 1.99e-08, 2.3, 0, 1e-08, 0
472132801, 1.58, 2.14e-08, 2.19e-08, 2.3, 0, 1e-08, 0
476366401, 12.18, 4.82e-08, 2.63e-08, 2.3, 0, 1e-08, 0
476971201, 3.28, 4.14e-08, 2.78e-08, 2.3, 0, 1e-08, 0
478785601, 1.0, 1e-08, 1.36e-08, 2.3, 0, 1e-08, 0
479995201, 6.87, 3.93e-08, 2.39e-08, 2.3, 0, 1e-08, 0
486648001, 5.18, 1.69e-08, 1.45e-08, 2.3, 0, 1e-08, 0
488462401, 4.16, 2.16e-08, 1.58e-08, 2.3, 0, 1e-08, 0
489067201, 6.86, 2.93e-08, 1.79e-08, 2.3, 0, 1e-08, 0
489672001, 2.37, 1.33e-08, 1.24e-08, 2.3, 0, 1e-08, 0
490881601, 1.19, 2.39e-08, 2.91e-08, 2.3, 0, 1e-08, 0
491486401, 1.65, 2.81e-08, 2.63e-08, 2.3, 0, 1e-08, 0
493300801, 7.89, 3.03e-08, 1.74e-08, 2.3, 0, 1e-08, 0
494510401, 6.92, 4.19e-08, 2.54e-08, 2.3, 0, 1e-08, 0
496324801, 1.52, 2.17e-08, 2.35e-08, 2.3, 0, 1e-08, 0
496929601, 4.45, 3.03e-08, 2.66e-08, 2.3, 0, 1e-08, 0
499348801, 1.19, 1.53e-08, 1.71e-08, 2.3, 0, 1e-08, 0
502372801, 5.09, 2.65e-08, 1.99e-08, 2.3, 0, 1e-08, 0
502977601, 1.39, 2.08e-08, 2.21e-08, 2.3, 0, 1e-08, 0
503582401, 1.46, 1.36e-08, 1.36e-08, 2.3, 0, 1e-08, 0
504792001, 25.05, 7.27e-08, 2.26e-08, 2.3, 0, 1e-08, 0
505396801, 20.56, 9.25e-08, 3.05e-08, 2.3, 0, 1e-08, 0
506001601, 3.71, 2.32e-08, 1.97e-08, 2.3, 0, 1e-08, 0
509025601, 1.32, 2.9e-08, 2.96e-08, 2.3, 0, 1e-08, 0
512654401, 1.36, 1.43e-08, 1.55e-08, 2.3, 0, 1e-08, 0
514468801, 5.39, 5.22e-08, 2.8e-08, 2.3, 0, 1e-08, 0
515678401, 4.66, 3.07e-08, 2.01e-08, 2.3, 0, 1e-08, 0
516888001, 4.91, 2.66e-08, 1.99e-08, 2.3, 0, 1e-08, 0
518097601, 4.2, 1.74e-08, 1.61e-08, 2.3, 0, 1e-08, 0
518702401, 1.63, 3.09e-08, 3.1e-08, 2.3, 0, 1e-08, 0
519307201, 4.64, 4.53e-08, 3.18e-08, 2.3, 0, 1e-08, 0
519912001, 33.51, 1.02e-07, 3.08e-08, 2.3, 0, 1e-08, 0
520516801, 6.26, 3.89e-08, 2.18e-08, 2.3, 0, 1e-08, 0
521121601, 1.54, 1.58e-08, 1.66e-08, 2.3, 0, 1e-08, 0
522331201, 3.7, 2.06e-08, 1.97e-08, 2.3, 0, 1e-08, 0
524145601, 4.92, 2.45e-08, 1.84e-08, 2.3, 0, 1e-08, 0
524750401, 12.59, 5.89e-08, 2.56e-08, 2.3, 0, 1e-08, 0
525355201, 4.95, 3.09e-08, 2.01e-08, 2.3, 0, 1e-08, 0
525960001, 5.31, 3.89e-08, 2.27e-08, 2.3, 0, 1e-08, 0
526564801, 8.73, 5.53e-08, 2.72e-08, 2.3, 0, 1e-08, 0
527169601, 8.72, 4.86e-08, 2.31e-08, 2.3, 0, 1e-08, 0
527774401, 2.96, 3.77e-08, 3.03e-08, 2.3, 0, 1e-08, 0
528379201, 1.51, 2.95e-08, 2.8e-08, 2.3, 0, 1e-08, 0
529588801, 23.99, 9.12e-08, 3.01e-08, 2.3, 0, 1e-08, 0
530193601, 79.95, 1.62e-07, 3.45e-08, 2.3, 0, 1e-08, 0
530798401, 27.97, 1.12e-07, 3.5e-08, 2.3, 0, 1e-08, 0
531403201, 3.99, 3.12e-08, 2.33e-08, 2.3, 0, 1e-08, 0
532008001, 9.99, 5.79e-08, 2.95e-08, 2.3, 0, 1e-08, 0
532612801, 2.87, 2.51e-08, 2.1e-08, 2.3, 0, 1e-08, 0
533217601, 12.76, 7.6e-08, 3.49e-08, 2.3, 0, 1e-08, 0
533822401, 1.59, 1.22e-08, 1.47e-08, 2.3, 0, 1e-08, 0
535636801, 8.52, 6.07e-08, 3.07e-08, 2.3, 0, 1e-08, 0
536241601, 4.19, 4.01e-08, 2.78e-08, 2.3, 0, 1e-08, 0
536846401, 15.24, 8.7e-08, 3.52e-08, 2.3, 0, 1e-08, 0
537451201, 7.28, 4.32e-08, 2.69e-08, 2.3, 0, 1e-08, 0
538056001, 16.27, 9.99e-08, 3.62e-08, 2.3, 0, 1e-08, 0
539870401, 4.68, 3.27e-08, 2.03e-08, 2.3, 0, 1e-08, 0
540475201, 4.52, 6e-08, 4.02e-08, 2.3, 0, 1e-08, 0
541080001, 1.94, 3.26e-08, 2.9e-08, 2.3, 0, 1e-08, 0
541684801, 3.27, 2.45e-08, 2.02e-08, 2.3, 0, 1e-08, 0
544708801, 5.0, 3.8e-08, 2.57e-08, 2.3, 0, 1e-08, 0
545313601, 4.6, 7.59e-08, 5.21e-08, 2.3, 0, 1e-08, 0
549547201, 1.26, 2.33e-08, 2.59e-08, 2.3, 0, 1e-08, 0
550152001, 13.68, 5.85e-08, 2.56e-08, 2.3, 0, 1e-08, 0
551966401, 3.25, 1.98e-08, 1.71e-08, 2.3, 0, 1e-08, 0
552571201, 7.14, 3.98e-08, 2.6e-08, 2.3, 0, 1e-08, 0
553780801, 8.67, 9.23e-08, 5.05e-08, 2.3, 0, 1e-08, 0
554385601, 6.57, 5.67e-08, 3.82e-08, 2.3, 0, 1e-08, 0
555595201, 2.04, 1.75e-08, 1.67e-08, 2.3, 0, 1e-08, 0
558014401, 5.39, 2.22e-08, 1.61e-08, 2.3, 0, 1e-08, 0
558619201, 1.69, 1.71e-08, 1.86e-08, 2.3, 0, 1e-08, 0
560433601, 4.11, 1.93e-08, 1.62e-08, 2.3, 0, 1e-08, 0
562248001, 2.32, 2.03e-08, 1.82e-08, 2.3, 0, 1e-08, 0
562852801, 3.82, 2.85e-08, 1.87e-08, 2.3, 0, 1e-08, 0
563457601, 3.48, 3e-08, 1.97e-08, 2.3, 0, 1e-08, 0
565272001, 4.76, 3.45e-08, 2.43e-08, 2.3, 0, 1e-08, 0
567691201, 11.26, 4.96e-08, 2.41e-08, 2.3, 0, 1e-08, 0
568900801, 3.65, 2.11e-08, 2.01e-08, 2.3, 0, 1e-08, 0
569505601, 8.43, 4.76e-08, 2.64e-08, 2.3, 0, 1e-08, 0
570715201, 6.9, 1.02e-07, 5.72e-08, 2.3, 0, 1e-08, 0
576763201, 1.05, 8.07e-09, 1.03e-08, 2.3, 0, 1e-08, 0
578577601, 1.41, 3.01e-08, 3.39e-08, 2.3, 0, 1e-08, 0
579182401, 6.58, 1.91e-08, 1.56e-08, 2.3, 0, 1e-08, 0
580392001, 1.2, 1.5e-08, 1.63e-08, 2.3, 0, 1e-08, 0
584020801, 1.33, 1.72e-08, 1.92e-08, 2.3, 0, 1e-08, 0
584625601, 1.23, 2.7e-08, 3.4e-08, 2.3, 0, 1e-08, 0
585230401, 2.85, 6.46e-08, 5.43e-08, 2.3, 0, 1e-08, 0
586440001, 2.72, 3.84e-08, 2.9e-08, 2.3, 0, 1e-08, 0
587044801, 1.99, 2.13e-08, 2.03e-08, 2.3, 0, 1e-08, 0
590673601, 4.58, 4.37e-08, 2.79e-08, 2.3, 0, 1e-08, 0
591883201, 4.57, 2.3e-08, 2.03e-08, 2.3, 0, 1e-08, 0
600350401, 1.86, 1.78e-08, 1.8e-08, 2.3, 0, 1e-08, 0
602164801, 1.67, 2.45e-08, 2.63e-08, 2.3, 0, 1e-08, 0
607608001, 4.67, 2.82e-08, 1.7e-08, 2.3, 0, 1e-08, 0
609422401, 1.39, 2e-08, 2.1e-08, 2.3, 0, 1e-08, 0
614260801, 7.05, 2.84e-08, 1.92e-08, 2.3, 0, 1e-08, 0
614865601, 1.21, 2.77e-08, 3.27e-08, 2.3, 0, 1e-08, 0
615470401, 4.13, 3.87e-08, 2.45e-08, 2.3, 0, 1e-08, 0
616075201, 6.26, 5.07e-08, 2.83e-08, 2.3, 0, 1e-08, 0
617889601, 6.06, 3.82e-08, 3.25e-08, 2.3, 0, 1e-08, 0
618494401, 5.81, 6.66e-08, 3.55e-08, 2.3, 0, 1e-08, 0
622123201, 9.1, 6.23e-08, 2.83e-08, 2.3, 0, 1e-08, 0
623937601, 3.4, 2.46e-08, 2.19e-08, 2.3, 0, 1e-08, 0
624542401, 3.92, 5.2e-08, 3.68e-08, 2.3, 0, 1e-08, 0
625147201, 3.07, 3.72e-08, 3.05e-08, 2.3, 0, 1e-08, 0
625752001, 4.03, 3.55e-08, 2.36e-08, 2.3, 0, 1e-08, 0
626961601, 1.72, 1.32e-08, 1.57e-08, 2.3, 0, 1e-08, 0
627566401, 1.19, 1.35e-08, 1.57e-08, 2.3, 0, 1e-08, 0
628171201, 3.59, 2.77e-08, 2.12e-08, 2.3, 0, 1e-08, 0
629380801, 1.31, 2.72e-08, 2.73e-08, 2.3, 0, 1e-08, 0
630590401, 8.05, 3.39e-08, 2.26e-08, 2.3, 0, 1e-08, 0
631800001, 1.04, 8.86e-09, 1.22e-08, 2.3, 0, 1e-08, 0
632404801, 15.7, 7.81e-08, 3.09e-08, 2.3, 0, 1e-08, 0
636033601, 9.46, 3.94e-08, 2.24e-08, 2.3, 0, 1e-08, 0
636638401, 4.56, 3.25e-08, 2.22e-08, 2.3, 0, 1e-08, 0
638452801, 2.58, 2.7e-08, 2.39e-08, 2.3, 0, 1e-08, 0
639662401, 2.03, 2.16e-08, 1.86e-08, 2.3, 0, 1e-08, 0
640267201, 8.62, 3.53e-08, 1.93e-08, 2.3, 0, 1e-08, 0
640872001, 7.04, 2.24e-08, 1.69e-08, 2.3, 0, 1e-08, 0
642081601, 3.41, 3.73e-08, 2.6e-08, 2.3, 0, 1e-08, 0
644500801, 6.03, 2.27e-08, 1.76e-08, 2.3, 0, 1e-08, 0
645105601, 7.32, 3.17e-08, 2.15e-08, 2.3, 0, 1e-08, 0
645710401, 14.14, 7.04e-08, 3.15e-08, 2.3, 0, 1e-08, 0
648129601, 6.61, 3.76e-08, 2.34e-08, 2.3, 0, 1e-08, 0
651153601, 1.22, 2.37e-08, 2.77e-08, 2.3, 0, 1e-08, 0
653572801, 3.98, 5.02e-08, 3.14e-08, 2.3, 0, 1e-08, 0
655992001, 3.9, 1.85e-08, 1.83e-08, 2.3, 0, 1e-08, 0
657201601, 1.14, 1.9e-08, 2.38e-08, 2.3, 0, 1e-08, 0
657806401, 27.53, 9.84e-08, 2.98e-08, 2.3, 0, 1e-08, 0
658411201, 12.09, 5.21e-08, 2.11e-08, 2.3, 0, 1e-08, 0
659016001, 28.1, 6.4e-08, 2.17e-08, 2.3, 0, 1e-08, 0
659620801, 8.93, 3.65e-08, 1.83e-08, 2.3, 0, 1e-08, 0
660225601, 5.84, 5.5e-08, 2.95e-08, 2.3, 0, 1e-08, 0
660830401, 24.63, 8.05e-08, 3.14e-08, 2.3, 0, 1e-08, 0
662040001, 14.61, 6.28e-08, 3e-08, 2.3, 0, 1e-08, 0
662644801, 5.23, 5.26e-08, 2.92e-08, 2.3, 0, 1e-08, 0
663249601, 11.63, 5.58e-08, 2.89e-08, 2.3, 0, 1e-08, 0
663854401, 11.02, 6.09e-08, 3.14e-08, 2.3, 0, 1e-08, 0
664459201, 5.99, 3.72e-08, 2.43e-08, 2.3, 0, 1e-08, 0
665064001, 15.88, 6.41e-08, 2.84e-08, 2.3, 0, 1e-08, 0
665668801, 10.13, 7.79e-08, 3.4e-08, 2.3, 0, 1e-08, 0
666273601, 3.96, 5.16e-08, 3.32e-08, 2.3, 0, 1e-08, 0
667483201, 11.7, 1.05e-07, 4.3e-08, 2.3, 0, 1e-08, 0
668088001, 15.83, 8.72e-08, 3.59e-08, 2.3, 0, 1e-08, 0
668692801, 2.13, 2.66e-08, 2.44e-08, 2.3, 0, 1e-08, 0
669297601, 1.89, 2.47e-08, 2.49e-08, 2.3, 0, 1e-08, 0
669902401, 2.22, 2.1e-08, 2.04e-08, 2.3, 0, 1e-08, 0
671112001, 7.29, 4.48e-08, 2.38e-08, 2.3, 0, 1e-08, 0
671716801, 2.03, 2.27e-08, 2.02e-08, 2.3, 0, 1e-08, 0
672321601, 6.58, 3.75e-08, 2.19e-08, 2.3, 0, 1e-08, 0
672926401, 3.72, 3.09e-08, 2.02e-08, 2.3, 0, 1e-08, 0
673531201, 24.55, 6.42e-08, 2.27e-08, 2.3, 0, 1e-08, 0
674136001, 1.07, 1.78e-08, 2.17e-08, 2.3, 0, 1e-08, 0
674740801, 6.45, 4.52e-08, 2.46e-08, 2.3, 0, 1e-08, 0
675345601, 3.83, 4e-08, 2.64e-08, 2.3, 0, 1e-08, 0
675950401, 1.47, 1.73e-08, 1.68e-08, 2.3, 0, 1e-08, 0
676555201, 1.61, 2.02e-08, 2.09e-08, 2.3, 0, 1e-08, 0
678369601, 6.98, 2.07e-08, 1.85e-08, 2.3, 0, 1e-08, 0
681393601, 1.17, 6.9e-08, 7.71e-08, 2.3, 0, 1e-08, 0
682603201, 7.15, 6.84e-08, 3.26e-08, 2.3, 0, 1e-08, 0
683208001, 4.92, 4.59e-08, 3.01e-08, 2.3, 0, 1e-08, 0
686836801, 19.73, 6.84e-08, 2.78e-08, 2.3, 0, 1e-08, 0
687441601, 1.96, 3.91e-08, 3.34e-08, 2.3, 0, 1e-08, 0
688046401, 25.03, 5.68e-08, 2.41e-08, 2.3, 0, 1e-08, 0
689256001, 18.21, 4.93e-08, 2.18e-08, 2.3, 0, 1e-08, 0
689860801, 9.66, 4.63e-08, 2.16e-08, 2.3, 0, 1e-08, 0
691675201, 26.55, 5.38e-08, 2.02e-08, 2.3, 0, 1e-08, 0
692884801, 2.4, 3.95e-08, 3.2e-08, 2.3, 0, 1e-08, 0
693489601, 8.02, 3.41e-08, 2.24e-08, 2.3, 0, 1e-08, 0
695304001, 1.79, 2.97e-08, 3.12e-08, 2.3, 0, 1e-08, 0
695908801, 5.32, 5.45e-08, 3.62e-08, 2.3, 0, 1e-08, 0
698328001, 2.39, 5.1e-08, 4.91e-08, 2.3, 0, 1e-08, 0
699537601, 8.9, 6.96e-08, 3.34e-08, 2.3, 0, 1e-08, 0
701352001, 27.26, 1.19e-07, 3.5e-08, 2.3, 0, 1e-08, 0
701956801, 9.71, 4.49e-08, 2.44e-08, 2.3, 0, 1e-08, 0
702561601, 1.74, 2.15e-08, 2.05e-08, 2.3, 0, 1e-08, 0
703166401, 1.29, 2.54e-08, 2.7e-08, 2.3, 0, 1e-08, 0
704376001, 1.99, 1.03e-08, 1.04e-08, 2.3, 0, 1e-08, 0
704980801, 3.87, 2.14e-08, 1.54e-08, 2.3, 0, 1e-08, 0
705585601, 2.72, 1.99e-08, 1.74e-08, 2.3, 0, 1e-08, 0
706190401, 9.23, 4.21e-08, 2.17e-08, 2.3, 0, 1e-08, 0
706795201, 21.81, 6.5e-08, 2.67e-08, 2.3, 0, 1e-08, 0
708004801, 2.84, 3.18e-08, 2.61e-08, 2.3, 0, 1e-08, 0
708609601, 1.79, 2.41e-08, 2.2e-08, 2.3, 0, 1e-08, 0
709214401, 1.42, 2.29e-08, 2.68e-08, 2.3, 0, 1e-08, 0
711633601, 1.44, 3.12e-08, 3.06e-08, 2.3, 0, 1e-08, 0
716472001, 1.62, 1.72e-08, 2.05e-08, 2.3, 0, 1e-08, 0
717076801, 1.4, 2.06e-08, 2.42e-08, 2.3, 0, 1e-08, 0
718286401, 2.95, 2.84e-08, 2.19e-08, 2.3, 0, 1e-08, 0
719496001, 9.05, 6.57e-08, 3.03e-08, 2.3, 0, 1e-08, 0
722520001, 1.33, 1.31e-08, 1.37e-08, 2.3, 0, 1e-08, 0
723124801, 4.99, 2.21e-08, 1.69e-08, 2.3, 0, 1e-08, 0
723729601, 1.58, 1.44e-08, 1.5e-08, 2.3, 0, 1e-08, 0
724334401, 3.7, 2.01e-08, 1.86e-08, 2.3, 0, 1e-08, 0
724939201, 12.09, 6.04e-08, 2.94e-08, 2.3, 0, 1e-08, 0
726148801, 19.98, 7.19e-08, 3.2e-08, 2.3, 0, 1e-08, 0
726753601, 43.81, 1.72e-07, 4.2e-08, 2.3, 0, 1e-08, 0
727963201, 2.18, 2.36e-08, 2.25e-08, 2.3, 0, 1e-08, 0
729777601, 4.28, 3.75e-08, 2.64e-08, 2.3, 0, 1e-08, 0
730382401, 1.47, 5.32e-08, 6.36e-08, 2.3, 0, 1e-08, 0
732196801, 7.67, 5.78e-08, 3.18e-08, 2.3, 0, 1e-08, 0
734011201, 2.16, 1.07e-08, 1.22e-08, 2.3, 0, 1e-08, 0
737640001, 3.13, 2.36e-08, 1.82e-08, 2.3, 0, 1e-08, 0
738849601, 1.68, 2.15e-08, 2.14e-08, 2.3, 0, 1e-08, 0
739454401, 1.38, 9.89e-09, 1.27e-08, 2.3, 0, 1e-08, 0
740059201, 9.14, 2.75e-08, 1.81e-08, 2.3, 0, 1e-08, 0
741268801, 2.92, 2.45e-08, 2.42e-08, 2.3, 0, 1e-08, 0
741873601, 1.35, 2.09e-08, 2.58e-08, 2.3, 0, 1e-08, 0
