timestamp, ts, flux, flux_error, photon_index, photon_index_interval, fit_tolerance, fit_convergence
240494401, 2.56, 8.98e-08, 6.21e-08, 2.69, 0, 1e-08, 0
242913601, 1.02, 5.72e-08, 6.09e-08, 2.69, 0, 1e-08, 0
244123201, 1.53, 7.19e-08, 6.33e-08, 2.69, 0, 1e-08, 0
245332801, 6.2, 1.34e-07, 6.19e-08, 2.69, 0, 1e-08, 0
249566401, 3.52, 9.6e-08, 5.79e-08, 2.69, 0, 1e-08, 0
250776001, 2.99, 7.64e-08, 5.16e-08, 2.69, 0, 1e-08, 0
251985601, 2.62, 7.84e-08, 5.47e-08, 2.69, 0, 1e-08, 0
252590401, 2.81, 9.07e-08, 5.93e-08, 2.69, 0, 1e-08, 0
255009601, 1.53, 5.44e-08, 4.79e-08, 2.69, 0, 1e-08, 0
256219201, 1.26, 5.49e-08, 5.33e-08, 2.69, 0, 1e-08, 0
256824001, 4.12, 1.11e-07, 6.12e-08, 2.69, 0, 1e-08, 0
260452801, 8.0, 1.34e-07, 5.49e-08, 2.69, 0, 1e-08, 0
261057601, 2.07, 5.42e-08, 4.43e-08, 2.69, 0, 1e-08, 0
261662401, 1.68, 5.32e-08, 4.86e-08, 2.69, 0, 1e-08, 0
264686401, 4.31, 1.04e-07, 5.78e-08, 2.69, 0, 1e-08, 0
265896001, 2.6, 8.74e-08, 5.94e-08, 2.69, 0, 1e-08, 0
266500801, 2.12, 7.08e-08, 5.51e-08, 2.69, 0, 1e-08, 0
267105601, 3.36, 1.2e-07, 7.2e-08, 2.69, 0, 1e-08, 0
268315201, 1.37, 4.97e-08, 4.73e-08, 2.69, 0, 1e-08, 0
268920001, 1.19, 3.17e-08, 3.67e-08, 2.69, 0, 1e-08, 0
269524801, 2.78, 7.69e-08, 5.12e-08, 2.69, 0, 1e-08, 0
270734401, 2.36, 8.35e-08, 6.06e-08, 2.69, 0, 1e-08, 0
274968001, 4.13, 7.39e-08, 4.48e-08, 2.69, 0, 1e-08, 0
277387201, 1.25, 4.76e-08, 4.67e-08, 2.69, 0, 1e-08, 0
277992001, 3.15, 6.84e-08, 4.38e-08, 2.69, 0, 1e-08, 0
279201601, 2.2, 6.59e-08, 4.82e-08, 2.69, 0, 1e-08, 0
280411201, 9.6, 1.67e-07, 6.5e-08, 2.69, 0, 1e-08, 0
281016001, 1.85, 7.7e-08, 6.48e-08, 2.69, 0, 1e-08, 0
282830401, 1.58, 3.64e-08, 3.57e-08, 2.69, 0, 1e-08, 0
284644801, 1.75, 7.2e-08, 6.01e-08, 2.69, 0, 1e-08, 0
285854401, 1.38, 6.66e-08, 6.43e-08, 2.69, 0, 1e-08, 0
286459201, 3.2, 7.09e-08, 5.49e-08, 2.69, 0, 1e-08, 0
288878401, 2.18, 6.71e-08, 5.01e-08, 2.69, 0, 1e-08, 0
289483201, 1.76, 7.24e-08, 6.06e-08, 2.69, 0, 1e-08, 0
290692801, 2.39, 9.23e-08, 6.69e-08, 2.69, 0, 1e-08, 0
291902401, 9.8, 1.53e-07, 5.59e-08, 2.69, 0, 1e-08, 0
293112001, 1.01, 4.32e-08, 4.66e-08, 2.69, 0, 1e-08, 0
294321601, 1.59, 7.42e-08, 6.47e-08, 2.69, 0, 1e-08, 0
294926401, 1.71, 8.41e-08, 7.09e-08, 2.69, 0, 1e-08, 0
298555201, 6.0, 1.22e-07, 5.89e-08, 2.69, 0, 1e-08, 0
299160001, 1.53, 7.97e-08, 7.11e-08, 2.69, 0, 1e-08, 0
302788801, 3.62, 1.01e-07, 5.88e-08, 2.69, 0, 1e-08, 0
303998401, 1.95, 6.47e-08, 5.52e-08, 2.69, 0, 1e-08, 0
306417601, 1.21, 3.68e-08, 3.85e-08, 2.69, 0, 1e-08, 0
310046401, 2.96, 7.66e-08, 4.93e-08, 2.69, 0, 1e-08, 0
312465601, 1.11, 6.14e-08, 6.28e-08, 2.69, 0, 1e-08, 0
315489601, 1.07, 3.01e-08, 3.17e-08, 2.69, 0, 1e-08, 0
317304001, 1.11, 6.24e-08, 6.56e-08, 2.69, 0, 1e-08, 0
325771201, 7.48, 1.42e-07, 5.81e-08, 2.69, 0, 1e-08, 0
326980801, 2.13, 9.48e-08, 7.32e-08, 2.69, 0, 1e-08, 0
328190401, 3.62, 1.05e-07, 6.11e-08, 2.69, 0, 1e-08, 0
329400001, 1.23, 4.12e-08, 4.1e-08, 2.69, 0, 1e-08, 0
331819201, 1.0, 5.22e-08, 6.07e-08, 2.69, 0, 1e-08, 0
332424001, 3.15, 1.09e-07, 6.91e-08, 2.69, 0, 1e-08, 0
333633601, 1.02, 4.03e-08, 4.3e-08, 2.69, 0, 1e-08, 0
334238401, 1.64, 3.09e-08, 2.91e-08, 2.69, 0, 1e-08, 0
337867201, 3.64, 9.42e-08, 5.55e-08, 2.69, 0, 1e-08, 0
343915201, 3.42, 7.55e-08, 4.67e-08, 2.69, 0, 1e-08, 0
347544001, 1.93, 5.64e-08, 4.55e-08, 2.69, 0, 1e-08, 0
348148801, 2.89, 6.69e-08, 4.4e-08, 2.69, 0, 1e-08, 0
350568001, 3.19, 1.03e-07, 6.68e-08, 2.69, 0, 1e-08, 0
351777601, 3.22, 5.34e-08, 4.1e-08, 2.69, 0, 1e-08, 0
352382401, 2.46, 7.08e-08, 4.93e-08, 2.69, 0, 1e-08, 0
352987201, 3.39, 9.94e-08, 5.96e-08, 2.69, 0, 1e-08, 0
355406401, 10.47, 1.61e-07, 6.81e-08, 2.69, 0, 1e-08, 0
356616001, 1.19, 5.15e-08, 5.15e-08, 2.69, 0, 1e-08, 0
357220801, 1.69, 5.34e-08, 4.49e-08, 2.69, 0, 1e-08, 0
358430401, 2.06, 7.41e-08, 5.7e-08, 2.69, 0, 1e-08, 0
360244801, 1.0, 4.5e-08, 5.02e-08, 2.69, 0, 1e-08, 0
360849601, 3.25, 8.81e-08, 5.38e-08, 2.69, 0, 1e-08, 0
362664001, 2.72, 7.19e-08, 4.81e-08, 2.69, 0, 1e-08, 0
366292801, 1.07, 4.8e-08, 4.96e-08, 2.69, 0, 1e-08, 0
367502401, 1.68, 6.58e-08, 5.54e-08, 2.69, 0, 1e-08, 0
368712001, 2.01, 8.58e-08, 6.83e-08, 2.69, 0, 1e-08, 0
371131201, 1.13, 4.24e-08, 4.34e-08, 2.69, 0, 1e-08, 0
372340801, 1.57, 7.71e-08, 6.68e-08, 2.69, 0, 1e-08, 0
372945601, 1.03, 5.49e-08, 6.11e-08, 2.69, 0, 1e-08, 0
373550401, 3.33, 1.01e-07, 6.79e-08, 2.69, 0, 1e-08, 0
377784001, 2.09, 8.8e-08, 6.9e-08, 2.69, 0, 1e-08, 0
378388801, 1.1, 3.18e-08, 3.91e-08, 2.69, 0, 1e-08, 0
378993601, 3.95, 9.75e-08, 5.56e-08, 2.69, 0, 1e-08, 0
379598401, 1.39, 5.38e-08, 4.93e-08, 2.69, 0, 1e-08, 0
380808001, 4.4, 8.58e-08, 4.75e-08, 2.69, 0, 1e-08, 0
381412801, 1.57, 6.34e-08, 5.58e-08, 2.69, 0, 1e-08, 0
382017601, 4.47, 1.21e-07, 6.62e-08, 2.69, 0, 1e-08, 0
385646401, 2.26, 7.04e-08, 5.16e-08, 2.69, 0, 1e-08, 0
392904001, 1.04, 4.55e-08, 4.93e-08, 2.69, 0, 1e-08, 0
395323201, 2.71, 7.83e-08, 5.59e-08, 2.69, 0, 1e-08, 0
396532801, 9.03, 2.01e-07, 7.9e-08, 2.69, 0, 1e-08, 0
399556801, 1.17, 5.05e-08, 5.34e-08, 2.69, 0, 1e-08, 0
400766401, 6.81, 1.19e-07, 6.7e-08, 2.69, 0, 1e-08, 0
401371201, 1.12, 5.78e-08, 5.94e-08, 2.69, 0, 1e-08, 0
401976001, 1.1, 5.14e-08, 5.28e-08, 2.69, 0, 1e-08, 0
403790401, 1.35, 6.91e-08, 6.49e-08, 2.69, 0, 1e-08, 0
405604801, 2.48, 1.1e-07, 7.82e-08, 2.69, 0, 1e-08, 0
406209601, 1.51, 6.83e-08, 6.17e-08, 2.69, 0, 1e-08, 0
407419201, 4.51, 9.04e-08, 4.86e-08, 2.69, 0, 1e-08, 0
409233601, 1.23, 3.97e-08, 3.87e-08, 2.69, 0, 1e-08, 0
410443201, 6.14, 1.06e-07, 4.8e-08, 2.69, 0, 1e-08, 0
411652801, 3.62, 1.27e-07, 7.62e-08, 2.69, 0, 1e-08, 0
414072001, 1.07, 3.67e-08, 3.82e-08, 2.69, 0, 1e-08, 0
415281601, 1.73, 5.33e-08, 4.46e-08, 2.69, 0, 1e-08, 0
417700801, 1.81, 7.16e-08, 5.82e-08, 2.69, 0, 1e-08, 0
419515201, 7.58, 1.07e-07, 4.51e-08, 2.69, 0, 1e-08, 0
424353601, 7.4, 9.42e-08, 3.89e-08, 2.69, 0, 1e-08, 0
426168001, 1.03, 3.13e-08, 3.47e-08, 2.69, 0, 1e-08, 0
426772801, 3.15, 8.19e-08, 5.13e-08, 2.69, 0, 1e-08, 0
427377601, 2.71, 6.24e-08, 4.16e-08, 2.69, 0, 1e-08, 0
429192001, 4.22, 9.81e-08, 5.38e-08, 2.69, 0, 1e-08, 0
429796801, 6.53, 1.63e-07, 7.32e-08, 2.69, 0, 1e-08, 0
431611201, 1.94, 6.33e-08, 4.96e-08, 2.69, 0, 1e-08, 0
432820801, 1.45, 2.89e-08, 2.97e-08, 2.69, 0, 1e-08, 0
434635201, 1.73, 8.85e-08, 7.37e-08, 2.69, 0, 1e-08, 0
435844801, 7.31, 1.37e-07, 5.92e-08, 2.69, 0, 1e-08, 0
436449601, 2.09, 5.22e-08, 4.03e-08, 2.69, 0, 1e-08, 0
437054401, 15.17, 1.15e-07, 3.92e-08, 2.69, 0, 1e-08, 0
438264001, 3.9, 6.18e-08, 3.83e-08, 2.69, 0, 1e-08, 0
438868801, 1.44, 6.7e-08, 6.08e-08, 2.69, 0, 1e-08, 0
440683201, 1.2, 5.75e-08, 5.64e-08, 2.69, 0, 1e-08, 0
441288001, 11.05, 1.91e-07, 6.7e-08, 2.69, 0, 1e-08, 0
441892801, 1.44, 6.79e-08, 6.23e-08, 2.69, 0, 1e-08, 0
443707201, 2.19, 5.76e-08, 4.52e-08, 2.69, 0, 1e-08, 0
444312001, 3.24, 8.11e-08, 4.99e-08, 2.69, 0, 1e-08, 0
445521601, 1.67, 6.81e-08, 5.7e-08, 2.69, 0, 1e-08, 0
446731201, 1.61, 8.08e-08, 7.01e-08, 2.69, 0, 1e-08, 0
447336001, 6.4, 1.35e-07, 6.28e-08, 2.69, 0, 1e-08, 0
447940801, 1.46, 4.63e-08, 4.3e-08, 2.69, 0, 1e-08, 0
448545601, 9.72, 1.16e-07, 4.42e-08, 2.69, 0, 1e-08, 0
449150401, 2.47, 6.28e-08, 4.33e-08, 2.69, 0, 1e-08, 0
449755201, 9.28, 1.25e-07, 4.78e-08, 2.69, 0, 1e-08, 0
452779201, 1.11, 4.48e-08, 4.59e-08, 2.69, 0, 1e-08, 0
453384001, 3.47, 7.8e-08, 4.61e-08, 2.69, 0, 1e-08, 0
454593601, 4.99, 9.27e-08, 5.01e-08, 2.69, 0, 1e-08, 0
457012801, 2.71, 8.26e-08, 5.53e-08, 2.69, 0, 1e-08, 0
457617601, 2.6, 7.04e-08, 4.78e-08, 2.69, 0, 1e-08, 0
458222401, 1.33, 4.22e-08, 3.98e-08, 2.69, 0, 1e-08, 0
458827201, 3.2, 7.51e-08, 4.7e-08, 2.69, 0, 1e-08, 0
459432001, 10.66, 1.88e-07, 6.6e-08, 2.69, 0, 1e-08, 0
460036801, 3.02, 1.1e-07, 7.1e-08, 2.69, 0, 1e-08, 0
460641601, 1.7, 9.5e-08, 7.9e-08, 2.69, 0, 1e-08, 0
462456001, 1.19, 3.49e-08, 3.61e-08, 2.69, 0, 1e-08, 0
463060801, 1.29, 3.77e-08, 3.76e-08, 2.69, 0, 1e-08, 0
464270401, 7.38, 1.49e-07, 6.5e-08, 2.69, 0, 1e-08, 0
465480001, 2.13, 8.65e-08, 6.65e-08, 2.69, 0, 1e-08, 0
466689601, 1.73, 5.11e-08, 4.32e-08, 2.69, 0, 1e-08, 0
467899201, 2.87, 7.05e-08, 4.63e-08, 2.69, 0, 1e-08, 0
468504001, 1.08, 4.47e-08, 4.89e-08, 2.69, 0, 1e-08, 0
469108801, 1.53, 7.65e-08, 6.85e-08, 2.69, 0, 1e-08, 0
469713601, 10.25, 2.12e-07, 8e-08, 2.69, 0, 1e-08, 0
472737601, 2.4, 7.11e-08, 5.2e-08, 2.69, 0, 1e-08, 0
474552001, 1.59, 7.85e-08, 6.76e-08, 2.69, 0, 1e-08, 0
476366401, 1.88, 4.57e-08, 3.84e-08, 2.69, 0, 1e-08, 0
477576001, 4.63, 1.09e-07, 5.8e-08, 2.69, 0, 1e-08, 0
478180801, 2.82, 8.65e-08, 6.04e-08, 2.69, 0, 1e-08, 0
478785601, 4.35, 1.21e-07, 6.61e-08, 2.69, 0, 1e-08, 0
479995201, 8.23, 1.35e-07, 5.57e-08, 2.69, 0, 1e-08, 0
481809601, 5.07, 9.19e-08, 4.83e-08, 2.69, 0, 1e-08, 0
483019201, 1.63, 8.22e-08, 7.1e-08, 2.69, 0, 1e-08, 0
483624001, 5.38, 1.66e-07, 8.22e-08, 2.69, 0, 1e-08, 0
486043201, 5.61, 8.9e-08, 4.61e-08, 2.69, 0, 1e-08, 0
487252801, 5.82, 1.57e-07, 7.39e-08, 2.69, 0, 1e-08, 0
489067201, 4.48, 8.53e-08, 4.68e-08, 2.69, 0, 1e-08, 0
490881601, 2.14, 4.26e-08, 3.31e-08, 2.69, 0, 1e-08, 0
492696001, 2.96, 7.57e-08, 5.95e-08, 2.69, 0, 1e-08, 0
496929601, 1.84, 4.68e-08, 3.73e-08, 2.69, 0, 1e-08, 0
499348801, 4.12, 1.01e-07, 6.08e-08, 2.69, 0, 1e-08, 0
499953601, 1.49, 7.37e-08, 6.53e-08, 2.69, 0, 1e-08, 0
502372801, 2.61, 8.93e-08, 6.25e-08, 2.69, 0, 1e-08, 0
502977601, 5.81, 8.96e-08, 4.93e-08, 2.69, 0, 1e-08, 0
504792001, 4.59, 1.23e-07, 6.58e-08, 2.69, 0, 1e-08, 0
510235201, 1.75, 8.32e-08, 7.01e-08, 2.69, 0, 1e-08, 0
512049601, 7.56, 1.37e-07, 5.7e-08, 2.69, 0, 1e-08, 0
514468801, 1.48, 5.68e-08, 5.5e-08, 2.69, 0, 1e-08, 0
515073601, 4.76, 1.41e-07, 7.49e-08, 2.69, 0, 1e-08, 0
515678401, 4.18, 1.22e-07, 7.21e-08, 2.69, 0, 1e-08, 0
516283201, 2.9, 6e-08, 4.3e-08, 2.69, 0, 1e-08, 0
517492801, 5.63, 9.71e-08, 4.58e-08, 2.69, 0, 1e-08, 0
521121601, 4.23, 1.01e-07, 5.5e-08, 2.69, 0, 1e-08, 0
522936001, 1.64, 5.11e-08, 4.42e-08, 2.69, 0, 1e-08, 0
523540801, 5.09, 1.34e-07, 6.6e-08, 2.69, 0, 1e-08, 0
525355201, 1.88, 7.23e-08, 5.77e-08, 2.69, 0, 1e-08, 0
526564801, 4.73, 8.72e-08, 4.59e-08, 2.69, 0, 1e-08, 0
527774401, 4.72, 1.05e-07, 5.59e-08, 2.69, 0, 1e-08, 0
530193601, 2.99, 7.87e-08, 5.12e-08, 2.69, 0, 1e-08, 0
536241601, 4.41, 9.35e-08, 5.03e-08, 2.69, 0, 1e-08, 0
538056001, 1.55, 6.1e-08, 5.3e-08, 2.69, 0, 1e-08, 0
539870401, 1.06, 4.46e-08, 4.67e-08, 2.69, 0, 1e-08, 0
540475201, 5.07, 9.4e-08, 4.88e-08, 2.69, 0, 1e-08, 0
541080001, 2.44, 6.82e-08, 4.8e-08, 2.69, 0, 1e-08, 0
541684801, 2.71, 6.98e-08, 4.83e-08, 2.69, 0, 1e-08, 0
544708801, 2.42, 4.72e-08, 3.31e-08, 2.69, 0, 1e-08, 0
545313601, 1.59, 3.35e-08, 2.9e-08, 2.69, 0, 1e-08, 0
546523201, 2.47, 6.71e-08, 4.61e-08, 2.69, 0, 1e-08, 0
551966401, 1.65, 5.45e-08, 4.63e-08, 2.69, 0, 1e-08, 0
552571201, 1.36, 7.03e-08, 6.56e-08, 2.69, 0, 1e-08, 0
553176001, 7.8, 1.99e-07, 8.2e-08, 2.69, 0, 1e-08, 0
553780801, 1.09, 6.11e-08, 6.31e-08, 2.69, 0, 1e-08, 0
554385601, 6.11, 8.32e-08, 3.76e-08, 2.69, 0, 1e-08, 0
560433601, 3.35, 1.33e-07, 8.6e-08, 2.69, 0, 1e-08, 0
562852801, 130.5, 3.78e-05, 0, 2.69, 0, 1e-08, 0
563457601, 1.13, 9.89e-08, 1.24e-07, 2.69, 0, 1e-08, 0
565876801, 4.54, 1.31e-07, 7.51e-08, 2.69, 0, 1e-08, 0
570715201, 1.33, 5.38e-08, 5.13e-08, 2.69, 0, 1e-08, 0
571320001, 3.58, 8.15e-08, 4.83e-08, 2.69, 0, 1e-08, 0
572529601, 2.65, 7.29e-08, 4.92e-08, 2.69, 0, 1e-08, 0
573134401, 2.59, 6.14e-08, 4.27e-08, 2.69, 0, 1e-08, 0
573739201, 9.02, 1.51e-07, 5.92e-08, 2.69, 0, 1e-08, 0
574948801, 2.52, 1.06e-07, 7.49e-08, 2.69, 0, 1e-08, 0
576158401, 1.85, 7.44e-08, 5.95e-08, 2.69, 0, 1e-08, 0
578577601, 3.56, 1e-07, 6.19e-08, 2.69, 0, 1e-08, 0
579182401, 1.3, 7.71e-08, 7.39e-08, 2.69, 0, 1e-08, 0
579787201, 5.61, 1.4e-07, 6.82e-08, 2.69, 0, 1e-08, 0
580392001, 2.73, 1.12e-07, 7.6e-08, 2.69, 0, 1e-08, 0
580996801, 2.7, 9.92e-07, 7.1e-07, 2.69, 0, 1e-08, 0
581601601, 4.76, 8.77e-06, 5.54e-06, 2.69, 0, 1e-08, 0
582206401, 1.21, 7.88e-08, 7.81e-08, 2.69, 0, 1e-08, 0
583416001, 1.3, 7.53e-08, 7.17e-08, 2.69, 0, 1e-08, 0
584020801, 2.23, 1.05e-07, 7.72e-08, 2.69, 0, 1e-08, 0
585230401, 4.31, 1.21e-07, 6.7e-08, 2.69, 0, 1e-08, 0
585835201, 1.38, 6.32e-08, 5.8e-08, 2.69, 0, 1e-08, 0
586440001, 4.55, 9.31e-08, 5.11e-08, 2.69, 0, 1e-08, 0
593697601, 5.23, 1.42e-07, 6.92e-08, 2.69, 0, 1e-08, 0
594907201, 29.96, 1.34e-05, 3.59e-06, 2.69, 0, 1e-08, 0
597326401, 1.91, 9.52e-08, 7.49e-08, 2.69, 0, 1e-08, 0
598536001, 1.73, 1.04e-07, 8.68e-08, 2.69, 0, 1e-08, 0
599140801, 9.27, 2.22e-07, 8.4e-08, 2.69, 0, 1e-08, 0
602769601, 4.27, 8.74e-08, 5.05e-08, 2.69, 0, 1e-08, 0
603374401, 2.45, 3.98e-08, 3.44e-08, 2.69, 0, 1e-08, 0
603979201, 1.76, 5.5e-08, 4.47e-08, 2.69, 0, 1e-08, 0
605188801, 5.72, 1.19e-07, 5.5e-08, 2.69, 0, 1e-08, 0
605793601, 5.19, 1.06e-07, 5.68e-08, 2.69, 0, 1e-08, 0
607608001, 1.32, 5.67e-08, 5.41e-08, 2.69, 0, 1e-08, 0
608212801, 2.72, 7.26e-08, 4.93e-08, 2.69, 0, 1e-08, 0
610027201, 2.23, 8.27e-08, 6.42e-08, 2.69, 0, 1e-08, 0
610632001, 9.33, 1.96e-07, 7.5e-08, 2.69, 0, 1e-08, 0
615470401, 3.06, 1.11e-07, 7.02e-08, 2.69, 0, 1e-08, 0
616680001, 4.37, 1.33e-07, 7.48e-08, 2.69, 0, 1e-08, 0
620308801, 1.38, 7.17e-08, 6.72e-08, 2.69, 0, 1e-08, 0
621518401, 1.29, 4.76e-08, 4.58e-08, 2.69, 0, 1e-08, 0
622123201, 1.1, 4.38e-08, 4.53e-08, 2.69, 0, 1e-08, 0
626961601, 24.1, 6.47e-06, 1.87e-06, 2.69, 0, 1e-08, 0
628171201, 2.25, 1.02e-07, 7.6e-08, 2.69, 0, 1e-08, 0
630590401, 1.53, 9.31e-08, 8.4e-08, 2.69, 0, 1e-08, 0
631195201, 3.89, 9.4e-08, 5.58e-08, 2.69, 0, 1e-08, 0
631800001, 2.4, 8.6e-08, 6e-08, 2.69, 0, 1e-08, 0
633009601, 4.75, 1.01e-07, 5.49e-08, 2.69, 0, 1e-08, 0
634219201, 2.77, 9.53e-08, 6.48e-08, 2.69, 0, 1e-08, 0
634824001, 1.38, 5.65e-08, 5.26e-08, 2.69, 0, 1e-08, 0
638452801, 2.87, 9.4e-08, 6.39e-08, 2.69, 0, 1e-08, 0
639057601, 2.37, 8.48e-08, 6.52e-08, 2.69, 0, 1e-08, 0
640267201, 6.34, 1.23e-07, 5.59e-08, 2.69, 0, 1e-08, 0
640872001, 1.96, 1.75e-07, 2.04e-07, 2.69, 0, 1e-08, 0
642081601, 4.09, 9.97e-08, 6.74e-08, 2.69, 0, 1e-08, 0
645105601, 1.96, 3.09e-07, 2.49e-07, 2.69, 0, 1e-08, 0
645710401, 2.51, 1.07e-06, 9.51e-07, 2.69, 0, 1e-08, 0
647524801, 1.32, 6.29e-08, 6.12e-08, 2.69, 0, 1e-08, 0
648734401, 2.42, 1.06e-07, 7.41e-08, 2.69, 0, 1e-08, 0
650548801, 3.61, 8.38e-08, 4.83e-08, 2.69, 0, 1e-08, 0
651153601, 3.06, 9.14e-08, 5.75e-08, 2.69, 0, 1e-08, 0
652968001, 2.22, 6.16e-08, 4.64e-08, 2.69, 0, 1e-08, 0
653572801, 1.72, 6.03e-08, 4.98e-08, 2.69, 0, 1e-08, 0
654782401, 2.91, 8.07e-08, 5.23e-08, 2.69, 0, 1e-08, 0
655992001, 5.08, 1.25e-07, 6.21e-08, 2.69, 0, 1e-08, 0
658411201, 1.05, 7.17e-08, 7.72e-08, 2.69, 0, 1e-08, 0
659016001, 17.49, 2.26e-06, 7.3e-07, 2.69, 0, 1e-08, 0
662644801, 1.89, 1.01e-07, 8.02e-08, 2.69, 0, 1e-08, 0
664459201, 2.86, 8.46e-08, 5.55e-08, 2.69, 0, 1e-08, 0
666273601, 1.22, 5.77e-08, 5.75e-08, 2.69, 0, 1e-08, 0
666878401, 6.13, 1.23e-07, 5.59e-08, 2.69, 0, 1e-08, 0
667483201, 1.19, 3.51e-08, 3.65e-08, 2.69, 0, 1e-08, 0
671716801, 3.17, 7.85e-08, 5.04e-08, 2.69, 0, 1e-08, 0
675950401, 1.1, 5.36e-08, 5.66e-08, 2.69, 0, 1e-08, 0
677160001, 4.24, 2.87e-07, 1.55e-07, 2.69, 0, 1e-08, 0
677764801, 1.78, 1.67e-07, 1.37e-07, 2.69, 0, 1e-08, 0
678369601, 1.28, 5.08e-08, 4.82e-08, 2.69, 0, 1e-08, 0
680184001, 6.39, 1.64e-07, 7.58e-08, 2.69, 0, 1e-08, 0
681393601, 1.94, 6.89e-08, 5.33e-08, 2.69, 0, 1e-08, 0
683208001, 1.18, 5.17e-08, 5.22e-08, 2.69, 0, 1e-08, 0
683812801, 1.05, 6.85e-08, 7.16e-08, 2.69, 0, 1e-08, 0
685022401, 1.65, 4.84e-08, 4.21e-08, 2.69, 0, 1e-08, 0
688046401, 4.85, 1.03e-07, 6.01e-08, 2.69, 0, 1e-08, 0
691070401, 2.58, 3.35e-07, 2.49e-07, 2.69, 0, 1e-08, 0
696513601, 5.34, 6.42e-08, 4.2e-08, 2.69, 0, 1e-08, 0
698328001, 3.42, 7.78e-08, 5.12e-08, 2.69, 0, 1e-08, 0
698932801, 1.81, 4.74e-08, 4.15e-08, 2.69, 0, 1e-08, 0
700142401, 3.15, 6.67e-08, 4.33e-08, 2.69, 0, 1e-08, 0
703166401, 1.21, 6.6e-08, 6.51e-08, 2.69, 0, 1e-08, 0
705585601, 1.14, 1.16e-07, 1.21e-07, 2.69, 0, 1e-08, 0
709214401, 1.56, 1.91e-07, 1.69e-07, 2.69, 0, 1e-08, 0
710424001, 1.52, 5.49e-08, 4.9e-08, 2.69, 0, 1e-08, 0
712238401, 2.98, 1.1e-07, 7.38e-08, 2.69, 0, 1e-08, 0
712843201, 3.26, 9.14e-08, 5.66e-08, 2.69, 0, 1e-08, 0
714052801, 1.06, 4.26e-08, 4.43e-08, 2.69, 0, 1e-08, 0
716472001, 1.29, 6.2e-08, 5.92e-08, 2.69, 0, 1e-08, 0
717681601, 2.72, 6.95e-08, 4.68e-08, 2.69, 0, 1e-08, 0
723124801, 218.58, 0.00011, 1.11e-05, 2.69, 0, 1e-08, 0
723729601, 1.28, 7.9e-08, 7.69e-08, 2.69, 0, 1e-08, 0
731592001, 1.83, 4.84e-08, 4.02e-08, 2.69, 0, 1e-08, 0
736430401, 13.71, 7.1e-05, 2.4e-05, 2.69, 0, 1e-08, 0
737640001, 1.49, 7.75e-08, 6.97e-08, 2.69, 0, 1e-08, 0
738849601, 1.82, 8.97e-08, 7.33e-08, 2.69, 0, 1e-08, 0
740059201, 2.57, 2.86e-07, 2.08e-07, 2.69, 0, 1e-08, 0
