timestamp, ts, flux, flux_error, photon_index, photon_index_interval, fit_tolerance, fit_convergence
239889601, 20.26, 1.35e-08, 8.81e-09, 1.77, 0, 1e-08, 0
240494401, 7.53, 1.13e-08, 7.89e-09, 1.77, 0, 1e-08, 0
241099201, 20.93, 1.62e-08, 9.09e-09, 1.77, 0, 1e-08, 0
241704001, 13.0, 1.96e-08, 1.04e-08, 1.77, 0, 1e-08, 0
242308801, 2.72, 9.24e-09, 8.78e-09, 1.77, 0, 1e-08, 0
244123201, 4.79, 1.98e-08, 1.4e-08, 1.77, 0, 1e-08, 0
244728001, 2.75, 1.53e-08, 1.2e-08, 1.77, 0, 1e-08, 0
245332801, 10.72, 2e-08, 1.07e-08, 1.77, 0, 1e-08, 0
246542401, 11.33, 2.4e-08, 1.14e-08, 1.77, 0, 1e-08, 0
247147201, 16.51, 4.21e-08, 1.52e-08, 1.77, 0, 1e-08, 0
247752001, 17.93, 2.76e-08, 1.54e-08, 1.77, 0, 1e-08, 0
248356801, 3.57, 1.01e-08, 9.58e-09, 1.77, 0, 1e-08, 0
248961601, 22.96, 3.13e-08, 1.38e-08, 1.77, 0, 1e-08, 0
249566401, 11.91, 2.43e-08, 1.12e-08, 1.77, 0, 1e-08, 0
250171201, 6.97, 1.93e-08, 1.1e-08, 1.77, 0, 1e-08, 0
251380801, 5.39, 1.23e-08, 8.81e-09, 1.77, 0, 1e-08, 0
253800001, 43.7, 3.83e-08, 1.4e-08, 1.77, 0, 1e-08, 0
255009601, 6.44, 1.59e-08, 1e-08, 1.77, 0, 1e-08, 0
255614401, 5.57, 1.58e-08, 1.03e-08, 1.77, 0, 1e-08, 0
256219201, 1.28, 7.49e-09, 8.21e-09, 1.77, 0, 1e-08, 0
256824001, 10.07, 3.14e-08, 1.62e-08, 1.77, 0, 1e-08, 0
257428801, 3.95, 8.56e-09, 8.73e-09, 1.77, 0, 1e-08, 0
258033601, 5.47, 1.91e-08, 1.24e-08, 1.77, 0, 1e-08, 0
258638401, 6.7, 2.39e-08, 1.63e-08, 1.77, 0, 1e-08, 0
259243201, 9.29, 2.36e-08, 1.16e-08, 1.77, 0, 1e-08, 0
259848001, 11.84, 2.64e-08, 1.3e-08, 1.77, 0, 1e-08, 0
260452801, 9.14, 1.54e-08, 8.41e-09, 1.77, 0, 1e-08, 0
261662401, 15.46, 3.05e-08, 1.52e-08, 1.77, 0, 1e-08, 0
262872001, 10.25, 2.37e-08, 1.47e-08, 1.77, 0, 1e-08, 0
263476801, 28.28, 2.2e-08, 1.07e-08, 1.77, 0, 1e-08, 0
264081601, 4.19, 6.74e-09, 6.26e-09, 1.77, 0, 1e-08, 0
264686401, 11.49, 1.56e-08, 9.61e-09, 1.77, 0, 1e-08, 0
265291201, 4.95, 1.2e-08, 9.1e-09, 1.77, 0, 1e-08, 0
266500801, 4.87, 7.96e-09, 8.03e-09, 1.77, 0, 1e-08, 0
267105601, 9.29, 2.19e-08, 1.43e-08, 1.77, 0, 1e-08, 0
267710401, 35.79, 5.07e-08, 1.56e-08, 1.77, 0, 1e-08, 0
268315201, 7.86, 1.03e-08, 8.09e-09, 1.77, 0, 1e-08, 0
268920001, 8.48, 1.61e-08, 1.12e-08, 1.77, 0, 1e-08, 0
269524801, 2.7, 9.83e-09, 8.76e-09, 1.77, 0, 1e-08, 0
270129601, 35.29, 2.74e-08, 1.23e-08, 1.77, 0, 1e-08, 0
270734401, 26.22, 5.29e-08, 1.73e-08, 1.77, 0, 1e-08, 0
271339201, 9.94, 2.67e-08, 1.64e-08, 1.77, 0, 1e-08, 0
272548801, 4.58, 1.8e-08, 1.28e-08, 1.77, 0, 1e-08, 0
273153601, 8.23, 2.02e-08, 1.19e-08, 1.77, 0, 1e-08, 0
273758401, 1.79, 1.2e-08, 1.21e-08, 1.77, 0, 1e-08, 0
274363201, 13.32, 2.27e-08, 1.29e-08, 1.77, 0, 1e-08, 0
274968001, 27.99, 3.23e-08, 1.37e-08, 1.77, 0, 1e-08, 0
275572801, 21.94, 3.24e-08, 1.66e-08, 1.77, 0, 1e-08, 0
276177601, 68.67, 6.5e-08, 1.98e-08, 1.77, 0, 1e-08, 0
276782401, 6.08, 1.25e-08, 9.49e-09, 1.77, 0, 1e-08, 0
277387201, 26.5, 3.12e-08, 1.47e-08, 1.77, 0, 1e-08, 0
277992001, 29.72, 6.3e-08, 2.1e-08, 1.77, 0, 1e-08, 0
279201601, 37.76, 5.66e-08, 2.1e-08, 1.77, 0, 1e-08, 0
279806401, 32.77, 3.53e-08, 1.58e-08, 1.77, 0, 1e-08, 0
280411201, 13.54, 3.45e-08, 1.74e-08, 1.77, 0, 1e-08, 0
281620801, 7.82, 2.38e-08, 1.54e-08, 1.77, 0, 1e-08, 0
282225601, 19.98, 3.55e-08, 1.65e-08, 1.77, 0, 1e-08, 0
282830401, 17.89, 3.26e-08, 1.46e-08, 1.77, 0, 1e-08, 0
283435201, 5.16, 1.86e-08, 1.22e-08, 1.77, 0, 1e-08, 0
284040001, 8.55, 1.45e-08, 1.2e-08, 1.77, 0, 1e-08, 0
284644801, 5.59, 6.01e-09, 6.1e-09, 1.77, 0, 1e-08, 0
285249601, 15.56, 2.53e-08, 1.33e-08, 1.77, 0, 1e-08, 0
285854401, 5.49, 1.55e-08, 1.19e-08, 1.77, 0, 1e-08, 0
286459201, 23.06, 4.48e-08, 1.94e-08, 1.77, 0, 1e-08, 0
287064001, 6.81, 1.47e-08, 1.35e-08, 1.77, 0, 1e-08, 0
287668801, 2.31, 1.8e-08, 1.57e-08, 1.77, 0, 1e-08, 0
288273601, 6.34, 1.61e-08, 1.03e-08, 1.77, 0, 1e-08, 0
288878401, 20.34, 3.5e-08, 1.7e-08, 1.77, 0, 1e-08, 0
290088001, 1.55, 1.04e-08, 1.08e-08, 1.77, 0, 1e-08, 0
291297601, 3.2, 1.54e-08, 1.29e-08, 1.77, 0, 1e-08, 0
291902401, 3.4, 8.51e-09, 7.71e-09, 1.77, 0, 1e-08, 0
293112001, 4.93, 2.15e-08, 1.42e-08, 1.77, 0, 1e-08, 0
293716801, 6.54, 1.89e-08, 1.56e-08, 1.77, 0, 1e-08, 0
294321601, 35.58, 4.44e-08, 1.65e-08, 1.77, 0, 1e-08, 0
294926401, 5.26, 1.18e-08, 1.02e-08, 1.77, 0, 1e-08, 0
295531201, 6.58, 2.67e-08, 1.57e-08, 1.77, 0, 1e-08, 0
296136001, 5.48, 2.13e-08, 1.56e-08, 1.77, 0, 1e-08, 0
296740801, 19.56, 2.94e-08, 1.37e-08, 1.77, 0, 1e-08, 0
297345601, 2.86, 1.65e-08, 1.39e-08, 1.77, 0, 1e-08, 0
298555201, 7.3, 2.22e-08, 1.44e-08, 1.77, 0, 1e-08, 0
299160001, 3.01, 1.49e-08, 1.31e-08, 1.77, 0, 1e-08, 0
299764801, 11.86, 3.01e-08, 1.61e-08, 1.77, 0, 1e-08, 0
300369601, 10.53, 1.76e-08, 1.28e-08, 1.77, 0, 1e-08, 0
300974401, 4.16, 8.22e-09, 7.8e-09, 1.77, 0, 1e-08, 0
301579201, 9.84, 1.81e-08, 1.17e-08, 1.77, 0, 1e-08, 0
303393601, 8.21, 1.1e-08, 1.01e-08, 1.77, 0, 1e-08, 0
304603201, 4.29, 2.15e-08, 1.59e-08, 1.77, 0, 1e-08, 0
305208001, 3.24, 1.35e-08, 1.12e-08, 1.77, 0, 1e-08, 0
305812801, 2.82, 1.06e-08, 1.06e-08, 1.77, 0, 1e-08, 0
307627201, 10.82, 1.8e-08, 1.13e-08, 1.77, 0, 1e-08, 0
311256001, 4.18, 1.02e-08, 8.97e-09, 1.77, 0, 1e-08, 0
312465601, 16.47, 3.99e-08, 1.69e-08, 1.77, 0, 1e-08, 0
313070401, 6.78, 1.41e-08, 1.22e-08, 1.77, 0, 1e-08, 0
313675201, 9.57, 2.09e-08, 1.42e-08, 1.77, 0, 1e-08, 0
314280001, 4.6, 1.36e-08, 1.12e-08, 1.77, 0, 1e-08, 0
314884801, 14.74, 3.01e-08, 1.52e-08, 1.77, 0, 1e-08, 0
315489601, 46.68, 4.18e-08, 1.38e-08, 1.77, 0, 1e-08, 0
316094401, 1.75, 1.58e-08, 1.56e-08, 1.77, 0, 1e-08, 0
316699201, 9.28, 1.57e-08, 1.15e-08, 1.77, 0, 1e-08, 0
317304001, 23.16, 4.16e-08, 1.67e-08, 1.77, 0, 1e-08, 0
318513601, 23.77, 3.85e-08, 1.59e-08, 1.77, 0, 1e-08, 0
319118401, 17.62, 2.79e-08, 1.51e-08, 1.77, 0, 1e-08, 0
319723201, 13.06, 2.24e-08, 1.25e-08, 1.77, 0, 1e-08, 0
320328001, 3.22, 2.22e-08, 1.77e-08, 1.77, 0, 1e-08, 0
320932801, 5.94, 1.62e-08, 1.18e-08, 1.77, 0, 1e-08, 0
321537601, 1.31, 1.1e-08, 1.34e-08, 1.77, 0, 1e-08, 0
322142401, 7.04, 1.34e-08, 1.12e-08, 1.77, 0, 1e-08, 0
322747201, 11.21, 1.6e-08, 9.7e-09, 1.77, 0, 1e-08, 0
323352001, 4.85, 2.3e-08, 1.42e-08, 1.77, 0, 1e-08, 0
323956801, 28.89, 3.37e-08, 1.38e-08, 1.77, 0, 1e-08, 0
324561601, 1.97, 1.38e-08, 1.55e-08, 1.77, 0, 1e-08, 0
325771201, 19.89, 3.09e-08, 1.41e-08, 1.77, 0, 1e-08, 0
326376001, 26.98, 4.23e-08, 1.8e-08, 1.77, 0, 1e-08, 0
328190401, 6.91, 1.41e-08, 1.15e-08, 1.77, 0, 1e-08, 0
329400001, 7.69, 2e-08, 1.32e-08, 1.77, 0, 1e-08, 0
334843201, 3.87, 1.45e-08, 1.13e-08, 1.77, 0, 1e-08, 0
335448001, 1.25, 6.24e-09, 8.17e-09, 1.77, 0, 1e-08, 0
336052801, 23.77, 3.37e-08, 1.73e-08, 1.77, 0, 1e-08, 0
336657601, 3.3, 1.44e-08, 1.31e-08, 1.77, 0, 1e-08, 0
337262401, 8.39, 2.52e-08, 1.55e-08, 1.77, 0, 1e-08, 0
337867201, 8.14, 1.46e-08, 1.14e-08, 1.77, 0, 1e-08, 0
338472001, 1.42, 9.35e-09, 1.08e-08, 1.77, 0, 1e-08, 0
340286401, 10.37, 1.91e-08, 1.18e-08, 1.77, 0, 1e-08, 0
340891201, 6.27, 1.69e-08, 1.28e-08, 1.77, 0, 1e-08, 0
341496001, 12.52, 1.72e-08, 1.15e-08, 1.77, 0, 1e-08, 0
343915201, 11.03, 1.67e-08, 1.14e-08, 1.77, 0, 1e-08, 0
345124801, 18.51, 4.62e-08, 2.06e-08, 1.77, 0, 1e-08, 0
346334401, 11.85, 3.28e-08, 1.79e-08, 1.77, 0, 1e-08, 0
346939201, 9.11, 1.55e-08, 1.12e-08, 1.77, 0, 1e-08, 0
348148801, 6.78, 2.18e-08, 1.4e-08, 1.77, 0, 1e-08, 0
348753601, 12.33, 2.41e-08, 1.27e-08, 1.77, 0, 1e-08, 0
349358401, 17.54, 2.88e-08, 1.51e-08, 1.77, 0, 1e-08, 0
349963201, 20.8, 3.22e-08, 1.57e-08, 1.77, 0, 1e-08, 0
350568001, 19.17, 2.49e-08, 1.32e-08, 1.77, 0, 1e-08, 0
351172801, 50.4, 3.94e-08, 1.61e-08, 1.77, 0, 1e-08, 0
351777601, 21.13, 2.12e-08, 1.19e-08, 1.77, 0, 1e-08, 0
352382401, 13.26, 1.78e-08, 1.3e-08, 1.77, 0, 1e-08, 0
352987201, 10.08, 1.17e-08, 9.08e-09, 1.77, 0, 1e-08, 0
354196801, 17.15, 2.62e-08, 1.4e-08, 1.77, 0, 1e-08, 0
354801601, 9.32, 2.49e-08, 1.33e-08, 1.77, 0, 1e-08, 0
355406401, 13.94, 2.97e-08, 1.69e-08, 1.77, 0, 1e-08, 0
356011201, 8.27, 1.28e-08, 8.9e-09, 1.77, 0, 1e-08, 0
356616001, 19.96, 2.51e-08, 1.32e-08, 1.77, 0, 1e-08, 0
357220801, 5.75, 1.09e-08, 8.78e-09, 1.77, 0, 1e-08, 0
357825601, 23.18, 3.3e-08, 1.47e-08, 1.77, 0, 1e-08, 0
358430401, 4.71, 1.65e-08, 1.48e-08, 1.77, 0, 1e-08, 0
359640001, 1.6, 1.86e-08, 1.85e-08, 1.77, 0, 1e-08, 0
360849601, 9.55, 2.18e-08, 1.37e-08, 1.77, 0, 1e-08, 0
361454401, 11.3, 2.1e-08, 1.25e-08, 1.77, 0, 1e-08, 0
362664001, 24.73, 3.87e-08, 1.74e-08, 1.77, 0, 1e-08, 0
363873601, 9.45, 9.94e-09, 9.16e-09, 1.77, 0, 1e-08, 0
364478401, 10.48, 1.82e-08, 1.19e-08, 1.77, 0, 1e-08, 0
365083201, 6.68, 1.19e-08, 9.98e-09, 1.77, 0, 1e-08, 0
365688001, 9.34, 3.1e-08, 1.5e-08, 1.77, 0, 1e-08, 0
366292801, 6.01, 1.13e-08, 1.02e-08, 1.77, 0, 1e-08, 0
366897601, 5.42, 1.73e-08, 1.31e-08, 1.77, 0, 1e-08, 0
367502401, 5.51, 1.92e-08, 1.35e-08, 1.77, 0, 1e-08, 0
368107201, 7.6, 1.44e-08, 1.21e-08, 1.77, 0, 1e-08, 0
369316801, 15.34, 2.8e-08, 1.41e-08, 1.77, 0, 1e-08, 0
369921601, 10.27, 3.77e-08, 1.83e-08, 1.77, 0, 1e-08, 0
371131201, 4.52, 2.56e-08, 1.71e-08, 1.77, 0, 1e-08, 0
371736001, 49.66, 4.66e-08, 1.75e-08, 1.77, 0, 1e-08, 0
372340801, 16.13, 3.51e-08, 1.65e-08, 1.77, 0, 1e-08, 0
372945601, 1.85, 1.17e-08, 1.24e-08, 1.77, 0, 1e-08, 0
373550401, 9.7, 1.88e-08, 1.3e-08, 1.77, 0, 1e-08, 0
374155201, 10.12, 2.1e-08, 1.28e-08, 1.77, 0, 1e-08, 0
374760001, 10.02, 2.92e-08, 1.6e-08, 1.77, 0, 1e-08, 0
375969601, 7.66, 2.89e-08, 1.87e-08, 1.77, 0, 1e-08, 0
377784001, 4.35, 7.26e-09, 7.36e-09, 1.77, 0, 1e-08, 0
378388801, 26.73, 5.1e-08, 2.02e-08, 1.77, 0, 1e-08, 0
378993601, 8.43, 3.01e-08, 1.77e-08, 1.77, 0, 1e-08, 0
379598401, 12.38, 2.67e-08, 1.5e-08, 1.77, 0, 1e-08, 0
380203201, 7.05, 8.64e-09, 7.76e-09, 1.77, 0, 1e-08, 0
380808001, 6.85, 6.45e-09, 6.22e-09, 1.77, 0, 1e-08, 0
381412801, 15.73, 2.85e-08, 1.44e-08, 1.77, 0, 1e-08, 0
382017601, 10.48, 2.29e-08, 1.39e-08, 1.77, 0, 1e-08, 0
382622401, 10.64, 1.55e-08, 1.1e-08, 1.77, 0, 1e-08, 0
383227201, 18.21, 2.71e-08, 1.35e-08, 1.77, 0, 1e-08, 0
385041601, 23.93, 3.92e-08, 1.63e-08, 1.77, 0, 1e-08, 0
385646401, 5.16, 1.79e-08, 1.31e-08, 1.77, 0, 1e-08, 0
386251201, 15.68, 2.96e-08, 1.49e-08, 1.77, 0, 1e-08, 0
386856001, 7.83, 1.64e-08, 1.08e-08, 1.77, 0, 1e-08, 0
388065601, 13.3, 1.73e-08, 1.11e-08, 1.77, 0, 1e-08, 0
388670401, 16.11, 1.87e-08, 1.13e-08, 1.77, 0, 1e-08, 0
389275201, 5.4, 1.14e-08, 1.04e-08, 1.77, 0, 1e-08, 0
389880001, 18.89, 3.06e-08, 1.64e-08, 1.77, 0, 1e-08, 0
390484801, 5.85, 1.01e-08, 7.59e-09, 1.77, 0, 1e-08, 0
391089601, 6.29, 1.13e-08, 1.02e-08, 1.77, 0, 1e-08, 0
392904001, 6.21, 1.97e-08, 1.37e-08, 1.77, 0, 1e-08, 0
393508801, 4.47, 1.66e-08, 1.22e-08, 1.77, 0, 1e-08, 0
394113601, 1.54, 8.94e-09, 1.01e-08, 1.77, 0, 1e-08, 0
394718401, 7.06, 2.57e-08, 1.55e-08, 1.77, 0, 1e-08, 0
395928001, 3.02, 6.66e-09, 7.15e-09, 1.77, 0, 1e-08, 0
396532801, 11.58, 3.24e-08, 1.7e-08, 1.77, 0, 1e-08, 0
397137601, 9.32, 2.95e-08, 1.5e-08, 1.77, 0, 1e-08, 0
397742401, 17.89, 2.86e-08, 1.3e-08, 1.77, 0, 1e-08, 0
398347201, 24.61, 3.3e-08, 1.23e-08, 1.77, 0, 1e-08, 0
398952001, 24.76, 3.52e-08, 1.31e-08, 1.77, 0, 1e-08, 0
401371201, 1.04, 1.03e-08, 1.27e-08, 1.77, 0, 1e-08, 0
401976001, 9.64, 1.91e-08, 1.32e-08, 1.77, 0, 1e-08, 0
402580801, 21.21, 3.01e-08, 1.34e-08, 1.77, 0, 1e-08, 0
403185601, 4.27, 8.85e-09, 8.35e-09, 1.77, 0, 1e-08, 0
403790401, 16.56, 2.68e-08, 1.63e-08, 1.77, 0, 1e-08, 0
405000001, 18.45, 4.17e-08, 1.82e-08, 1.77, 0, 1e-08, 0
406209601, 10.71, 3.61e-08, 1.75e-08, 1.77, 0, 1e-08, 0
406814401, 1.76, 7.97e-09, 8.82e-09, 1.77, 0, 1e-08, 0
407419201, 11.78, 2.38e-08, 1.47e-08, 1.77, 0, 1e-08, 0
408024001, 14.26, 3.03e-08, 1.4e-08, 1.77, 0, 1e-08, 0
408628801, 15.33, 2.62e-08, 1.43e-08, 1.77, 0, 1e-08, 0
409233601, 17.27, 1.3e-08, 8.42e-09, 1.77, 0, 1e-08, 0
409838401, 16.65, 2.52e-08, 1.05e-08, 1.77, 0, 1e-08, 0
410443201, 28.35, 3.63e-08, 1.15e-08, 1.77, 0, 1e-08, 0
411048001, 22.51, 1.54e-08, 7.3e-09, 1.77, 0, 1e-08, 0
411652801, 1.88, 5.67e-09, 5.15e-09, 1.77, 0, 1e-08, 0
412257601, 11.81, 1.62e-08, 9.19e-09, 1.77, 0, 1e-08, 0
412862401, 11.2, 7.26e-09, 6.55e-09, 1.77, 0, 1e-08, 0
414072001, 19.46, 2.99e-08, 1.15e-08, 1.77, 0, 1e-08, 0
414676801, 5.03, 1.52e-08, 9.51e-09, 1.77, 0, 1e-08, 0
415281601, 10.85, 1.44e-08, 8.71e-09, 1.77, 0, 1e-08, 0
415886401, 23.12, 1.35e-08, 5.98e-09, 1.77, 0, 1e-08, 0
416491201, 1.01, 7.15e-09, 8.36e-09, 1.77, 0, 1e-08, 0
417096001, 20.29, 1.79e-08, 7.9e-09, 1.77, 0, 1e-08, 0
417700801, 13.51, 1.63e-08, 7.89e-09, 1.77, 0, 1e-08, 0
418305601, 5.65, 2.31e-08, 1.41e-08, 1.77, 0, 1e-08, 0
418910401, 2.46, 8.75e-09, 7.43e-09, 1.77, 0, 1e-08, 0
419515201, 11.8, 1.54e-08, 8.52e-09, 1.77, 0, 1e-08, 0
420120001, 13.32, 2.48e-08, 1.18e-08, 1.77, 0, 1e-08, 0
420724801, 15.02, 2.66e-08, 1.48e-08, 1.77, 0, 1e-08, 0
421329601, 18.89, 1.91e-08, 1.05e-08, 1.77, 0, 1e-08, 0
421934401, 7.97, 3.02e-08, 1.77e-08, 1.77, 0, 1e-08, 0
422539201, 12.29, 3e-08, 1.52e-08, 1.77, 0, 1e-08, 0
423748801, 15.59, 7.94e-08, 3.74e-08, 1.77, 0, 1e-08, 0
424353601, 8.69, 3.44e-08, 2.47e-08, 1.77, 0, 1e-08, 0
426168001, 15.16, 2.03e-08, 1.16e-08, 1.77, 0, 1e-08, 0
426772801, 29.09, 2.81e-08, 1.02e-08, 1.77, 0, 1e-08, 0
427377601, 22.22, 1.5e-08, 7.89e-09, 1.77, 0, 1e-08, 0
427982401, 2.77, 8.86e-09, 8.24e-09, 1.77, 0, 1e-08, 0
428587201, 28.47, 2.5e-08, 1.01e-08, 1.77, 0, 1e-08, 0
429192001, 34.87, 2.45e-08, 8.4e-09, 1.77, 0, 1e-08, 0
429796801, 16.52, 1.86e-08, 7.9e-09, 1.77, 0, 1e-08, 0
430401601, 5.43, 1.32e-08, 8.88e-09, 1.77, 0, 1e-08, 0
431006401, 1.69, 3.38e-09, 3.78e-09, 1.77, 0, 1e-08, 0
431611201, 8.97, 1.84e-08, 1.01e-08, 1.77, 0, 1e-08, 0
432216001, 15.13, 2.95e-08, 1.18e-08, 1.77, 0, 1e-08, 0
432820801, 34.42, 3.25e-08, 1.15e-08, 1.77, 0, 1e-08, 0
433425601, 45.88, 3.01e-08, 9.6e-09, 1.77, 0, 1e-08, 0
434030401, 13.35, 1.56e-08, 7.12e-09, 1.77, 0, 1e-08, 0
434635201, 8.47, 1.37e-08, 6.79e-09, 1.77, 0, 1e-08, 0
435240001, 23.62, 1.93e-08, 7.5e-09, 1.77, 0, 1e-08, 0
435844801, 23.76, 2.46e-08, 9.3e-09, 1.77, 0, 1e-08, 0
436449601, 10.55, 1.48e-08, 8.6e-09, 1.77, 0, 1e-08, 0
437054401, 2.05, 1.07e-08, 9.69e-09, 1.77, 0, 1e-08, 0
437659201, 36.26, 3.49e-08, 1.14e-08, 1.77, 0, 1e-08, 0
438264001, 24.96, 2.73e-08, 9.9e-09, 1.77, 0, 1e-08, 0
438868801, 24.64, 1.93e-08, 7.3e-09, 1.77, 0, 1e-08, 0
439473601, 12.77, 1.73e-08, 9.59e-09, 1.77, 0, 1e-08, 0
440078401, 2.26, 9.75e-09, 9.74e-09, 1.77, 0, 1e-08, 0
441288001, 5.27, 2.02e-08, 1.32e-08, 1.77, 0, 1e-08, 0
443102401, 19.73, 3.23e-08, 1.42e-08, 1.77, 0, 1e-08, 0
443707201, 2.63, 1.51e-08, 1.35e-08, 1.77, 0, 1e-08, 0
444312001, 22.94, 3.09e-08, 1.31e-08, 1.77, 0, 1e-08, 0
444916801, 7.82, 1.21e-08, 8.58e-09, 1.77, 0, 1e-08, 0
446126401, 3.13, 1.56e-08, 1.29e-08, 1.77, 0, 1e-08, 0
447336001, 3.28, 1.86e-08, 1.44e-08, 1.77, 0, 1e-08, 0
449150401, 6.85, 1.07e-08, 6.62e-09, 1.77, 0, 1e-08, 0
449755201, 21.53, 1.86e-08, 8.61e-09, 1.77, 0, 1e-08, 0
450964801, 16.28, 3.05e-08, 1.49e-08, 1.77, 0, 1e-08, 0
451569601, 29.92, 3.3e-08, 1.38e-08, 1.77, 0, 1e-08, 0
452174401, 2.09, 1.22e-08, 1.22e-08, 1.77, 0, 1e-08, 0
452779201, 19.72, 2.71e-08, 1.23e-08, 1.77, 0, 1e-08, 0
453384001, 4.94, 9.72e-09, 8.57e-09, 1.77, 0, 1e-08, 0
453988801, 20.83, 2.09e-08, 1.24e-08, 1.77, 0, 1e-08, 0
455198401, 10.68, 2.66e-08, 1.52e-08, 1.77, 0, 1e-08, 0
455803201, 8.5, 2.52e-08, 1.62e-08, 1.77, 0, 1e-08, 0
457012801, 18.19, 3.5e-08, 1.75e-08, 1.77, 0, 1e-08, 0
457617601, 19.99, 3.13e-08, 1.56e-08, 1.77, 0, 1e-08, 0
458222401, 4.03, 2.16e-08, 1.54e-08, 1.77, 0, 1e-08, 0
458827201, 9.83, 1.87e-08, 1.3e-08, 1.77, 0, 1e-08, 0
459432001, 5.44, 1.42e-08, 1.23e-08, 1.77, 0, 1e-08, 0
460036801, 19.4, 4.03e-08, 1.83e-08, 1.77, 0, 1e-08, 0
460641601, 7.3, 1.16e-08, 1.03e-08, 1.77, 0, 1e-08, 0
461246401, 4.66, 7.69e-09, 7.73e-09, 1.77, 0, 1e-08, 0
461851201, 6.65, 1.3e-08, 1.12e-08, 1.77, 0, 1e-08, 0
463060801, 9.81, 3.15e-08, 1.69e-08, 1.77, 0, 1e-08, 0
464270401, 8.26, 2.14e-08, 1.32e-08, 1.77, 0, 1e-08, 0
464875201, 12.39, 2.89e-08, 1.57e-08, 1.77, 0, 1e-08, 0
466084801, 1.73, 7.97e-09, 9.36e-09, 1.77, 0, 1e-08, 0
467294401, 3.48, 1.21e-08, 9.7e-09, 1.77, 0, 1e-08, 0
467899201, 11.95, 2.04e-08, 1.29e-08, 1.77, 0, 1e-08, 0
469108801, 2.87, 1.53e-08, 1.35e-08, 1.77, 0, 1e-08, 0
470318401, 4.2, 1.3e-08, 1.06e-08, 1.77, 0, 1e-08, 0
470923201, 12.35, 2.13e-08, 1.28e-08, 1.77, 0, 1e-08, 0
471528001, 16.61, 2.15e-08, 1.39e-08, 1.77, 0, 1e-08, 0
472737601, 10.55, 2.63e-08, 1.38e-08, 1.77, 0, 1e-08, 0
473342401, 8.19, 1.86e-08, 1.38e-08, 1.77, 0, 1e-08, 0
473947201, 30.48, 4.2e-08, 1.74e-08, 1.77, 0, 1e-08, 0
474552001, 20.88, 4.5e-08, 1.85e-08, 1.77, 0, 1e-08, 0
475761601, 14.86, 2.79e-08, 1.53e-08, 1.77, 0, 1e-08, 0
476366401, 33.57, 4.36e-08, 1.49e-08, 1.77, 0, 1e-08, 0
476971201, 12.08, 2.19e-08, 1.31e-08, 1.77, 0, 1e-08, 0
477576001, 15.19, 2.93e-08, 1.35e-08, 1.77, 0, 1e-08, 0
478180801, 49.9, 6.06e-08, 2.01e-08, 1.77, 0, 1e-08, 0
478785601, 9.15, 2.71e-08, 1.55e-08, 1.77, 0, 1e-08, 0
479390401, 9.2, 2.58e-08, 1.56e-08, 1.77, 0, 1e-08, 0
479995201, 25.95, 4.31e-08, 1.78e-08, 1.77, 0, 1e-08, 0
481204801, 5.83, 1.58e-08, 9.98e-09, 1.77, 0, 1e-08, 0
481809601, 7.98, 2.65e-08, 1.41e-08, 1.77, 0, 1e-08, 0
483624001, 11.22, 3.61e-08, 1.69e-08, 1.77, 0, 1e-08, 0
484228801, 7.06, 1.77e-08, 1.18e-08, 1.77, 0, 1e-08, 0
485438401, 4.44, 2.16e-08, 1.6e-08, 1.77, 0, 1e-08, 0
486043201, 8.83, 1.36e-08, 9.99e-09, 1.77, 0, 1e-08, 0
486648001, 12.86, 3.3e-08, 1.78e-08, 1.77, 0, 1e-08, 0
487857601, 11.12, 1.28e-08, 7.88e-09, 1.77, 0, 1e-08, 0
488462401, 22.49, 3.49e-08, 1.45e-08, 1.77, 0, 1e-08, 0
489067201, 9.7, 2.79e-08, 1.56e-08, 1.77, 0, 1e-08, 0
489672001, 25.07, 3.31e-08, 1.53e-08, 1.77, 0, 1e-08, 0
490276801, 2.11, 7.37e-09, 8.25e-09, 1.77, 0, 1e-08, 0
490881601, 28.64, 3.14e-08, 1.06e-08, 1.77, 0, 1e-08, 0
491486401, 22.18, 3.31e-08, 1.4e-08, 1.77, 0, 1e-08, 0
492696001, 4.69, 1.43e-08, 1.2e-08, 1.77, 0, 1e-08, 0
493300801, 6.43, 1.9e-08, 1.3e-08, 1.77, 0, 1e-08, 0
493905601, 32.73, 5.41e-08, 1.98e-08, 1.77, 0, 1e-08, 0
494510401, 46.17, 6.73e-08, 2.12e-08, 1.77, 0, 1e-08, 0
495115201, 11.24, 2.14e-08, 1.25e-08, 1.77, 0, 1e-08, 0
496324801, 66.25, 6.93e-08, 2.17e-08, 1.77, 0, 1e-08, 0
496929601, 42.19, 4.73e-08, 1.52e-08, 1.77, 0, 1e-08, 0
497534401, 41.39, 5.58e-08, 2.01e-08, 1.77, 0, 1e-08, 0
498139201, 5.52, 1.35e-08, 1.24e-08, 1.77, 0, 1e-08, 0
498744001, 26.87, 4.55e-08, 1.67e-08, 1.77, 0, 1e-08, 0
499348801, 9.67, 1.81e-08, 9.21e-09, 1.77, 0, 1e-08, 0
499953601, 39.92, 2.95e-08, 9.7e-09, 1.77, 0, 1e-08, 0
500558401, 27.73, 3.4e-08, 1.16e-08, 1.77, 0, 1e-08, 0
501768001, 8.92, 2.18e-08, 1.52e-08, 1.77, 0, 1e-08, 0
502372801, 13.0, 2.16e-08, 1.38e-08, 1.77, 0, 1e-08, 0
502977601, 13.61, 2.34e-08, 1.34e-08, 1.77, 0, 1e-08, 0
503582401, 16.92, 4.97e-08, 1.95e-08, 1.77, 0, 1e-08, 0
504187201, 22.12, 5.09e-08, 2.21e-08, 1.77, 0, 1e-08, 0
504792001, 4.72, 2.44e-08, 1.61e-08, 1.77, 0, 1e-08, 0
505396801, 10.52, 3.42e-08, 1.79e-08, 1.77, 0, 1e-08, 0
506001601, 24.54, 4.15e-08, 1.85e-08, 1.77, 0, 1e-08, 0
506606401, 8.15, 2.98e-08, 1.76e-08, 1.77, 0, 1e-08, 0
507211201, 2.12, 1.35e-08, 1.42e-08, 1.77, 0, 1e-08, 0
507816001, 19.79, 3.45e-08, 1.44e-08, 1.77, 0, 1e-08, 0
508420801, 9.9, 2.2e-08, 1.29e-08, 1.77, 0, 1e-08, 0
509025601, 18.67, 2.1e-08, 1.17e-08, 1.77, 0, 1e-08, 0
509630401, 22.07, 3.4e-08, 1.63e-08, 1.77, 0, 1e-08, 0
510235201, 16.58, 3.04e-08, 1.57e-08, 1.77, 0, 1e-08, 0
510840001, 1.24, 1.26e-08, 1.33e-08, 1.77, 0, 1e-08, 0
512049601, 16.17, 3.14e-08, 1.47e-08, 1.77, 0, 1e-08, 0
512654401, 5.6, 2.45e-08, 1.54e-08, 1.77, 0, 1e-08, 0
513864001, 2.95, 1.66e-08, 1.25e-08, 1.77, 0, 1e-08, 0
514468801, 4.99, 1.06e-08, 1.04e-08, 1.77, 0, 1e-08, 0
515073601, 21.37, 4.28e-08, 1.84e-08, 1.77, 0, 1e-08, 0
516283201, 20.34, 2.71e-08, 1.43e-08, 1.77, 0, 1e-08, 0
516888001, 10.46, 2.09e-08, 1.21e-08, 1.77, 0, 1e-08, 0
517492801, 15.8, 2.81e-08, 1.49e-08, 1.77, 0, 1e-08, 0
518097601, 1.44, 7.84e-09, 9.08e-09, 1.77, 0, 1e-08, 0
518702401, 20.47, 3.75e-08, 1.7e-08, 1.77, 0, 1e-08, 0
519912001, 7.33, 2.48e-08, 1.51e-08, 1.77, 0, 1e-08, 0
520516801, 15.59, 2.08e-08, 9e-09, 1.77, 0, 1e-08, 0
521121601, 2.13, 1.78e-08, 1.71e-08, 1.77, 0, 1e-08, 0
522331201, 2.04, 1.29e-08, 1.15e-08, 1.77, 0, 1e-08, 0
522936001, 10.82, 1.46e-08, 1.04e-08, 1.77, 0, 1e-08, 0
523540801, 13.63, 1.67e-08, 1.11e-08, 1.77, 0, 1e-08, 0
525355201, 5.28, 3.53e-08, 2.21e-08, 1.77, 0, 1e-08, 0
525960001, 6.55, 2.88e-08, 1.61e-08, 1.77, 0, 1e-08, 0
526564801, 18.28, 3.84e-08, 1.77e-08, 1.77, 0, 1e-08, 0
527169601, 23.95, 2.47e-08, 9.3e-09, 1.77, 0, 1e-08, 0
527774401, 25.12, 5.05e-08, 2.21e-08, 1.77, 0, 1e-08, 0
528379201, 8.04, 2.14e-08, 1.35e-08, 1.77, 0, 1e-08, 0
528984001, 5.88, 1.73e-08, 1.24e-08, 1.77, 0, 1e-08, 0
530193601, 5.37, 1.79e-08, 1.32e-08, 1.77, 0, 1e-08, 0
530798401, 13.05, 1.9e-08, 1.2e-08, 1.77, 0, 1e-08, 0
531403201, 25.91, 2.89e-08, 1.49e-08, 1.77, 0, 1e-08, 0
532008001, 2.2, 1.38e-08, 1.37e-08, 1.77, 0, 1e-08, 0
532612801, 21.98, 3e-08, 1.54e-08, 1.77, 0, 1e-08, 0
533217601, 6.04, 3.02e-08, 1.74e-08, 1.77, 0, 1e-08, 0
533822401, 4.16, 1.09e-08, 1.09e-08, 1.77, 0, 1e-08, 0
534427201, 23.6, 3.59e-08, 1.53e-08, 1.77, 0, 1e-08, 0
535032001, 2.75, 2.28e-08, 1.69e-08, 1.77, 0, 1e-08, 0
536846401, 36.48, 3.44e-08, 1.39e-08, 1.77, 0, 1e-08, 0
538056001, 19.47, 3.12e-08, 2.06e-08, 1.77, 0, 1e-08, 0
539265601, 1.11, 1.42e-08, 1.85e-08, 1.77, 0, 1e-08, 0
539870401, 9.46, 1.61e-08, 9.72e-09, 1.77, 0, 1e-08, 0
540475201, 6.05, 1.92e-08, 1.21e-08, 1.77, 0, 1e-08, 0
541080001, 18.62, 2.84e-08, 1.25e-08, 1.77, 0, 1e-08, 0
544708801, 33.02, 3.53e-08, 1.33e-08, 1.77, 0, 1e-08, 0
545313601, 11.51, 2.84e-08, 1.61e-08, 1.77, 0, 1e-08, 0
546523201, 14.93, 3.24e-08, 3.23e-08, 1.77, 0, 1e-08, 0
547128001, 18.49, 2.14e-08, 9.5e-09, 1.77, 0, 1e-08, 0
547732801, 35.58, 3.36e-08, 1.16e-08, 1.77, 0, 1e-08, 0
548337601, 8.63, 2.88e-08, 1.87e-08, 1.77, 0, 1e-08, 0
550152001, 1.02, 1.28e-08, 1.72e-08, 1.77, 0, 1e-08, 0
551361601, 7.64, 1.33e-08, 8.38e-09, 1.77, 0, 1e-08, 0
552571201, 14.77, 3.88e-08, 1.96e-08, 1.77, 0, 1e-08, 0
553176001, 10.6, 2.77e-08, 1.9e-08, 1.77, 0, 1e-08, 0
554385601, 3.23, 1.48e-08, 1.1e-08, 1.77, 0, 1e-08, 0
554990401, 3.64, 7.53e-09, 7.58e-09, 1.77, 0, 1e-08, 0
555595201, 32.04, 2.9e-08, 1.13e-08, 1.77, 0, 1e-08, 0
556200001, 12.9, 3.68e-08, 2.31e-08, 1.77, 0, 1e-08, 0
556804801, 1.05, 1.12e-08, 1.42e-08, 1.77, 0, 1e-08, 0
557409601, 20.6, 3.29e-08, 1.41e-08, 1.77, 0, 1e-08, 0
558014401, 37.01, 3.78e-08, 1.21e-08, 1.77, 0, 1e-08, 0
558619201, 6.42, 2.07e-08, 1.38e-08, 1.77, 0, 1e-08, 0
559224001, 13.92, 1.73e-08, 1.16e-08, 1.77, 0, 1e-08, 0
559828801, 41.57, 2.66e-08, 9.5e-09, 1.77, 0, 1e-08, 0
560433601, 39.17, 4.16e-08, 1.55e-08, 1.77, 0, 1e-08, 0
561643201, 8.92, 5.88e-08, 3.88e-08, 1.77, 0, 1e-08, 0
562248001, 10.73, 1.67e-08, 1.54e-08, 1.77, 0, 1e-08, 0
563457601, 2.89, 6.92e-09, 7.36e-09, 1.77, 0, 1e-08, 0
564062401, 8.45, 1.24e-08, 8.81e-09, 1.77, 0, 1e-08, 0
564667201, 9.3, 1.37e-08, 8.6e-09, 1.77, 0, 1e-08, 0
567086401, 10.14, 1.94e-08, 1.18e-08, 1.77, 0, 1e-08, 0
568296001, 6.84, 1.98e-08, 1.2e-08, 1.77, 0, 1e-08, 0
568900801, 26.24, 3.87e-08, 1.56e-08, 1.77, 0, 1e-08, 0
569505601, 22.81, 3.31e-08, 1.8e-08, 1.77, 0, 1e-08, 0
570110401, 1.26, 8.44e-09, 9.47e-09, 1.77, 0, 1e-08, 0
570715201, 5.27, 1.56e-08, 9.78e-09, 1.77, 0, 1e-08, 0
571320001, 22.95, 2.54e-08, 1.08e-08, 1.77, 0, 1e-08, 0
571924801, 27.69, 2.83e-08, 1.12e-08, 1.77, 0, 1e-08, 0
575553601, 13.83, 3.02e-08, 1.4e-08, 1.77, 0, 1e-08, 0
576158401, 3.37, 1.53e-08, 1.15e-08, 1.77, 0, 1e-08, 0
577368001, 8.88, 1.83e-08, 1.23e-08, 1.77, 0, 1e-08, 0
577972801, 1.81, 7.67e-09, 7.92e-09, 1.77, 0, 1e-08, 0
579182401, 10.73, 1.39e-08, 9.68e-09, 1.77, 0, 1e-08, 0
579787201, 8.01, 1.95e-08, 1.28e-08, 1.77, 0, 1e-08, 0
582811201, 4.88, 9.33e-09, 8.98e-09, 1.77, 0, 1e-08, 0
584020801, 2.19, 1.06e-08, 1.1e-08, 1.77, 0, 1e-08, 0
584625601, 3.85, 7.76e-09, 6.96e-09, 1.77, 0, 1e-08, 0
586440001, 9.61, 2.5e-08, 1.43e-08, 1.77, 0, 1e-08, 0
587044801, 1.26, 7.93e-09, 1.02e-08, 1.77, 0, 1e-08, 0
588254401, 9.07, 1.99e-08, 1.35e-08, 1.77, 0, 1e-08, 0
590673601, 6.4, 2.42e-08, 1.66e-08, 1.77, 0, 1e-08, 0
591278401, 35.44, 4.18e-08, 1.39e-08, 1.77, 0, 1e-08, 0
591883201, 5.51, 1.42e-08, 1.22e-08, 1.77, 0, 1e-08, 0
592488001, 19.22, 2.08e-08, 1.18e-08, 1.77, 0, 1e-08, 0
593092801, 7.32, 1.97e-08, 1.33e-08, 1.77, 0, 1e-08, 0
593697601, 4.87, 2.99e-08, 1.75e-08, 1.77, 0, 1e-08, 0
594302401, 2.82, 1.75e-08, 1.45e-08, 1.77, 0, 1e-08, 0
594907201, 22.83, 3.38e-08, 1.52e-08, 1.77, 0, 1e-08, 0
595512001, 20.02, 4.68e-08, 1.68e-08, 1.77, 0, 1e-08, 0
596116801, 13.67, 1.28e-08, 8.8e-09, 1.77, 0, 1e-08, 0
596721601, 20.78, 3.22e-08, 1.56e-08, 1.77, 0, 1e-08, 0
597326401, 26.18, 3.24e-08, 1.44e-08, 1.77, 0, 1e-08, 0
597931201, 13.23, 2.27e-08, 1.52e-08, 1.77, 0, 1e-08, 0
600350401, 16.04, 3.65e-08, 1.77e-08, 1.77, 0, 1e-08, 0
600955201, 8.77, 9.64e-09, 7.67e-09, 1.77, 0, 1e-08, 0
601560001, 2.79, 6.37e-09, 7.01e-09, 1.77, 0, 1e-08, 0
602164801, 14.69, 3.19e-08, 1.73e-08, 1.77, 0, 1e-08, 0
602769601, 21.2, 1.33e-08, 6.83e-09, 1.77, 0, 1e-08, 0
603374401, 2.31, 1.15e-08, 9.8e-09, 1.77, 0, 1e-08, 0
603979201, 37.52, 3.25e-08, 1.38e-08, 1.77, 0, 1e-08, 0
605793601, 1.57, 1.1e-08, 1.28e-08, 1.77, 0, 1e-08, 0
606398401, 21.66, 2.3e-08, 1.29e-08, 1.77, 0, 1e-08, 0
607003201, 4.48, 1.44e-08, 1.16e-08, 1.77, 0, 1e-08, 0
607608001, 15.09, 4.58e-08, 1.74e-08, 1.77, 0, 1e-08, 0
608212801, 3.53, 1.21e-08, 1.03e-08, 1.77, 0, 1e-08, 0
608817601, 25.79, 3.77e-08, 1.52e-08, 1.77, 0, 1e-08, 0
609422401, 31.36, 3.89e-08, 1.58e-08, 1.77, 0, 1e-08, 0
610632001, 14.64, 2.12e-08, 1.23e-08, 1.77, 0, 1e-08, 0
611236801, 16.91, 3.78e-08, 1.57e-08, 1.77, 0, 1e-08, 0
611841601, 5.68, 2.3e-08, 1.43e-08, 1.77, 0, 1e-08, 0
612446401, 3.61, 1.57e-08, 1.47e-08, 1.77, 0, 1e-08, 0
613051201, 6.74, 2.83e-08, 2.41e-08, 1.77, 0, 1e-08, 0
613656001, 15.54, 2.08e-08, 1.43e-08, 1.77, 0, 1e-08, 0
614260801, 8.74, 1.76e-08, 1.25e-08, 1.77, 0, 1e-08, 0
614865601, 2.5, 1.19e-08, 1.07e-08, 1.77, 0, 1e-08, 0
615470401, 11.98, 1.9e-08, 1.11e-08, 1.77, 0, 1e-08, 0
617889601, 5.45, 2.36e-08, 1.49e-08, 1.77, 0, 1e-08, 0
618494401, 22.51, 1.97e-08, 1.08e-08, 1.77, 0, 1e-08, 0
619099201, 6.88, 1.92e-08, 1.42e-08, 1.77, 0, 1e-08, 0
620913601, 4.99, 1.42e-08, 1.11e-08, 1.77, 0, 1e-08, 0
621518401, 3.12, 1.55e-08, 1.24e-08, 1.77, 0, 1e-08, 0
622123201, 3.67, 1.54e-08, 1.28e-08, 1.77, 0, 1e-08, 0
622728001, 1.24, 6.61e-09, 8.6e-09, 1.77, 0, 1e-08, 0
623332801, 20.84, 2.51e-08, 1.16e-08, 1.77, 0, 1e-08, 0
625147201, 4.38, 1.37e-08, 1.23e-08, 1.77, 0, 1e-08, 0
626961601, 4.03, 1.01e-08, 8.8e-09, 1.77, 0, 1e-08, 0
627566401, 11.62, 1.33e-08, 8.71e-09, 1.77, 0, 1e-08, 0
628171201, 9.93, 1.34e-08, 8.52e-09, 1.77, 0, 1e-08, 0
629380801, 1.44, 9.67e-09, 1.08e-08, 1.77, 0, 1e-08, 0
629985601, 8.54, 4.93e-08, 2.5e-08, 1.77, 0, 1e-08, 0
630590401, 6.52, 5.19e-09, 5.11e-09, 1.77, 0, 1e-08, 0
631800001, 5.35, 3.21e-08, 1.91e-08, 1.77, 0, 1e-08, 0
633009601, 9.97, 1.82e-08, 1.08e-08, 1.77, 0, 1e-08, 0
634219201, 13.55, 1.78e-08, 1.13e-08, 1.77, 0, 1e-08, 0
634824001, 57.29, 3.7e-08, 1.16e-08, 1.77, 0, 1e-08, 0
635428801, 8.83, 1.58e-08, 8.98e-09, 1.77, 0, 1e-08, 0
636638401, 7.85, 1.37e-08, 9.78e-09, 1.77, 0, 1e-08, 0
637848001, 3.63, 9.4e-09, 8.7e-09, 1.77, 0, 1e-08, 0
638452801, 6.81, 1.76e-08, 1.14e-08, 1.77, 0, 1e-08, 0
639057601, 1.05, 7.97e-09, 1.01e-08, 1.77, 0, 1e-08, 0
639662401, 15.52, 2.21e-08, 1.19e-08, 1.77, 0, 1e-08, 0
640267201, 12.88, 2.99e-08, 1.39e-08, 1.77, 0, 1e-08, 0
640872001, 2.24, 1.01e-08, 1.1e-08, 1.77, 0, 1e-08, 0
641476801, 59.73, 5.35e-08, 1.58e-08, 1.77, 0, 1e-08, 0
642686401, 3.89, 1.89e-08, 1.58e-08, 1.77, 0, 1e-08, 0
645105601, 5.91, 5.18e-08, 3.5e-08, 1.77, 0, 1e-08, 0
648129601, 4.35, 1.97e-08, 1.39e-08, 1.77, 0, 1e-08, 0
648734401, 12.68, 1.18e-08, 8.19e-09, 1.77, 0, 1e-08, 0
649339201, 1.99, 9.59e-09, 1.04e-08, 1.77, 0, 1e-08, 0
649944001, 3.85, 1.45e-08, 1.28e-08, 1.77, 0, 1e-08, 0
650548801, 8.5, 6.9e-09, 6.71e-09, 1.77, 0, 1e-08, 0
651153601, 8.08, 1.41e-08, 1.22e-08, 1.77, 0, 1e-08, 0
651758401, 8.74, 2.68e-08, 1.5e-08, 1.77, 0, 1e-08, 0
652363201, 4.38, 1.69e-08, 1.43e-08, 1.77, 0, 1e-08, 0
653572801, 16.96, 2.34e-08, 1.21e-08, 1.77, 0, 1e-08, 0
654177601, 24.36, 2.64e-08, 1.19e-08, 1.77, 0, 1e-08, 0
654782401, 5.53, 1.98e-08, 1.25e-08, 1.77, 0, 1e-08, 0
655387201, 5.79, 1.21e-08, 8.31e-09, 1.77, 0, 1e-08, 0
655992001, 32.38, 3.97e-08, 1.7e-08, 1.77, 0, 1e-08, 0
656596801, 8.72, 1.01e-08, 8.88e-09, 1.77, 0, 1e-08, 0
658411201, 4.33, 9.72e-09, 9.59e-09, 1.77, 0, 1e-08, 0
659016001, 2.25, 1.18e-08, 1.08e-08, 1.77, 0, 1e-08, 0
659620801, 12.92, 3.3e-08, 1.56e-08, 1.77, 0, 1e-08, 0
661435201, 4.9, 2.49e-08, 1.63e-08, 1.77, 0, 1e-08, 0
662040001, 4.37, 1.42e-08, 1.06e-08, 1.77, 0, 1e-08, 0
665064001, 6.51, 1.2e-08, 9.48e-09, 1.77, 0, 1e-08, 0
666878401, 8.82, 1.36e-08, 8.59e-09, 1.77, 0, 1e-08, 0
667483201, 5.61, 1.47e-08, 9.5e-09, 1.77, 0, 1e-08, 0
668088001, 3.43, 9.18e-09, 8.83e-09, 1.77, 0, 1e-08, 0
670507201, 7.56, 1.82e-08, 1.3e-08, 1.77, 0, 1e-08, 0
671112001, 13.37, 2.72e-08, 1.73e-08, 1.77, 0, 1e-08, 0
671716801, 7.94, 2.4e-08, 1.47e-08, 1.77, 0, 1e-08, 0
672321601, 1.9, 1.17e-08, 1.13e-08, 1.77, 0, 1e-08, 0
672926401, 1.71, 2.17e-08, 2.18e-08, 1.77, 0, 1e-08, 0
673531201, 5.02, 8.05e-09, 7.56e-09, 1.77, 0, 1e-08, 0
674740801, 16.46, 2.28e-08, 1.19e-08, 1.77, 0, 1e-08, 0
675950401, 3.74, 1.77e-08, 1.31e-08, 1.77, 0, 1e-08, 0
676555201, 2.63, 2.15e-08, 1.76e-08, 1.77, 0, 1e-08, 0
677764801, 1.16, 4.97e-09, 6.71e-09, 1.77, 0, 1e-08, 0
679579201, 1.25, 1.13e-08, 1.29e-08, 1.77, 0, 1e-08, 0
680184001, 4.27, 1.57e-08, 1.17e-08, 1.77, 0, 1e-08, 0
681393601, 3.26, 1.64e-08, 1.27e-08, 1.77, 0, 1e-08, 0
681998401, 1.47, 5.98e-09, 7.31e-09, 1.77, 0, 1e-08, 0
683208001, 7.03, 2.25e-08, 1.46e-08, 1.77, 0, 1e-08, 0
683812801, 2.88, 1.69e-08, 1.39e-08, 1.77, 0, 1e-08, 0
684417601, 16.29, 2.62e-08, 1.33e-08, 1.77, 0, 1e-08, 0
685022401, 24.17, 2.41e-08, 1.13e-08, 1.77, 0, 1e-08, 0
686232001, 1.08, 1.14e-08, 1.43e-08, 1.77, 0, 1e-08, 0
686836801, 10.3, 2.51e-08, 1.29e-08, 1.77, 0, 1e-08, 0
687441601, 1.08, 6.01e-09, 7.88e-09, 1.77, 0, 1e-08, 0
688046401, 1.02, 9.26e-09, 1.19e-08, 1.77, 0, 1e-08, 0
688651201, 6.7, 1.34e-08, 1.01e-08, 1.77, 0, 1e-08, 0
689256001, 7.99, 1.96e-08, 1.19e-08, 1.77, 0, 1e-08, 0
689860801, 4.76, 2.36e-08, 1.72e-08, 1.77, 0, 1e-08, 0
691070401, 4.35, 1.77e-08, 1.37e-08, 1.77, 0, 1e-08, 0
691675201, 5.28, 1.31e-08, 9.32e-09, 1.77, 0, 1e-08, 0
692280001, 4.03, 1.96e-08, 1.4e-08, 1.77, 0, 1e-08, 0
694094401, 10.34, 1.71e-08, 1.1e-08, 1.77, 0, 1e-08, 0
694699201, 16.13, 2.58e-08, 1.36e-08, 1.77, 0, 1e-08, 0
695304001, 8.19, 2.89e-08, 1.54e-08, 1.77, 0, 1e-08, 0
696513601, 4.75, 2.18e-08, 1.4e-08, 1.77, 0, 1e-08, 0
698328001, 6.79, 2.41e-08, 1.31e-08, 1.77, 0, 1e-08, 0
698932801, 4.02, 9.35e-09, 7.53e-09, 1.77, 0, 1e-08, 0
699537601, 2.21, 5.45e-09, 6.27e-09, 1.77, 0, 1e-08, 0
700142401, 32.28, 3.28e-08, 1.36e-08, 1.77, 0, 1e-08, 0
701956801, 1.38, 6.52e-09, 8.19e-09, 1.77, 0, 1e-08, 0
703166401, 16.0, 2.87e-08, 1.26e-08, 1.77, 0, 1e-08, 0
703771201, 2.28, 6.01e-09, 6.78e-09, 1.77, 0, 1e-08, 0
704376001, 1.64, 8.61e-09, 9.57e-09, 1.77, 0, 1e-08, 0
704980801, 15.17, 2.21e-08, 1.31e-08, 1.77, 0, 1e-08, 0
705585601, 4.54, 7.32e-09, 7.38e-09, 1.77, 0, 1e-08, 0
706190401, 1.55, 1.66e-08, 1.81e-08, 1.77, 0, 1e-08, 0
706795201, 8.13, 2.93e-08, 1.78e-08, 1.77, 0, 1e-08, 0
707400001, 13.8, 3.02e-08, 1.62e-08, 1.77, 0, 1e-08, 0
708004801, 2.12, 9.12e-09, 9.79e-09, 1.77, 0, 1e-08, 0
709214401, 2.86, 1.85e-08, 1.8e-08, 1.77, 0, 1e-08, 0
710424001, 3.66, 1.57e-08, 1.34e-08, 1.77, 0, 1e-08, 0
711028801, 5.57, 2.64e-08, 1.62e-08, 1.77, 0, 1e-08, 0
711633601, 20.41, 3.9e-08, 1.86e-08, 1.77, 0, 1e-08, 0
712238401, 15.88, 2.14e-08, 1.08e-08, 1.77, 0, 1e-08, 0
712843201, 40.29, 4.21e-08, 1.71e-08, 1.77, 0, 1e-08, 0
714657601, 17.65, 4.24e-08, 2.02e-08, 1.77, 0, 1e-08, 0
715262401, 12.96, 2.16e-08, 1.38e-08, 1.77, 0, 1e-08, 0
715867201, 24.63, 4.44e-08, 1.79e-08, 1.77, 0, 1e-08, 0
716472001, 19.57, 2.98e-08, 1.32e-08, 1.77, 0, 1e-08, 0
717076801, 2.3, 8.39e-09, 8.22e-09, 1.77, 0, 1e-08, 0
717681601, 41.11, 4.91e-08, 1.78e-08, 1.77, 0, 1e-08, 0
718286401, 5.47, 1.06e-08, 8.29e-09, 1.77, 0, 1e-08, 0
718891201, 17.35, 1.74e-08, 9.9e-09, 1.77, 0, 1e-08, 0
719496001, 7.83, 1.54e-08, 1.14e-08, 1.77, 0, 1e-08, 0
720100801, 1.77, 6.92e-09, 7.57e-09, 1.77, 0, 1e-08, 0
720705601, 20.81, 3.18e-08, 1.48e-08, 1.77, 0, 1e-08, 0
721310401, 5.61, 2.17e-08, 1.54e-08, 1.77, 0, 1e-08, 0
723124801, 7.33, 1.71e-08, 1.28e-08, 1.77, 0, 1e-08, 0
723729601, 22.58, 2.87e-08, 1.31e-08, 1.77, 0, 1e-08, 0
725544001, 9.11, 2.15e-08, 1.34e-08, 1.77, 0, 1e-08, 0
726148801, 21.75, 2.47e-08, 1.13e-08, 1.77, 0, 1e-08, 0
728568001, 2.96, 1.58e-08, 1.22e-08, 1.77, 0, 1e-08, 0
731592001, 5.81, 1.24e-08, 9.48e-09, 1.77, 0, 1e-08, 0
733406401, 10.21, 1.36e-08, 1.12e-08, 1.77, 0, 1e-08, 0
735220801, 7.51, 9.53e-09, 7.47e-09, 1.77, 0, 1e-08, 0
735825601, 34.61, 5.02e-08, 1.75e-08, 1.77, 0, 1e-08, 0
737640001, 4.23, 1.88e-08, 1.34e-08, 1.77, 0, 1e-08, 0
738849601, 15.48, 2.42e-08, 1.55e-08, 1.77, 0, 1e-08, 0
739454401, 3.02, 9.76e-09, 1.03e-08, 1.77, 0, 1e-08, 0
740059201, 4.3, 2.23e-08, 1.61e-08, 1.77, 0, 1e-08, 0
741268801, 20.13, 4.22e-08, 2.1e-08, 1.77, 0, 1e-08, 0
