timestamp, ts, flux, flux_error, photon_index, photon_index_interval, fit_tolerance, fit_convergence
239716801, 4.14, 1.29e-07, 7.67e-08, 4.74, 1.62, 1e-08, 0
239976001, 2.01, 8.73e-08, 7.45e-08, 3.03, 1.03, 1e-08, 0
240753601, 2.34, 6.49e-08, 5.23e-08, 2.57, 0.69, 1e-08, 0
241272001, 1.62, 7.5e-08, 5.39e-07, 4.46, 2.01, 1e-08, 0
241531201, 3.24, 1.06e-07, 5.02e-07, 4.86, 1.31, 1e-08, 0
241790401, 3.16, 5e-08, 3.99e-08, 2.23, 0.6, 1e-08, 0
242049601, 8.02, 6.78e-08, 4.31e-08, 2.3, 0.51, 1e-08, 0
242308801, 12.02, 2.45e-08, 1.72e-08, 1.48, 0.43, 1e-08, 0
242568001, 6.67, 6.02e-08, 4.78e-08, 2.33, 0.6, 1e-08, 0
242827201, 7.62, 1.29e-07, 6.4e-08, 3.2, 0.68, 1e-08, 0
243086401, 2.35, 4.83e-08, 6.66e-08, 2.59, 1.87, 1e-08, 0
243345601, 1.67, 2.53e-08, 3.03e-08, 1.97, 0.86, 1e-08, 0
243604801, 8.23, 8.92e-08, 5.16e-08, 2.13, 0.49, 1e-08, 0
243864001, 25.88, 9.73e-08, 5.25e-08, 1.95, 0.37, 1e-08, 0
244123201, 32.31, 1.27e-07, 6.32e-08, 1.91, 0.34, 1e-08, 0
244382401, 20.14, 2.06e-07, 8.5e-08, 2.55, 0.4, 1e-08, 0
245160001, 14.31, 2.59e-07, 9.5e-08, 3.31, 0.48, 1e-08, 0
245419201, 1.05, 6.38e-08, 6.92e-08, 4.7, 2.21, 1e-08, 0
245678401, 2.55, 7.59e-08, 6.6e-08, 3.14, 0.9, 1e-08, 0
245937601, 4.64, 1.12e-07, 8.08e-08, 3.66, 4.77, 1e-08, 102
246456001, 4.02, 3.12e-08, 3.1e-08, 2.2, 0.7, 1e-08, 0
246715201, 13.51, 1.28e-07, 5.58e-08, 2.49, 0.4, 1e-08, 0
246974401, 1.64, 6e-08, 6.68e-08, 3.59, 6.51, 1e-08, 0
247752001, 3.09, 5.64e-08, 5.96e-08, 2.64, 1.01, 1e-08, 0
248011201, 18.36, 1.72e-07, 6.6e-08, 2.71, 0.43, 1e-08, 0
248270401, 8.81, 7.55e-08, 5.44e-08, 2.45, 0.59, 1e-08, 0
249048001, 4.67, 3.92e-09, 4.34e-09, 0.57, 0.75, 1e-08, 0
249566401, 2.4, 1.16e-07, 8.69e-08, 5.0, 0, 1e-08, 0
249825601, 1.19, 2.8e-08, 3.95e-08, 2.2, 1.11, 1e-08, 0
250603201, 2.6, 7.32e-08, 5.56e-08, 3.03, 0.79, 1e-08, 0
251121601, 4.41, 7.47e-08, 5.81e-08, 2.76, 0.77, 1e-08, 0
251380801, 2.44, 7.09e-08, 5.22e-08, 3.03, 0.83, 1e-08, 0
251640001, 1.69, 6.77e-08, 3.97e-07, 4.94, 1.6, 1e-08, 0
252158401, 6.47, 9.5e-08, 5.89e-08, 2.9, 0.71, 1e-08, 0
252417601, 3.4, 7.37e-09, 1.26e-08, 1.46, 1, 1e-08, 0
252676801, 2.25, 8.81e-08, 6.21e-08, 4.41, 5.79, 1e-08, 102
253195201, 4.0, 9.1e-08, 6.08e-08, 2.52, 0.54, 1e-08, 0
253713601, 4.36, 1.59e-07, 1.03e-07, 5.0, 0, 1e-08, 0
254491201, 6.78, 1.64e-07, 7.91e-08, 3.69, 1.42, 1e-08, 0
256564801, 3.84, 6.46e-08, 4.56e-08, 2.75, 0.69, 1e-08, 0
257083201, 2.93, 9.75e-08, 6.74e-08, 5.0, 0, 1e-08, 0
257601601, 1.72, 7.84e-08, 6.86e-08, 4.03, 6.67, 1e-08, 102
259156801, 1.63, 1.57e-08, 2.32e-08, 1.91, 0.99, 1e-08, 0
259416001, 2.17, 1.81e-08, 2.36e-08, 1.65, 0.77, 1e-08, 0
260712001, 5.53, 1.3e-07, 6.42e-08, 4.21, 3.94, 1e-08, 102
261489601, 1.75, 1.22e-08, 1.52e-08, 1.68, 0.78, 1e-08, 0
261748801, 2.27, 8.45e-08, 7.64e-08, 5.0, 0, 1e-08, 0
262008001, 1.32, 1.46e-08, 2.87e-08, 1.81, 1.08, 1e-08, 0
262267201, 5.09, 8.19e-08, 7.51e-08, 2.45, 0.75, 1e-08, 0
263304001, 7.78, 2.11e-07, 1.21e-07, 5.0, 0, 1e-08, 0
264859201, 2.95, 8.21e-08, 6.2e-08, 3.02, 0.79, 1e-08, 0
265636801, 1.2, 5.38e-08, 6.54e-08, 5.0, 0, 1e-08, 0
266414401, 1.35, 5.96e-08, 6.05e-08, 3.78, 7.82, 1e-08, 102
266932801, 1.08, 1.72e-08, 2.55e-08, 1.89, 0.86, 1e-08, 0
267451201, 2.59, 1.03e-07, 8.11e-08, 3.9, 5.77, 1e-08, 102
267710401, 1.6, 9.6e-08, 8.89e-08, 4.59, 1.14, 1e-08, 0
268228801, 3.61, 1.28e-07, 8.37e-08, 5.0, 0, 1e-08, 0
268747201, 3.78, 1.15e-07, 8.91e-08, 5.0, 0, 1e-08, 0
269006401, 2.99, 3.96e-08, 4.49e-08, 2.24, 0.87, 1e-08, 0
270043201, 3.15, 4.34e-08, 3.76e-08, 2.12, 0.59, 1e-08, 0
270561601, 1.08, 5.47e-08, 6.01e-08, 4.82, 2.6, 1e-08, 0
272635201, 2.66, 1.13e-07, 9.1e-08, 5.0, 0, 1e-08, 0
274968001, 4.32, 7.53e-08, 5.15e-08, 2.68, 0.57, 1e-08, 0
275227201, 4.48, 4.24e-08, 3.13e-08, 1.92, 0.48, 1e-08, 0
275486401, 1.28, 5.71e-08, 6.77e-08, 3.39, 8.63, 1e-08, 102
276264001, 6.24, 7.71e-08, 4.99e-08, 1.97, 0.44, 1e-08, 0
276523201, 11.53, 3.54e-07, 1.36e-07, 5.0, 0, 1e-08, 0
278596801, 1.37, 4.17e-08, 4.24e-08, 2.92, 0.86, 1e-08, 0
279115201, 1.22, 4.82e-08, 4.71e-08, 3.62, 8.14, 1e-08, 102
279374401, 2.26, 1.06e-08, 1.89e-08, 1.48, 1.09, 1e-08, 0
279633601, 3.45, 1.19e-08, 1.21e-08, 1.5, 0.64, 1e-08, 0
280152001, 3.5, 1.01e-07, 7.18e-08, 5.0, 0, 1e-08, 0
281448001, 1.81, 4.11e-08, 5.55e-08, 2.27, 0.9, 1e-08, 0
281966401, 3.4, 1.72e-07, 1.94e-07, 3.71, 5.54, 1e-08, 102
282484801, 3.61, 1.16e-07, 8.59e-08, 3.74, 5.18, 1e-08, 0
282744001, 3.94, 4.54e-09, 5.39e-09, 0.89, 0.78, 1e-08, 0
283003201, 1.02, 4.85e-08, 5.94e-08, 5.0, 0, 1e-08, 0
284040001, 1.71, 6.36e-08, 6.52e-08, 5.0, 0, 1e-08, 0
284817601, 2.48, 4.48e-08, 4.23e-08, 2.59, 0.79, 1e-08, 0
285076801, 2.03, 7.17e-08, 6.12e-08, 3.39, 0.83, 1e-08, 0
285854401, 1.08, 8.35e-08, 9.46e-08, 3.21, 1.51, 1e-08, 0
286891201, 2.94, 8.78e-08, 6.93e-08, 2.56, 0.73, 1e-08, 0
287928001, 16.9, 2.09e-07, 6.6e-08, 5.0, 0, 1e-08, 0
288187201, 1.47, 1.68e-08, 1.89e-08, 1.85, 0.68, 1e-08, 0
288446401, 2.43, 6.21e-08, 4.61e-08, 3.2, 0.98, 1e-08, 0
288705601, 3.44, 8.79e-08, 5.52e-08, 3.1, 0.84, 1e-08, 0
288964801, 3.88, 7.96e-08, 4.93e-08, 2.79, 0.62, 1e-08, 0
289483201, 3.05, 5.39e-08, 5.11e-08, 2.54, 0.85, 1e-08, 0
292075201, 1.08, 6.96e-09, 1.26e-08, 1.67, 1.14, 1e-08, 0
292593601, 1.11, 3.12e-08, 3.73e-08, 2.69, 0.95, 1e-08, 0
294148801, 13.28, 2.21e-07, 1.07e-07, 5.0, 0, 1e-08, 0
294408001, 2.5, 8.93e-08, 8.58e-08, 5.0, 0, 1e-08, 0
294667201, 1.03, 1.18e-08, 2.01e-08, 1.73, 0.97, 1e-08, 0
295704001, 3.78, 1.57e-07, 1.01e-07, 5.0, 0, 1e-08, 0
297000001, 1.35, 6.21e-08, 6.6e-08, 5.0, 0, 1e-08, 0
297259201, 4.47, 6.73e-08, 4.86e-08, 2.51, 0.63, 1e-08, 0
298296001, 1.75, 1.96e-08, 2.66e-08, 2.02, 0.98, 1e-08, 0
298814401, 2.48, 1.15e-08, 1.63e-08, 1.53, 0.78, 1e-08, 0
299073601, 1.56, 4.16e-08, 5.27e-08, 2.63, 1.06, 1e-08, 0
301147201, 4.34, 1.42e-07, 9.31e-08, 3.73, 4.55, 1e-08, 102
301406401, 6.88, 1.72e-07, 7.52e-08, 4.61, 3.26, 1e-08, 102
301665601, 1.23, 4.09e-08, 4.46e-08, 2.73, 1.04, 1e-08, 0
301924801, 1.58, 3.52e-08, 4.02e-08, 2.04, 0.76, 1e-08, 0
302184001, 3.33, 2.55e-08, 2.47e-08, 2.01, 0.76, 1e-08, 0
302443201, 1.32, 3.34e-08, 3.53e-08, 2.61, 0.88, 1e-08, 0
302702401, 3.65, 8.29e-08, 5.83e-08, 3.19, 2.09, 1e-08, 0
303739201, 4.2, 1.76e-07, 1.16e-07, 5.0, 0, 1e-08, 0
305035201, 1.19, 1.05e-07, 2.91e-06, 4.6, 7.67, 1e-08, 102
306072001, 1.4, 7.01e-08, 6.28e-08, 3.99, 7.1, 1e-08, 102
306331201, 1.88, 6.68e-08, 5.73e-08, 3.55, 1.45, 1e-08, 0
307627201, 1.66, 6.87e-08, 6.12e-08, 5.0, 0, 1e-08, 0
308145601, 3.88, 1.56e-07, 1.12e-07, 5.0, 0, 1e-08, 0
309441601, 1.0, 7.26e-08, 1.12e-07, 2.66, 1.68, 1e-08, 0
310996801, 2.41, 3.48e-08, 3.01e-08, 2.12, 0.56, 1e-08, 0
312033601, 3.05, 9.45e-08, 5.77e-08, 4.33, 4.89, 1e-08, 102
313070401, 1.23, 8.78e-08, 9.22e-08, 4.24, 1.95, 1e-08, 0
314884801, 3.19, 1.09e-07, 8.8e-08, 5.0, 0, 1e-08, 0
315403201, 1.14, 4.17e-08, 6.54e-08, 4.98, 0.38, 1e-08, 0
317476801, 5.04, 1.29e-07, 9.68e-08, 2.8, 0.9, 1e-08, 0
317736001, 1.81, 4.47e-08, 5.39e-08, 2.55, 0.83, 1e-08, 0
318513601, 5.4, 9.54e-09, 1.35e-08, 1.2, 0.89, 1e-08, 0
319550401, 3.07, 1.18e-07, 7.81e-08, 3.45, 1.76, 1e-08, 0
319809601, 2.88, 7.72e-08, 1.47e-07, 3.33, 6.97, 1e-08, 102
320068801, 13.45, 6.69e-09, 5.29e-09, 0.7, 0.52, 1e-08, 0
320328001, 4.44, 4.88e-08, 3.64e-08, 2.28, 0.76, 1e-08, 0
320587201, 2.23, 6.54e-08, 6.25e-08, 5.0, 0, 1e-08, 0
320846401, 3.06, 3.75e-08, 3.28e-08, 2.29, 0.63, 1e-08, 0
321624001, 9.97, 2e-07, 1.09e-07, 5.0, 0, 1e-08, 0
321883201, 6.47, 2.77e-08, 2.94e-08, 1.62, 0.63, 1e-08, 0
322142401, 3.36, 1.47e-07, 1.22e-07, 5.0, 0, 1e-08, 0
322660801, 1.43, 1.17e-07, 1.2e-07, 3.02, 1.7, 1e-08, 0
323697601, 1.4, 1.51e-08, 2.01e-08, 1.68, 0.81, 1e-08, 0
324475201, 1.11, 3.6e-07, 4.87e-07, 3.04, 1.46, 1e-08, 0
326289601, 1.04, 5.48e-08, 7.1e-08, 4.49, 10, 1e-08, 0
327326401, 3.94, 1.59e-07, 1.09e-07, 3.14, 1.04, 1e-08, 0
329140801, 3.42, 1.19e-08, 1.18e-08, 1.27, 0.64, 1e-08, 0
329400001, 1.07, 4.11e-08, 4.44e-08, 3.2, 2.16, 1e-08, 0
329918401, 8.11, 5.41e-08, 3.5e-08, 2.12, 0.45, 1e-08, 0
332510401, 1.82, 1.12e-07, 1.16e-07, 3.47, 2.31, 1e-08, 0
333028801, 2.24, 1.08e-07, 8.73e-08, 3.2, 1.08, 1e-08, 0
334065601, 1.81, 6.77e-08, 5.31e-08, 4.34, 6.28, 1e-08, 102
334843201, 2.41, 5.64e-08, 4.45e-08, 2.99, 0.97, 1e-08, 0
335102401, 3.65, 5.83e-08, 4.36e-08, 2.47, 0.63, 1e-08, 0
335361601, 1.95, 7.58e-08, 7.1e-08, 5.0, 0, 1e-08, 0
335620801, 1.52, 2.52e-09, 3.23e-09, 0.0, 0, 1e-08, 0
336139201, 2.26, 1.21e-07, 9.7e-08, 3.98, 6.05, 1e-08, 102
336398401, 3.6, 5.27e-08, 5.61e-08, 2.12, 0.64, 1e-08, 0
336916801, 1.77, 1.3e-07, 1.16e-07, 3.38, 2.23, 1e-08, 0
338472001, 2.85, 3.88e-08, 4.13e-08, 2.4, 0.78, 1e-08, 0
339768001, 1.6, 4.41e-08, 4.16e-08, 2.75, 0.76, 1e-08, 0
340027201, 3.95, 1.25e-07, 7.41e-08, 5.0, 0, 1e-08, 0
340286401, 3.27, 1.11e-07, 6.79e-08, 4.23, 4.94, 1e-08, 102
340545601, 2.54, 8.74e-08, 7.08e-08, 2.99, 1.31, 1e-08, 0
340804801, 3.17, 8.2e-09, 9.68e-09, 1.08, 0.7, 1e-08, 0
341582401, 4.36, 9.41e-08, 7.5e-08, 2.37, 0.62, 1e-08, 0
341841601, 1.63, 1.72e-08, 1.98e-08, 1.38, 0.69, 1e-08, 0
342100801, 2.2, 1.18e-07, 9.22e-08, 3.64, 2.3, 1e-08, 0
342619201, 5.58, 7.24e-08, 5.17e-08, 2.23, 0.55, 1e-08, 0
343137601, 6.21, 4.88e-08, 4.17e-08, 2.19, 0.59, 1e-08, 0
343396801, 5.51, 1.11e-07, 5.71e-08, 3.64, 1.63, 1e-08, 0
344174401, 1.53, 6.28e-08, 4.5e-07, 4.64, 1.97, 1e-08, 0
344433601, 5.2, 4.67e-09, 6.21e-09, 1.0, 0.82, 1e-08, 0
345470401, 3.65, 1.73e-08, 1.84e-08, 1.41, 0.67, 1e-08, 0
345729601, 1.87, 4.87e-09, 6.73e-09, 0.59, 0.88, 1e-08, 0
346248001, 1.65, 8.28e-08, 9.92e-08, 2.83, 2.06, 1e-08, 0
346766401, 4.24, 1.41e-07, 1.04e-07, 3.48, 1.54, 1e-08, 0
347025601, 5.95, 5.94e-08, 5.54e-08, 2.28, 0.63, 1e-08, 0
347803201, 1.24, 5.2e-08, 5.41e-08, 4.97, 1.04, 1e-08, 0
348062401, 7.41, 1.35e-08, 1.29e-08, 1.31, 0.52, 1e-08, 0
348321601, 2.75, 8.23e-08, 6.96e-08, 5.0, 0, 1e-08, 0
348840001, 1.65, 5.27e-08, 4.85e-08, 3.25, 1.45, 1e-08, 0
349099201, 5.12, 4.56e-08, 3.46e-08, 2.22, 0.54, 1e-08, 0
349358401, 1.29, 4.78e-08, 4.81e-08, 3.06, 1.54, 1e-08, 0
349617601, 1.06, 4.08e-08, 4.83e-08, 2.87, 1.17, 1e-08, 0
350654401, 5.75, 9.67e-08, 7.03e-08, 2.37, 0.6, 1e-08, 0
351172801, 5.8, 3.7e-08, 3.17e-08, 1.81, 0.58, 1e-08, 0
352209601, 5.82, 1.34e-07, 6.6e-08, 3.74, 3.87, 1e-08, 102
352468801, 7.74, 1.57e-07, 6.9e-08, 4.14, 0.96, 1e-08, 0
353505601, 5.05, 1.17e-07, 7.59e-08, 5.0, 0, 1e-08, 0
354024001, 4.12, 4.29e-09, 5.26e-09, 0.86, 0.81, 1e-08, 0
354283201, 3.65, 1.13e-07, 8.01e-08, 3.49, 1.76, 1e-08, 0
354801601, 3.33, 8.86e-08, 6.76e-08, 2.32, 0.54, 1e-08, 0
355060801, 1.5, 5.95e-08, 1.09e-07, 2.42, 1.58, 1e-08, 0
356616001, 5.1, 1.3e-07, 7.12e-08, 3.72, 1.39, 1e-08, 0
356875201, 2.34, 6.46e-08, 5.02e-08, 5.0, 0, 1e-08, 0
358171201, 1.98, 3.98e-08, 3.62e-08, 2.25, 0.77, 1e-08, 0
358430401, 4.44, 1.12e-07, 6.62e-08, 5.0, 0, 1e-08, 0
358689601, 3.62, 1.1e-07, 6.79e-08, 3.87, 4.95, 1e-08, 102
360763201, 1.38, 3.34e-08, 4.6e-08, 2.21, 0.94, 1e-08, 0
361281601, 3.9, 9.41e-08, 6.39e-08, 3.58, 1.1, 1e-08, 0
363873601, 3.41, 3.75e-08, 3.68e-08, 1.78, 0.66, 1e-08, 0
364392001, 1.24, 9.89e-08, 1.03e-07, 3.19, 1.35, 1e-08, 0
364651201, 2.15, 9.29e-08, 9.5e-08, 2.69, 0.87, 1e-08, 0
365428801, 2.71, 1.13e-07, 7.71e-08, 4.27, 5.51, 1e-08, 102
365947201, 3.47, 2.74e-08, 2.97e-08, 2.1, 0.73, 1e-08, 0
366724801, 8.07, 1.34e-07, 7.07e-08, 5.0, 0, 1e-08, 0
366984001, 5.06, 9.42e-08, 5.5e-08, 3.31, 0.79, 1e-08, 0
367243201, 2.17, 4.81e-08, 4.04e-08, 3.0, 0.96, 1e-08, 0
367761601, 2.77, 8.04e-08, 1.13e-07, 3.38, 6.66, 1e-08, 102
368539201, 3.22, 3.32e-08, 3.91e-08, 1.64, 0.71, 1e-08, 0
369057601, 1.08, 1.97e-08, 2.71e-08, 1.42, 0.73, 1e-08, 0
369576001, 3.89, 2.1e-07, 1.32e-07, 5.0, 0, 1e-08, 0
370872001, 2.52, 7.17e-08, 5.24e-08, 3.61, 3.48, 1e-08, 0
371131201, 1.98, 7.82e-08, 6.26e-08, 4.8, 2.52, 1e-08, 0
371649601, 1.2, 8.29e-09, 1.34e-08, 1.84, 1, 1e-08, 0
373204801, 2.35, 1.37e-07, 1.04e-07, 5.0, 0, 1e-08, 0
376056001, 3.6, 8.77e-08, 5.35e-08, 4.82, 2.27, 1e-08, 0
376315201, 5.01, 4.81e-09, 1.15e-08, 0.38, 0.51, 1e-08, 0
376833601, 2.16, 8.9e-08, 7.78e-08, 5.0, 0, 1e-08, 0
377092801, 7.37, 2.98e-09, 3.07e-09, 0.15, 0.84, 1e-08, 0
377870401, 5.71, 4.87e-08, 3.7e-08, 1.75, 0.48, 1e-08, 0
378388801, 1.88, 1.95e-08, 2.41e-08, 1.83, 0.81, 1e-08, 0
379944001, 1.49, 5.94e-08, 6.57e-08, 5.0, 0, 1e-08, 0
380462401, 1.39, 8.85e-09, 1.36e-08, 1.78, 0.92, 1e-08, 0
380980801, 1.45, 5.81e-08, 5.38e-08, 3.7, 7.44, 1e-08, 102
381240001, 1.3, 5.69e-08, 5.69e-08, 4.2, 2.18, 1e-08, 0
382017601, 5.63, 1.63e-07, 8.83e-08, 3.69, 4.08, 1e-08, 0
382276801, 1.87, 7.68e-08, 7.74e-08, 2.78, 0.86, 1e-08, 0
383054401, 3.87, 1.17e-07, 8.43e-08, 2.77, 0.75, 1e-08, 0
385128001, 7.57, 1.12e-07, 5.31e-08, 3.26, 1.06, 1e-08, 0
385905601, 1.09, 1.43e-08, 2.3e-08, 1.89, 0.95, 1e-08, 0
386164801, 2.91, 7.53e-08, 5.89e-08, 2.74, 0.72, 1e-08, 0
387201601, 7.29, 2.67e-07, 1.32e-07, 3.88, 1.06, 1e-08, 0
387460801, 2.38, 1.77e-08, 2.51e-08, 1.68, 0.87, 1e-08, 0
387979201, 3.01, 8.34e-09, 1.15e-08, 1.27, 0.92, 1e-08, 0
388238401, 2.39, 1.26e-07, 9.61e-08, 4.65, 1.98, 1e-08, 0
389275201, 1.43, 1.53e-08, 2.38e-08, 2.06, 1.01, 1e-08, 0
390312001, 2.51, 5.45e-08, 5.45e-08, 2.06, 0.74, 1e-08, 0
391348801, 1.07, 6.98e-08, 8.43e-08, 3.35, 1.87, 1e-08, 0
391608001, 9.89, 3.61e-08, 3.49e-08, 1.45, 0.53, 1e-08, 0
392385601, 1.78, 1.02e-07, 1.04e-07, 5.0, 0, 1e-08, 0
393422401, 1.17, 2.53e-08, 5.13e-08, 2.55, 1.83, 1e-08, 0
393681601, 1.06, 5.72e-08, 6.79e-08, 5.0, 0, 1e-08, 0
394200001, 2.37, 7.14e-08, 9.28e-08, 3.54, 6.58, 1e-08, 102
394718401, 1.51, 5.29e-08, 2.81e-07, 4.24, 1.5, 1e-08, 0
395755201, 1.25, 3e-08, 4.3e-08, 2.5, 1.05, 1e-08, 0
396014401, 2.75, 1.35e-07, 1.2e-07, 5.0, 0, 1e-08, 0
396532801, 2.13, 2.26e-08, 4.33e-08, 1.8, 1.07, 1e-08, 0
397569601, 13.47, 1.81e-07, 8.21e-08, 2.68, 0.45, 1e-08, 0
399902401, 2.19, 4.33e-08, 9.06e-08, 2.65, 1.71, 1e-08, 0
400939201, 4.49, 2.97e-08, 5.9e-08, 1.7, 1.13, 1e-08, 0
401198401, 2.91, 1.74e-07, 1.3e-07, 3.96, 5.14, 1e-08, 102
402235201, 2.69, 1.13e-07, 8.98e-08, 3.63, 5.87, 1e-08, 102
402494401, 3.46, 9.81e-09, 1.76e-08, 1.39, 1.02, 1e-08, 0
403012801, 8.97, 1.07e-07, 5.12e-08, 2.73, 0.48, 1e-08, 0
403272001, 35.79, 1.19e-07, 4.62e-08, 1.92, 0.29, 1e-08, 0
403531201, 6.79, 9.2e-08, 5.51e-08, 2.65, 0.56, 1e-08, 0
403790401, 5.12, 5.41e-08, 4.61e-08, 2.26, 0.69, 1e-08, 0
404308801, 30.4, 1.69e-07, 6e-08, 2.42, 0.31, 1e-08, 0
404568001, 7.03, 3.93e-08, 2.72e-08, 2.29, 0.54, 1e-08, 0
404827201, 15.73, 1.45e-07, 5.32e-08, 2.66, 0.42, 1e-08, 0
405086401, 19.23, 2.02e-07, 9.05e-08, 2.2, 0.36, 1e-08, 0
405345601, 9.23, 2.79e-08, 2.56e-08, 1.45, 0.57, 1e-08, 0
405604801, 8.02, 1.09e-07, 1.07e-07, 2.39, 0.74, 1e-08, 0
405864001, 5.15, 1.48e-07, 1.01e-07, 2.91, 0.92, 1e-08, 0
406123201, 7.62, 2.29e-07, 2.49e-07, 3.52, 3.47, 1e-08, 0
406900801, 2.23, 6.05e-08, 1.07e-07, 2.66, 2.81, 1e-08, 0
407160001, 4.67, 5.43e-08, 5.69e-08, 2.16, 0.82, 1e-08, 0
407419201, 3.4, 3.19e-08, 3.46e-08, 2.28, 0.77, 1e-08, 0
407678401, 9.36, 6.66e-08, 4.33e-08, 2.33, 0.53, 1e-08, 0
407937601, 8.45, 8.38e-08, 4.33e-08, 2.57, 0.48, 1e-08, 0
408196801, 30.59, 7.34e-08, 3.07e-08, 2.16, 0.32, 1e-08, 0
408456001, 7.01, 1.23e-07, 5.28e-08, 4.37, 3.4, 1e-08, 102
408715201, 11.18, 6.07e-08, 3.48e-08, 2.28, 0.45, 1e-08, 0
409233601, 1.72, 7.66e-08, 7.35e-08, 2.94, 0.82, 1e-08, 0
409492801, 1.87, 8.26e-08, 8.96e-08, 3.19, 2.8, 1e-08, 0
409752001, 1.32, 8.56e-08, 8.55e-08, 3.48, 1.3, 1e-08, 0
410011201, 3.5, 1.46e-08, 1.9e-08, 1.5, 0.8, 1e-08, 0
410788801, 1.36, 9.76e-09, 1.47e-08, 1.28, 0.83, 1e-08, 0
411048001, 2.68, 7.83e-08, 6.78e-08, 2.55, 0.66, 1e-08, 0
411307201, 2.66, 1.57e-07, 1.12e-07, 4.48, 1.74, 1e-08, 0
413380801, 2.46, 3.03e-08, 3.67e-08, 1.89, 0.83, 1e-08, 0
413640001, 11.8, 1.58e-07, 7.81e-08, 2.49, 0.44, 1e-08, 0
413899201, 17.18, 1.03e-07, 5.91e-08, 2.05, 0.4, 1e-08, 0
414158401, 25.36, 9.33e-08, 4.29e-08, 1.68, 0.3, 1e-08, 0
414417601, 13.59, 1.32e-07, 8.7e-08, 2.29, 0.49, 1e-08, 0
414676801, 3.85, 1.51e-07, 1.04e-07, 3.09, 0.77, 1e-08, 0
414936001, 3.99, 3.21e-08, 2.8e-08, 1.56, 0.52, 1e-08, 0
415195201, 8.84, 9.68e-08, 9.12e-08, 2.28, 0.71, 1e-08, 0
415454401, 5.68, 1.88e-07, 1.01e-07, 3.41, 0.66, 1e-08, 0
415972801, 5.9, 1.18e-08, 1.15e-08, 1.1, 0.58, 1e-08, 0
416232001, 4.33, 3.63e-08, 4.22e-08, 1.85, 0.79, 1e-08, 0
417009601, 1.02, 4.29e-08, 5.26e-08, 2.72, 1.01, 1e-08, 0
417787201, 4.25, 5.69e-08, 4.81e-08, 2.17, 0.74, 1e-08, 0
418046401, 5.35, 1.06e-07, 5.33e-08, 4.68, 1.49, 1e-08, 0
418564801, 5.5, 1.78e-07, 9.02e-08, 4.35, 3.78, 1e-08, 102
419342401, 2.11, 1.11e-07, 9e-08, 3.35, 1.26, 1e-08, 0
419601601, 3.98, 1.49e-08, 1.64e-08, 1.38, 0.59, 1e-08, 0
419860801, 1.18, 1.17e-08, 1.78e-08, 1.5, 0.74, 1e-08, 0
421156801, 2.33, 1.84e-08, 2.02e-08, 1.86, 0.69, 1e-08, 0
421416001, 3.44, 6.98e-08, 4.73e-08, 3.07, 0.76, 1e-08, 0
421675201, 1.06, 4.11e-08, 4.18e-08, 4.2, 8.4, 1e-08, 102
421934401, 6.48, 2.66e-08, 1.92e-08, 1.79, 0.47, 1e-08, 0
422193601, 14.74, 1.04e-07, 5.27e-08, 2.51, 0.49, 1e-08, 0
422452801, 5.33, 1.06e-07, 6.9e-08, 5.0, 0, 1e-08, 0
422971201, 4.76, 3.53e-08, 4.01e-08, 1.95, 0.74, 1e-08, 0
423748801, 4.54, 5.05e-08, 3.53e-08, 2.37, 0.62, 1e-08, 0
424267201, 1.91, 5.14e-08, 4.13e-08, 3.23, 2.23, 1e-08, 0
424526401, 1.17, 1.5e-08, 1.96e-08, 2.16, 0.8, 1e-08, 0
425304001, 16.58, 4.09e-08, 2.53e-08, 1.77, 0.39, 1e-08, 0
425563201, 1.28, 1.94e-08, 2.99e-08, 1.84, 0.96, 1e-08, 0
426081601, 17.42, 6.76e-08, 3.64e-08, 1.99, 0.38, 1e-08, 0
426600001, 6.97, 9.48e-08, 5.31e-08, 2.8, 0.58, 1e-08, 0
426859201, 12.53, 1.64e-07, 6.82e-08, 2.6, 0.43, 1e-08, 0
427118401, 4.85, 1.29e-07, 7.58e-08, 3.48, 1.08, 1e-08, 0
427636801, 4.6, 4.04e-08, 4.09e-08, 1.89, 0.68, 1e-08, 0
427896001, 1.71, 4.71e-09, 7.4e-09, 0.9, 1.02, 1e-08, 0
428155201, 1.57, 8.52e-08, 1.16e-07, 3.6, 6.02, 1e-08, 0
428414401, 3.93, 1.3e-07, 9.99e-08, 3.1, 0.95, 1e-08, 0
428673601, 10.94, 4.21e-08, 3.5e-08, 1.69, 0.49, 1e-08, 0
429710401, 2.63, 8.94e-08, 7.26e-08, 3.16, 0.81, 1e-08, 0
429969601, 6.62, 1.35e-07, 8.6e-08, 2.57, 0.6, 1e-08, 0
430747201, 1.0, NaN, NaN, NaN, NaN, 1e-08, 102
431006401, 4.6, 6.64e-08, 7.04e-08, 2.71, 0.98, 1e-08, 0
431524801, 7.05, 8.65e-08, 6.35e-08, 2.63, 0.77, 1e-08, 0
432043201, 6.47, 1.18e-07, 7.61e-08, 2.7, 0.68, 1e-08, 0
432820801, 1.49, 5.88e-08, 6.44e-08, 2.69, 0.88, 1e-08, 0
433857601, 2.74, 1.4e-07, 1.14e-07, 3.91, 5.43, 1e-08, 102
434635201, 5.59, 2.01e-07, 1.08e-07, 3.79, 2.86, 1e-08, 0
435672001, 5.4, 6.74e-09, 7.77e-09, 0.99, 0.87, 1e-08, 0
435931201, 1.79, 3.15e-08, 3.23e-08, 2.28, 0.74, 1e-08, 0
436708801, 7.57, 2.02e-07, 9.1e-08, 4.88, 1.95, 1e-08, 0
437227201, 14.48, 2.71e-08, 2.07e-08, 1.2, 0.48, 1e-08, 0
437745601, 2.95, 1.2e-07, 8.8e-08, 3.12, 0.96, 1e-08, 0
438004801, 2.04, 4.47e-08, 4.42e-08, 2.03, 0.58, 1e-08, 0
438264001, 1.42, 9.37e-08, 9.04e-08, 3.78, 1.22, 1e-08, 0
438782401, 1.59, 8.86e-08, 7.86e-08, 3.4, 1.13, 1e-08, 0
440078401, 2.61, 5.64e-08, 4.2e-08, 3.14, 0.82, 1e-08, 0
440337601, 2.08, 7.12e-08, 3.58e-07, 4.78, 1.39, 1e-08, 0
440596801, 2.31, 3.91e-08, 3.5e-08, 2.33, 0.65, 1e-08, 0
441115201, 2.78, 9.11e-08, 5.71e-08, 4.53, 5.07, 1e-08, 102
441374401, 8.43, 3.72e-09, 4.12e-09, 0.69, 0.75, 1e-08, 0
441633601, 3.26, 4.87e-08, 4.51e-08, 2.29, 0.69, 1e-08, 0
441892801, 7.73, 1.99e-07, 1.15e-07, 5.0, 0, 1e-08, 0
442152001, 11.98, 1.23e-07, 6.51e-08, 2.47, 0.45, 1e-08, 0
442411201, 1.79, 7.49e-08, 6.79e-08, 2.68, 0.76, 1e-08, 0
442670401, 2.06, 1.03e-07, 1.07e-07, 5.0, 0, 1e-08, 0
442929601, 7.6, 5.8e-09, 7.58e-09, 0.85, 0.9, 1e-08, 0
443188801, 4.42, 1.4e-07, 7.99e-08, 4.25, 4.44, 1e-08, 102
443448001, 1.82, 8.32e-08, 7.5e-08, 3.48, 1.15, 1e-08, 0
445003201, 3.08, 8.32e-08, 5.38e-08, 4.88, 5.02, 1e-08, 102
445262401, 1.89, 5.7e-08, 4.98e-08, 3.22, 1.75, 1e-08, 0
446817601, 7.9, 2.76e-07, 1.26e-07, 5.0, 0, 1e-08, 0
447336001, 2.02, 1.24e-07, 1.05e-07, 5.0, 0, 1e-08, 0
448372801, 2.68, 1.11e-07, 7.62e-08, 4.68, 5.45, 1e-08, 102
449928001, 1.72, 4.62e-08, 4.37e-08, 2.83, 1.15, 1e-08, 0
450446401, 1.81, 6.15e-08, 6.14e-08, 3.17, 1.4, 1e-08, 0
451224001, 3.91, 4.14e-08, 3.5e-08, 1.78, 0.53, 1e-08, 0
451483201, 8.15, 2.75e-07, 1.2e-07, 4.53, 3.21, 1e-08, 102
451742401, 2.54, 1.37e-07, 1.07e-07, 3.52, 2.61, 1e-08, 0
452001601, 2.12, 2.14e-08, 2.67e-08, 1.53, 0.69, 1e-08, 0
453297601, 1.16, 5.68e-09, 1.08e-08, 1.39, 1.1, 1e-08, 0
453556801, 2.11, 6.89e-08, 6.2e-08, 5.0, 0, 1e-08, 0
453816001, 2.56, 4.73e-08, 3.64e-08, 2.46, 0.59, 1e-08, 0
454075201, 2.36, 5.63e-08, 4.35e-08, 3.01, 0.77, 1e-08, 0
454334401, 3.19, 3.75e-08, 3.25e-08, 2.18, 0.67, 1e-08, 0
454593601, 10.9, 1.34e-07, 8.2e-08, 3.14, 1.45, 1e-08, 0
455112001, 15.72, 8.33e-08, 5.09e-08, 2.03, 0.43, 1e-08, 0
455630401, 6.84, 9.96e-08, 9.25e-08, 2.47, 0.75, 1e-08, 0
455889601, 1.71, 3.25e-08, 4.9e-08, 1.86, 0.92, 1e-08, 0
456408001, 1.09, 3.7e-09, 8.01e-09, 1.37, 1.16, 1e-08, 0
456667201, 4.58, 1.98e-09, 2.24e-09, 0.59, 0.78, 1e-08, 0
457444801, 2.88, 7.5e-08, 5.83e-08, 2.65, 0.71, 1e-08, 0
459259201, 1.53, 6.27e-08, 5.84e-08, 3.81, 1.29, 1e-08, 0
459777601, 2.41, 9.6e-08, 8.5e-08, 3.29, 3.47, 1e-08, 0
460555201, 2.58, 1.79e-07, 1.28e-07, 4.21, 5.34, 1e-08, 102
461073601, 16.23, 2.11e-07, 1.12e-07, 2.33, 0.42, 1e-08, 0
461332801, 18.73, 7.85e-08, 6.18e-08, 1.78, 0.52, 1e-08, 0
461592001, 14.1, 1.4e-07, 8.68e-08, 2.21, 0.46, 1e-08, 0
461851201, 3.78, 3.36e-08, 3.48e-08, 1.92, 0.7, 1e-08, 0
462110401, 3.43, 1.05e-07, 6.79e-08, 4.79, 2.21, 1e-08, 0
462369601, 5.37, 1.1e-07, 8.19e-08, 3.49, 6, 1e-08, 0
462628801, 1.79, 3.55e-08, 3.7e-08, 2.48, 0.71, 1e-08, 0
462888001, 96.34, 1.61e-07, 4.65e-08, 1.83, 0.21, 1e-08, 0
463147201, 1.17, 6.16e-09, 1.08e-08, 1.51, 0.98, 1e-08, 0
463924801, 5.91, 3.89e-08, 3.48e-08, 1.94, 0.56, 1e-08, 0
464443201, 2.68, 2.85e-08, 3.19e-08, 2.03, 0.74, 1e-08, 0
464702401, 5.02, 4.29e-08, 4.08e-08, 2.02, 0.62, 1e-08, 0
464961601, 14.38, 6.85e-08, 7.14e-08, 1.88, 0.65, 1e-08, 0
465220801, 3.86, 1.3e-07, 1.05e-07, 3.18, 0.91, 1e-08, 0
465480001, 1.61, 1.75e-08, 2.97e-08, 1.88, 1.16, 1e-08, 0
465739201, 3.16, 1.43e-07, 1.02e-07, 3.02, 0.85, 1e-08, 0
465998401, 6.33, 1.23e-07, 8.6e-08, 2.38, 0.65, 1e-08, 0
466516801, 5.94, 7.02e-08, 5.6e-08, 2.41, 0.65, 1e-08, 0
467035201, 4.76, 6.04e-08, 4.87e-08, 2.58, 0.83, 1e-08, 0
467294401, 6.55, 1.39e-07, 7.18e-08, 4.13, 2.34, 1e-08, 0
467812801, 2.92, 7.16e-08, 7.15e-08, 3.56, 5.98, 1e-08, 102
469108801, 5.42, 9.42e-08, 7.16e-08, 2.37, 0.53, 1e-08, 0
470145601, 3.95, 1.4e-07, 9.12e-08, 3.42, 0.88, 1e-08, 0
470923201, 2.23, 1.05e-07, 6.15e-07, 4.65, 1.6, 1e-08, 0
471700801, 2.54, 7.11e-08, 5.51e-08, 3.16, 0.95, 1e-08, 0
471960001, 7.24, 4.73e-08, 2.73e-08, 1.96, 0.42, 1e-08, 0
472219201, 8.98, 5.05e-08, 4.57e-08, 2.16, 0.64, 1e-08, 0
472478401, 1.62, 6e-08, 6.42e-08, 5.0, 0, 1e-08, 0
472737601, 2.24, 3.36e-08, 3.28e-08, 2.23, 0.7, 1e-08, 0
472996801, 1.96, 1.85e-08, 4.03e-08, 2.18, 1.35, 1e-08, 0
473256001, 1.47, 1.01e-08, 1.98e-08, 2.0, 1.33, 1e-08, 0
473774401, 1.88, 8.05e-08, 6.75e-08, 3.44, 1.91, 1e-08, 0
474292801, 1.41, 5.31e-08, 6.79e-08, 2.35, 0.9, 1e-08, 0
474552001, 5.57, 2.06e-07, 1.07e-07, 3.58, 0.82, 1e-08, 0
475588801, 6.25, 1.85e-08, 2.19e-08, 1.5, 0.7, 1e-08, 0
476625601, 1.36, 2.37e-08, 1.02e-07, 2.46, 3.36, 1e-08, 0
477662401, 1.16, 5.34e-08, 6.86e-08, 5.0, 0, 1e-08, 0
479217601, 1.23, 1.05e-07, 1.25e-07, 5.0, 0, 1e-08, 0
479736001, 3.36, 3.88e-08, 3.96e-08, 1.66, 0.68, 1e-08, 0
481550401, 2.59, 6.08e-08, 5.42e-08, 3.07, 0.93, 1e-08, 0
482068801, 4.17, 1.12e-07, 6.58e-08, 5.0, 0, 1e-08, 0
483105601, 1.69, 4.29e-08, 4.63e-08, 2.28, 0.75, 1e-08, 0
484401601, 2.61, 1.32e-07, 1.02e-07, 3.32, 1.08, 1e-08, 0
485179201, 4.94, 4.7e-08, 5.89e-08, 2.22, 1.02, 1e-08, 0
485956801, 6.11, 6.79e-08, 4.11e-08, 2.6, 0.58, 1e-08, 0
486216001, 1.98, 4.65e-08, 5.13e-08, 3.03, 1.33, 1e-08, 0
486475201, 1.55, 6.05e-08, 6.35e-08, 5.0, 0, 1e-08, 0
486734401, 3.35, 8.79e-08, 7.39e-08, 5.0, 0, 1e-08, 0
487252801, 10.33, 3.79e-08, 4.87e-08, 1.75, 0.84, 1e-08, 0
487512001, 9.14, 1.46e-07, 8.51e-08, 2.68, 0.66, 1e-08, 0
487771201, 1.87, 5.17e-08, 5.41e-08, 2.52, 0.77, 1e-08, 0
488289601, 10.32, 3.52e-08, 2.83e-08, 1.41, 0.46, 1e-08, 0
488548801, 2.96, 8.58e-08, 7.51e-08, 2.52, 0.68, 1e-08, 0
488808001, 4.55, 1.85e-07, 1.11e-07, 3.33, 0.9, 1e-08, 0
489326401, 4.25, 5.95e-08, 4.76e-08, 2.23, 0.6, 1e-08, 0
489585601, 5.23, 1.32e-07, 8.82e-08, 5.0, 0, 1e-08, 0
489844801, 12.38, 1.17e-07, 5.99e-08, 2.39, 0.44, 1e-08, 0
490104001, 3.19, 9.88e-08, 7.83e-08, 5.0, 0, 1e-08, 0
490363201, 1.61, 5.29e-08, 6.34e-08, 5.0, 0, 1e-08, 0
490622401, 10.05, 1.7e-08, 1.18e-08, 1.11, 0.43, 1e-08, 0
491400001, 3.72, 1.05e-07, 7.18e-08, 5.0, 0, 1e-08, 0
491918401, 11.78, 2.14e-08, 1.65e-08, 1.35, 0.44, 1e-08, 0
492955201, 1.49, 9.71e-08, 1.09e-07, 3.71, 3.77, 1e-08, 0
493214401, 4.86, 2.44e-07, 1.64e-07, 5.0, 0, 1e-08, 0
494510401, 4.69, 1.23e-07, 8.2e-08, 5.0, 0, 1e-08, 0
495547201, 5.15, 7.66e-08, 4.85e-08, 2.8, 0.67, 1e-08, 0
496065601, 1.37, 3.11e-08, 4.09e-08, 2.64, 1.17, 1e-08, 0
496324801, 2.89, 7.58e-09, 7.61e-09, 0.78, 0.57, 1e-08, 0
497880001, 5.22, 1.13e-07, 9.52e-08, 2.6, 0.74, 1e-08, 0
499953601, 1.52, 7.04e-08, 6.37e-08, 4.41, 6.78, 1e-08, 102
500212801, 8.67, 7.22e-08, 4.38e-08, 2.13, 0.45, 1e-08, 0
500472001, 4.66, 3.15e-08, 3.42e-08, 2.02, 0.73, 1e-08, 0
500731201, 9.38, 2.18e-07, 9.05e-08, 4.12, 0.89, 1e-08, 0
501249601, 1.32, 7.81e-08, 2.03e-07, 4.95, 0.75, 1e-08, 0
502804801, 3.88, 1.58e-07, 1.14e-07, 5.0, 0, 1e-08, 0
503582401, 1.42, 7.3e-08, 6.58e-08, 4.18, 7.29, 1e-08, 102
504360001, 1.09, 3.85e-08, 4.12e-08, 3.46, 1.78, 1e-08, 0
504619201, 8.61, 4.91e-08, 3.39e-08, 2.16, 0.54, 1e-08, 0
505656001, 6.65, 1.9e-07, 9e-08, 3.89, 1.85, 1e-08, 0
506174401, 4.14, 9.99e-08, 6.89e-08, 2.3, 0.51, 1e-08, 0
507470401, 4.18, 1.5e-07, 8.79e-08, 3.28, 0.96, 1e-08, 0
508507201, 1.58, 6.27e-08, 5.55e-08, 4.79, 1.81, 1e-08, 0
508766401, 3.27, 7.66e-08, 5.55e-08, 5.0, 0, 1e-08, 0
509803201, 1.14, 5.58e-08, 5.84e-08, 3.8, 8.45, 1e-08, 102
510580801, 2.19, 6.93e-08, 8.57e-08, 2.44, 1.16, 1e-08, 0
511099201, 2.85, 2.87e-08, 2.86e-08, 1.52, 0.63, 1e-08, 0
511617601, 4.95, 1.97e-07, 1.07e-07, 4.22, 4.17, 1e-08, 102
513172801, 1.14, 5.38e-08, 5.12e-08, 4.69, 7.3, 1e-08, 102
514468801, 4.45, 1.04e-07, 8.79e-08, 3.1, 2.54, 1e-08, 0
514728001, 3.17, 1.2e-07, 8.22e-08, 5.0, 0, 1e-08, 0
515764801, 1.54, 1.14e-07, 1.06e-07, 3.96, 7.27, 1e-08, 102
517060801, 3.41, 6e-08, 5.59e-08, 2.63, 1.08, 1e-08, 0
517579201, 24.82, 6.04e-08, 2.87e-08, 1.82, 0.33, 1e-08, 0
518356801, 4.87, 1.01e-07, 6.77e-08, 5.0, 0, 1e-08, 0
518875201, 3.6, 3.56e-08, 3.85e-08, 2.06, 0.7, 1e-08, 0
520171201, 3.22, 1.74e-07, 1.22e-07, 3.81, 1.05, 1e-08, 0
520689601, 2.72, 1.38e-07, 1.03e-07, 3.22, 0.74, 1e-08, 0
521208001, 3.59, 1.39e-07, 1.07e-07, 5.0, 0, 1e-08, 0
521726401, 2.18, 5.31e-08, 4.68e-08, 2.53, 0.69, 1e-08, 0
521985601, 4.5, 8.07e-08, 4.85e-08, 3.11, 0.65, 1e-08, 0
522504001, 1.4, 4.26e-08, 4.11e-08, 2.75, 0.9, 1e-08, 0
522763201, 4.66, 9.51e-08, 5.79e-08, 3.79, 4.44, 1e-08, 102
523800001, 1.52, 6.37e-08, 5.91e-08, 2.95, 0.93, 1e-08, 0
524318401, 1.23, 1.52e-08, 2.21e-08, 1.57, 0.81, 1e-08, 0
524577601, 8.04, 2.86e-07, 1.32e-07, 5.0, 0, 1e-08, 0
524836801, 3.94, 6.49e-09, 8.12e-09, 0.87, 0.81, 1e-08, 0
525355201, 1.2, 4.29e-08, 7.51e-08, 2.21, 1.25, 1e-08, 0
525614401, 3.83, 1.16e-07, 1.06e-07, 2.61, 0.79, 1e-08, 0
525873601, 2.29, 9.92e-08, 7.98e-08, 3.29, 1.37, 1e-08, 0
527688001, 5.51, 6.88e-08, 4.7e-08, 2.4, 0.6, 1e-08, 0
528206401, 1.41, 4.79e-08, 4.91e-08, 2.85, 0.99, 1e-08, 0
528465601, 2.52, 9.73e-08, 7.07e-08, 3.17, 0.91, 1e-08, 0
528724801, 10.66, 2.66e-08, 2.54e-08, 1.44, 0.58, 1e-08, 0
528984001, 1.45, 8.16e-08, 7.81e-08, 2.99, 1.19, 1e-08, 0
529243201, 7.14, 1.18e-07, 7.41e-08, 2.12, 0.5, 1e-08, 0
530020801, 9.93, 1.42e-07, 8.98e-08, 2.48, 0.57, 1e-08, 0
530280001, 6.27, 3.17e-08, 2.47e-08, 1.4, 0.45, 1e-08, 0
530539201, 7.67, 1.45e-07, 7.4e-08, 2.97, 0.57, 1e-08, 0
530798401, 2.32, 3.26e-08, 3.82e-08, 1.87, 0.75, 1e-08, 0
531057601, 4.28, 3.44e-08, 2.82e-08, 1.78, 0.51, 1e-08, 0
531316801, 6.21, 9.55e-08, 5.35e-08, 2.68, 0.65, 1e-08, 0
531576001, 12.12, 1.36e-07, 6.98e-08, 2.82, 0.68, 1e-08, 0
531835201, 13.49, 1.83e-07, 8.59e-08, 3.63, 6.96, 1e-08, 0
532094401, 5.1, 4.72e-08, 3.25e-08, 2.17, 0.48, 1e-08, 0
532353601, 3.88, 9.47e-08, 6.05e-08, 3.01, 0.61, 1e-08, 0
532612801, 2.74, 4.8e-08, 4.49e-08, 2.59, 0.77, 1e-08, 0
532872001, 16.03, 1.56e-07, 6.49e-08, 2.55, 0.39, 1e-08, 0
534168001, 1.6, 5.72e-08, 6.5e-08, 2.89, 1.07, 1e-08, 0
535464001, 2.06, 1.43e-08, 1.7e-08, 1.78, 0.72, 1e-08, 0
535723201, 3.64, 3.4e-08, 4.13e-08, 2.27, 0.87, 1e-08, 0
536241601, 1.63, 2.84e-08, 3.18e-08, 2.42, 0.79, 1e-08, 0
536500801, 3.57, 8.37e-08, 5.25e-08, 4.82, 2.29, 1e-08, 0
537278401, 3.95, 1.02e-07, 7.42e-08, 5.0, 0, 1e-08, 0
537537601, 4.36, 1.8e-08, 1.67e-08, 1.44, 0.57, 1e-08, 0
537796801, 3.94, 1.27e-07, 6.99e-08, 4.27, 4.2, 1e-08, 102
538056001, 12.72, 1.64e-07, 5.7e-08, 5.0, 0, 1e-08, 0
538315201, 1.87, 6.06e-08, 5.12e-08, 4.44, 1.9, 1e-08, 0
539092801, 6.73, 1.23e-07, 6.11e-08, 3.74, 3.75, 1e-08, 102
539352001, 2.08, 3.1e-09, 4.15e-09, 1.09, 0.75, 1e-08, 0
539870401, 1.4, 6.21e-08, 6.18e-08, 3.09, 1.13, 1e-08, 0
540388801, 2.17, 6.53e-08, 5.57e-08, 3.42, 1.33, 1e-08, 0
541684801, 1.77, 7.7e-08, 8.3e-08, 5.0, 0, 1e-08, 0
541944001, 9.11, 1.89e-07, 8.05e-08, 4.15, 1.62, 1e-08, 0
542462401, 3.22, 1.33e-07, 9.08e-08, 4.78, 2.98, 1e-08, 0
544536001, 21.3, 6.18e-08, 3.63e-08, 1.79, 0.37, 1e-08, 0
544795201, 10.27, 3.51e-08, 2.02e-08, 1.93, 0.4, 1e-08, 0
545054401, 3.92, 6.43e-09, 7.59e-09, 1.44, 0.64, 1e-08, 0
545313601, 9.79, 9.52e-08, 4.39e-08, 3.43, 1.54, 1e-08, 0
545572801, 10.44, 2.58e-08, 1.77e-08, 1.78, 0.44, 1e-08, 0
545832001, 5.74, 6.52e-08, 3.96e-08, 2.9, 0.92, 1e-08, 0
546350401, 5.9, 4.1e-09, 3.21e-09, 0.41, 0.53, 1e-08, 0
546609601, 6.04, 9.42e-08, 4.6e-08, 3.42, 1.31, 1e-08, 0
546868801, 3.94, 1.04e-08, 1.21e-08, 0.85, 0.75, 1e-08, 0
547905601, 6.64, 7.6e-08, 7.08e-08, 1.93, 0.55, 1e-08, 0
548164801, 15.12, 6.24e-08, 4.96e-08, 1.85, 0.5, 1e-08, 0
548424001, 4.12, 6.44e-08, 4.88e-08, 2.25, 0.56, 1e-08, 0
550238401, 1.34, 1.23e-08, 2.18e-08, 1.74, 1.08, 1e-08, 0
550497601, 3.21, 1.8e-09, 2.22e-09, 0.74, 0.74, 1e-08, 0
550756801, 1.25, 3.49e-08, 4.09e-08, 5.0, 0, 1e-08, 0
551534401, 3.04, 7.06e-07, 5.53e-07, 3.58, 1.25, 1e-08, 0
552830401, 1.23, 6.4e-08, 5.91e-08, 4.25, 7.82, 1e-08, 102
553089601, 4.5, 7.2e-08, 5.6e-08, 2.36, 0.6, 1e-08, 0
556718401, 1.68, 8.79e-08, 7.73e-08, 3.98, 6.91, 1e-08, 102
557236801, 1.85, 5.49e-08, 5.22e-08, 2.98, 0.8, 1e-08, 0
558532801, 1.35, 1.88e-08, 2.69e-08, 1.93, 0.97, 1e-08, 0
560606401, 4.77, 3.15e-08, 3.51e-08, 1.97, 0.75, 1e-08, 0
560865601, 3.99, 5.55e-08, 4.45e-08, 2.3, 0.63, 1e-08, 0
563198401, 1.41, 1.33e-07, 1.33e-07, 5.0, 0, 1e-08, 0
563457601, 1.28, 9.47e-08, 1.05e-07, 2.84, 1.07, 1e-08, 0
563716801, 4.51, 8e-08, 7.08e-08, 2.05, 0.59, 1e-08, 0
563976001, 3.43, 1.85e-07, 1.24e-07, 5.0, 0, 1e-08, 0
565012801, 2.7, 1.3e-07, 8.99e-08, 4.04, 5.31, 1e-08, 102
565531201, 4.63, 7.53e-08, 6.88e-08, 2.45, 0.84, 1e-08, 0
565790401, 1.17, 9.5e-08, 1.15e-07, 5.0, 0, 1e-08, 0
567086401, 4.48, 1.51e-07, 9.58e-08, 5.0, 0, 1e-08, 0
567345601, 7.0, 1.13e-07, 6.42e-08, 3.0, 0.58, 1e-08, 0
567604801, 12.31, 2.48e-09, 2.54e-09, 0.23, 0.8, 1e-08, 0
568641601, 8.24, 1.5e-07, 8.02e-08, 5.0, 0, 1e-08, 0
570456001, 5.28, 1.02e-08, 1.31e-08, 0.95, 0.82, 1e-08, 0
570715201, 10.18, 1.6e-07, 7.18e-08, 2.67, 0.41, 1e-08, 0
571233601, 5.14, 1.29e-07, 8.18e-08, 5.0, 0, 1e-08, 0
572270401, 15.61, 8.95e-08, 4.73e-08, 2.39, 0.43, 1e-08, 0
572529601, 5.79, 1.26e-08, 2.5e-08, 1.52, 1.15, 1e-08, 0
573307201, 1.43, 4.5e-08, 5.69e-08, 2.91, 1.35, 1e-08, 0
574344001, 6.54, 1.26e-08, 1.63e-08, 1.23, 0.77, 1e-08, 0
575899201, 7.75, 2.96e-08, 2.35e-08, 1.22, 0.47, 1e-08, 0
576158401, 1.64, 9.84e-09, 1.47e-08, 1.63, 0.99, 1e-08, 0
576417601, 1.34, 1.16e-08, 1.9e-08, 1.55, 0.92, 1e-08, 0
577195201, 1.27, 1.14e-05, 1.79e-05, 2.47, 1.39, 1e-08, 0
579787201, 1.92, 1.11e-07, 1.18e-07, 3.26, 1.24, 1e-08, 0
580046401, 1.25, 5.69e-08, 6.89e-08, 2.47, 0.91, 1e-08, 0
580305601, 4.15, 1.71e-07, 1.31e-07, 4.47, 4.83, 1e-08, 102
580824001, 1.34, 1.19e-07, 1.27e-07, 2.73, 0.93, 1e-08, 0
581083201, 1.5, 1.18e-08, 1.89e-08, 1.23, 0.96, 1e-08, 0
581342401, 1.12, 2.95e-08, 5.21e-08, 1.92, 1.16, 1e-08, 0
581601601, 4.82, 5.46e-08, 4.83e-08, 2.36, 0.66, 1e-08, 0
581860801, 6.42, 1.25e-07, 7.58e-08, 2.45, 0.51, 1e-08, 0
582120001, 1.14, 2.89e-08, 4.31e-08, 2.46, 1.06, 1e-08, 0
582379201, 4.72, 8.54e-09, 9.94e-09, 1.3, 0.64, 1e-08, 0
583416001, 1.05, 1.64e-08, 2.59e-08, 1.75, 1.01, 1e-08, 0
584712001, 5.13, 1.58e-07, 8.8e-08, 4.69, 4.01, 1e-08, 102
584971201, 1.89, 9.52e-08, 1.03e-07, 5.0, 0, 1e-08, 0
585230401, 8.16, 3.17e-08, 2.53e-08, 1.66, 0.44, 1e-08, 0
586526401, 3.08, 3.3e-08, 3.31e-08, 2.07, 0.66, 1e-08, 0
587563201, 4.13, 5.12e-08, 5.18e-08, 2.38, 0.83, 1e-08, 0
587822401, 7.71, 1.24e-07, 6.37e-08, 2.6, 0.5, 1e-08, 0
588081601, 4.39, 1.77e-08, 1.74e-08, 1.54, 0.63, 1e-08, 0
588600001, 2.8, 1.97e-07, 1.65e-07, 5.0, 0, 1e-08, 0
588859201, 7.49, 1.68e-07, 9.59e-08, 5.0, 0, 1e-08, 0
589377601, 3.26, 1.17e-07, 8.59e-08, 5.0, 0, 1e-08, 0
589636801, 9.63, 8.25e-08, 4.54e-08, 2.31, 0.42, 1e-08, 0
589896001, 4.46, 1.57e-07, 1.06e-07, 5.0, 0, 1e-08, 0
590673601, 3.84, 9.89e-08, 7.3e-08, 3.88, 20, 1e-08, 0
591451201, 2.19, 7.09e-08, 8.23e-08, 1.67, 0.89, 1e-08, 0
592228801, 1.12, 3.08e-08, 3.85e-08, 2.83, 0.93, 1e-08, 0
593265601, 3.02, 1.77e-07, 1.27e-07, 4.53, 5.46, 1e-08, 102
594302401, 1.5, 9.48e-08, 1.09e-07, 5.0, 0, 1e-08, 0
595857601, 2.37, 1.44e-07, 1.23e-07, 3.52, 6.51, 1e-08, 102
596376001, 3.03, 8.79e-08, 5.92e-08, 3.66, 1.94, 1e-08, 0
596894401, 2.99, 7.98e-08, 6.29e-08, 2.77, 1.07, 1e-08, 0
597412801, 4.28, 6.78e-09, 8.22e-09, 1.1, 0.79, 1e-08, 0
597672001, 1.3, 1.99e-08, 2.93e-08, 1.76, 0.82, 1e-08, 0
598190401, 4.89, 3.82e-08, 4.36e-08, 1.89, 0.74, 1e-08, 0
598449601, 2.5, 5.17e-08, 5.03e-08, 2.2, 0.68, 1e-08, 0
598708801, 3.83, 1.43e-07, 1.03e-07, 5.0, 0, 1e-08, 0
598968001, 2.9, 3e-08, 2.99e-08, 2.0, 0.63, 1e-08, 0
599486401, 1.8, 4.9e-08, 4.49e-08, 2.95, 1.23, 1e-08, 0
600004801, 2.21, 8.38e-09, 1.22e-08, 1.81, 0.88, 1e-08, 0
600523201, 5.1, 8.72e-08, 5.77e-08, 2.91, 0.73, 1e-08, 0
600782401, 1.36, 6.14e-08, 5.76e-08, 3.77, 7.42, 1e-08, 102
601560001, 1.14, 5.32e-08, 5.6e-08, 2.96, 0.93, 1e-08, 0
604152001, 5.74, 7.26e-08, 4.65e-08, 2.57, 0.61, 1e-08, 0
604411201, 14.67, 4.14e-08, 2.79e-08, 1.69, 0.45, 1e-08, 0
605448001, 5.2, 1.04e-07, 5.58e-08, 3.9, 4.16, 1e-08, 102
606484801, 1.85, 9.67e-08, 9.15e-08, 3.4, 1.26, 1e-08, 0
606744001, 2.58, 7.92e-08, 7.88e-08, 2.15, 0.72, 1e-08, 0
607003201, 5.28, 4.98e-08, 7.23e-08, 1.95, 0.98, 1e-08, 0
607262401, 9.19, 3.47e-07, 1.59e-07, 3.17, 0.55, 1e-08, 0
607521601, 3.22, 1.56e-07, 1.19e-07, 2.98, 0.71, 1e-08, 0
607780801, 2.22, 1e-07, 8.11e-08, 4.23, 6.14, 1e-08, 102
608299201, 3.39, 3.13e-08, 3.37e-08, 1.96, 0.68, 1e-08, 0
610113601, 1.05, 2.43e-08, 3.84e-08, 2.44, 1.14, 1e-08, 0
612187201, 1.86, 1.07e-07, 9.21e-08, 3.25, 0.9, 1e-08, 0
612446401, 2.94, 1.84e-08, 2.11e-08, 1.37, 0.68, 1e-08, 0
613483201, 1.43, 6.27e-08, 6.03e-08, 4.56, 2.42, 1e-08, 0
615038401, 4.15, 1.24e-07, 8.9e-08, 5.0, 0, 1e-08, 0
615297601, 1.39, 6.1e-09, 9.7e-09, 1.24, 0.93, 1e-08, 0
616593601, 1.19, 6.06e-08, 6.35e-08, 3.41, 3.65, 1e-08, 0
617889601, 1.0, NaN, NaN, NaN, NaN, 1e-08, 0
618926401, 8.94, 1.38e-07, 7.22e-08, 5.0, 0, 1e-08, 0
619444801, 2.65, 8.3e-08, 8.68e-08, 3.48, 8.17, 1e-08, 0
619704001, 5.97, 6.4e-08, 5.62e-08, 2.07, 0.64, 1e-08, 0
619963201, 1.36, 7.75e-08, 7.65e-08, 3.75, 3.78, 1e-08, 0
620222401, 4.97, 2.19e-07, 1.2e-07, 4.55, 3.99, 1e-08, 102
620740801, 4.77, 1.15e-07, 7.71e-08, 2.99, 0.77, 1e-08, 0
621000001, 6.32, 2.86e-08, 3.05e-08, 1.71, 0.64, 1e-08, 0
621518401, 6.69, 7.17e-08, 4.71e-08, 2.25, 0.57, 1e-08, 0
621777601, 4.0, 1.27e-07, 1.04e-07, 3.18, 2.49, 1e-08, 0
622036801, 4.3, 4.09e-08, 4.63e-08, 2.12, 0.85, 1e-08, 0
622296001, 31.82, 7.18e-08, 4.12e-08, 1.6, 0.4, 1e-08, 0
622555201, 3.99, 7.54e-08, 4.87e-08, 2.86, 0.72, 1e-08, 0
623073601, 2.79, 1.09e-06, 1.25e-06, 0.77, 0.82, 1e-08, 0
623851201, 7.14, 6.31e-08, 5.98e-08, 2.53, 0.76, 1e-08, 0
624110401, 1.65, 7.27e-08, 6.04e-08, 4.6, 6.6, 1e-08, 102
624369601, 8.56, 1.09e-07, 6.08e-08, 2.38, 0.45, 1e-08, 0
624628801, 1.16, 2.68e-08, 3.91e-08, 2.02, 0.84, 1e-08, 0
625665601, 1.5, 9.2e-08, 9.3e-08, 2.96, 1.03, 1e-08, 0
625924801, 1.65, 7.2e-08, 7.81e-08, 2.65, 0.9, 1e-08, 0
626443201, 8.99, 7.49e-08, 6.64e-08, 1.99, 0.58, 1e-08, 0
626961601, 9.1, 9.03e-08, 7.47e-08, 1.76, 0.63, 1e-08, 0
627220801, 8.4, 1.42e-08, 1.75e-08, 1.08, 0.71, 1e-08, 0
627480001, 1.48, 8.54e-08, 8.66e-08, 3.37, 2.12, 1e-08, 0
627739201, 10.7, 1.03e-07, 6.4e-08, 2.05, 0.45, 1e-08, 0
627998401, 14.02, 2.22e-07, 9.6e-08, 2.53, 0.4, 1e-08, 0
628257601, 49.13, 1.3e-07, 4e-08, 1.82, 0.22, 1e-08, 0
628516801, 42.65, 1.77e-07, 5.6e-08, 2.16, 0.26, 1e-08, 0
629035201, 16.4, 1.69e-07, 7.3e-08, 2.37, 0.41, 1e-08, 0
629294401, 2.82, 3.84e-08, 5.52e-08, 2.27, 1.12, 1e-08, 0
629553601, 2.43, 1.04e-07, 9.68e-08, 5.0, 0, 1e-08, 0
630072001, 14.37, 2.27e-08, 1.8e-08, 1.08, 0.47, 1e-08, 0
630331201, 3.81, 1e-07, 6.81e-08, 2.56, 0.6, 1e-08, 0
630590401, 13.01, 1.88e-07, 1.05e-07, 2.67, 0.81, 1e-08, 0
630849601, 5.61, 3.07e-09, 3.27e-09, 0.08, 0.96, 1e-08, 0
631108801, 48.84, 1e-07, 3.51e-08, 1.55, 0.23, 1e-08, 0
631368001, 43.15, 2.16e-07, 6e-08, 2.42, 0.27, 1e-08, 0
631627201, 41.99, 1.61e-07, 4.95e-08, 2.34, 0.29, 1e-08, 0
631886401, 47.01, 7.82e-08, 2.78e-08, 1.78, 0.25, 1e-08, 0
632145601, 13.84, 4.29e-08, 2.4e-08, 1.76, 0.37, 1e-08, 0
632404801, 8.11, 5.84e-08, 3.66e-08, 2.21, 0.44, 1e-08, 0
632664001, 15.67, 8.74e-08, 5.18e-08, 2.17, 0.43, 1e-08, 0
632923201, 6.94, 1.22e-07, 5.91e-08, 3.27, 0.63, 1e-08, 0
633182401, 3.52, 2.18e-08, 2.22e-08, 1.73, 0.66, 1e-08, 0
633960001, 5.01, 1.12e-07, 6.51e-08, 2.43, 0.48, 1e-08, 0
634219201, 10.38, 2.68e-07, 1.24e-07, 2.96, 0.62, 1e-08, 0
634737601, 2.83, 2.99e-08, 6.78e-08, 2.33, 1.44, 1e-08, 0
635256001, 1.05, 6.44e-08, 6.99e-08, 4.89, 3.66, 1e-08, 0
635774401, 5.81, 1.31e-07, 6.39e-08, 4.19, 3.84, 1e-08, 102
636292801, 4.21, 9.49e-08, 5.6e-08, 3.2, 0.92, 1e-08, 0
636811201, 6.56, 6.95e-08, 4.67e-08, 2.63, 0.76, 1e-08, 0
637848001, 19.71, 7.61e-08, 3.81e-08, 1.78, 0.34, 1e-08, 0
642254401, 3.3, 1.02e-07, 6.79e-08, 3.8, 4.54, 1e-08, 0
642772801, 5.57, 1.41e-08, 1.42e-08, 1.19, 0.57, 1e-08, 0
643032001, 2.85, 4.08e-08, 4.73e-08, 1.9, 0.88, 1e-08, 0
644587201, 2.11, 1.55e-07, 1.23e-07, 4.25, 6.24, 1e-08, 102
645364801, 8.41, 1.83e-07, 8.1e-08, 4.15, 1.21, 1e-08, 0
645883201, 2.08, 7.49e-08, 5.41e-08, 4.55, 5.97, 1e-08, 102
646142401, 2.46, 1.82e-08, 2.2e-08, 1.89, 0.78, 1e-08, 0
646660801, 7.05, 1.33e-07, 6.29e-08, 5.0, 0, 1e-08, 0
647956801, 2.18, 6.56e-08, 6.34e-08, 2.24, 0.7, 1e-08, 0
648216001, 2.39, 2.52e-08, 3.94e-08, 1.51, 0.89, 1e-08, 0
649512001, 4.79, 5.89e-08, 3.64e-08, 2.45, 0.54, 1e-08, 0
650548801, 2.53, 6.69e-08, 5.8e-08, 5.0, 0, 1e-08, 0
650808001, 5.47, 6.37e-09, 6.51e-09, 1.1, 0.64, 1e-08, 0
652104001, 6.83, 2.37e-08, 3.15e-08, 1.59, 0.72, 1e-08, 0
652363201, 4.01, 1.67e-07, 1.31e-07, 5.0, 0, 1e-08, 0
652622401, 1.97, 1.17e-07, 1e-07, 4.94, 1.87, 1e-08, 0
652881601, 1.92, 8.55e-08, 1.81e-07, 4.96, 0.61, 1e-08, 0
653140801, 6.36, 3.23e-08, 3.48e-08, 1.84, 0.64, 1e-08, 0
653400001, 4.01, 1.03e-07, 6.08e-08, 3.65, 1.73, 1e-08, 0
653659201, 2.0, 1.19e-07, 9.41e-08, 3.27, 1.48, 1e-08, 0
654696001, 2.43, 7.57e-08, 6.72e-08, 5.0, 0, 1e-08, 0
654955201, 42.06, 0.00648, 0, 5.0, 0, 1e-08, 0
655992001, 1.89, 6.79e-08, 5.69e-08, 3.4, 3.48, 1e-08, 0
656251201, 8.46, 1.73e-07, 8.48e-08, 3.25, 0.69, 1e-08, 0
656510401, 6.57, 1e-07, 6.42e-08, 2.58, 0.54, 1e-08, 0
656769601, 2.02, 8.47e-08, 8.25e-08, 3.02, 1.09, 1e-08, 0
658324801, 1.98, 1.26e-07, 1.24e-07, 4.19, 6.46, 1e-08, 102
658843201, 2.65, 1.24e-08, 1.98e-08, 1.58, 1.01, 1e-08, 0
659361601, 2.97, 1.87e-08, 3.09e-08, 1.5, 0.93, 1e-08, 0
659880001, 1.04, 2.8e-08, 3.9e-08, 2.15, 0.98, 1e-08, 0
660657601, 2.93, 8.66e-08, 8.35e-08, 3.74, 5.77, 1e-08, 102
660916801, 1.86, 8.8e-08, 8.89e-08, 5.0, 0, 1e-08, 0
661694401, 3.6, 1.35e-07, 8.38e-08, 4.09, 4.9, 1e-08, 102
661953601, 5.34, 1.96e-07, 1.13e-07, 3.61, 1.41, 1e-08, 0
663249601, 5.85, 1.11e-07, 5.59e-08, 5.0, 0, 1e-08, 0
663508801, 1.87, 1.36e-08, 1.58e-08, 1.8, 0.67, 1e-08, 0
663768001, 3.68, 1.52e-08, 1.63e-08, 1.83, 0.7, 1e-08, 0
664027201, 3.82, 3.11e-08, 3.49e-08, 2.09, 0.78, 1e-08, 0
665582401, 2.47, 4.64e-08, 4.96e-08, 2.27, 0.71, 1e-08, 0
665841601, 1.8, 1.07e-08, 1.76e-08, 1.63, 0.96, 1e-08, 0
666360001, 1.4, 4.96e-08, 5.56e-08, 2.52, 0.94, 1e-08, 0
666878401, 2.15, 2.55e-08, 3.41e-08, 2.15, 0.93, 1e-08, 0
667915201, 2.23, 2.77e-08, 4.1e-08, 2.14, 1.08, 1e-08, 0
668952001, 1.73, 4.92e-08, 4.26e-08, 3.06, 1.18, 1e-08, 0
669470401, 2.9, 7.82e-08, 6.58e-08, 5.0, 0, 1e-08, 0
670248001, 7.99, 1.4e-07, 8.3e-08, 2.52, 0.54, 1e-08, 0
670507201, 1.86, 3.07e-08, 4.28e-08, 2.06, 0.85, 1e-08, 0
670766401, 3.14, 2.06e-07, 1.36e-07, 4.42, 5.06, 1e-08, 102
672062401, 3.92, 1.27e-07, 7.8e-08, 4.59, 4.56, 1e-08, 102
672321601, 1.52, 5.92e-09, 9.46e-09, 1.07, 0.92, 1e-08, 0
673617601, 1.81, 1.66e-07, 2.05e-07, 2.04, 0.74, 1e-08, 0
673876801, 3.86, 1.34e-07, 9.41e-08, 5.0, 0, 1e-08, 0
674136001, 4.68, 5.94e-08, 4.46e-08, 2.6, 0.69, 1e-08, 0
674654401, 1.5, 4.37e-08, 4.94e-08, 2.7, 0.98, 1e-08, 0
677246401, 2.62, 9.43e-08, 6.77e-08, 4.8, 1.86, 1e-08, 0
677505601, 4.29, 2.26e-08, 2.83e-08, 1.94, 0.79, 1e-08, 0
678024001, 2.29, 4.73e-08, 4.03e-08, 2.98, 0.95, 1e-08, 0
678283201, 1.36, 2.29e-08, 3.38e-08, 2.67, 1.16, 1e-08, 0
679320001, 1.58, 9.6e-08, 1.06e-07, 3.98, 7.23, 1e-08, 102
680616001, 1.42, 5.01e-08, 4.97e-08, 3.34, 2.11, 1e-08, 0
683726401, 2.82, 1.47e-08, 2.57e-08, 1.51, 0.96, 1e-08, 0
683985601, 1.03, 7.47e-08, 7.82e-08, 4.2, 8.44, 1e-08, 102
684244801, 3.98, 1.27e-07, 9.89e-08, 3.19, 1.29, 1e-08, 0
686059201, 2.56, 1.63e-08, 1.68e-08, 1.26, 0.61, 1e-08, 0
687096001, 205.91, 0.648, 0, 5.0, 0, 1e-08, 0
687355201, 211.13, 0.648, 0, 5.0, 0, 1e-08, 0
687614401, 3.33, 1.7e-08, 2.31e-08, 1.06, 0.78, 1e-08, 0
688392001, 2.27, 6.43e-08, 5.3e-08, 2.48, 0.71, 1e-08, 0
689428801, 2.65, 8.65e-08, 1.01e-07, 2.46, 1.14, 1e-08, 0
689688001, 1.54, 8.64e-08, 2.47e-07, 3.23, 9.16, 1e-08, 102
690984001, 1.64, 2.77e-09, 3.45e-09, 0.0, 0, 1e-08, 0
691243201, 3.94, 6.66e-08, 6.04e-08, 2.35, 0.73, 1e-08, 0
692020801, 3.92, 8.52e-08, 5.49e-08, 3.03, 0.7, 1e-08, 0
694094401, 4.86, 1.59e-07, 8.69e-08, 3.68, 1.38, 1e-08, 0
694353601, 3.61, 1.06e-07, 7.12e-08, 3.65, 1.24, 1e-08, 0
695131201, 1.19, 1.34e-08, 2.31e-08, 1.87, 0.95, 1e-08, 0
695908801, 1.03, 4.39e-08, 4.86e-08, 4.02, 8.71, 1e-08, 102
698500801, 1.01, 6.79e-08, 7.53e-08, 3.76, 3.17, 1e-08, 0
698760001, 1.51, 1.66e-08, 2.35e-08, 1.96, 0.87, 1e-08, 0
699278401, 8.39, 2.3e-08, 1.8e-08, 1.58, 0.49, 1e-08, 0
699537601, 1.69, 2.57e-08, 4.55e-08, 2.18, 1.33, 1e-08, 0
701352001, 1.62, 3.9e-08, 4.79e-08, 2.86, 1.52, 1e-08, 0
701870401, 1.77, 8.15e-08, 7.03e-08, 4.94, 1.33, 1e-08, 0
702129601, 1.28, 7.98e-08, 8.04e-08, 5.0, 0, 1e-08, 0
702648001, 1.21, 9.18e-08, 1.04e-07, 2.89, 1.05, 1e-08, 0
703425601, 2.4, 1.35e-07, 1.18e-07, 5.0, 0, 1e-08, 0
703684801, 4.26, 1e-07, 6.37e-08, 2.65, 0.6, 1e-08, 0
704203201, 4.98, 1.54e-07, 8.69e-08, 5.0, 0, 1e-08, 0
704721601, 2.28, 1.81e-07, 2.23e-07, 2.23, 0.88, 1e-08, 0
705240001, 1.53, 9.53e-08, 1.22e-07, 1.49, 0.79, 1e-08, 0
705758401, 3.0, 1.18e-07, 1.01e-07, 5.0, 0, 1e-08, 0
706795201, 3.57, 1.04e-07, 7.5e-08, 2.97, 0.75, 1e-08, 0
707054401, 1.46, 1.13e-07, 1.07e-07, 4.13, 1.31, 1e-08, 0
708350401, 2.79, 6.2e-08, 5.69e-08, 2.35, 0.79, 1e-08, 0
708609601, 4.81, 1.67e-07, 9.61e-08, 3.72, 0.95, 1e-08, 0
709646401, 1.87, 7.54e-08, 5.74e-08, 4.62, 5.92, 1e-08, 102
712238401, 1.89, 7.61e-08, 6.49e-08, 3.8, 6.81, 1e-08, 102
712497601, 5.27, 1.64e-07, 1.03e-07, 5.0, 0, 1e-08, 0
713016001, 6.88, 1.35e-07, 6.29e-08, 4.24, 3.4, 1e-08, 102
713275201, 4.59, 9.92e-08, 5.46e-08, 4.55, 3.1, 1e-08, 0
713534401, 2.28, 1.79e-08, 2.49e-08, 2.02, 0.92, 1e-08, 0
714312001, 1.07, 5.02e-08, 6.07e-08, 5.0, 0, 1e-08, 0
714571201, 2.36, 4.8e-08, 4.2e-08, 2.56, 0.92, 1e-08, 0
714830401, 1.24, 4.27e-08, 4.85e-08, 3.44, 8.85, 1e-08, 102
715089601, 7.15, 9.71e-08, 5.3e-08, 2.73, 0.54, 1e-08, 0
716126401, 5.72, 6.91e-08, 5.01e-08, 1.81, 0.46, 1e-08, 0
716904001, 2.84, 1.09e-07, 7.6e-08, 4.9, 2.38, 1e-08, 0
717422401, 5.44, 1.58e-07, 9.59e-08, 3.11, 0.81, 1e-08, 0
717681601, 1.72, 9.33e-08, 8.4e-08, 5.0, 0, 1e-08, 0
717940801, 6.37, 1.04e-07, 5.5e-08, 2.72, 0.54, 1e-08, 0
718200001, 3.29, 1.01e-08, 1.46e-08, 1.36, 0.89, 1e-08, 0
718459201, 3.75, 1.25e-07, 1.04e-07, 2.74, 0.85, 1e-08, 0
718977601, 19.89, 0.000383, 0.000216, 3.06, 0.63, 1e-08, 0
719236801, 33.96, 0.00939, 0.00342, 3.04, 0.42, 1e-08, 0
719496001, 2.05, 1.11e-07, 8.9e-08, 3.3, 1.57, 1e-08, 0
719755201, 1.76, 2.52e-08, 3.38e-08, 1.92, 0.95, 1e-08, 0
720273601, 3.29, 4.87e-08, 4.65e-08, 2.01, 0.65, 1e-08, 0
720792001, 6.73, 1.71e-08, 2.02e-08, 1.4, 0.66, 1e-08, 0
721569601, 6.36, 9.58e-08, 1.08e-07, 2.44, 0.93, 1e-08, 0
722347201, 2.44, 1.09e-07, 8.88e-08, 2.82, 0.76, 1e-08, 0
722606401, 4.3, 1.83e-07, 1.35e-07, 5.0, 0, 1e-08, 0
723124801, 1.46, 6.78e-08, 6.71e-08, 3.21, 0.96, 1e-08, 0
723902401, 1.07, 4.91e-08, 5.3e-08, 5.0, 0, 1e-08, 0
724161601, 1.25, 5.74e-08, 5.58e-08, 3.99, 7.86, 1e-08, 102
724939201, 1.05, 6.69e-08, 7.02e-08, 4.02, 8.31, 1e-08, 102
725457601, 5.03, 5.02e-08, 5e-08, 1.94, 0.58, 1e-08, 0
726235201, 1.82, 7.74e-09, 1.5e-08, 1.24, 1.11, 1e-08, 0
726494401, 1.94, 7.76e-08, 5.83e-08, 4.61, 6.02, 1e-08, 102
726753601, 4.49, 1.08e-07, 6.2e-08, 3.23, 0.95, 1e-08, 0
727012801, 1.12, 8.93e-09, 1.28e-08, 1.72, 0.86, 1e-08, 0
727531201, 1.69, 5.47e-08, 4.37e-08, 3.93, 6.59, 1e-08, 102
728827201, 4.57, 7.07e-08, 5.61e-08, 2.73, 0.68, 1e-08, 0
729086401, 1.75, 1.77e-08, 5.2e-08, 2.1, 1.89, 1e-08, 0
729345601, 5.21, 1.29e-07, 7e-08, 3.36, 0.65, 1e-08, 0
729604801, 4.35, 4.83e-08, 4.27e-08, 2.15, 0.6, 1e-08, 0
730123201, 1.76, 3.74e-08, 4.07e-08, 2.07, 0.66, 1e-08, 0
730382401, 1.07, 3.02e-08, 3.72e-08, 2.31, 0.82, 1e-08, 0
730641601, 2.83, 1.03e-07, 7.51e-08, 3.52, 0.89, 1e-08, 0
730900801, 4.49, 9.53e-08, 5.88e-08, 3.0, 0.75, 1e-08, 0
731678401, 1.04, 5.29e-08, 5.73e-08, 4.29, 8.22, 1e-08, 102
732456001, 1.25, 9.28e-09, 1.63e-08, 1.69, 1.05, 1e-08, 0
732715201, 1.23, 7.6e-07, 8.9e-07, 3.22, 1.03, 1e-08, 0
732974401, 1.65, 1.48e-07, 1.45e-07, 5.0, 0, 1e-08, 0
733233601, 4.43, 2.6e-08, 2.84e-08, 2.03, 0.72, 1e-08, 0
734270401, 1.32, 9.22e-08, 1.12e-07, 5.0, 0, 1e-08, 0
734788801, 5.94, 2.53e-07, 1.41e-07, 4.5, 4.13, 1e-08, 102
735307201, 7.24, 1.13e-07, 7.29e-08, 2.32, 0.49, 1e-08, 0
736084801, 1.47, 2.01e-07, 2.01e-07, 5.0, 0, 1e-08, 0
736344001, 3.12, 5.12e-07, 4.11e-07, 5.0, 0, 1e-08, 0
736862401, 3.84, 3.89e-07, 2.54e-07, 5.0, 0, 1e-08, 0
739454401, 2.21, 1.43e-07, 1.19e-07, 5.0, 0, 1e-08, 0
742046401, 2.25, 5.37e-08, 5.14e-08, 3.15, 1.92, 1e-08, 0
