timestamp, ts, flux, flux_error, photon_index, photon_index_interval, fit_tolerance, fit_convergence
239976001, 2.48, 1.45e-07, 9.59e-08, 4.25, 4.16, 1e-08, 102
240753601, 1.73, 1.06e-07, 8.2e-08, 5.84, 4.63, 1e-08, 102
242049601, 1.18, 8.92e-08, 8.8e-08, 3.58, 1.3, 1e-08, 0
242827201, 1.52, 1.36e-07, 1.21e-07, 3.66, 1.57, 1e-08, 0
243086401, 2.06, 1.59e-07, 1.42e-07, 3.06, 1.11, 1e-08, 0
243345601, 2.89, 1.82e-07, 1.16e-07, 5.96, 3.84, 1e-08, 102
244382401, 7.05, 2.39e-07, 9.9e-08, 4.69, 2.6, 1e-08, 102
244641601, 1.5, 1.03e-07, 9.4e-08, 3.46, 1.5, 1e-08, 0
244900801, 6.69, 2.37e-07, 1e-07, 3.57, 2.77, 1e-08, 102
245160001, 3.77, 1.3e-07, 8.92e-08, 2.55, 0.54, 1e-08, 0
246196801, 7.14, 1.85e-08, 2.91e-08, 1.51, 0.65, 1e-08, 0
246974401, 3.25, 1.8e-07, 1.1e-07, 4.8, 3.58, 1e-08, 102
249048001, 7.46, 2.47e-07, 9.9e-08, 4.37, 2.48, 1e-08, 102
249307201, 1.25, 7.55e-08, 7.85e-08, 2.63, 0.69, 1e-08, 0
250084801, 5.59, 5.5e-08, 4.89e-08, 1.9, 0.42, 1e-08, 0
250603201, 9.13, 2.41e-07, 1.17e-06, 8.08, 1.99, 1e-08, 102
250862401, 2.61, 4.86e-08, 5.36e-08, 2.09, 0.54, 1e-08, 0
251380801, 2.26, 1.05e-07, 9.36e-07, 7.75, 3.66, 1e-08, 102
253713601, 1.12, 9e-08, 9.1e-08, 2.99, 1.86, 1e-08, 0
253972801, 1.08, 9.78e-08, 1.02e-07, 4.28, 1.76, 1e-08, 0
254232001, 2.89, 1.31e-07, 8.22e-08, 6.32, 3.82, 1e-08, 102
255787201, 4.26, 1.85e-07, 1.05e-07, 5.73, 2.95, 1e-08, 0
256564801, 3.14, 1.95e-07, 1.19e-07, 3.65, 3.9, 1e-08, 102
257342401, 2.46, 1.76e-07, 1.29e-07, 3.4, 4.54, 1e-08, 102
257860801, 2.03, 1.43e-07, 1.05e-07, 4.5, 4.53, 1e-08, 102
259156801, 2.64, 1.47e-07, 9.72e-08, 6.34, 3.94, 1e-08, 102
259675201, 2.01, 8.83e-08, 8.75e-08, 2.43, 0.6, 1e-08, 0
259934401, 5.38, 2.26e-07, 1.11e-07, 5.25, 2.82, 1e-08, 102
260452801, 1.98, 1.34e-07, 9.48e-08, 5.53, 4.33, 1e-08, 102
260712001, 2.03, 7.32e-08, 7.46e-08, 2.59, 0.84, 1e-08, 0
260971201, 4.47, 1.84e-07, 9.28e-08, 5.96, 3.13, 1e-08, 102
261230401, 1.42, 1.22e-07, 3.11e-06, 5.06, 5.34, 1e-08, 102
262267201, 6.21, 3.59e-08, 4.37e-08, 1.79, 0.54, 1e-08, 0
263304001, 2.43, 1.57e-07, 1.11e-07, 3.96, 1.73, 1e-08, 0
263822401, 2.91, 1.01e-07, 7.8e-08, 2.54, 0.52, 1e-08, 0
264081601, 1.0, 2.79e-08, 5.46e-08, 2.16, 0.88, 1e-08, 0
264340801, 3.54, 2.11e-07, 1.19e-07, 4.43, 3.4, 1e-08, 102
265118401, 3.48, 1.1e-07, 8.98e-08, 2.61, 0.57, 1e-08, 0
265377601, 6.69, 2.66e-07, 1.23e-07, 3.43, 1.08, 1e-08, 0
265896001, 5.85, 2.68e-07, 1.16e-07, 4.71, 2.74, 1e-08, 102
266673601, 6.64, 2.79e-07, 1.22e-07, 4.32, 2.71, 1e-08, 102
266932801, 4.3, 2.07e-07, 1.04e-07, 6.31, 3.07, 1e-08, 102
267192001, 3.56, 1.78e-07, 1e-07, 3.81, 3.68, 1e-08, 102
269006401, 6.29, 2.41e-07, 1.06e-07, 4.37, 2.7, 1e-08, 102
269524801, 3.9, 1.93e-07, 1.08e-07, 4.48, 3.4, 1e-08, 102
269784001, 1.0, 9.98e-08, 1.07e-07, 4.27, 3.26, 1e-08, 0
270302401, 1.35, 1.07e-07, 1.07e-06, 4.61, 2.11, 1e-08, 0
270820801, 1.74, 2.92e-08, 3.88e-08, 1.81, 0.59, 1e-08, 0
271598401, 1.75, 1.32e-07, 1.11e-07, 3.9, 1.33, 1e-08, 0
272635201, 6.85, 2.67e-07, 1.11e-07, 3.81, 2.66, 1e-08, 102
272894401, 9.35, 9.52e-08, 7.8e-08, 2.21, 0.45, 1e-08, 0
273153601, 1.9, 6.74e-08, 1.49e-07, 2.36, 1.31, 1e-08, 0
273412801, 2.68, 1.43e-07, 9.68e-08, 3.29, 0.81, 1e-08, 0
273931201, 2.09, 1.93e-08, 4.36e-08, 1.91, 0.98, 1e-08, 0
274190401, 1.79, 9.56e-08, 8.42e-08, 2.6, 0.6, 1e-08, 0
274449601, 2.51, 1.83e-08, 2.62e-08, 1.79, 0.6, 1e-08, 0
274968001, 1.01, 8.93e-08, 8.91e-07, 4.44, 2.13, 1e-08, 0
275227201, 8.53, 1.74e-07, 8.81e-08, 2.5, 0.39, 1e-08, 0
276004801, 3.9, 1.64e-07, 1.15e-06, 7.93, 2.88, 1e-08, 102
276523201, 3.04, 1.52e-07, 1.11e-07, 6.12, 7.04, 1e-08, 0
276782401, 1.8, 1.34e-07, 1.09e-07, 3.4, 1.44, 1e-08, 0
277041601, 2.59, 6.42e-08, 1.01e-07, 2.33, 0.91, 1e-08, 0
277300801, 3.31, 1.28e-07, 9.42e-07, 7.83, 3.02, 1e-08, 102
277819201, 3.44, 3.08e-08, 3.48e-08, 1.79, 0.5, 1e-08, 0
278078401, 1.49, 1.16e-07, 1.05e-07, 4.83, 3.44, 1e-08, 0
278596801, 2.27, 1.45e-07, 1.05e-07, 3.76, 1.33, 1e-08, 0
278856001, 4.06, 2.01e-07, 3.11e-06, 4.61, 3.28, 1e-08, 102
279115201, 5.89, 7.03e-09, 1.2e-08, 1.34, 0.77, 1e-08, 0
279374401, 5.02, 2.17e-07, 1.04e-07, 4.47, 2.99, 1e-08, 102
279633601, 1.13, 2.64e-08, 4.42e-08, 2.09, 0.8, 1e-08, 0
279892801, 1.77, 1.22e-07, 1.03e-07, 3.45, 1.38, 1e-08, 0
280152001, 1.46, 1.04e-07, 9.62e-08, 2.85, 0.67, 1e-08, 0
280411201, 5.74, 5.65e-09, 6.96e-09, 1.16, 0.63, 1e-08, 0
280670401, 23.36, 6.96e-08, 5.35e-08, 1.72, 0.34, 1e-08, 0
280929601, 2.24, 4.16e-08, 4.72e-08, 2.02, 0.54, 1e-08, 0
281448001, 9.54, 3.13e-09, 3.56e-09, 0.0, 0, 1e-08, 0
282225601, 2.32, 8.56e-08, 9.45e-08, 2.41, 0.71, 1e-08, 0
282484801, 7.25, 2.08e-07, 1.3e-07, 2.63, 0.52, 1e-08, 0
282744001, 7.37, 3.17e-07, 1.27e-07, 3.93, 2.57, 1e-08, 102
283003201, 1.79, 1.32e-07, 1.11e-07, 4.71, 4.17, 1e-08, 0
283262401, 5.83, 3.63e-09, 3.91e-09, 0.86, 0.6, 1e-08, 0
283521601, 2.18, 1.36e-07, 1.04e-07, 3.54, 1.07, 1e-08, 0
284817601, 4.69, 1.25e-08, 1.75e-08, 1.4, 0.55, 1e-08, 0
285336001, 3.61, 2.66e-08, 5.01e-08, 1.6, 0.79, 1e-08, 0
285854401, 1.82, 1.23e-07, 9.98e-08, 3.57, 1.09, 1e-08, 0
286632001, 2.72, 2.05e-07, 3.72e-06, 5.5, 3.78, 1e-08, 102
287409601, 3.69, 2.18e-07, 1.21e-07, 4.31, 3.49, 1e-08, 102
288964801, 2.51, 1.43e-07, 9.79e-08, 4.08, 4.18, 1e-08, 102
289224001, 8.06, 2.87e-07, 1.11e-07, 4.05, 2.46, 1e-08, 102
289742401, 2.36, 1.19e-07, 8.8e-08, 2.94, 0.69, 1e-08, 0
290260801, 7.12, 2.42e-07, 9.6e-08, 4.41, 2.56, 1e-08, 102
291038401, 9.6, 3.42e-07, 1.23e-07, 3.77, 2.3, 1e-08, 102
292593601, 1.87, 3.9e-08, 6.78e-08, 2.0, 0.91, 1e-08, 0
292852801, 4.75, 6.13e-08, 7.29e-08, 2.13, 0.57, 1e-08, 0
293889601, 1.42, 1.03e-07, 9.69e-08, 3.73, 1.87, 1e-08, 0
294667201, 4.29, 1.86e-07, 9.61e-08, 5.09, 3.17, 1e-08, 102
295185601, 1.81, 1.09e-07, 9.38e-08, 2.94, 1.19, 1e-08, 0
295963201, 1.94, 1.63e-07, 1.27e-07, 4.28, 2.13, 1e-08, 0
296481601, 1.07, 1.05e-07, 1.13e-07, 3.8, 3.21, 1e-08, 0
298814401, 8.81, 2.83e-07, 1.16e-07, 3.09, 0.5, 1e-08, 0
299332801, 3.35, 1.16e-08, 2.03e-08, 1.56, 0.71, 1e-08, 0
300110401, 6.31, 2.56e-07, 1.12e-07, 3.84, 2.78, 1e-08, 102
300369601, 8.37, 1.5e-07, 8.58e-08, 2.36, 0.39, 1e-08, 0
300628801, 1.74, 1.16e-07, 1.05e-06, 7.79, 3.72, 1e-08, 102
300888001, 1.65, 1.34e-07, 1.09e-07, 3.53, 5.32, 1e-08, 102
301147201, 3.39, 1.86e-07, 1.17e-07, 3.13, 0.74, 1e-08, 0
301406401, 6.92, 9.73e-08, 8.69e-08, 2.13, 0.47, 1e-08, 0
301924801, 15.12, 2.66e-07, 1.06e-07, 2.48, 0.31, 1e-08, 0
302184001, 1.33, 1.02e-07, 8.91e-08, 5.2, 5.25, 1e-08, 102
302443201, 15.9, 2.71e-07, 1.04e-07, 2.55, 0.33, 1e-08, 0
302702401, 6.23, 3.5e-09, 3.62e-09, 0.68, 0.6, 1e-08, 0
303480001, 1.39, 1.16e-07, 1.06e-07, 3.62, 2.41, 1e-08, 0
304516801, 1.6, 1.06e-07, 9.21e-08, 3.12, 2.86, 1e-08, 0
305035201, 7.27, 1.02e-07, 7.91e-08, 2.16, 0.44, 1e-08, 0
305553601, 3.36, 3.65e-09, 4.42e-09, 0.91, 0.65, 1e-08, 0
305812801, 5.65, 1.13e-08, 2.77e-08, 1.45, 0.99, 1e-08, 0
307108801, 1.02, 9.43e-08, 1.07e-07, 2.98, 1.19, 1e-08, 0
307368001, 1.22, 3.33e-08, 6.06e-08, 2.1, 0.92, 1e-08, 0
307886401, 1.86, 1.33e-07, 1.12e-07, 3.87, 1.68, 1e-08, 0
308145601, 1.31, 3.88e-08, 5.03e-08, 2.02, 0.59, 1e-08, 0
308664001, 1.83, 1.17e-07, 9.88e-08, 3.21, 1.07, 1e-08, 0
308923201, 1.81, 8.78e-08, 1.17e-07, 2.58, 1.25, 1e-08, 0
309182401, 1.59, 9.26e-08, 8.13e-08, 2.8, 1.27, 1e-08, 0
309441601, 1.69, 1.26e-07, 1.07e-07, 4.9, 3.15, 1e-08, 0
309700801, 2.9, 1.7e-07, 1.11e-07, 3.29, 4.26, 1e-08, 102
309960001, 1.43, 1.26e-07, 1.15e-07, 4.63, 2.3, 1e-08, 0
310219201, 5.35, 2.18e-07, 1.03e-07, 5.96, 2.82, 1e-08, 102
311515201, 1.94, 1.27e-07, 1.01e-07, 3.18, 0.8, 1e-08, 0
312033601, 1.69, 2.33e-08, 4.05e-08, 1.91, 0.85, 1e-08, 0
312292801, 4.64, 1.84e-07, 1.02e-07, 2.87, 0.54, 1e-08, 0
312552001, 2.69, 9.51e-08, 9.3e-08, 2.59, 0.79, 1e-08, 0
313329601, 1.61, 2.14e-08, 3.27e-08, 1.98, 0.69, 1e-08, 0
313588801, 1.67, 1.12e-07, 9.59e-08, 3.32, 0.83, 1e-08, 0
313848001, 14.24, 3.81e-07, 1.14e-07, 6.78, 1.78, 1e-08, 102
314107201, 2.03, 1.54e-07, 1.14e-07, 4.84, 4.43, 1e-08, 102
314884801, 4.41, 1.38e-07, 1.17e-07, 2.61, 0.63, 1e-08, 0
315144001, 3.77, 2.87e-08, 4.01e-08, 1.61, 0.62, 1e-08, 0
315921601, 2.64, 1.31e-07, 1.06e-07, 2.96, 1.06, 1e-08, 0
316699201, 4.22, 3.54e-08, 3.83e-08, 1.84, 0.51, 1e-08, 0
316958401, 1.11, 9.35e-08, 9.76e-08, 3.57, 1.54, 1e-08, 0
317476801, 1.94, 1.33e-07, 1.06e-07, 3.52, 1.28, 1e-08, 0
317736001, 3.89, 1.46e-07, 9.09e-08, 2.74, 0.53, 1e-08, 0
317995201, 3.03, 1.67e-07, 1.07e-07, 4.91, 3.67, 1e-08, 102
318513601, 11.38, 2.99e-07, 6.94e-07, 8.17, 0.95, 1e-08, 102
319032001, 4.87, 8.81e-08, 7.11e-08, 2.15, 0.45, 1e-08, 0
319291201, 2.45, 1.92e-07, 1.35e-07, 4.37, 4.26, 1e-08, 102
319809601, 2.11, 1.53e-07, 1.18e-07, 3.52, 4.84, 1e-08, 102
320328001, 5.0, 2.2e-07, 1.15e-07, 3.07, 0.6, 1e-08, 0
320587201, 1.97, 9.47e-08, 8.33e-08, 2.77, 0.68, 1e-08, 0
320846401, 4.11, 1.66e-07, 1.21e-07, 3.28, 3.84, 1e-08, 102
321105601, 6.35, 6.46e-08, 5.64e-08, 1.92, 0.46, 1e-08, 0
321364801, 2.35, 1.34e-07, 1.01e-07, 2.97, 0.74, 1e-08, 0
321624001, 2.47, 7.75e-08, 6.95e-08, 2.48, 0.61, 1e-08, 0
322142401, 6.52, 1.57e-07, 8.69e-08, 2.61, 0.46, 1e-08, 0
322401601, 3.47, 1.07e-07, 8.32e-08, 2.41, 0.51, 1e-08, 0
322660801, 2.43, 5.32e-08, 4.3e-08, 2.24, 0.49, 1e-08, 0
322920001, 7.4, 1.6e-08, 1.89e-08, 1.66, 0.46, 1e-08, 0
323179201, 1.43, 7.98e-08, 7.9e-08, 2.59, 0.94, 1e-08, 0
323438401, 7.91, 5.96e-08, 5.24e-08, 1.79, 0.41, 1e-08, 0
323956801, 5.79, 1.43e-08, 1.91e-08, 1.48, 0.56, 1e-08, 0
324475201, 8.91, 4.48e-07, 1.72e-07, 5.91, 2.32, 1e-08, 102
325252801, 2.04, 1.21e-07, 8.4e-08, 6.16, 4.3, 1e-08, 102
325771201, 6.04, 2.32e-07, 1.01e-07, 4.89, 2.66, 1e-08, 102
326808001, 3.9, 9.74e-08, 7.84e-08, 2.5, 0.6, 1e-08, 0
327067201, 1.29, 9.18e-08, 9.6e-08, 2.89, 1.4, 1e-08, 0
327844801, 2.82, 1.51e-07, 9.4e-08, 4.91, 3.88, 1e-08, 102
328622401, 3.36, 1.97e-07, 1.15e-07, 3.88, 3.73, 1e-08, 102
329400001, 1.58, 1.31e-07, 1.01e-07, 5.27, 4.87, 1e-08, 102
329659201, 4.45, 1.75e-07, 9e-08, 6.5, 3.08, 1e-08, 102
329918401, 3.57, 1.27e-07, 9.04e-07, 7.83, 2.92, 1e-08, 102
330696001, 5.06, 1.66e-07, 9.19e-08, 2.53, 0.45, 1e-08, 0
331732801, 2.98, 1.37e-07, 8.79e-08, 7.11, 3.74, 1e-08, 102
332251201, 1.59, 1.21e-07, 9.68e-08, 4.54, 5.03, 1e-08, 102
332510401, 1.53, 1.24e-07, 1.11e-07, 4.77, 3.03, 1e-08, 0
332769601, 3.19, 1.69e-07, 1.01e-07, 6.45, 3.65, 1e-08, 102
333028801, 1.54, 1.24e-07, 1.15e-06, 7.82, 3.8, 1e-08, 102
333547201, 4.39, 3.46e-09, 3.78e-09, 0.78, 0.61, 1e-08, 0
333806401, 2.59, 1.53e-07, 1.13e-07, 7.5, 4.12, 1e-08, 102
334065601, 4.36, 1.98e-07, 9.98e-08, 6.75, 3.07, 1e-08, 102
335361601, 1.1, 9.64e-08, 8.96e-08, 7.02, 5.67, 1e-08, 102
335620801, 2.46, 1.51e-07, 1.01e-07, 4.23, 4.22, 1e-08, 102
336139201, 1.44, 1.01e-07, 7.13e-07, 4.26, 1.51, 1e-08, 0
337953601, 4.1, 2.16e-07, 1.48e-06, 8.04, 2.81, 1e-08, 102
338472001, 5.44, 2.63e-07, 1.46e-07, 3.85, 3.12, 1e-08, 102
338731201, 1.99, 1.58e-08, 2e-08, 1.64, 0.56, 1e-08, 0
338990401, 1.47, 4.57e-08, 6.51e-08, 2.32, 0.71, 1e-08, 0
339249601, 2.47, 1.33e-07, 9.2e-08, 5.39, 4.13, 1e-08, 102
339768001, 7.61, 2.29e-08, 2.21e-08, 1.53, 0.42, 1e-08, 0
340286401, 2.62, 1.32e-08, 1.73e-08, 1.56, 0.6, 1e-08, 0
341582401, 12.55, 8.47e-08, 6.63e-08, 1.86, 0.38, 1e-08, 0
341841601, 1.68, 8.11e-08, 9.99e-08, 2.58, 1.1, 1e-08, 0
342619201, 2.0, 1.54e-07, 1.14e-07, 5.18, 4.51, 1e-08, 102
343137601, 3.92, 1.08e-07, 8.4e-08, 2.34, 0.54, 1e-08, 0
343396801, 3.63, 1.92e-08, 3.24e-08, 1.58, 0.67, 1e-08, 0
344174401, 4.37, 5.42e-08, 5.59e-08, 2.0, 0.53, 1e-08, 0
344433601, 4.34, 1.61e-07, 8.71e-08, 6.87, 3.2, 1e-08, 102
344952001, 1.03, 3.29e-08, 4.99e-08, 2.11, 0.76, 1e-08, 0
345470401, 4.13, 1.51e-07, 9.88e-07, 7.89, 2.69, 1e-08, 102
346248001, 1.08, 7.4e-08, 8.11e-07, 7.61, 4.5, 1e-08, 102
347025601, 3.02, 1.8e-07, 1.31e-07, 3.12, 0.88, 1e-08, 0
347284801, 1.78, 1.66e-07, 1.18e-07, 5.12, 4.54, 1e-08, 102
348321601, 1.39, 1.12e-07, 9.63e-08, 4.81, 5.37, 1e-08, 102
348580801, 2.24, 1.17e-07, 9.48e-08, 2.92, 0.93, 1e-08, 0
348840001, 24.03, 5.23e-07, 1.28e-07, 3.83, 1.54, 1e-08, 102
349099201, 9.49, 1.37e-07, 1.01e-07, 2.16, 0.45, 1e-08, 0
349617601, 12.2, 3.16e-07, 1.06e-07, 6.34, 2.01, 1e-08, 102
350136001, 2.05, 7.08e-08, 6.94e-08, 2.4, 0.71, 1e-08, 0
350654401, 7.5, 8.44e-08, 6.65e-08, 2.14, 0.4, 1e-08, 0
351172801, 3.58, 1.17e-07, 1.16e-07, 2.36, 0.68, 1e-08, 0
351432001, 10.26, 3.64e-07, 1.36e-07, 3.4, 0.6, 1e-08, 0
352209601, 2.62, 1.58e-07, 1.07e-07, 3.37, 0.77, 1e-08, 0
352468801, 3.63, 1.45e-07, 9.21e-08, 2.65, 0.48, 1e-08, 0
352987201, 12.19, 1.66e-07, 7.02e-08, 2.64, 0.36, 1e-08, 0
353246401, 4.38, 1.74e-07, 9.7e-08, 3.32, 0.85, 1e-08, 0
353505601, 2.93, 9.66e-08, 7.76e-08, 2.48, 0.56, 1e-08, 0
354542401, 1.15, 9.27e-08, 9.64e-08, 4.46, 5.02, 1e-08, 0
355320001, 4.32, 1.91e-07, 1.03e-07, 3.18, 3.44, 1e-08, 102
355579201, 7.52, 2.42e-07, 1.27e-06, 8.08, 2.16, 1e-08, 102
355838401, 1.43, 1.31e-07, 1.18e-07, 3.9, 1.22, 1e-08, 0
356356801, 6.86, 3.8e-07, 2.17e-07, 2.38, 0.44, 1e-08, 0
356616001, 5.33, 5.72e-09, 4.9e-09, 0.78, 0.48, 1e-08, 0
356875201, 6.71, 9.68e-08, 7.02e-08, 2.23, 0.42, 1e-08, 0
357134401, 7.36, 2.63e-07, 1.06e-07, 5.63, 2.41, 1e-08, 102
357912001, 4.07, 1.69e-07, 9.31e-08, 5.68, 3.24, 1e-08, 102
358171201, 5.65, 2.01e-07, 1.21e-06, 8.01, 2.48, 1e-08, 102
358430401, 2.05, 6.77e-08, 6.64e-08, 2.13, 0.57, 1e-08, 0
359208001, 2.47, 1.52e-07, 1.06e-07, 3.88, 4.32, 1e-08, 102
359985601, 1.52, 5.84e-09, 1.06e-08, 1.4, 0.77, 1e-08, 0
360763201, 1.28, 9.98e-08, 1.02e-07, 3.0, 0.97, 1e-08, 0
361022401, 5.05, 2.46e-07, 1.17e-07, 3.87, 3.06, 1e-08, 102
361540801, 7.15, 2.92e-07, 1.25e-07, 3.67, 2.67, 1e-08, 102
362577601, 4.63, 2e-07, 1e-07, 3.91, 3.18, 1e-08, 102
362836801, 1.61, 8.51e-09, 1.61e-08, 1.49, 0.77, 1e-08, 0
363355201, 4.26, 5.38e-08, 7.55e-08, 2.03, 0.7, 1e-08, 0
363614401, 1.72, 1.02e-07, 9.61e-08, 2.78, 1.16, 1e-08, 0
364132801, 1.3, 7.56e-08, 9.12e-08, 2.66, 1.03, 1e-08, 0
364392001, 5.45, 1.8e-07, 1.09e-06, 7.97, 2.49, 1e-08, 102
364651201, 2.97, 1.54e-07, 1.13e-06, 7.9, 3.03, 1e-08, 102
365169601, 1.04, 9.84e-08, 1.13e-07, 7.54, 8.46, 1e-08, 0
365428801, 4.26, 2.25e-07, 1.22e-07, 5.34, 3.18, 1e-08, 102
365688001, 3.8, 2.13e-07, 1.18e-07, 5.74, 3.37, 1e-08, 102
366984001, 7.65, 2.09e-07, 8.8e-08, 5.39, 2.51, 1e-08, 102
367502401, 2.35, 1.43e-07, 9.71e-08, 4.14, 4.32, 1e-08, 102
368280001, 1.87, 1.03e-07, 8.49e-08, 5.72, 4.76, 1e-08, 102
368798401, 12.8, 2.86e-07, 1.23e-06, 8.15, 1.76, 1e-08, 102
369057601, 1.72, 1.12e-07, 9.7e-08, 7.32, 4.84, 1e-08, 102
369576001, 1.34, 1.23e-07, 1.18e-07, 3.23, 6.11, 1e-08, 102
369835201, 2.21, 1.51e-07, 1.16e-07, 2.95, 0.85, 1e-08, 0
370094401, 1.48, 1.19e-07, 1.23e-07, 2.89, 1.04, 1e-08, 0
370353601, 3.19, 2.93e-07, 1.86e-07, 3.43, 1.11, 1e-08, 0
370612801, 5.35, 4.38e-07, 2.2e-07, 3.53, 0.85, 1e-08, 0
371908801, 4.96, 1.83e-07, 8.68e-08, 6.88, 2.92, 1e-08, 102
372168001, 7.71, 2.59e-07, 1.07e-07, 3.67, 0.74, 1e-08, 0
372945601, 1.84, 1.01e-07, 7.51e-08, 6.17, 4.54, 1e-08, 102
373204801, 3.16, 1.51e-07, 9.01e-08, 5.99, 3.6, 1e-08, 102
374241601, 11.92, 3.94e-07, 1.3e-07, 4.22, 2.07, 1e-08, 102
374500801, 1.93, 3.01e-08, 3.55e-08, 1.83, 0.53, 1e-08, 0
374760001, 4.8, 2.35e-07, 1.24e-07, 3.35, 0.88, 1e-08, 0
375796801, 3.05, 1.71e-07, 1.04e-07, 3.71, 3.87, 1e-08, 102
376056001, 9.56, 1.97e-07, 9.4e-08, 2.65, 0.41, 1e-08, 0
376315201, 7.95, 4.4e-09, 6.32e-09, 0.93, 0.81, 1e-08, 0
376574401, 1.91, 1.1e-07, 8.98e-08, 4.99, 4.66, 1e-08, 102
377611201, 3.87, 1.63e-07, 9.18e-08, 3.57, 3.63, 1e-08, 102
378129601, 2.36, 9.23e-08, 9.08e-08, 2.41, 0.69, 1e-08, 0
379166401, 5.2, 2.62e-07, 1.21e-07, 5.44, 2.89, 1e-08, 102
379684801, 3.41, 2.09e-07, 1.21e-07, 4.27, 3.67, 1e-08, 102
380203201, 4.93, 1.47e-07, 9.28e-08, 2.54, 0.47, 1e-08, 0
380721601, 4.34, 2.07e-07, 1.04e-07, 5.78, 3.03, 1e-08, 102
381499201, 2.68, 1.51e-07, 1.08e-07, 5.09, 4, 1e-08, 102
381758401, 3.53, 1.67e-07, 2.87e-06, 7.27, 3.51, 1e-08, 102
382276801, 2.05, 5.04e-08, 5.34e-08, 2.21, 0.57, 1e-08, 0
382536001, 6.97, 1.89e-07, 8.83e-07, 7.77, 0.96, 1e-08, 0
383572801, 2.97, 1.76e-07, 1.17e-07, 2.99, 0.84, 1e-08, 0
383832001, 3.18, 2e-07, 1.22e-07, 4.37, 3.63, 1e-08, 102
384091201, 2.0, 1.38e-07, 1.15e-07, 2.92, 0.65, 1e-08, 0
384350401, 2.91, 2.74e-07, 1.84e-07, 4.12, 2.26, 1e-08, 0
384609601, 5.91, 2.06e-07, 9.3e-08, 6.93, 2.71, 1e-08, 102
384868801, 4.59, 2.11e-07, 1.04e-07, 4.24, 3.13, 1e-08, 102
385128001, 3.72, 8.48e-08, 7.42e-08, 2.36, 0.57, 1e-08, 0
385387201, 3.0, 1.2e-07, 9.3e-07, 7.8, 3.19, 1e-08, 102
386424001, 1.49, 9.74e-08, 9.86e-08, 2.81, 2.39, 1e-08, 0
386942401, 1.09, 8.46e-08, 9.54e-08, 3.2, 1.21, 1e-08, 0
387201601, 3.61, 1.7e-07, 9.8e-08, 5.17, 3.47, 1e-08, 102
387460801, 3.26, 1.07e-07, 8.02e-08, 2.49, 0.61, 1e-08, 0
388238401, 1.88, 2.67e-08, 3.77e-08, 1.79, 0.57, 1e-08, 0
389793601, 1.47, 9.25e-08, 8.9e-07, 7.7, 3.96, 1e-08, 102
390052801, 2.29, 1.17e-07, 2.39e-06, 7.62, 4.15, 1e-08, 0
390312001, 1.25, 7.16e-08, 9.71e-07, 5.5, 2.82, 1e-08, 0
391608001, 6.52, 2.4e-07, 1e-07, 5.35, 2.56, 1e-08, 102
392385601, 6.83, 2.33e-07, 1.29e-06, 8.07, 2.26, 1e-08, 102
392904001, 2.36, 1.79e-07, 1.24e-07, 4.21, 4.28, 1e-08, 102
393422401, 5.58, 2.72e-07, 1.28e-07, 4.37, 2.86, 1e-08, 102
393681601, 3.85, 1.36e-07, 9.12e-08, 2.57, 0.5, 1e-08, 0
394200001, 1.61, 1.09e-07, 9.99e-07, 7.76, 3.76, 1e-08, 102
394459201, 1.14, 9.24e-08, 9.44e-08, 3.4, 1.41, 1e-08, 0
394718401, 5.15, 1.99e-07, 9.8e-08, 3.99, 3, 1e-08, 102
395236801, 4.88, 8.22e-08, 6.58e-08, 2.18, 0.45, 1e-08, 0
395755201, 4.36, 1.78e-07, 1.02e-07, 3.45, 1.09, 1e-08, 0
396273601, 2.85, 1.34e-07, 8.22e-08, 6.04, 3.75, 1e-08, 102
396792001, 2.25, 1.39e-07, 9.88e-08, 5.01, 4.33, 1e-08, 102
398606401, 1.34, 1.55e-08, 2.12e-08, 1.92, 0.63, 1e-08, 0
400161601, 1.05, 7.32e-08, 7.72e-07, 7.6, 4.34, 1e-08, 102
400420801, 3.69, 1.56e-07, 8.97e-08, 5.48, 3.41, 1e-08, 102
400680001, 3.43, 1.21e-07, 1.13e-07, 2.73, 0.87, 1e-08, 0
400939201, 1.8, 1.14e-07, 9.42e-08, 4.44, 2.3, 1e-08, 0
401198401, 1.97, 1.39e-07, 1.08e-07, 4.18, 1.53, 1e-08, 0
401457601, 4.86, 1.96e-07, 1.23e-06, 8.0, 2.57, 1e-08, 102
402235201, 1.04, 1.19e-07, 1.27e-07, 4.23, 2.55, 1e-08, 0
402494401, 2.08, 1.67e-07, 1.27e-07, 4.27, 2.68, 1e-08, 0
403272001, 5.24, 1.62e-07, 9.59e-08, 2.45, 0.47, 1e-08, 0
404308801, 2.87, 1.49e-07, 9.38e-08, 5.75, 3.74, 1e-08, 102
404827201, 1.21, 5.51e-08, 8.57e-08, 2.46, 0.93, 1e-08, 0
405604801, 10.35, 3e-07, 1.09e-07, 5.67, 2.1, 1e-08, 102
406123201, 3.74, 2.1e-07, 1.14e-07, 4.44, 3.42, 1e-08, 102
407419201, 1.64, 9.3e-08, 9.88e-08, 2.49, 0.7, 1e-08, 0
408715201, 3.63, 4.72e-07, 2.78e-07, 4.0, 3.63, 1e-08, 102
409752001, 5.38, 3.32e-07, 1.73e-07, 3.47, 0.75, 1e-08, 0
410011201, 1.12, 1.64e-07, 1.73e-07, 3.62, 2.75, 1e-08, 0
410270401, 1.3, 6.25e-08, 9.97e-08, 2.14, 0.83, 1e-08, 0
411048001, 2.62, 2.5e-07, 1.74e-07, 3.84, 2.01, 1e-08, 0
411566401, 5.16, 1.82e-09, 2.01e-09, 0.0, 0, 1e-08, 0
411825601, 6.21, 6.71e-08, 4.88e-08, 2.19, 0.39, 1e-08, 0
414158401, 4.27, 3.29e-07, 1.79e-07, 5.36, 3.29, 1e-08, 102
415454401, 1.83, 9.35e-08, 1.22e-07, 2.38, 0.68, 1e-08, 0
415972801, 2.69, 1.82e-07, 3.37e-06, 4.29, 3.95, 1e-08, 102
416232001, 1.62, 1.29e-07, 1.03e-07, 6.55, 4.73, 1e-08, 102
416491201, 3.75, 1.66e-07, 9.78e-08, 3.58, 1.31, 1e-08, 0
417009601, 1.75, 8.18e-08, 6.72e-08, 4.75, 2.07, 1e-08, 0
417787201, 1.85, 1.34e-07, 1.18e-07, 2.76, 1.03, 1e-08, 0
418046401, 4.04, 3.05e-07, 1.88e-07, 3.07, 0.63, 1e-08, 0
418305601, 3.07, 2.9e-07, 1.78e-07, 6.26, 3.82, 1e-08, 102
418824001, 4.51, 2.84e-07, 2.01e-06, 8.15, 2.9, 1e-08, 102
420120001, 3.69, 1.85e-07, 1.11e-07, 5.2, 3.46, 1e-08, 1
421156801, 1.72, 1.17e-07, 9.79e-08, 4.43, 2.31, 1e-08, 0
422712001, 1.68, 1.21e-07, 1.03e-07, 3.31, 5.55, 1e-08, 102
422971201, 3.0, 1.57e-07, 9.32e-08, 6.77, 3.71, 1e-08, 102
423230401, 3.25, 2.77e-08, 5.44e-08, 1.76, 0.86, 1e-08, 0
423489601, 2.3, 3.88e-09, 2.72e-08, 0.29, 1.14, 1e-08, 0
423748801, 1.03, 9.42e-08, 1.07e-06, 7.71, 4.69, 1e-08, 102
424267201, 3.47, 1.5e-08, 2.06e-08, 1.31, 0.59, 1e-08, 0
425822401, 2.83, 6.04e-08, 6.95e-08, 2.19, 0.63, 1e-08, 0
426081601, 8.1, 2.8e-07, 1.11e-07, 5.22, 2.37, 1e-08, 102
426859201, 2.33, 4.38e-09, 7.23e-09, 1.26, 0.72, 1e-08, 0
427118401, 3.22, 3.06e-07, 1.81e-07, 4.01, 3.68, 1e-08, 102
427377601, 5.42, 3.54e-07, 2.23e-07, 2.61, 0.44, 1e-08, 0
427636801, 3.39, 2.91e-07, 1.92e-07, 2.92, 0.63, 1e-08, 0
428155201, 4.53, 2.5e-07, 1.57e-07, 2.7, 0.62, 1e-08, 0
428414401, 1.22, 1.57e-07, 1.56e-07, 3.87, 6.23, 1e-08, 102
428932801, 1.72, 1.99e-07, 1.75e-07, 4.35, 5.14, 1e-08, 102
429451201, 4.73, 2.81e-07, 1.54e-07, 2.88, 0.48, 1e-08, 0
429969601, 5.96, 2.26e-07, 9.8e-08, 4.09, 2.71, 1e-08, 102
430228801, 2.48, 1.72e-07, 1.15e-07, 4.83, 4.1, 1e-08, 102
430747201, 1.29, 1.92e-08, 3.38e-08, 2.19, 0.8, 1e-08, 0
432820801, 1.37, 1.11e-07, 1.16e-07, 2.51, 0.75, 1e-08, 0
433598401, 1.27, 1.57e-07, 1.59e-07, 2.82, 0.72, 1e-08, 0
433857601, 6.04, 3.78e-07, 1.86e-07, 3.45, 0.93, 1e-08, 0
434376001, 6.3, 2.47e-07, 1.07e-07, 5.92, 2.58, 1e-08, 102
435931201, 3.25, 1.73e-07, 1.03e-07, 4.75, 3.55, 1e-08, 102
436190401, 2.13, 1.82e-07, 1.34e-07, 4.81, 4.29, 1e-08, 102
436449601, 2.89, 2.8e-07, 1.97e-07, 3.17, 0.79, 1e-08, 0
436968001, 3.84, 3.39e-07, 2.02e-07, 3.44, 0.81, 1e-08, 0
437227201, 4.34, 2.99e-07, 1.73e-07, 3.38, 1, 1e-08, 0
437745601, 2.16, 6.23e-08, 6.77e-08, 1.93, 0.53, 1e-08, 0
438264001, 5.16, 4.04e-07, 2.02e-07, 3.42, 3.12, 1e-08, 102
438523201, 3.64, 2.3e-07, 1.42e-07, 2.84, 0.46, 1e-08, 0
438782401, 2.69, 2.32e-07, 1.56e-07, 3.77, 0.88, 1e-08, 0
439041601, 4.54, 2.19e-07, 1.17e-07, 3.46, 0.86, 1e-08, 0
440596801, 6.04, 4.38e-09, 5.18e-09, 1.07, 0.61, 1e-08, 0
441374401, 1.44, 1.01e-07, 9.39e-08, 3.08, 1.02, 1e-08, 0
441633601, 4.94, 1.06e-07, 2.08e-07, 2.52, 1.39, 1e-08, 0
442670401, 2.26, 5.16e-09, 6.94e-09, 1.09, 0.59, 1e-08, 0
443707201, 1.91, 4.87e-08, 1.23e-07, 2.35, 1.37, 1e-08, 0
444225601, 2.74, 1.83e-07, 1.19e-07, 4.69, 3.88, 1e-08, 102
444744001, 13.54, 3.43e-07, 1.07e-07, 5.53, 1.87, 1e-08, 102
445780801, 1.93, 1.25e-07, 1e-07, 3.28, 0.86, 1e-08, 0
447076801, 6.28, 1.94e-07, 8.8e-08, 6.32, 2.71, 1e-08, 102
447336001, 2.88, 1.23e-07, 9.59e-07, 7.81, 3.21, 1e-08, 102
448632001, 2.07, 1.81e-07, 1.39e-07, 3.05, 0.61, 1e-08, 0
448891201, 2.93, 2.3e-07, 1.4e-07, 4.12, 3.82, 1e-08, 102
449150401, 2.41, 1.74e-07, 1.32e-07, 2.86, 0.69, 1e-08, 0
450446401, 3.11, 1.59e-07, 1.06e-07, 3.15, 0.73, 1e-08, 0
450705601, 1.52, 7.18e-08, 8e-08, 2.59, 0.82, 1e-08, 0
452260801, 5.09, 2.3e-07, 1.05e-07, 4.72, 2.88, 1e-08, 102
453556801, 3.43, 1.68e-07, 1.01e-07, 3.75, 1.19, 1e-08, 0
453816001, 1.57, 9.34e-08, 8.73e-07, 7.7, 3.84, 1e-08, 102
454075201, 1.15, 3.46e-08, 4.85e-08, 2.24, 0.7, 1e-08, 0
456408001, 1.47, 1.18e-07, 1.27e-07, 3.39, 6.16, 1e-08, 102
456667201, 5.24, 2.34e-07, 1.52e-06, 8.07, 2.67, 1e-08, 102
458481601, 1.02, 1.02e-08, 1.64e-08, 1.68, 0.73, 1e-08, 0
459777601, 1.02, 9.08e-09, 1.96e-08, 1.53, 0.87, 1e-08, 0
461073601, 7.03, 2.47e-07, 1.1e-07, 3.28, 0.57, 1e-08, 0
461332801, 4.14, 2.28e-07, 1.23e-07, 3.86, 3.39, 1e-08, 102
461592001, 4.81, 1.95e-07, 1.16e-07, 2.93, 1.13, 1e-08, 0
461851201, 2.64, 1.92e-07, 1.25e-07, 4.36, 4.06, 1e-08, 102
462628801, 2.35, 1.45e-07, 3.2e-07, 3.05, 5.67, 1e-08, 102
462888001, 2.45, 9.42e-08, 8.96e-08, 2.54, 0.72, 1e-08, 0
463147201, 10.22, 2.76e-09, 3.18e-09, 0.0, 0, 1e-08, 0
463406401, 1.26, 9.57e-08, 9.45e-08, 3.65, 1.61, 1e-08, 0
463665601, 10.47, 3e-07, 1.05e-07, 4.03, 2.22, 1e-08, 102
463924801, 1.26, 8.57e-09, 1.39e-08, 1.59, 0.7, 1e-08, 0
464443201, 2.89, 1.3e-07, 9.11e-08, 2.98, 0.63, 1e-08, 0
464702401, 8.46, 2.36e-08, 2.23e-08, 1.29, 0.41, 1e-08, 0
464961601, 4.2, 1.74e-07, 9.28e-08, 3.83, 3.38, 1e-08, 102
465480001, 8.12, 2.5e-07, 1.01e-07, 6.9, 2.39, 1e-08, 102
465739201, 5.53, 2.29e-07, 1.05e-07, 4.94, 2.85, 1e-08, 102
466516801, 1.43, 1.38e-07, 1.25e-07, 3.47, 5.76, 1e-08, 102
467812801, 4.23, 1.52e-07, 1.8e-07, 7.55, 0.24, 1e-08, 0
470404801, 3.68, 1.69e-07, 2.25e-06, 6.35, 2.73, 1e-08, 0
470664001, 3.51, 2.22e-07, 1.28e-07, 4.67, 3.45, 1e-08, 102
471441601, 1.52, 1.45e-07, 1.29e-07, 4.25, 2.21, 1e-08, 0
471960001, 2.02, 8.25e-08, 9.92e-08, 2.51, 0.94, 1e-08, 0
472478401, 3.92, 1.9e-07, 1.04e-07, 4.52, 3.34, 1e-08, 102
472996801, 5.44, 2.23e-07, 1.06e-07, 4.46, 2.9, 1e-08, 102
473256001, 6.72, 2.5e-07, 1.06e-07, 5.75, 2.54, 1e-08, 102
473515201, 8.17, 2.5e-07, 1.28e-06, 8.1, 2.1, 1e-08, 102
473774401, 2.91, 1.31e-07, 8.69e-08, 3.32, 0.86, 1e-08, 0
474292801, 6.34, 2.43e-07, 1.06e-07, 7.05, 2.66, 1e-08, 102
474552001, 4.67, 1.83e-07, 9.38e-08, 6.58, 3.03, 1e-08, 102
475070401, 3.32, 2.17e-07, 1.27e-07, 4.16, 3.62, 1e-08, 102
475588801, 1.58, 1.55e-07, 1.19e-07, 5.47, 4.79, 1e-08, 102
475848001, 2.11, 1.38e-07, 1.1e-07, 3.07, 0.82, 1e-08, 0
476366401, 5.07, 2.15e-07, 1.08e-07, 3.72, 0.77, 1e-08, 0
476884801, 3.63, 1.59e-07, 8.92e-07, 6.38, 1.16, 1e-08, 0
477144001, 1.74, 1.15e-07, 9.51e-08, 3.96, 2.92, 1e-08, 0
477403201, 3.5, 1.81e-07, 1.11e-07, 4.21, 3.56, 1e-08, 102
477662401, 1.53, 1.28e-07, 1.15e-07, 3.82, 1.4, 1e-08, 0
477921601, 1.06, 1.12e-08, 2.52e-08, 1.56, 0.84, 1e-08, 0
478440001, 2.37, 1.08e-07, 8.73e-08, 2.62, 0.85, 1e-08, 0
479736001, 2.85, 1.72e-07, 1.08e-07, 3.54, 4.11, 1e-08, 102
479995201, 1.47, 1.15e-07, 1.1e-07, 5.58, 5.29, 1e-08, 102
480513601, 4.95, 2.19e-07, 1.04e-07, 4.67, 2.96, 1e-08, 102
480772801, 4.37, 1.79e-07, 9.41e-08, 7.28, 3.11, 1e-08, 102
481291201, 2.23, 2.7e-08, 3.42e-08, 2.02, 0.61, 1e-08, 0
482068801, 2.26, 1.32e-07, 9.88e-08, 4.31, 4.34, 1e-08, 102
482328001, 1.74, 1.25e-07, 1.12e-07, 3.45, 5.17, 1e-08, 102
483883201, 1.35, 6.89e-08, 6.53e-08, 3.25, 0.88, 1e-08, 0
486475201, 3.09, 1.68e-07, 1.05e-07, 3.82, 1.11, 1e-08, 0
486734401, 1.8, 8.28e-08, 8.24e-08, 2.64, 0.69, 1e-08, 0
487512001, 3.17, 1.77e-07, 1.07e-07, 4.49, 3.65, 1e-08, 102
489844801, 4.56, 2.23e-07, 1.14e-07, 4.71, 3.1, 1e-08, 102
490622401, 1.17, 1.31e-07, 1.37e-07, 2.99, 1.21, 1e-08, 0
491140801, 3.5, 1.58e-07, 9.72e-08, 3.36, 0.73, 1e-08, 0
491400001, 5.1, 1.93e-07, 1.14e-07, 2.96, 0.76, 1e-08, 0
491918401, 1.76, 3.89e-07, 4.28e-07, 2.24, 0.76, 1e-08, 0
492955201, 3.32, 1.59e-07, 8.49e-07, 5.96, 1.11, 1e-08, 0
493214401, 7.3, 6.08e-09, 8.03e-09, 1.15, 0.63, 1e-08, 0
494769601, 3.5, 1.02e-07, 8.1e-08, 2.27, 0.48, 1e-08, 0
495028801, 7.59, 2.55e-07, 1.02e-07, 6.39, 2.39, 1e-08, 102
495806401, 1.63, 1.22e-07, 1.05e-07, 4.21, 1.98, 1e-08, 0
496584001, 1.46, 1.38e-08, 2.61e-08, 1.77, 0.82, 1e-08, 0
497102401, 16.78, 4.94e-07, 1.53e-07, 3.28, 0.47, 1e-08, 0
497361601, 2.1, 1.5e-07, 1.19e-07, 3.04, 1.19, 1e-08, 0
498398401, 2.6, 1.31e-07, 1.17e-07, 2.62, 0.79, 1e-08, 0
499953601, 1.15, 8.35e-08, 9.43e-08, 3.03, 1.49, 1e-08, 0
500990401, 1.25, 1.38e-07, 1.27e-07, 4.24, 5.86, 1e-08, 102
501249601, 1.31, 8.95e-08, 9.25e-08, 3.01, 1.17, 1e-08, 0
501768001, 1.66, 1.02e-07, 7.91e-08, 5.77, 4.78, 1e-08, 102
502027201, 10.86, 3.01e-07, 1.09e-07, 3.31, 0.47, 1e-08, 0
502804801, 4.01, 2.15e-07, 1.26e-07, 3.17, 0.61, 1e-08, 0
503064001, 2.74, 1.78e-07, 1.2e-07, 3.44, 1.3, 1e-08, 0
503323201, 2.07, 1.42e-07, 1.24e-07, 2.79, 0.98, 1e-08, 0
503841601, 6.78, 1.9e-07, 8.2e-08, 3.65, 2.72, 1e-08, 102
504100801, 4.28, 1.67e-07, 9.58e-08, 4.89, 2.96, 1e-08, 0
504878401, 1.33, 9.01e-08, 1.15e-07, 3.09, 6.59, 1e-08, 102
505396801, 5.38, 1.28e-07, 1.01e-07, 2.54, 0.56, 1e-08, 0
505656001, 4.03, 1.8e-07, 9.89e-08, 6.02, 3.27, 1e-08, 102
505915201, 3.37, 1.55e-07, 1.01e-07, 3.05, 0.76, 1e-08, 0
506433601, 2.05, 1.31e-07, 9.82e-08, 4.69, 4.52, 1e-08, 102
506692801, 1.97, 6.54e-08, 7.14e-08, 2.3, 0.65, 1e-08, 0
507470401, 3.14, 2.04e-07, 1.31e-07, 3.53, 3.98, 1e-08, 102
507729601, 4.65, 2.57e-07, 1.23e-07, 5.53, 3.03, 1e-08, 102
507988801, 5.0, 2.15e-07, 1.31e-07, 2.86, 0.56, 1e-08, 0
508507201, 7.32, 2.85e-07, 1.16e-07, 3.8, 2.58, 1e-08, 102
509544001, 4.16, 1.81e-07, 1.09e-07, 3.07, 0.71, 1e-08, 0
509803201, 1.75, 1.07e-07, 9.62e-07, 7.76, 3.68, 1e-08, 102
511617601, 3.62, 1.7e-07, 1.14e-07, 2.87, 0.65, 1e-08, 0
511876801, 2.55, 1.64e-07, 1.14e-07, 3.31, 0.89, 1e-08, 0
512395201, 4.72, 2.12e-07, 1.02e-07, 5.99, 2.97, 1e-08, 102
513691201, 1.42, 4.81e-08, 7.1e-08, 2.34, 0.78, 1e-08, 0
514209601, 2.09, 1.39e-07, 9.92e-08, 4.72, 4.49, 1e-08, 102
515764801, 4.88, 1.94e-07, 9.81e-08, 3.58, 1.04, 1e-08, 0
517579201, 2.33, 1.57e-07, 1.17e-07, 3.25, 0.81, 1e-08, 0
518356801, 3.93, 1.47e-07, 1.01e-06, 7.88, 2.83, 1e-08, 102
519393601, 1.35, 2.33e-08, 4.7e-08, 1.97, 0.9, 1e-08, 0
521208001, 1.62, 2.78e-08, 5.08e-08, 1.83, 0.76, 1e-08, 0
521985601, 3.13, 4.08e-09, 5.87e-09, 1.0, 0.78, 1e-08, 0
522763201, 1.2, 9.26e-08, 9.13e-08, 3.77, 1.24, 1e-08, 0
523800001, 1.22, 1.05e-07, 7.19e-07, 5.47, 1.43, 1e-08, 0
524836801, 1.63, 1.16e-07, 1.01e-07, 3.39, 5.37, 1e-08, 102
525355201, 3.22, 1.8e-07, 1.07e-07, 4.76, 3.62, 1e-08, 102
526392001, 3.08, 1.48e-07, 1.07e-07, 2.72, 0.58, 1e-08, 0
526651201, 1.34, 1.11e-07, 9.61e-08, 5.67, 5.23, 1e-08, 102
526910401, 3.72, 1.78e-07, 1.03e-07, 3.57, 0.85, 1e-08, 0
527428801, 2.45, 1.51e-07, 1.06e-07, 4.11, 1.43, 1e-08, 0
528206401, 2.9, 1.48e-07, 9.52e-08, 5.18, 3.79, 1e-08, 102
528724801, 1.48, 1.09e-07, 9.78e-08, 4.25, 2.35, 1e-08, 0
529502401, 2.03, 1.21e-07, 9.09e-08, 3.48, 5, 1e-08, 102
530280001, 5.49, 4.27e-08, 4.31e-08, 1.72, 0.45, 1e-08, 0
532094401, 1.36, 4.28e-08, 4.93e-08, 2.27, 0.6, 1e-08, 0
534168001, 10.79, 3.78e-08, 3.7e-08, 1.66, 0.43, 1e-08, 0
534686401, 3.93, 2.03e-07, 1.1e-07, 6.03, 3.28, 1e-08, 102
535464001, 8.42, 3.22e-07, 1.28e-07, 5.36, 2.39, 1e-08, 102
535723201, 2.09, 1.49e-07, 1.07e-07, 3.77, 4.75, 1e-08, 102
536241601, 2.69, 9.41e-08, 7.9e-08, 2.47, 0.54, 1e-08, 0
537278401, 5.43, 2.14e-07, 1.04e-07, 6.11, 2.92, 1e-08, 102
537796801, 2.2, 2.74e-09, 3.19e-09, 0.22, 0.89, 1e-08, 0
539092801, 5.56, 2.69e-07, 1.27e-07, 4.96, 2.92, 1e-08, 102
540129601, 4.13, 2.02e-07, 1.15e-07, 3.58, 0.92, 1e-08, 0
540388801, 2.46, 1.37e-07, 1.07e-06, 7.86, 3.21, 1e-08, 102
540648001, 1.38, 1.1e-07, 1.02e-07, 3.8, 1.85, 1e-08, 0
542721601, 2.32, 1.62e-07, 1.24e-07, 3.0, 0.82, 1e-08, 0
549979201, 2.64, 8e-08, 5.71e-08, 2.77, 0.57, 1e-08, 0
551534401, 2.02, 8.47e-08, 6.64e-08, 4.64, 4.56, 1e-08, 102
553348801, 2.82, 4.57e-08, 4.57e-08, 2.14, 0.49, 1e-08, 0
553867201, 5.18, 1.66e-07, 8.4e-08, 3.35, 0.9, 1e-08, 0
555163201, 2.6, 1.03e-07, 6.99e-08, 3.5, 0.96, 1e-08, 0
555422401, 11.79, 2.32e-07, 7.4e-08, 4.1, 2.04, 1e-08, 102
556718401, 2.84, 2.14e-07, 1.4e-07, 4.48, 3.99, 1e-08, 102
557236801, 2.55, 1.15e-07, 7.81e-08, 4.05, 1.48, 1e-08, 0
557496001, 5.01, 4.56e-08, 4.75e-08, 2.03, 0.51, 1e-08, 0
557755201, 7.67, 2.33e-07, 8.9e-08, 5.45, 2.32, 1e-08, 102
558532801, 2.11, 1.25e-07, 8.38e-08, 5.26, 4.17, 1e-08, 102
559051201, 2.58, 1.06e-07, 7.21e-08, 4.45, 2.62, 1e-08, 0
559569601, 1.32, 6.59e-08, 6.59e-08, 5.61, 5.53, 1e-08, 102
560088001, 3.31, 1.24e-07, 7.48e-08, 4.64, 1.56, 1e-08, 0
560606401, 5.07, 2.25e-07, 1.57e-06, 8.05, 2.87, 1e-08, 102
562420801, 5.88, 2.13e-07, 9.4e-08, 5.0, 2.65, 1e-08, 102
563198401, 2.08, 1.12e-07, 8.42e-08, 3.88, 1.52, 1e-08, 0
563457601, 4.54, 1.54e-07, 7.48e-08, 4.35, 3.1, 1e-08, 102
563976001, 1.24, 6.58e-08, 6.71e-08, 3.02, 1.01, 1e-08, 0
564235201, 4.03, 6.1e-09, 1.11e-08, 1.39, 0.69, 1e-08, 0
564753601, 1.34, 7.63e-08, 7.15e-08, 4.87, 5.5, 1e-08, 102
565012801, 2.07, 1.13e-07, 8.72e-08, 3.71, 1.8, 1e-08, 0
565272001, 3.37, 1.45e-08, 2.18e-08, 1.67, 0.64, 1e-08, 0
565531201, 3.7, 1.53e-07, 9.49e-08, 3.04, 0.75, 1e-08, 0
566308801, 3.05, 1.28e-07, 7.98e-08, 4.2, 1.71, 1e-08, 0
566568001, 2.04, 1.27e-08, 2.14e-08, 1.77, 0.68, 1e-08, 0
567086401, 3.04, 1.15e-07, 6.6e-08, 6.99, 3.49, 1e-08, 102
567345601, 2.17, 7.38e-09, 1.27e-08, 1.54, 0.75, 1e-08, 0
568382401, 2.06, 7.9e-08, 7.09e-08, 6.19, 8.94, 1e-08, 0
569419201, 1.27, 9.28e-08, 1.32e-07, 3.0, 6.95, 1e-08, 102
569678401, 2.59, 7.79e-08, 1.12e-07, 2.2, 0.99, 1e-08, 0
569937601, 2.81, 1.25e-07, 8.02e-08, 6.97, 3.83, 1e-08, 102
570196801, 4.82, 1.34e-07, 7.51e-08, 2.84, 0.61, 1e-08, 0
570456001, 2.66, 8.98e-08, 6.23e-08, 3.15, 0.68, 1e-08, 0
571233601, 5.59, 1.79e-07, 7.92e-08, 4.17, 2.85, 1e-08, 102
572529601, 2.32, 1.37e-07, 1.02e-07, 4.18, 4.29, 1e-08, 102
573566401, 1.53, 6.83e-08, 7.78e-08, 2.39, 0.81, 1e-08, 0
574084801, 4.26, 1.84e-07, 1.3e-06, 7.97, 2.9, 1e-08, 102
574344001, 4.47, 2.04e-07, 1.1e-07, 3.52, 1.37, 1e-08, 0
574603201, 2.98, 1.34e-07, 8.1e-08, 6.33, 3.68, 1e-08, 102
575121601, 1.94, 1.22e-07, 9.5e-08, 5.07, 4.59, 1e-08, 102
575899201, 7.71, 2.76e-07, 1.1e-07, 6.04, 2.39, 1e-08, 102
576417601, 2.41, 1.83e-07, 1.27e-07, 5.31, 4.02, 1e-08, 102
577972801, 7.84, 2.04e-07, 8.3e-08, 3.8, 0.98, 1e-08, 0
579009601, 1.51, 3.19e-08, 1.08e-07, 2.15, 1.58, 1e-08, 0
579268801, 5.63, 1.99e-07, 9.6e-08, 3.69, 0.82, 1e-08, 0
579528001, 2.44, 1.28e-07, 1.04e-07, 6.76, 5.94, 1e-08, 0
579787201, 1.14, 4.39e-08, 6.39e-08, 2.25, 0.8, 1e-08, 0
580046401, 2.9, 1.6e-07, 9.92e-08, 4.6, 3.83, 1e-08, 102
580305601, 2.6, 1.6e-07, 1.1e-07, 3.21, 0.88, 1e-08, 0
580564801, 2.42, 1.32e-07, 9.22e-08, 4.23, 2.58, 1e-08, 0
581083201, 3.91, 2.77e-09, 3e-09, 0.78, 0.57, 1e-08, 0
581601601, 2.59, 4.42e-08, 5.97e-08, 2.26, 0.69, 1e-08, 0
581860801, 5.4, 1.28e-07, 7.09e-07, 7.83, 2.27, 1e-08, 102
582120001, 3.05, 1.03e-07, 6.81e-08, 6.63, 4.04, 1e-08, 0
582638401, 6.69, 2.37e-07, 1.02e-07, 6.11, 2.58, 1e-08, 102
583675201, 10.48, 2.78e-07, 1.11e-07, 3.03, 0.52, 1e-08, 0
585230401, 2.85, 1.24e-07, 8.71e-08, 2.86, 0.68, 1e-08, 0
585489601, 1.29, 8.87e-08, 8.34e-08, 4.31, 2.15, 1e-08, 0
586526401, 9.06, 3.27e-07, 1.25e-07, 6.11, 2.32, 1e-08, 102
587563201, 2.17, 2.89e-09, 8.52e-09, 0.5, 0.56, 1e-08, 0
587822401, 5.37, 1.96e-07, 9.3e-08, 6.9, 2.84, 1e-08, 102
588081601, 3.82, 1.65e-07, 8.68e-08, 6.1, 3.3, 1e-08, 102
588600001, 2.71, 5.95e-09, 6.76e-09, 1.17, 0.61, 1e-08, 0
589377601, 1.65, 9.93e-08, 8.27e-08, 4.14, 1.28, 1e-08, 0
589636801, 1.03, 4.87e-08, 7.33e-08, 2.63, 1.01, 1e-08, 0
591969601, 3.4, 2.2e-08, 2.78e-08, 1.64, 0.51, 1e-08, 0
592228801, 1.18, 8.27e-08, 8.41e-07, 7.65, 4.18, 1e-08, 102
593524801, 2.08, 1.41e-07, 1.08e-07, 3.2, 0.7, 1e-08, 0
593784001, 3.61, 2.02e-07, 1.11e-07, 6.09, 3.34, 1e-08, 102
594302401, 8.49, 8.69e-08, 9.43e-08, 1.99, 0.5, 1e-08, 0
594820801, 3.36, 1.61e-07, 9.18e-08, 3.56, 3.7, 1e-08, 102
595080001, 4.39, 1.78e-07, 8.89e-08, 4.01, 3.13, 1e-08, 102
595339201, 3.89, 1.59e-07, 8.81e-08, 3.84, 0.9, 1e-08, 0
596116801, 2.42, 3.35e-08, 4.29e-08, 1.96, 0.6, 1e-08, 0
598190401, 2.23, 5.26e-08, 7.63e-08, 2.17, 0.79, 1e-08, 0
598449601, 1.69, 2.42e-08, 4.35e-08, 1.96, 0.86, 1e-08, 0
598708801, 2.59, 9.01e-08, 6.4e-08, 2.62, 0.58, 1e-08, 0
599227201, 7.4, 2.07e-07, 8e-08, 5.36, 2.36, 1e-08, 102
599745601, 8.67, 1.76e-07, 7.3e-08, 2.98, 0.46, 1e-08, 0
600264001, 5.09, 2.08e-07, 9.7e-08, 4.67, 2.9, 1e-08, 102
602856001, 7.25, 1.99e-07, 8.2e-08, 4.33, 2.45, 1e-08, 102
603115201, 1.77, 1.01e-07, 8.12e-08, 3.84, 1.18, 1e-08, 0
603892801, 6.42, 2.2e-07, 9.7e-08, 3.97, 2.73, 1e-08, 102
604411201, 4.32, 4.62e-08, 5.46e-08, 1.95, 0.53, 1e-08, 0
604929601, 3.42, 1.66e-07, 1.02e-07, 3.07, 0.69, 1e-08, 0
605188801, 1.4, 9.67e-08, 8.9e-08, 3.87, 1.92, 1e-08, 0
605448001, 3.6, 6.95e-08, 7.16e-08, 2.14, 0.59, 1e-08, 0
605707201, 1.75, 5.92e-09, 9.96e-09, 1.23, 0.76, 1e-08, 0
607262401, 3.44, 1.56e-07, 9.69e-08, 3.09, 0.65, 1e-08, 0
607521601, 7.76, 2.02e-07, 1.33e-07, 2.59, 0.56, 1e-08, 0
608040001, 5.16, 2.15e-07, 1.02e-07, 6.31, 2.83, 1e-08, 102
608299201, 1.13, 3.15e-08, 4.31e-08, 2.03, 0.61, 1e-08, 0
609595201, 3.14, 1.16e-07, 6.9e-08, 5.54, 3.61, 1e-08, 102
609854401, 3.61, 1.16e-07, 6.4e-08, 7.07, 3.3, 1e-08, 102
610372801, 1.46, 1.18e-07, 1.08e-07, 3.41, 1.18, 1e-08, 0
610632001, 1.74, 1.22e-07, 1.02e-07, 5.2, 4.85, 1e-08, 102
610891201, 8.01, 3.93e-08, 4.05e-08, 1.71, 0.45, 1e-08, 0
611668801, 2.65, 1.54e-07, 1e-07, 5.72, 3.83, 1e-08, 102
611928001, 4.73, 3.05e-08, 2.98e-08, 1.62, 0.42, 1e-08, 0
612705601, 1.0, NaN, NaN, NaN, NaN, 1e-08, 0
614520001, 12.68, 3.37e-07, 1.05e-07, 4.71, 1.95, 1e-08, 102
614779201, 5.66, 2.21e-07, 2.49e-07, 3.03, 3.65, 1e-08, 102
615556801, 4.04, 1.53e-07, 9.49e-08, 3.01, 0.61, 1e-08, 0
616334401, 4.07, 1.65e-07, 8.6e-08, 3.72, 3.41, 1e-08, 102
616593601, 1.92, 8.34e-08, 6.85e-08, 2.74, 0.81, 1e-08, 0
616852801, 4.46, 1.34e-07, 8.2e-07, 7.85, 2.52, 1e-08, 102
617371201, 3.21, 1.48e-07, 9.09e-08, 3.45, 0.83, 1e-08, 0
618408001, 1.49, 1.18e-07, 1.06e-07, 4.03, 1.86, 1e-08, 0
618667201, 2.12, 1.31e-07, 1.02e-07, 3.31, 1.04, 1e-08, 0
619185601, 3.3, 1.23e-07, 1.02e-07, 2.75, 0.74, 1e-08, 0
619444801, 2.08, 1.38e-07, 1.01e-07, 4.21, 4.61, 1e-08, 102
619704001, 1.21, 7.12e-08, 7.4e-08, 2.51, 0.6, 1e-08, 0
620222401, 1.27, 9.88e-08, 9.39e-08, 3.66, 1.48, 1e-08, 0
620481601, 2.69, 1.27e-07, 8.5e-08, 7.1, 3.94, 1e-08, 102
620740801, 3.51, 1.35e-07, 7.98e-08, 4.71, 2.06, 1e-08, 0
621000001, 1.74, 7.07e-08, 6.85e-08, 2.79, 0.86, 1e-08, 0
621777601, 4.38, 3.13e-07, 1.63e-07, 3.93, 3.24, 1e-08, 102
622296001, 1.64, 1.38e-07, 1.07e-07, 5.67, 4.76, 1e-08, 102
622814401, 2.24, 1.53e-07, 1.06e-07, 4.47, 4.29, 1e-08, 102
623073601, 12.6, 3.43e-07, 1.09e-07, 4.03, 2, 1e-08, 102
623592001, 5.35, 6.79e-08, 5.79e-08, 2.12, 0.44, 1e-08, 0
623851201, 2.14, 1.34e-07, 1.01e-07, 5.38, 4.36, 1e-08, 102
624110401, 2.42, 1.47e-07, 1.1e-07, 4.74, 4.15, 1e-08, 102
624628801, 2.44, 1.45e-07, 2.83e-06, 4.96, 4.09, 1e-08, 102
624888001, 3.32, 1.35e-08, 2.22e-08, 1.68, 0.71, 1e-08, 0
625665601, 7.74, 2.66e-07, 1.09e-07, 5.88, 2.4, 1e-08, 102
627220801, 3.02, 1.16e-07, 7.6e-08, 7.24, 3.74, 1e-08, 102
627998401, 2.73, 1.11e-07, 7.32e-08, 3.51, 1.02, 1e-08, 0
629553601, 1.48, 1.04e-07, 8.37e-08, 5.75, 4.91, 1e-08, 102
630072001, 1.71, 9.87e-08, 9.12e-08, 2.82, 0.73, 1e-08, 0
630331201, 3.78, 1.11e-07, 7.81e-08, 2.63, 0.51, 1e-08, 0
631886401, 3.18, 1.03e-07, 8.22e-08, 3.1, 4.34, 1e-08, 102
634478401, 4.39, 1.54e-07, 7.9e-08, 4.52, 3.12, 1e-08, 102
635774401, 1.37, 1.09e-07, 9.11e-08, 6.18, 5.08, 1e-08, 102
636033601, 3.02, 2.35e-08, 2.81e-08, 1.7, 0.49, 1e-08, 0
636292801, 4.45, 8.42e-08, 1.05e-07, 2.31, 0.74, 1e-08, 0
637588801, 2.33, 1.22e-07, 9.99e-07, 7.81, 3.36, 1e-08, 102
637848001, 1.62, 1.36e-07, 1.07e-07, 4.09, 5.09, 1e-08, 102
638107201, 1.39, 1.11e-08, 2.25e-08, 1.68, 0.85, 1e-08, 0
639144001, 3.96, 8.49e-09, 1.48e-08, 1.43, 0.73, 1e-08, 0
639662401, 7.59, 2.59e-07, 1.11e-07, 3.08, 0.55, 1e-08, 0
640440001, 2.38, 1.39e-07, 1.11e-06, 7.86, 3.26, 1e-08, 102
641736001, 4.89, 9.24e-09, 1.02e-08, 1.46, 0.48, 1e-08, 0
645624001, 9.86, 2.1e-07, 7.1e-08, 4.48, 2.11, 1e-08, 102
646920001, 2.61, 1.5e-07, 1.06e-07, 3.16, 0.79, 1e-08, 0
648216001, 3.74, 1.58e-07, 2.6e-07, 5.15, 0.3, 1e-08, 0
648475201, 1.34, 5.77e-08, 7.13e-08, 2.76, 1, 1e-08, 0
649252801, 9.45, 2.17e-07, 9.65e-07, 7.35, 0.91, 1e-08, 0
651844801, 6.09, 2.12e-07, 9.4e-08, 6.62, 2.68, 1e-08, 102
652622401, 4.16, 1.63e-07, 8.82e-08, 4.97, 3.2, 1e-08, 102
653140801, 4.36, 1.52e-07, 7.78e-08, 6.08, 3.04, 1e-08, 102
653918401, 3.35, 2.07e-07, 1.21e-07, 3.65, 3.83, 1e-08, 102
654177601, 2.07, 6.56e-08, 6.74e-08, 2.03, 0.47, 1e-08, 0
655214401, 1.55, 1.07e-07, 9.61e-08, 5.15, 5.08, 1e-08, 102
655473601, 2.44, 1.47e-07, 1.02e-07, 4.09, 1.44, 1e-08, 0
656510401, 2.06, 2.42e-08, 3.01e-08, 1.76, 0.6, 1e-08, 0
656769601, 7.29, 1.56e-08, 1.59e-08, 1.5, 0.43, 1e-08, 0
657288001, 5.49, 1.98e-07, 1.01e-07, 3.09, 0.6, 1e-08, 0
657547201, 1.61, 1.99e-08, 3.34e-08, 1.8, 0.79, 1e-08, 0
658843201, 1.14, 7.02e-08, 6.79e-07, 7.59, 3.98, 1e-08, 102
659102401, 11.44, 2.68e-07, 8.6e-08, 3.98, 2.05, 1e-08, 102
661435201, 2.39, 1.01e-07, 8.13e-07, 7.73, 3.31, 1e-08, 102
661953601, 9.72, 3.14e-07, 1.16e-07, 4.33, 2.22, 1e-08, 102
662731201, 2.07, 6.73e-09, 1.29e-08, 1.67, 0.83, 1e-08, 0
663249601, 5.94, 1.74e-07, 8.21e-08, 3.57, 1.11, 1e-08, 0
665323201, 1.55, 1.2e-07, 1e-07, 3.48, 5.57, 1e-08, 102
666619201, 5.74, 1.49e-07, 7.12e-08, 7.17, 2.73, 1e-08, 1
667396801, 1.37, 1.32e-09, 3.75e-09, 0.17, 0.79, 1e-08, 0
668433601, 1.02, 3.04e-08, 4.16e-08, 1.96, 0.62, 1e-08, 0
669470401, 4.93, 1.93e-07, 9.78e-08, 4.41, 2.99, 1e-08, 102
671025601, 2.18, 1.13e-07, 9e-08, 2.74, 1.08, 1e-08, 0
671284801, 3.89, 1.84e-07, 1.05e-07, 3.57, 1.04, 1e-08, 0
671544001, 5.97, 2.18e-07, 1.07e-07, 3.02, 0.57, 1e-08, 0
672062401, 9.29, 1.85e-07, 9.01e-08, 2.53, 0.38, 1e-08, 0
672321601, 3.27, 1.59e-07, 1.14e-06, 7.92, 2.96, 1e-08, 102
673617601, 8.84, 1.8e-07, 7.6e-08, 3.1, 0.7, 1e-08, 0
673876801, 1.19, 6.41e-08, 6.39e-08, 2.87, 1.33, 1e-08, 0
675172801, 3.28, 1.45e-07, 9.22e-08, 3.25, 3.93, 1e-08, 102
676209601, 2.56, 1.18e-07, 8.62e-08, 2.98, 0.66, 1e-08, 0
676987201, 1.67, 1.02e-07, 8.48e-08, 4.15, 1.64, 1e-08, 0
678542401, 2.35, 1.16e-07, 9.41e-08, 3.03, 0.88, 1e-08, 0
678801601, 3.11, 1.62e-07, 1e-07, 3.9, 3.88, 1e-08, 102
679838401, 4.58, 1.97e-07, 9.81e-08, 4.16, 3.21, 1e-08, 102
680356801, 2.26, 1.05e-07, 7.61e-08, 3.41, 1, 1e-08, 0
680616001, 1.31, 5.39e-08, 5.98e-08, 2.71, 0.73, 1e-08, 0
680875201, 7.69, 3.54e-08, 3.73e-08, 1.87, 0.45, 1e-08, 0
681134401, 1.94, 9.37e-08, 8.61e-08, 2.95, 1.02, 1e-08, 0
681393601, 6.75, 2.17e-07, 9.5e-08, 5.02, 2.29, 1e-08, 0
682430401, 4.91, 1.92e-07, 9.32e-08, 5.58, 2.92, 1e-08, 102
682689601, 2.54, 1.42e-07, 9.7e-08, 3.71, 1.11, 1e-08, 0
683467201, 2.85, 1.54e-07, 1.1e-07, 5.98, 0.43, 1e-08, 0
683985601, 7.24, 1.61e-07, 8.59e-08, 2.56, 0.43, 1e-08, 0
684763201, 9.38, 1.45e-07, 7e-08, 2.68, 0.4, 1e-08, 0
685540801, 2.45, 1.94e-07, 1.29e-07, 5.46, 4.06, 1e-08, 102
685800001, 1.43, 1.25e-07, 1.15e-07, 4.24, 2.16, 1e-08, 0
686318401, 2.12, 1.46e-07, 1.07e-07, 6.06, 4.36, 1e-08, 102
687355201, 3.34, 1.57e-07, 8.9e-08, 3.87, 3.64, 1e-08, 102
687614401, 4.87, 1.81e-07, 9.1e-08, 4.08, 3.11, 1e-08, 102
688132801, 4.26, 1.78e-07, 9.7e-08, 3.43, 0.86, 1e-08, 0
688392001, 3.94, 1.73e-07, 9.81e-08, 4.19, 1.13, 1e-08, 0
689947201, 7.71, 3.05e-07, 1.31e-07, 3.2, 0.58, 1e-08, 0
690724801, 3.51, 1.48e-07, 8.29e-08, 5.72, 3.31, 1e-08, 102
690984001, 1.9, 9.53e-08, 7.47e-08, 4.72, 1.83, 1e-08, 0
692280001, 1.26, 1.11e-07, 1.08e-07, 3.76, 3.6, 1e-08, 0
692798401, 1.15, 1.01e-07, 1.02e-07, 3.72, 1.59, 1e-08, 0
693316801, 5.91, 2.02e-07, 8.9e-08, 5.05, 2.72, 1e-08, 102
693576001, 8.18, 1.44e-07, 9.62e-08, 2.45, 0.45, 1e-08, 0
694612801, 3.01, 1.32e-07, 1.12e-07, 3.44, 4.16, 1e-08, 102
695131201, 3.88, 1.29e-07, 7.22e-08, 5.1, 3.29, 1e-08, 102
697464001, 3.92, 1.37e-07, 1.57e-07, 9.95, 0.39, 1e-08, 1
697982401, 1.66, 1.08e-08, 1.7e-08, 1.67, 0.68, 1e-08, 0
698760001, 1.84, 1.18e-08, 2.52e-08, 1.85, 0.88, 1e-08, 0
700315201, 3.05, 1.31e-07, 7.4e-07, 7.32, 1.15, 1e-08, 0
700574401, 3.25, 8.18e-08, 6.83e-08, 2.43, 0.51, 1e-08, 0
700833601, 1.12, 6.5e-08, 1.22e-07, 10.0, 0, 1e-08, 1
701092801, 11.73, 1.03e-08, 1.06e-08, 1.17, 0.47, 1e-08, 0
701870401, 4.06, 1.74e-07, 9.9e-08, 3.31, 0.82, 1e-08, 0
702129601, 11.2, 3.08e-07, 1.11e-07, 3.59, 0.78, 1e-08, 0
702907201, 1.6, 7.76e-08, 8.17e-08, 2.65, 0.7, 1e-08, 0
703166401, 3.21, 1.78e-07, 1.12e-07, 4.45, 3.61, 1e-08, 102
703425601, 7.49, 2.37e-07, 1.01e-07, 4.94, 2.47, 1e-08, 102
704203201, 7.55, 9.18e-08, 6.51e-08, 2.08, 0.36, 1e-08, 0
704462401, 7.24, 2.07e-07, 8.5e-08, 4.89, 2.46, 1e-08, 102
704721601, 3.92, 1.28e-07, 8.19e-08, 2.87, 0.64, 1e-08, 0
704980801, 1.55, 7.87e-08, 6.83e-08, 10.0, 0, 1e-08, 0
705758401, 2.61, 1.04e-07, 9.71e-08, 2.83, 4.45, 1e-08, 0
706017601, 2.49, 1.23e-07, 1.67e-07, 2.91, 1.94, 1e-08, 0
706276801, 3.65, 3.13e-08, 3.42e-08, 1.73, 0.49, 1e-08, 0
706536001, 11.2, 2.33e-07, 1.03e-07, 2.56, 0.52, 1e-08, 0
706795201, 3.56, 1.61e-07, 9.89e-08, 4.71, 3.59, 1e-08, 102
707054401, 1.73, 1.08e-07, 8.69e-08, 3.44, 5.14, 1e-08, 102
707313601, 5.48, 2.17e-07, 1e-07, 4.08, 2.9, 1e-08, 102
707572801, 1.12, 1.6e-08, 2.65e-08, 1.77, 0.67, 1e-08, 0
707832001, 1.5, 1.19e-07, 1.06e-07, 4.68, 2.71, 1e-08, 0
708350401, 1.2, 8.61e-08, 8.52e-08, 3.73, 1.44, 1e-08, 0
708868801, 1.05, 5.82e-08, 6.89e-08, 2.94, 0.95, 1e-08, 0
709387201, 10.77, 2.45e-07, 8.2e-08, 3.95, 2.1, 1e-08, 102
709646401, 1.47, 7.39e-08, 6.74e-08, 3.2, 1.05, 1e-08, 0
710942401, 1.38, 1.03e-07, 9.7e-08, 2.93, 0.73, 1e-08, 0
711979201, 4.32, 5.41e-09, 8.3e-09, 1.35, 0.69, 1e-08, 0
712238401, 2.94, 1.17e-07, 7.41e-08, 3.4, 0.97, 1e-08, 0
712497601, 1.38, 2.36e-09, 3.47e-09, 1.15, 0.64, 1e-08, 0
713534401, 3.34, 1.5e-07, 9.2e-08, 4.6, 3.54, 1e-08, 102
713793601, 1.56, 1.22e-07, 3.03e-06, 7.27, 5.07, 1e-08, 102
714052801, 2.03, 6.79e-08, 6.71e-08, 2.24, 0.59, 1e-08, 0
715348801, 2.15, 1.17e-07, 9.09e-08, 3.02, 0.93, 1e-08, 0
715867201, 3.49, 3e-08, 4.12e-08, 1.7, 0.62, 1e-08, 0
716385601, 4.06, 1.63e-07, 8.69e-08, 6.68, 3.22, 1e-08, 102
717422401, 7.71, 3.59e-07, 1.61e-07, 3.34, 0.95, 1e-08, 0
718200001, 1.17, 2.63e-08, 4.78e-08, 1.96, 0.82, 1e-08, 0
718459201, 9.26, 6.03e-09, 6.18e-09, 0.95, 0.56, 1e-08, 0
719496001, 1.47, 1.01e-07, 9.02e-08, 4.86, 2.31, 1e-08, 0
721569601, 2.15, 8.96e-08, 8.55e-08, 2.42, 0.61, 1e-08, 0
721828801, 1.58, 1.08e-07, 1.05e-07, 2.61, 0.72, 1e-08, 0
722347201, 1.5, 9.62e-08, 8.57e-08, 3.82, 1.99, 1e-08, 0
723124801, 1.24, 7.25e-08, 7.07e-08, 3.34, 2.52, 1e-08, 0
723643201, 1.35, 8.26e-08, 7.85e-08, 4.92, 5.44, 1e-08, 102
723902401, 2.09, 1.39e-07, 9.39e-08, 5.58, 4.21, 1e-08, 102
724161601, 5.86, 1.54e-07, 9.38e-08, 2.43, 0.47, 1e-08, 0
725198401, 1.31, 9.42e-08, 8.87e-08, 4.09, 2.24, 1e-08, 0
725457601, 3.77, 1.44e-07, 8.71e-08, 2.91, 0.62, 1e-08, 0
726235201, 1.68, 7.57e-08, 6.74e-08, 2.77, 0.68, 1e-08, 0
726494401, 10.45, 2.23e-07, 7.7e-08, 5.42, 2.08, 1e-08, 102
727012801, 1.92, 1.08e-07, 8.4e-08, 3.53, 1.32, 1e-08, 0
727790401, 1.2, 8.17e-08, 8.83e-08, 6.22, 0.56, 1e-08, 0
728049601, 2.23, 1.23e-07, 9.12e-08, 4.48, 4.4, 1e-08, 102
729864001, 8.25, 2.73e-07, 1.04e-07, 3.93, 2.44, 1e-08, 102
730123201, 2.1, 1.03e-07, 7.78e-08, 3.61, 1.09, 1e-08, 0
730641601, 2.03, 8.61e-08, 7.09e-08, 7.36, 0.42, 1e-08, 0
730900801, 3.99, 1.22e-07, 7.3e-08, 3.1, 0.64, 1e-08, 0
731160001, 1.81, 1.04e-07, 8.39e-08, 3.21, 5.26, 1e-08, 102
731937601, 4.15, 1.88e-07, 2.95e-06, 6.72, 3.2, 1e-08, 102
732715201, 1.61, 9.18e-08, 8.41e-08, 2.98, 5.93, 1e-08, 102
732974401, 12.53, 3.21e-07, 1.02e-07, 4.55, 1.99, 1e-08, 102
734270401, 3.65, 1.39e-07, 9.22e-08, 2.97, 0.66, 1e-08, 0
735048001, 3.22, 3.02e-09, 3.41e-09, 0.85, 0.6, 1e-08, 0
735566401, 1.18, 9.44e-08, 9.55e-08, 3.52, 1.8, 1e-08, 0
735825601, 2.5, 1.6e-07, 1.16e-07, 3.33, 0.85, 1e-08, 0
736344001, 7.2, 2.19e-07, 1.03e-07, 3.72, 2.68, 1e-08, 102
736862401, 3.36, 1.19e-07, 6.91e-08, 5.55, 3.47, 1e-08, 102
737380801, 7.47, 1.66e-07, 6.5e-08, 3.77, 2.58, 1e-08, 102
738936001, 3.31, 1.68e-07, 1.05e-07, 3.58, 0.87, 1e-08, 0
740232001, 1.12, 8.75e-08, 8.86e-08, 4.17, 3.75, 1e-08, 0
