timestamp, ts, flux, flux_error, photon_index, photon_index_interval, fit_tolerance, fit_convergence
241012801, 2.91, 2.96e-08, 2.51e-08, 2.2, 0, 1e-08, 0
241272001, 5.02, 5.45e-08, 3.35e-08, 2.2, 0, 1e-08, 0
242308801, 3.36, 2.84e-08, 2.23e-08, 2.2, 0, 1e-08, 0
242827201, 3.7, 2.51e-08, 2.29e-08, 2.2, 0, 1e-08, 0
243345601, 7.36, 5.83e-08, 3.18e-08, 2.2, 0, 1e-08, 0
243864001, 1.85, 2.05e-08, 1.95e-08, 2.2, 0, 1e-08, 0
244641601, 7.2, 6.27e-08, 4.52e-08, 2.2, 0, 1e-08, 0
244900801, 1.19, 3.79e-08, 4.64e-08, 2.2, 0, 1e-08, 0
245937601, 8.77, 7.3e-08, 4.62e-08, 2.2, 0, 1e-08, 0
246196801, 1.93, 2.3e-08, 2.38e-08, 2.2, 0, 1e-08, 0
246974401, 11.74, 3.95e-08, 2.64e-08, 2.2, 0, 1e-08, 0
247233601, 4.46, 3.84e-08, 3.05e-08, 2.2, 0, 1e-08, 0
247492801, 2.84, 3.88e-08, 3.13e-08, 2.2, 0, 1e-08, 0
248011201, 3.58, 4.16e-08, 3e-08, 2.2, 0, 1e-08, 0
248529601, 7.13, 5.91e-08, 3.37e-08, 2.2, 0, 1e-08, 0
248788801, 6.45, 4.44e-08, 2.95e-08, 2.2, 0, 1e-08, 0
249048001, 1.24, 1.86e-08, 2.48e-08, 2.2, 0, 1e-08, 0
249825601, 8.77, 5.29e-08, 4.12e-08, 2.2, 0, 1e-08, 0
250344001, 6.12, 6.73e-08, 3.88e-08, 2.2, 0, 1e-08, 0
250862401, 1.56, 1.63e-08, 1.93e-08, 2.2, 0, 1e-08, 0
251121601, 17.7, 8.37e-08, 3.32e-08, 2.2, 0, 1e-08, 0
251380801, 3.93, 4.43e-08, 3.14e-08, 2.2, 0, 1e-08, 0
251640001, 4.03, 3.97e-08, 3.11e-08, 2.2, 0, 1e-08, 0
251899201, 3.09, 3.02e-08, 2.59e-08, 2.2, 0, 1e-08, 0
253454401, 1.42, 1.5e-08, 1.82e-08, 2.2, 0, 1e-08, 0
254491201, 2.69, 4.69e-08, 4.16e-08, 2.2, 0, 1e-08, 0
255787201, 2.68, 2.5e-08, 2.2e-08, 2.2, 0, 1e-08, 0
256046401, 8.85, 3.94e-08, 2.34e-08, 2.2, 0, 1e-08, 0
256305601, 7.33, 7.26e-08, 4.22e-08, 2.2, 0, 1e-08, 0
257342401, 4.04, 4.34e-08, 3.43e-08, 2.2, 0, 1e-08, 0
258379201, 7.01, 7.08e-08, 4.05e-08, 2.2, 0, 1e-08, 0
258897601, 4.36, 4.67e-08, 3.44e-08, 2.2, 0, 1e-08, 0
259156801, 4.21, 4.96e-08, 3.34e-08, 2.2, 0, 1e-08, 0
259416001, 4.55, 2.76e-08, 2.19e-08, 2.2, 0, 1e-08, 0
259675201, 3.28, 2.86e-08, 2.69e-08, 2.2, 0, 1e-08, 0
259934401, 2.91, 3.27e-08, 2.84e-08, 2.2, 0, 1e-08, 0
260971201, 12.4, 7.25e-08, 4.75e-08, 2.2, 0, 1e-08, 0
261230401, 17.44, 8.37e-08, 3.82e-08, 2.2, 0, 1e-08, 0
261489601, 9.24, 6e-08, 3.16e-08, 2.2, 0, 1e-08, 0
261748801, 5.06, 4.16e-08, 3.19e-08, 2.2, 0, 1e-08, 0
262008001, 21.04, 8.54e-08, 3.46e-08, 2.2, 0, 1e-08, 0
262267201, 1.08, 1.8e-08, 2.32e-08, 2.2, 0, 1e-08, 0
262785601, 8.67, 3.89e-08, 2.91e-08, 2.2, 0, 1e-08, 0
263304001, 2.86, 4.76e-08, 3.97e-08, 2.2, 0, 1e-08, 0
263822401, 8.3, 4.5e-08, 2.83e-08, 2.2, 0, 1e-08, 0
264081601, 2.09, 1.26e-08, 1.43e-08, 2.2, 0, 1e-08, 0
264340801, 4.86, 2.91e-08, 2.64e-08, 2.2, 0, 1e-08, 0
264600001, 4.3, 4.14e-08, 3.37e-08, 2.2, 0, 1e-08, 0
265118401, 3.07, 3.79e-08, 3.28e-08, 2.2, 0, 1e-08, 0
265377601, 2.01, 2.21e-08, 2.17e-08, 2.2, 0, 1e-08, 0
267192001, 10.21, 8.78e-08, 4.1e-08, 2.2, 0, 1e-08, 0
267451201, 5.95, 7.21e-08, 5.2e-08, 2.2, 0, 1e-08, 0
267710401, 7.71, 5.45e-08, 3.65e-08, 2.2, 0, 1e-08, 0
267969601, 3.15, 3.91e-08, 3.5e-08, 2.2, 0, 1e-08, 0
268228801, 14.04, 9.48e-08, 5.5e-08, 2.2, 0, 1e-08, 0
268488001, 12.41, 8.46e-08, 4.01e-08, 2.2, 0, 1e-08, 0
269006401, 2.16, 2.52e-08, 2.85e-08, 2.2, 0, 1e-08, 0
269265601, 9.62, 5.68e-08, 3.12e-08, 2.2, 0, 1e-08, 0
269524801, 33.35, 1.28e-07, 3.79e-08, 2.2, 0, 1e-08, 0
269784001, 79.65, 2.17e-07, 5.7e-08, 2.2, 0, 1e-08, 0
270043201, 6.09, 3.61e-08, 2.5e-08, 2.2, 0, 1e-08, 0
270302401, 1.75, 2.64e-08, 2.61e-08, 2.2, 0, 1e-08, 0
270561601, 53.84, 2.11e-07, 5.8e-08, 2.2, 0, 1e-08, 0
270820801, 119.57, 2.96e-07, 5.6e-08, 2.2, 0, 1e-08, 0
271080001, 6.16, 5.87e-08, 3.73e-08, 2.2, 0, 1e-08, 0
271339201, 3.93, 1.86e-08, 1.84e-08, 2.2, 0, 1e-08, 0
271598401, 4.28, 4.3e-08, 3.01e-08, 2.2, 0, 1e-08, 0
271857601, 7.83, 5.34e-08, 3.4e-08, 2.2, 0, 1e-08, 0
272116801, 16.5, 7.75e-08, 3.38e-08, 2.2, 0, 1e-08, 0
272376001, 7.34, 6.07e-08, 3.4e-08, 2.2, 0, 1e-08, 0
272635201, 3.12, 4.26e-08, 3.39e-08, 2.2, 0, 1e-08, 0
272894401, 5.58, 2.6e-08, 2.31e-08, 2.2, 0, 1e-08, 0
273412801, 6.53, 4.39e-08, 3.01e-08, 2.2, 0, 1e-08, 0
273672001, 4.37, 3.75e-08, 2.92e-08, 2.2, 0, 1e-08, 0
273931201, 13.9, 4.18e-08, 2.38e-08, 2.2, 0, 1e-08, 0
274190401, 18.39, 9.65e-08, 4.38e-08, 2.2, 0, 1e-08, 0
274449601, 16.82, 9.88e-08, 3.74e-08, 2.2, 0, 1e-08, 0
274708801, 27.96, 1.1e-07, 4.69e-08, 2.2, 0, 1e-08, 0
274968001, 6.48, 4.98e-08, 2.89e-08, 2.2, 0, 1e-08, 0
275227201, 2.04, 3.16e-08, 3.23e-08, 2.2, 0, 1e-08, 0
275486401, 2.55, 2.2e-08, 2.1e-08, 2.2, 0, 1e-08, 0
275745601, 1.84, 1.53e-08, 1.59e-08, 2.2, 0, 1e-08, 0
276004801, 7.43, 4.79e-08, 2.73e-08, 2.2, 0, 1e-08, 0
276264001, 12.16, 4.39e-08, 2.71e-08, 2.2, 0, 1e-08, 0
276523201, 15.46, 8.29e-08, 3.31e-08, 2.2, 0, 1e-08, 0
276782401, 2.42, 2.79e-08, 2.59e-08, 2.2, 0, 1e-08, 0
277560001, 2.74, 3.63e-08, 2.96e-08, 2.2, 0, 1e-08, 0
277819201, 6.2, 4.8e-08, 6.7e-08, 2.2, 0, 1e-08, 102
278078401, 6.38, 5.19e-08, 3.02e-08, 2.2, 0, 1e-08, 0
278596801, 9.26, 4.8e-08, 3.54e-08, 2.2, 0, 1e-08, 0
278856001, 12.43, 5.65e-08, 3.29e-08, 2.2, 0, 1e-08, 0
279115201, 5.62, 3.31e-08, 2.66e-08, 2.2, 0, 1e-08, 0
279374401, 10.12, 4.95e-08, 3e-08, 2.2, 0, 1e-08, 0
279633601, 4.77, 2.56e-08, 1.96e-08, 2.2, 0, 1e-08, 0
279892801, 4.29, 4.57e-08, 3.61e-08, 2.2, 0, 1e-08, 0
280152001, 10.18, 5.06e-08, 2.97e-08, 2.2, 0, 1e-08, 0
281188801, 13.82, 7.04e-08, 3.34e-08, 2.2, 0, 1e-08, 0
281448001, 3.24, 3.37e-08, 2.81e-08, 2.2, 0, 1e-08, 0
281707201, 16.66, 8.4e-08, 3.42e-08, 2.2, 0, 1e-08, 0
282225601, 1.39, 3.18e-08, 3.5e-08, 2.2, 0, 1e-08, 0
282484801, 2.66, 2.94e-08, 2.45e-08, 2.2, 0, 1e-08, 0
283003201, 13.55, 6.99e-08, 3.69e-08, 2.2, 0, 1e-08, 0
283780801, 10.06, 6.88e-08, 3.44e-08, 2.2, 0, 1e-08, 0
284040001, 10.33, 6.19e-08, 3.58e-08, 2.2, 0, 1e-08, 0
284299201, 1.18, 2.27e-08, 2.96e-08, 2.2, 0, 1e-08, 0
284558401, 3.15, 3.84e-08, 3.09e-08, 2.2, 0, 1e-08, 0
284817601, 21.8, 8.94e-08, 3.16e-08, 2.2, 0, 1e-08, 0
285076801, 1.8, 2.6e-08, 2.44e-08, 2.2, 0, 1e-08, 0
285595201, 16.72, 5.99e-08, 2.66e-08, 2.2, 0, 1e-08, 0
286113601, 6.84, 4.15e-08, 2.67e-08, 2.2, 0, 1e-08, 0
286372801, 17.04, 6.93e-08, 3.18e-08, 2.2, 0, 1e-08, 0
286632001, 12.0, 7.71e-08, 3.11e-08, 2.2, 0, 1e-08, 0
286891201, 4.43, 4.93e-08, 3.17e-08, 2.2, 0, 1e-08, 0
287150401, 4.85, 2.16e-08, 1.95e-08, 2.2, 0, 1e-08, 0
287928001, 1.62, 2.87e-08, 2.97e-08, 2.2, 0, 1e-08, 0
288446401, 1.39, 2.02e-08, 2.4e-08, 2.2, 0, 1e-08, 0
288964801, 3.45, 2.64e-08, 2.54e-08, 2.2, 0, 1e-08, 0
289483201, 1.68, 1.55e-08, 1.79e-08, 2.2, 0, 1e-08, 0
289742401, 13.96, 7.51e-08, 3.27e-08, 2.2, 0, 1e-08, 0
290001601, 10.4, 3.69e-08, 2.29e-08, 2.2, 0, 1e-08, 0
290779201, 1.76, 2.29e-08, 2.33e-08, 2.2, 0, 1e-08, 0
291038401, 10.05, 5.7e-08, 3.04e-08, 2.2, 0, 1e-08, 0
291297601, 1.14, 2.15e-08, 2.92e-08, 2.2, 0, 1e-08, 0
291556801, 8.34, 6.59e-08, 3.23e-08, 2.2, 0, 1e-08, 0
291816001, 2.92, 2.22e-08, 2.38e-08, 2.2, 0, 1e-08, 0
292075201, 3.87, 4e-08, 2.94e-08, 2.2, 0, 1e-08, 0
292334401, 19.3, 5.58e-08, 2.67e-08, 2.2, 0, 1e-08, 0
292593601, 22.29, 8.5e-08, 3.61e-08, 2.2, 0, 1e-08, 0
292852801, 5.85, 6.9e-08, 5.5e-08, 2.2, 0, 1e-08, 0
293112001, 25.22, 1.06e-07, 3.68e-08, 2.2, 0, 1e-08, 0
293630401, 41.84, 1.68e-07, 4.3e-08, 2.2, 0, 1e-08, 0
294148801, 7.75, 1.84e-08, 1.8e-08, 2.2, 0, 1e-08, 0
294408001, 11.45, 7.25e-08, 3.37e-08, 2.2, 0, 1e-08, 0
294667201, 13.93, 8.08e-08, 3.5e-08, 2.2, 0, 1e-08, 0
294926401, 16.51, 8.81e-08, 3.57e-08, 2.2, 0, 1e-08, 0
295185601, 18.29, 9.92e-08, 3.7e-08, 2.2, 0, 1e-08, 0
295444801, 14.99, 8.17e-08, 3.63e-08, 2.2, 0, 1e-08, 0
295704001, 20.59, 1.04e-07, 3.6e-08, 2.2, 0, 1e-08, 0
296222401, 15.29, 6.13e-08, 2.99e-08, 2.2, 0, 1e-08, 0
296481601, 23.74, 1.41e-07, 5.39e-08, 2.2, 0, 1e-08, 0
296740801, 25.01, 1.12e-07, 4.12e-08, 2.2, 0, 1e-08, 0
297259201, 4.47, 3.65e-08, 3.04e-08, 2.2, 0, 1e-08, 0
297518401, 18.54, 6.66e-08, 2.99e-08, 2.2, 0, 1e-08, 0
297777601, 1.53, 2.39e-08, 2.6e-08, 2.2, 0, 1e-08, 0
298036801, 20.91, 7.89e-08, 3e-08, 2.2, 0, 1e-08, 0
298296001, 27.03, 9.78e-08, 3.74e-08, 2.2, 0, 1e-08, 0
298555201, 16.44, 8.4e-08, 3.3e-08, 2.2, 0, 1e-08, 0
298814401, 28.8, 1.36e-07, 4.98e-08, 2.2, 0, 1e-08, 0
299073601, 1.23, 2.93e-08, 3.9e-08, 2.2, 0, 1e-08, 0
299332801, 13.3, 5.25e-08, 2.51e-08, 2.2, 0, 1e-08, 0
299592001, 23.33, 9.13e-08, 3.37e-08, 2.2, 0, 1e-08, 0
300110401, 3.95, 4.87e-08, 3.5e-08, 2.2, 0, 1e-08, 0
300369601, 7.82, 5.09e-08, 3.03e-08, 2.2, 0, 1e-08, 0
300628801, 6.79, 3.89e-08, 2.9e-08, 2.2, 0, 1e-08, 0
300888001, 1.8, 2.36e-08, 2.25e-08, 2.2, 0, 1e-08, 0
301924801, 14.03, 5.08e-08, 2.53e-08, 2.2, 0, 1e-08, 0
302184001, 16.35, 7.22e-08, 3.28e-08, 2.2, 0, 1e-08, 0
302443201, 3.49, 3.58e-08, 2.94e-08, 2.2, 0, 1e-08, 0
302702401, 32.83, 1.42e-07, 4.21e-08, 2.2, 0, 1e-08, 0
302961601, 50.33, 1.48e-07, 4.6e-08, 2.2, 0, 1e-08, 0
303220801, 18.86, 8.04e-08, 2.96e-08, 2.2, 0, 1e-08, 0
303480001, 12.57, 4.77e-08, 2.51e-08, 2.2, 0, 1e-08, 0
303739201, 6.81, 4.49e-08, 2.99e-08, 2.2, 0, 1e-08, 0
304257601, 5.9, 3.21e-08, 2.32e-08, 2.2, 0, 1e-08, 0
304776001, 1.06, 1.68e-08, 2.11e-08, 2.2, 0, 1e-08, 0
305035201, 4.18, 4.12e-08, 3.59e-08, 2.2, 0, 1e-08, 0
305812801, 8.44, 4.8e-08, 2.52e-08, 2.2, 0, 1e-08, 0
306072001, 5.28, 3.11e-08, 2.49e-08, 2.2, 0, 1e-08, 0
306331201, 4.55, 4.74e-08, 3.71e-08, 2.2, 0, 1e-08, 0
306590401, 12.62, 7.21e-08, 4.08e-08, 2.2, 0, 1e-08, 102
307108801, 13.87, 1.16e-07, 5.4e-08, 2.2, 0, 1e-08, 0
307368001, 6.51, 6.11e-08, 3.63e-08, 2.2, 0, 1e-08, 0
307886401, 5.92, 5.27e-08, 3.36e-08, 2.2, 0, 1e-08, 0
308145601, 25.27, 9.32e-08, 3.76e-08, 2.2, 0, 1e-08, 0
308404801, 15.05, 7.92e-08, 3.76e-08, 2.2, 0, 1e-08, 0
308664001, 18.5, 8.48e-08, 3.64e-08, 2.2, 0, 1e-08, 0
308923201, 4.21, 4.18e-08, 3.02e-08, 2.2, 0, 1e-08, 0
309182401, 6.61, 6.51e-08, 3.71e-08, 2.2, 0, 1e-08, 0
309700801, 4.37, 4.97e-08, 3.85e-08, 2.2, 0, 1e-08, 0
310219201, 5.69, 5.76e-08, 3.52e-08, 2.2, 0, 1e-08, 0
310737601, 1.79, 2.46e-08, 2.69e-08, 2.2, 0, 1e-08, 0
310996801, 40.93, 1.73e-07, 4.6e-08, 2.2, 0, 1e-08, 0
311256001, 6.22, 6.79e-08, 4.39e-08, 2.2, 0, 1e-08, 0
311515201, 30.77, 1.01e-07, 3.18e-08, 2.2, 0, 1e-08, 0
311774401, 17.78, 7.45e-08, 3.74e-08, 2.2, 0, 1e-08, 0
312033601, 9.69, 5.13e-08, 3.13e-08, 2.2, 0, 1e-08, 0
312292801, 26.46, 1.2e-07, 3.7e-08, 2.2, 0, 1e-08, 0
312552001, 19.31, 8.06e-08, 3.43e-08, 2.2, 0, 1e-08, 0
312811201, 2.57, 3.8e-08, 3.52e-08, 2.2, 0, 1e-08, 0
313070401, 8.71, 7.16e-08, 4.04e-08, 2.2, 0, 1e-08, 0
313329601, 47.47, 1.22e-07, 3.71e-08, 2.2, 0, 1e-08, 0
313588801, 30.63, 1.22e-07, 3.69e-08, 2.2, 0, 1e-08, 0
313848001, 42.72, 1.68e-07, 5.2e-08, 2.2, 0, 1e-08, 0
314107201, 28.0, 1.17e-07, 4.5e-08, 2.2, 0, 1e-08, 0
314366401, 46.13, 1.54e-07, 4.8e-08, 2.2, 0, 1e-08, 0
314625601, 9.15, 7.33e-08, 3.76e-08, 2.2, 0, 1e-08, 0
314884801, 15.4, 7.97e-08, 5.14e-08, 2.2, 0, 1e-08, 0
315144001, 14.58, 9.12e-08, 3.95e-08, 2.2, 0, 1e-08, 0
315403201, 8.09, 7.59e-08, 4.9e-08, 2.2, 0, 1e-08, 0
315662401, 6.78, 4.7e-08, 3.43e-08, 2.2, 0, 1e-08, 0
315921601, 7.61, 5.44e-08, 2.94e-08, 2.2, 0, 1e-08, 0
316180801, 29.89, 1.47e-07, 4e-08, 2.2, 0, 1e-08, 0
316440001, 12.05, 7.9e-08, 3.52e-08, 2.2, 0, 1e-08, 0
316699201, 21.28, 1.02e-07, 3.8e-08, 2.2, 0, 1e-08, 0
316958401, 23.26, 9.16e-08, 3.34e-08, 2.2, 0, 1e-08, 0
317476801, 1.01, 1.86e-08, 2.42e-08, 2.2, 0, 1e-08, 0
317995201, 13.58, 1.02e-07, 4.28e-08, 2.2, 0, 1e-08, 0
318254401, 23.25, 1.14e-07, 4.2e-08, 2.2, 0, 1e-08, 0
318513601, 1.0, NaN, NaN, 2.2, 0, 1e-08, 0
318772801, 6.55, 4.24e-08, 2.89e-08, 2.2, 0, 1e-08, 0
319032001, 25.72, 1.21e-07, 4.11e-08, 2.2, 0, 1e-08, 0
319291201, 14.11, 7.47e-08, 3.61e-08, 2.2, 0, 1e-08, 0
319550401, 1.83, 2.57e-08, 2.65e-08, 2.2, 0, 1e-08, 0
319809601, 6.2, 2.99e-08, 2.42e-08, 2.2, 0, 1e-08, 0
320068801, 13.41, 8.42e-08, 4.16e-08, 2.2, 0, 1e-08, 0
320328001, 17.02, 8.74e-08, 3.49e-08, 2.2, 0, 1e-08, 0
320587201, 8.61, 6.14e-08, 3.56e-08, 2.2, 0, 1e-08, 0
320846401, 6.48, 5.46e-08, 3.18e-08, 2.2, 0, 1e-08, 0
321105601, 11.42, 8.63e-08, 3.97e-08, 2.2, 0, 1e-08, 0
321364801, 27.0, 1.1e-07, 3.87e-08, 2.2, 0, 1e-08, 0
321624001, 12.3, 6.86e-08, 3.36e-08, 2.2, 0, 1e-08, 0
321883201, 1.56, 2.28e-08, 2.42e-08, 2.2, 0, 1e-08, 0
322142401, 1.26, 2.76e-08, 4.47e-08, 2.2, 0, 1e-08, 0
322660801, 2.95, 1.57e-08, 1.56e-08, 2.2, 0, 1e-08, 0
323438401, 3.12, 2.41e-08, 2.09e-08, 2.2, 0, 1e-08, 0
323956801, 1.0, NaN, NaN, 2.2, 0, 1e-08, 102
324216001, 27.26, 1.21e-07, 3.61e-08, 2.2, 0, 1e-08, 0
324475201, 23.4, 7.13e-08, 2.67e-08, 2.2, 0, 1e-08, 0
324734401, 1.46, 3.8e-08, 3.94e-08, 2.2, 0, 1e-08, 0
324993601, 9.94, 7.87e-08, 5.51e-08, 2.2, 0, 1e-08, 0
325252801, 17.16, 8.24e-08, 3.18e-08, 2.2, 0, 1e-08, 0
325512001, 20.21, 8.48e-08, 3.4e-08, 2.2, 0, 1e-08, 0
325771201, 4.47, 2.49e-08, 1.96e-08, 2.2, 0, 1e-08, 0
326030401, 8.55, 4.32e-08, 2.53e-08, 2.2, 0, 1e-08, 0
326289601, 10.26, 5.97e-08, 3.07e-08, 2.2, 0, 1e-08, 0
326548801, 16.09, 8.99e-08, 3.71e-08, 2.2, 0, 1e-08, 0
326808001, 14.79, 7.68e-08, 3.83e-08, 2.2, 0, 1e-08, 0
327067201, 6.09, 3.05e-08, 2.11e-08, 2.2, 0, 1e-08, 0
327326401, 5.64, 4.47e-08, 3.02e-08, 2.2, 0, 1e-08, 0
327585601, 3.43, 4.29e-08, 3.2e-08, 2.2, 0, 1e-08, 0
328104001, 2.01, 3.01e-08, 2.91e-08, 2.2, 0, 1e-08, 0
328363201, 2.28, 3.14e-08, 2.79e-08, 2.2, 0, 1e-08, 0
329400001, 4.78, 4.35e-08, 2.77e-08, 2.2, 0, 1e-08, 0
329659201, 3.6, 1.74e-08, 1.77e-08, 2.2, 0, 1e-08, 0
329918401, 11.63, 5.41e-08, 2.73e-08, 2.2, 0, 1e-08, 0
330436801, 6.59, 4.44e-08, 2.76e-08, 2.2, 0, 1e-08, 0
330696001, 10.77, 5.09e-08, 2.91e-08, 2.2, 0, 1e-08, 0
331214401, 1.44, 1.02e-08, 1.27e-08, 2.2, 0, 1e-08, 0
331473601, 1.89, 3.26e-08, 3.16e-08, 2.2, 0, 1e-08, 0
332510401, 11.63, 6.16e-08, 3.17e-08, 2.2, 0, 1e-08, 0
332769601, 6.74, 6.71e-08, 4.59e-08, 2.2, 0, 1e-08, 0
333028801, 5.35, 5.39e-08, 3.87e-08, 2.2, 0, 1e-08, 0
333288001, 5.29, 5.76e-08, 3.45e-08, 2.2, 0, 1e-08, 0
333547201, 5.63, 4.25e-08, 2.76e-08, 2.2, 0, 1e-08, 0
333806401, 2.23, 3.73e-08, 3.37e-08, 2.2, 0, 1e-08, 0
334065601, 18.88, 9.57e-08, 3.75e-08, 2.2, 0, 1e-08, 0
334324801, 2.75, 2.84e-08, 2.5e-08, 2.2, 0, 1e-08, 0
334584001, 5.48, 6.66e-08, 4.55e-08, 2.2, 0, 1e-08, 0
334843201, 5.05, 4e-08, 2.55e-08, 2.2, 0, 1e-08, 0
335102401, 6.27, 4.86e-08, 3.02e-08, 2.2, 0, 1e-08, 0
335361601, 31.56, 1.43e-07, 4.2e-08, 2.2, 0, 1e-08, 0
335620801, 1.34, 3.1e-08, 4.44e-08, 2.2, 0, 1e-08, 0
335880001, 11.31, 8.01e-08, 3.59e-08, 2.2, 0, 1e-08, 0
336139201, 14.38, 7.78e-08, 3.62e-08, 2.2, 0, 1e-08, 0
336398401, 16.54, 8.97e-08, 4.02e-08, 2.2, 0, 1e-08, 0
336657601, 9.98, 6.86e-08, 3.44e-08, 2.2, 0, 1e-08, 0
336916801, 13.63, 1.02e-07, 2.9e-07, 2.2, 0, 1e-08, 102
337176001, 13.44, 7.79e-08, 3.32e-08, 2.2, 0, 1e-08, 0
337435201, 6.88, 5.27e-08, 3.5e-08, 2.2, 0, 1e-08, 0
337694401, 14.7, 7.34e-08, 3.16e-08, 2.2, 0, 1e-08, 0
337953601, 7.02, 7.02e-08, 3.98e-08, 2.2, 0, 1e-08, 0
338212801, 13.6, 8.22e-08, 3.49e-08, 2.2, 0, 1e-08, 0
338472001, 26.74, 1.19e-07, 3.82e-08, 2.2, 0, 1e-08, 0
338731201, 29.9, 1.23e-07, 3.91e-08, 2.2, 0, 1e-08, 0
338990401, 14.22, 8.49e-08, 4.03e-08, 2.2, 0, 1e-08, 0
339249601, 22.72, 9.87e-08, 3.9e-08, 2.2, 0, 1e-08, 0
339508801, 17.75, 1.07e-07, 4.01e-08, 2.2, 0, 1e-08, 0
339768001, 19.95, 9.16e-08, 3.73e-08, 2.2, 0, 1e-08, 0
340027201, 11.84, 6.95e-08, 3.34e-08, 2.2, 0, 1e-08, 0
340286401, 5.45, 5.03e-08, 3.7e-08, 2.2, 0, 1e-08, 0
340545601, 9.34, 6.92e-08, 4.16e-08, 2.2, 0, 1e-08, 0
341323201, 4.46, 6.1e-08, 3.71e-08, 2.2, 0, 1e-08, 0
341841601, 6.39, 2.42e-08, 2.09e-08, 2.2, 0, 1e-08, 0
342100801, 1.65, 2.92e-08, 3.22e-08, 2.2, 0, 1e-08, 0
342360001, 17.45, 6.9e-08, 2.94e-08, 2.2, 0, 1e-08, 0
342619201, 2.55, 1.54e-08, 1.64e-08, 2.2, 0, 1e-08, 0
342878401, 25.87, 1.24e-07, 3.99e-08, 2.2, 0, 1e-08, 0
343137601, 11.29, 5.3e-08, 3.46e-08, 2.2, 0, 1e-08, 0
343396801, 8.51, 4.94e-08, 3.56e-08, 2.2, 0, 1e-08, 0
343656001, 2.43, 1.72e-08, 1.84e-08, 2.2, 0, 1e-08, 0
343915201, 1.06, 9.01e-09, 1.22e-08, 2.2, 0, 1e-08, 0
344692801, 10.36, 4.32e-08, 2.4e-08, 2.2, 0, 1e-08, 0
344952001, 10.72, 6.85e-08, 3.17e-08, 2.2, 0, 1e-08, 0
345211201, 45.39, 1.04e-07, 3.01e-08, 2.2, 0, 1e-08, 0
345988801, 9.67, 3.94e-08, 2.35e-08, 2.2, 0, 1e-08, 0
346248001, 4.6, 3.89e-08, 2.76e-08, 2.2, 0, 1e-08, 0
347284801, 12.43, 4.77e-08, 2.4e-08, 2.2, 0, 1e-08, 0
347544001, 5.55, 4.63e-08, 2.81e-08, 2.2, 0, 1e-08, 0
347803201, 6.89, 5.47e-08, 2.94e-08, 2.2, 0, 1e-08, 0
348062401, 10.97, 5.52e-08, 2.76e-08, 2.2, 0, 1e-08, 0
348321601, 5.21, 4.67e-08, 2.9e-08, 2.2, 0, 1e-08, 0
348580801, 24.73, 9.55e-08, 3.34e-08, 2.2, 0, 1e-08, 0
348840001, 1.91, 3.21e-08, 3.19e-08, 2.2, 0, 1e-08, 0
349358401, 26.36, 9.47e-08, 3.11e-08, 2.2, 0, 1e-08, 0
349617601, 4.01, 3.1e-08, 2.17e-08, 2.2, 0, 1e-08, 0
350136001, 4.18, 4.76e-08, 4.04e-08, 2.2, 0, 1e-08, 0
350395201, 10.1, 4.57e-08, 2.42e-08, 2.2, 0, 1e-08, 0
350654401, 10.55, 5.41e-08, 2.83e-08, 2.2, 0, 1e-08, 0
350913601, 7.3, 4.48e-08, 2.99e-08, 2.2, 0, 1e-08, 0
351172801, 3.37, 3.52e-08, 2.52e-08, 2.2, 0, 1e-08, 0
351432001, 4.07, 4.12e-08, 3.09e-08, 2.2, 0, 1e-08, 0
351691201, 1.38, 3.15e-08, 3.04e-08, 2.2, 0, 1e-08, 0
352468801, 13.62, 7.85e-08, 3.37e-08, 2.2, 0, 1e-08, 0
352728001, 2.73, 3.26e-08, 2.51e-08, 2.2, 0, 1e-08, 0
352987201, 4.15, 2.54e-08, 1.65e-08, 2.2, 0, 1e-08, 0
353246401, 13.84, 5.19e-08, 2.46e-08, 2.2, 0, 1e-08, 0
354801601, 6.98, 3.22e-08, 2.37e-08, 2.2, 0, 1e-08, 0
355060801, 8.42, 5.59e-08, 2.78e-08, 2.2, 0, 1e-08, 0
355579201, 4.79, 4.93e-08, 3.37e-08, 2.2, 0, 1e-08, 0
355838401, 2.47, 2.36e-08, 2.19e-08, 2.2, 0, 1e-08, 0
356356801, 3.55, 1.02e-07, 7.58e-08, 2.2, 0, 1e-08, 0
356616001, 21.45, 8.33e-08, 3.19e-08, 2.2, 0, 1e-08, 0
356875201, 9.61, 5.55e-08, 2.65e-08, 2.2, 0, 1e-08, 0
357134401, 10.28, 5.54e-08, 2.92e-08, 2.2, 0, 1e-08, 0
357393601, 2.95, 2.68e-08, 2.2e-08, 2.2, 0, 1e-08, 0
357652801, 1.4, 1.59e-08, 2.14e-08, 2.2, 0, 1e-08, 0
358171201, 1.45, 2.35e-08, 2.71e-08, 2.2, 0, 1e-08, 0
358430401, 7.23, 4.55e-08, 2.67e-08, 2.2, 0, 1e-08, 0
358689601, 14.56, 7.19e-08, 3.23e-08, 2.2, 0, 1e-08, 0
358948801, 9.73, 6.13e-08, 3.63e-08, 2.2, 0, 1e-08, 0
359208001, 3.48, 2.8e-08, 2.85e-08, 2.2, 0, 1e-08, 0
359467201, 9.07, 5.65e-08, 2.85e-08, 2.2, 0, 1e-08, 0
359726401, 3.92, 2.57e-08, 2.33e-08, 2.2, 0, 1e-08, 0
360244801, 2.73, 2.49e-08, 2.53e-08, 2.2, 0, 1e-08, 0
361540801, 5.61, 3.28e-08, 2.32e-08, 2.2, 0, 1e-08, 0
361800001, 8.22, 4.27e-08, 2.58e-08, 2.2, 0, 1e-08, 0
362059201, 1.13, 1.55e-08, 2.01e-08, 2.2, 0, 1e-08, 0
362318401, 4.02, 1.35e-08, 1.33e-08, 2.2, 0, 1e-08, 0
362577601, 17.25, 7.74e-08, 3.65e-08, 2.2, 0, 1e-08, 0
363096001, 14.76, 8.64e-08, 3.56e-08, 2.2, 0, 1e-08, 0
363355201, 20.49, 7.39e-08, 3.22e-08, 2.2, 0, 1e-08, 0
363614401, 20.49, 1.01e-07, 3.49e-08, 2.2, 0, 1e-08, 0
364132801, 5.52, 4.11e-08, 2.66e-08, 2.2, 0, 1e-08, 0
364392001, 1.7, 2.61e-08, 2.84e-08, 2.2, 0, 1e-08, 0
364651201, 1.98, 2e-08, 2.02e-08, 2.2, 0, 1e-08, 0
364910401, 3.64, 2.88e-08, 2.17e-08, 2.2, 0, 1e-08, 0
365169601, 6.44, 3.17e-08, 2.14e-08, 2.2, 0, 1e-08, 0
365428801, 1.44, 1.3e-08, 1.65e-08, 2.2, 0, 1e-08, 0
365688001, 1.19, 2.65e-08, 3.33e-08, 2.2, 0, 1e-08, 0
365947201, 8.46, 5.2e-08, 3.2e-08, 2.2, 0, 1e-08, 0
366206401, 8.08, 5.78e-08, 3.35e-08, 2.2, 0, 1e-08, 0
366465601, 12.17, 6.79e-08, 3.09e-08, 2.2, 0, 1e-08, 0
366724801, 4.84, 4.84e-08, 3.22e-08, 2.2, 0, 1e-08, 0
366984001, 4.01, 4.69e-08, 3.88e-08, 2.2, 0, 1e-08, 0
367243201, 2.44, 3.43e-08, 3.05e-08, 2.2, 0, 1e-08, 0
367502401, 6.53, 3.01e-08, 2.45e-08, 2.2, 0, 1e-08, 0
367761601, 5.68, 3.82e-08, 2.47e-08, 2.2, 0, 1e-08, 0
368280001, 5.7, 5.62e-08, 3.35e-08, 2.2, 0, 1e-08, 0
368539201, 5.64, 3.24e-08, 2.16e-08, 2.2, 0, 1e-08, 0
368798401, 5.61, 3.6e-08, 2.53e-08, 2.2, 0, 1e-08, 0
369316801, 16.55, 8.14e-08, 3.96e-08, 2.2, 0, 1e-08, 0
369576001, 9.71, 6.64e-08, 3.1e-08, 2.2, 0, 1e-08, 0
369835201, 2.16, 2.35e-08, 2.63e-08, 2.2, 0, 1e-08, 0
370094401, 1.88, 3.34e-08, 3.26e-08, 2.2, 0, 1e-08, 0
370353601, 37.31, 1.07e-07, 2.81e-08, 2.2, 0, 1e-08, 0
370612801, 11.38, 5.52e-08, 2.69e-08, 2.2, 0, 1e-08, 0
370872001, 1.82, 2.95e-08, 3.05e-08, 2.2, 0, 1e-08, 0
371131201, 17.88, 9.83e-08, 3.68e-08, 2.2, 0, 1e-08, 0
371390401, 2.9, 3.9e-08, 3.41e-08, 2.2, 0, 1e-08, 0
371649601, 17.41, 1.03e-07, 4.08e-08, 2.2, 0, 1e-08, 0
371908801, 24.59, 1.3e-07, 4.12e-08, 2.2, 0, 1e-08, 0
372168001, 8.7, 5.33e-08, 2.9e-08, 2.2, 0, 1e-08, 0
372427201, 54.82, 1.52e-07, 3.85e-08, 2.2, 0, 1e-08, 0
372686401, 63.98, 1.77e-07, 4e-08, 2.2, 0, 1e-08, 0
372945601, 31.22, 1.39e-07, 4.21e-08, 2.2, 0, 1e-08, 0
373204801, 44.26, 1.89e-07, 4.7e-08, 2.2, 0, 1e-08, 0
373464001, 33.03, 1.63e-07, 4.6e-08, 2.2, 0, 1e-08, 0
373723201, 35.38, 1.44e-07, 4.68e-08, 2.2, 0, 1e-08, 0
373982401, 84.19, 2.26e-07, 4.3e-08, 2.2, 0, 1e-08, 0
374241601, 1.46, 3.59e-08, 4.4e-08, 2.2, 0, 1e-08, 0
374500801, 40.71, 1.36e-07, 3.71e-08, 2.2, 0, 1e-08, 0
374760001, 17.15, 7.19e-08, 3.29e-08, 2.2, 0, 1e-08, 0
375019201, 27.06, 1.17e-07, 4.22e-08, 2.2, 0, 1e-08, 0
375278401, 65.02, 2.2e-07, 5.8e-08, 2.2, 0, 1e-08, 0
375537601, 10.1, 8.22e-08, 4.98e-08, 2.2, 0, 1e-08, 0
375796801, 32.36, 1.32e-07, 3.88e-08, 2.2, 0, 1e-08, 0
376056001, 49.31, 1.18e-07, 3.31e-08, 2.2, 0, 1e-08, 0
376315201, 18.86, 7.75e-08, 3.14e-08, 2.2, 0, 1e-08, 0
376574401, 9.67, 5.67e-08, 2.95e-08, 2.2, 0, 1e-08, 0
376833601, 28.9, 1.4e-07, 5.69e-08, 2.2, 0, 1e-08, 0
377092801, 18.0, 8.72e-08, 3.36e-08, 2.2, 0, 1e-08, 0
377352001, 10.99, 8e-08, 3.71e-08, 2.2, 0, 1e-08, 0
377611201, 21.93, 8.82e-08, 3.37e-08, 2.2, 0, 1e-08, 0
378129601, 9.31, 5.77e-08, 3.42e-08, 2.2, 0, 1e-08, 0
378907201, 3.8, 4.06e-08, 2.96e-08, 2.2, 0, 1e-08, 0
379166401, 13.46, 1.05e-07, 4.7e-08, 2.2, 0, 1e-08, 0
379425601, 4.62, 6.06e-08, 4.22e-08, 2.2, 0, 1e-08, 0
379684801, 10.17, 5.38e-08, 2.8e-08, 2.2, 0, 1e-08, 0
379944001, 12.53, 7.21e-08, 3.58e-08, 2.2, 0, 1e-08, 0
380203201, 36.23, 1.6e-07, 4.9e-08, 2.2, 0, 1e-08, 0
380462401, 97.18, 2.68e-07, 5.6e-08, 2.2, 0, 1e-08, 0
380721601, 133.82, 3.64e-07, 6.2e-08, 2.2, 0, 1e-08, 0
380980801, 118.16, 3.52e-07, 7.1e-08, 2.2, 0, 1e-08, 0
381240001, 56.12, 2.15e-07, 5.15e-08, 2.2, 0, 1e-08, 0
381499201, 60.75, 1.72e-07, 5.1e-08, 2.2, 0, 1e-08, 0
381758401, 89.75, 2.68e-07, 5.2e-08, 2.2, 0, 1e-08, 0
382017601, 185.53, 3.44e-07, 5.4e-08, 2.2, 0, 1e-08, 0
382276801, 137.31, 2.71e-07, 4.6e-08, 2.2, 0, 1e-08, 0
382536001, 57.94, 2.01e-07, 4.8e-08, 2.2, 0, 1e-08, 0
382795201, 43.69, 1.41e-07, 3.7e-08, 2.2, 0, 1e-08, 0
383054401, 21.2, 1.17e-07, 4.7e-08, 2.2, 0, 1e-08, 0
383313601, 25.45, 1.38e-07, 4.39e-08, 2.2, 0, 1e-08, 0
383572801, 61.91, 1.62e-07, 3.8e-08, 2.2, 0, 1e-08, 0
383832001, 74.98, 2.07e-07, 4.8e-08, 2.2, 0, 1e-08, 0
384091201, 29.99, 1.17e-07, 4.33e-08, 2.2, 0, 1e-08, 0
384350401, 65.54, 1.96e-07, 4.1e-08, 2.2, 0, 1e-08, 0
384609601, 14.93, 9.53e-08, 4.36e-08, 2.2, 0, 1e-08, 0
384868801, 25.68, 1.15e-07, 3.58e-08, 2.2, 0, 1e-08, 0
385128001, 110.08, 2.74e-07, 5.3e-08, 2.2, 0, 1e-08, 0
385387201, 152.7, 3.33e-07, 5.4e-08, 2.2, 0, 1e-08, 0
385646401, 254.5, 4.61e-07, 5.9e-08, 2.2, 0, 1e-08, 0
385905601, 198.13, 3.6e-07, 5.3e-08, 2.2, 0, 1e-08, 0
386164801, 136.85, 3.68e-07, 7e-08, 2.2, 0, 1e-08, 0
386424001, 211.68, 4.17e-07, 5.4e-08, 2.2, 0, 1e-08, 0
386683201, 119.17, 2.99e-07, 5.2e-08, 2.2, 0, 1e-08, 0
386942401, 88.34, 2.41e-07, 4.7e-08, 2.2, 0, 1e-08, 0
387201601, 153.7, 3.37e-07, 5.5e-08, 2.2, 0, 1e-08, 0
387460801, 82.52, 2.6e-07, 5.8e-08, 2.2, 0, 1e-08, 0
387720001, 100.6, 2.19e-07, 3.9e-08, 2.2, 0, 1e-08, 0
387979201, 103.9, 2.29e-07, 4.75e-08, 2.2, 0, 1e-08, 0
388238401, 26.33, 1.36e-07, 5.32e-08, 2.2, 0, 1e-08, 0
388497601, 52.62, 1.67e-07, 4.2e-08, 2.2, 0, 1e-08, 0
388756801, 72.79, 2.64e-07, 5.3e-08, 2.2, 0, 1e-08, 0
389016001, 48.6, 1.49e-07, 4.1e-08, 2.2, 0, 1e-08, 0
389275201, 113.96, 2.95e-07, 5.2e-08, 2.2, 0, 1e-08, 0
389534401, 103.05, 2.2e-07, 4.2e-08, 2.2, 0, 1e-08, 0
389793601, 88.88, 2.57e-07, 6.1e-08, 2.2, 0, 1e-08, 0
390052801, 101.05, 2.49e-07, 5.3e-08, 2.2, 0, 1e-08, 0
390312001, 68.32, 1.56e-07, 3.7e-08, 2.2, 0, 1e-08, 0
390571201, 227.96, 2.54e-07, 3.8e-08, 2.2, 0, 1e-08, 0
390830401, 170.74, 3.54e-07, 5.7e-08, 2.2, 0, 1e-08, 0
391089601, 82.07, 2.39e-07, 5.35e-08, 2.2, 0, 1e-08, 0
391348801, 56.25, 1.7e-07, 4.8e-08, 2.2, 0, 1e-08, 0
391608001, 234.45, 3.92e-07, 5.3e-08, 2.2, 0, 1e-08, 0
391867201, 196.05, 3.71e-07, 5.3e-08, 2.2, 0, 1e-08, 0
392126401, 76.42, 2.34e-07, 5.1e-08, 2.2, 0, 1e-08, 0
392385601, 178.46, 3.31e-07, 4.9e-08, 2.2, 0, 1e-08, 0
392644801, 122.99, 2.73e-07, 5.1e-08, 2.2, 0, 1e-08, 0
392904001, 191.06, 3.95e-07, 5.5e-08, 2.2, 0, 1e-08, 0
393163201, 115.72, 2.8e-07, 5.1e-08, 2.2, 0, 1e-08, 0
393422401, 68.39, 2.08e-07, 4.6e-08, 2.2, 0, 1e-08, 0
393681601, 29.39, 1.29e-07, 4.59e-08, 2.2, 0, 1e-08, 0
393940801, 37.13, 1.55e-07, 4.3e-08, 2.2, 0, 1e-08, 0
394200001, 14.62, 6.96e-08, 3.76e-08, 2.2, 0, 1e-08, 0
394459201, 38.3, 1.66e-07, 5.1e-08, 2.2, 0, 1e-08, 0
394718401, 15.89, 8.45e-08, 3.43e-08, 2.2, 0, 1e-08, 0
394977601, 32.08, 1.5e-07, 4.1e-08, 2.2, 0, 1e-08, 0
395236801, 28.35, 1.06e-07, 3.28e-08, 2.2, 0, 1e-08, 0
395496001, 69.05, 1.88e-07, 4.1e-08, 2.2, 0, 1e-08, 0
395755201, 39.4, 1.54e-07, 4.4e-08, 2.2, 0, 1e-08, 0
396014401, 18.37, 1.2e-07, 5.42e-08, 2.2, 0, 1e-08, 0
396273601, 26.07, 1.29e-07, 4.48e-08, 2.2, 0, 1e-08, 0
396532801, 50.77, 1.77e-07, 4.1e-08, 2.2, 0, 1e-08, 0
396792001, 57.86, 2.07e-07, 4.9e-08, 2.2, 0, 1e-08, 0
397051201, 106.02, 2.98e-07, 6.8e-08, 2.2, 0, 1e-08, 0
397310401, 59.34, 2.2e-07, 5.4e-08, 2.2, 0, 1e-08, 0
397569601, 23.36, 1.25e-07, 3.71e-08, 2.2, 0, 1e-08, 0
397828801, 35.68, 1.31e-07, 3.81e-08, 2.2, 0, 1e-08, 0
398088001, 13.4, 8.64e-08, 3.57e-08, 2.2, 0, 1e-08, 0
398347201, 33.11, 1.52e-07, 4.4e-08, 2.2, 0, 1e-08, 0
398606401, 8.85, 6.65e-08, 4.75e-08, 2.2, 0, 1e-08, 0
398865601, 28.52, 1.65e-07, 5.2e-08, 2.2, 0, 1e-08, 0
399124801, 28.03, 1.38e-07, 5.3e-08, 2.2, 0, 1e-08, 0
399384001, 64.39, 1.75e-07, 4e-08, 2.2, 0, 1e-08, 0
399643201, 17.53, 1.12e-07, 4.61e-08, 2.2, 0, 1e-08, 0
399902401, 22.8, 1.05e-07, 3.62e-08, 2.2, 0, 1e-08, 0
400161601, 10.21, 6.03e-08, 3.59e-08, 2.2, 0, 1e-08, 102
400680001, 31.03, 1.15e-07, 3.88e-08, 2.2, 0, 1e-08, 0
400939201, 90.95, 2.6e-07, 5.2e-08, 2.2, 0, 1e-08, 0
401198401, 71.14, 2.79e-07, 7.1e-08, 2.2, 0, 1e-08, 0
401457601, 95.39, 3.4e-07, 6.8e-08, 2.2, 0, 1e-08, 0
401716801, 117.96, 3.54e-07, 5.9e-08, 2.2, 0, 1e-08, 0
401976001, 73.4, 3.38e-07, 8e-08, 2.2, 0, 1e-08, 0
402235201, 76.38, 2.67e-07, 6.1e-08, 2.2, 0, 1e-08, 0
402494401, 87.17, 2.79e-07, 5.6e-08, 2.2, 0, 1e-08, 0
402753601, 59.68, 1.72e-07, 4.3e-08, 2.2, 0, 1e-08, 0
403012801, 75.23, 2.25e-07, 4.65e-08, 2.2, 0, 1e-08, 0
403272001, 116.65, 3.02e-07, 4.95e-08, 2.2, 0, 1e-08, 0
403531201, 92.23, 2.8e-07, 6.3e-08, 2.2, 0, 1e-08, 0
403790401, 50.95, 1.6e-07, 4.2e-08, 2.2, 0, 1e-08, 0
404049601, 38.14, 1.63e-07, 5.9e-08, 2.2, 0, 1e-08, 0
404308801, 46.31, 1.89e-07, 5.8e-08, 2.2, 0, 1e-08, 0
404827201, 146.96, 4.09e-07, 7.1e-08, 2.2, 0, 1e-08, 0
405086401, 118.45, 3.11e-07, 5.4e-08, 2.2, 0, 1e-08, 0
405345601, 91.36, 2.79e-07, 6.2e-08, 2.2, 0, 1e-08, 0
405604801, 95.16, 2.84e-07, 5.6e-08, 2.2, 0, 1e-08, 0
405864001, 79.76, 2.18e-07, 4.8e-08, 2.2, 0, 1e-08, 0
406123201, 88.34, 2.81e-07, 6e-08, 2.2, 0, 1e-08, 0
406382401, 126.96, 3.25e-07, 5.4e-08, 2.2, 0, 1e-08, 0
406641601, 71.57, 2.76e-07, 5.4e-08, 2.2, 0, 1e-08, 0
406900801, 52.05, 2e-07, 4.8e-08, 2.2, 0, 1e-08, 0
407160001, 43.96, 1.59e-07, 4.5e-08, 2.2, 0, 1e-08, 0
407419201, 143.53, 3.17e-07, 6e-08, 2.2, 0, 1e-08, 0
407678401, 156.97, 3.87e-07, 6.1e-08, 2.2, 0, 1e-08, 0
407937601, 291.1, 8.88e-07, 1.11e-07, 2.2, 0, 1e-08, 0
408456001, 122.18, 4.69e-07, 8.6e-08, 2.2, 0, 1e-08, 0
408715201, 52.81, 4.52e-07, 1.49e-07, 2.2, 0, 1e-08, 0
408974401, 48.99, 7.62e-07, 2.97e-07, 2.2, 0, 1e-08, 0
409233601, 151.19, 3.83e-07, 6.5e-08, 2.2, 0, 1e-08, 0
409492801, 249.06, 5.72e-07, 7.5e-08, 2.2, 0, 1e-08, 0
409752001, 208.26, 4.81e-07, 6.8e-08, 2.2, 0, 1e-08, 0
410011201, 403.0, 6.86e-07, 7.5e-08, 2.2, 0, 1e-08, 0
410270401, 422.06, 7.33e-07, 7.2e-08, 2.2, 0, 1e-08, 0
410529601, 229.29, 5.43e-07, 7.4e-08, 2.2, 0, 1e-08, 0
410788801, 305.02, 8.55e-07, 1.04e-07, 2.2, 0, 1e-08, 0
411048001, 130.89, 6.84e-07, 1.31e-07, 2.2, 0, 1e-08, 0
411307201, 80.15, 6.85e-07, 1.53e-07, 2.2, 0, 1e-08, 0
411566401, 202.77, 8.27e-07, 1.18e-07, 2.2, 0, 1e-08, 0
411825601, 137.29, 5.87e-07, 1.19e-07, 2.2, 0, 1e-08, 0
412084801, 126.44, 4.11e-07, 8.7e-08, 2.2, 0, 1e-08, 0
412344001, 340.78, 3.3e-07, 3.6e-08, 2.2, 0, 1e-08, 0
412603201, 244.28, 3.22e-07, 4e-08, 2.2, 0, 1e-08, 0
412862401, 226.92, 3.31e-07, 4.6e-08, 2.2, 0, 1e-08, 0
413121601, 241.06, 3.15e-07, 4.4e-08, 2.2, 0, 1e-08, 0
413380801, 139.82, 4.36e-07, 6.8e-08, 2.2, 0, 1e-08, 0
413640001, 149.55, 4.39e-07, 7.8e-08, 2.2, 0, 1e-08, 0
413899201, 186.62, 4.42e-07, 6e-08, 2.2, 0, 1e-08, 0
414158401, 259.1, 5.58e-07, 6.7e-08, 2.2, 0, 1e-08, 0
414417601, 200.62, 4.89e-07, 7.7e-08, 2.2, 0, 1e-08, 0
414676801, 374.5, 6.5e-07, 7.1e-08, 2.2, 0, 1e-08, 0
414936001, 263.02, 5.63e-07, 7e-08, 2.2, 0, 1e-08, 0
415454401, 59.24, 3.59e-07, 8.7e-08, 2.2, 0, 1e-08, 0
415713601, 23.93, 2.89e-07, 1.81e-07, 2.2, 0, 1e-08, 0
416232001, 73.39, 2.86e-07, 6.2e-08, 2.2, 0, 1e-08, 0
416491201, 87.62, 3.03e-07, 6.1e-08, 2.2, 0, 1e-08, 0
416750401, 27.05, 2.08e-07, 7.9e-08, 2.2, 0, 1e-08, 0
417009601, 156.65, 4.82e-07, 7.9e-08, 2.2, 0, 1e-08, 0
417268801, 228.14, 6.53e-07, 8.1e-08, 2.2, 0, 1e-08, 0
417528001, 125.89, 4.26e-07, 7.1e-08, 2.2, 0, 1e-08, 0
417787201, 146.99, 5.47e-07, 8.6e-08, 2.2, 0, 1e-08, 0
418046401, 63.36, 4.23e-07, 1.37e-07, 2.2, 0, 1e-08, 0
418305601, 113.85, 3.77e-07, 6.8e-08, 2.2, 0, 1e-08, 0
418564801, 74.81, 2.72e-07, 6.9e-08, 2.2, 0, 1e-08, 0
418824001, 117.55, 2.98e-07, 5.5e-08, 2.2, 0, 1e-08, 0
419083201, 105.87, 2.76e-07, 5e-08, 2.2, 0, 1e-08, 0
419342401, 63.43, 2.25e-07, 4.9e-08, 2.2, 0, 1e-08, 0
419601601, 53.26, 1.77e-07, 5.1e-08, 2.2, 0, 1e-08, 0
419860801, 91.69, 3.42e-07, 6.6e-08, 2.2, 0, 1e-08, 0
420120001, 93.05, 2.13e-07, 4.8e-08, 2.2, 0, 1e-08, 0
420379201, 44.44, 1.91e-07, 5.3e-08, 2.2, 0, 1e-08, 0
420638401, 79.18, 2.17e-07, 5.4e-08, 2.2, 0, 1e-08, 0
420897601, 56.32, 1.7e-07, 4.2e-08, 2.2, 0, 1e-08, 0
421156801, 68.31, 1.94e-07, 8.3e-08, 2.2, 0, 1e-08, 102
421416001, 102.2, 2.65e-07, 5.2e-08, 2.2, 0, 1e-08, 0
421675201, 155.2, 3.34e-07, 5.3e-08, 2.2, 0, 1e-08, 0
421934401, 74.17, 2.02e-07, 4.6e-08, 2.2, 0, 1e-08, 0
422193601, 140.06, 3.35e-07, 5.1e-08, 2.2, 0, 1e-08, 0
422452801, 92.85, 2.83e-07, 6.1e-08, 2.2, 0, 1e-08, 0
422712001, 51.16, 1.63e-07, 4.5e-08, 2.2, 0, 1e-08, 0
422971201, 87.52, 2.34e-07, 4.9e-08, 2.2, 0, 1e-08, 0
423230401, 70.23, 2.07e-07, 4.9e-08, 2.2, 0, 1e-08, 0
423489601, 50.5, 2.08e-07, 6e-08, 2.2, 0, 1e-08, 0
423748801, 40.32, 2.2e-07, 5.8e-08, 2.2, 0, 1e-08, 0
424008001, 106.86, 2.76e-07, 5.3e-08, 2.2, 0, 1e-08, 0
424267201, 72.2, 2.31e-07, 5.9e-08, 2.2, 0, 1e-08, 0
424526401, 16.49, 7.12e-08, 3.38e-08, 2.2, 0, 1e-08, 0
424785601, 30.65, 1.36e-07, 4.2e-08, 2.2, 0, 1e-08, 0
425044801, 15.37, 9.74e-08, 4.15e-08, 2.2, 0, 1e-08, 0
425304001, 10.55, 1.22e-07, 5.72e-08, 2.2, 0, 1e-08, 0
425563201, 19.25, 1.14e-07, 4.12e-08, 2.2, 0, 1e-08, 0
425822401, 20.8, 7.45e-08, 2.85e-08, 2.2, 0, 1e-08, 0
426081601, 8.33, 7.66e-08, 4.04e-08, 2.2, 0, 1e-08, 0
426340801, 18.18, 7.92e-08, 3.2e-08, 2.2, 0, 1e-08, 0
426600001, 1.85, 3.27e-08, 3.42e-08, 2.2, 0, 1e-08, 0
426859201, 3.82, 6.23e-08, 5.36e-08, 2.2, 0, 1e-08, 0
427118401, 2.37, 3.5e-08, 3.01e-08, 2.2, 0, 1e-08, 0
427636801, 19.43, 7.78e-08, 3.3e-08, 2.2, 0, 1e-08, 0
427896001, 13.64, 5.29e-08, 3.11e-08, 2.2, 0, 1e-08, 0
428414401, 6.25, 4.02e-08, 2.73e-08, 2.2, 0, 1e-08, 0
428673601, 2.11, 2.31e-08, 2.06e-08, 2.2, 0, 1e-08, 0
428932801, 25.75, 8.85e-08, 3.37e-08, 2.2, 0, 1e-08, 0
430228801, 9.21, 5.31e-08, 3.17e-08, 2.2, 0, 1e-08, 0
431265601, 1.1, 3.57e-08, 5.03e-08, 2.2, 0, 1e-08, 0
431524801, 1.77, 1.6e-08, 1.87e-08, 2.2, 0, 1e-08, 0
431784001, 3.31, 4.36e-08, 3.24e-08, 2.2, 0, 1e-08, 0
432043201, 4.22, 3.11e-08, 2.22e-08, 2.2, 0, 1e-08, 0
433857601, 9.32, 5.07e-08, 3.28e-08, 2.2, 0, 1e-08, 0
435931201, 1.33, 1.92e-08, 2.25e-08, 2.2, 0, 1e-08, 0
436968001, 6.07, 2.62e-08, 2.08e-08, 2.2, 0, 1e-08, 0
437745601, 2.42, 2.23e-08, 1.99e-08, 2.2, 0, 1e-08, 0
438004801, 1.12, 1.36e-08, 1.77e-08, 2.2, 0, 1e-08, 0
438523201, 1.85, 4.37e-08, 4.77e-08, 2.2, 0, 1e-08, 0
439560001, 3.22, 3.89e-08, 2.86e-08, 2.2, 0, 1e-08, 0
440856001, 2.21, 3.1e-08, 2.78e-08, 2.2, 0, 1e-08, 0
442411201, 1.73, 1.12e-08, 1.58e-08, 2.2, 0, 1e-08, 0
442670401, 9.82, 6.37e-08, 3.24e-08, 2.2, 0, 1e-08, 0
443188801, 1.33, 9.88e-09, 1.29e-08, 2.2, 0, 1e-08, 0
443966401, 1.95, 2.87e-08, 2.9e-08, 2.2, 0, 1e-08, 0
444484801, 1.7, 3.39e-08, 3.55e-08, 2.2, 0, 1e-08, 0
444744001, 7.2, 3.77e-08, 2.69e-08, 2.2, 0, 1e-08, 0
445003201, 6.22, 3.23e-08, 2.58e-08, 2.2, 0, 1e-08, 0
445262401, 14.26, 8.29e-08, 3.93e-08, 2.2, 0, 1e-08, 0
445521601, 17.36, 1.17e-07, 5.01e-08, 2.2, 0, 1e-08, 0
445780801, 35.94, 1.21e-07, 3.99e-08, 2.2, 0, 1e-08, 0
446040001, 13.2, 1.03e-07, 4.92e-08, 2.2, 0, 1e-08, 0
446299201, 35.6, 1.3e-07, 3.89e-08, 2.2, 0, 1e-08, 0
446558401, 30.13, 1e-07, 3.6e-08, 2.2, 0, 1e-08, 0
446817601, 37.03, 1.03e-07, 3.28e-08, 2.2, 0, 1e-08, 0
447076801, 48.04, 1.66e-07, 4.4e-08, 2.2, 0, 1e-08, 0
447336001, 9.11, 4.54e-08, 2.64e-08, 2.2, 0, 1e-08, 0
447595201, 2.59, 2.42e-08, 2.39e-08, 2.2, 0, 1e-08, 0
448113601, 4.77, 4.95e-08, 3.28e-08, 2.2, 0, 1e-08, 0
448372801, 18.91, 1.43e-07, 5.39e-08, 2.2, 0, 1e-08, 0
448632001, 32.24, 2.22e-07, 6.9e-08, 2.2, 0, 1e-08, 0
448891201, 22.43, 1.42e-07, 5.29e-08, 2.2, 0, 1e-08, 0
449150401, 43.9, 1.82e-07, 5.4e-08, 2.2, 0, 1e-08, 0
449409601, 32.07, 1.44e-07, 5.33e-08, 2.2, 0, 1e-08, 0
449668801, 4.88, 5.04e-08, 3.38e-08, 2.2, 0, 1e-08, 0
449928001, 1.85, 2.53e-08, 2.53e-08, 2.2, 0, 1e-08, 0
451224001, 2.57, 4.13e-08, 3.27e-08, 2.2, 0, 1e-08, 0
451483201, 9.39, 5.95e-08, 2.83e-08, 2.2, 0, 1e-08, 0
453038401, 1.0, NaN, NaN, 2.2, 0, 1e-08, 0
454593601, 1.22, 1.46e-08, 1.87e-08, 2.2, 0, 1e-08, 0
456148801, 7.87, 3.84e-08, 2.47e-08, 2.2, 0, 1e-08, 0
456667201, 6.95, 4.12e-08, 2.91e-08, 2.2, 0, 1e-08, 0
457444801, 1.52, 1.75e-08, 2.44e-08, 2.2, 0, 1e-08, 0
457963201, 4.82, 3.91e-08, 2.84e-08, 2.2, 0, 1e-08, 0
458740801, 7.22, 4.35e-08, 2.59e-08, 2.2, 0, 1e-08, 0
460036801, 1.97, 2.63e-08, 2.45e-08, 2.2, 0, 1e-08, 0
460296001, 6.53, 6.08e-08, 3.39e-08, 2.2, 0, 1e-08, 0
460814401, 5.17, 1.71e-08, 1.41e-08, 2.2, 0, 1e-08, 0
461592001, 9.62, 6.36e-08, 3.09e-08, 2.2, 0, 1e-08, 0
462110401, 5.21, 4.05e-08, 2.8e-08, 2.2, 0, 1e-08, 0
462628801, 3.96, 3.51e-08, 2.78e-08, 2.2, 0, 1e-08, 0
463406401, 4.34, 3.56e-08, 2.71e-08, 2.2, 0, 1e-08, 0
463665601, 6.17, 6.35e-08, 4.34e-08, 2.2, 0, 1e-08, 0
463924801, 2.24, 3.5e-08, 3.43e-08, 2.2, 0, 1e-08, 0
464443201, 9.59, 2.87e-08, 1.77e-08, 2.2, 0, 1e-08, 0
464702401, 8.25, 2.79e-08, 1.84e-08, 2.2, 0, 1e-08, 0
465480001, 20.02, 1.05e-07, 3.88e-08, 2.2, 0, 1e-08, 0
465998401, 4.56, 4.99e-08, 3.09e-08, 2.2, 0, 1e-08, 0
466257601, 15.76, 6.48e-08, 2.84e-08, 2.2, 0, 1e-08, 0
466516801, 13.27, 6.7e-08, 3.09e-08, 2.2, 0, 1e-08, 0
466776001, 4.02, 2.49e-08, 2.39e-08, 2.2, 0, 1e-08, 0
467294401, 2.33, 2.59e-08, 2.43e-08, 2.2, 0, 1e-08, 0
467553601, 22.81, 8.44e-08, 3.08e-08, 2.2, 0, 1e-08, 0
467812801, 8.84, 7.55e-08, 4.43e-08, 2.2, 0, 1e-08, 0
468072001, 5.23, 4.65e-08, 3e-08, 2.2, 0, 1e-08, 0
468849601, 4.1, 3e-08, 2.48e-08, 2.2, 0, 1e-08, 0
469108801, 4.58, 3.53e-08, 2.56e-08, 2.2, 0, 1e-08, 0
470145601, 14.63, 9e-08, 4.41e-08, 2.2, 0, 1e-08, 0
470404801, 6.12, 4.22e-08, 2.55e-08, 2.2, 0, 1e-08, 0
470664001, 5.29, 5.45e-08, 3.44e-08, 2.2, 0, 1e-08, 0
471441601, 2.19, 2.77e-08, 2.47e-08, 2.2, 0, 1e-08, 0
471960001, 8.81, 7.98e-08, 4.63e-08, 2.2, 0, 1e-08, 0
472737601, 9.24, 5.46e-08, 2.86e-08, 2.2, 0, 1e-08, 0
472996801, 15.43, 6.32e-08, 2.92e-08, 2.2, 0, 1e-08, 0
473515201, 5.47, 4.06e-08, 3.22e-08, 2.2, 0, 1e-08, 0
473774401, 9.49, 5.79e-08, 3.24e-08, 2.2, 0, 1e-08, 0
474292801, 6.38, 8.52e-08, 4.76e-08, 2.2, 0, 1e-08, 0
474552001, 1.95, 3.1e-08, 3.31e-08, 2.2, 0, 1e-08, 0
475070401, 2.53, 2.68e-08, 2.47e-08, 2.2, 0, 1e-08, 0
475588801, 16.78, 1.05e-07, 4.59e-08, 2.2, 0, 1e-08, 0
476107201, 19.36, 9.04e-08, 3.65e-08, 2.2, 0, 1e-08, 0
476366401, 2.14, 3.89e-08, 4.42e-08, 2.2, 0, 1e-08, 102
476625601, 6.98, 5.78e-08, 3.15e-08, 2.2, 0, 1e-08, 0
476884801, 28.4, 1.38e-07, 5.13e-08, 2.2, 0, 1e-08, 0
477144001, 33.41, 1.44e-07, 4.61e-08, 2.2, 0, 1e-08, 0
477403201, 19.75, 9.55e-08, 3.94e-08, 2.2, 0, 1e-08, 0
477662401, 46.81, 1.51e-07, 4.3e-08, 2.2, 0, 1e-08, 0
477921601, 25.7, 1.36e-07, 4.11e-08, 2.2, 0, 1e-08, 0
478180801, 2.68, 4.27e-08, 4.04e-08, 2.2, 0, 1e-08, 0
478440001, 15.6, 7.98e-08, 3.53e-08, 2.2, 0, 1e-08, 0
478699201, 34.7, 1.26e-07, 4.01e-08, 2.2, 0, 1e-08, 0
478958401, 2.35, 4.03e-08, 4.05e-08, 2.2, 0, 1e-08, 0
479217601, 19.29, 1.13e-07, 5.21e-08, 2.2, 0, 1e-08, 0
479476801, 35.54, 1.92e-07, 5.7e-08, 2.2, 0, 1e-08, 0
479736001, 26.21, 1.62e-07, 6.41e-08, 2.2, 0, 1e-08, 0
479995201, 36.17, 1.52e-07, 4.3e-08, 2.2, 0, 1e-08, 0
480254401, 29.32, 1.48e-07, 4.6e-08, 2.2, 0, 1e-08, 0
480513601, 97.85, 2.3e-07, 4.9e-08, 2.2, 0, 1e-08, 0
480772801, 48.42, 1.78e-07, 4.7e-08, 2.2, 0, 1e-08, 0
481032001, 10.87, 7.59e-08, 3.78e-08, 2.2, 0, 1e-08, 0
481291201, 56.75, 2e-07, 4.8e-08, 2.2, 0, 1e-08, 0
481550401, 162.02, 3.96e-07, 6.9e-08, 2.2, 0, 1e-08, 0
481809601, 32.25, 1.82e-07, 5.9e-08, 2.2, 0, 1e-08, 0
482068801, 24.43, 1.32e-07, 4.42e-08, 2.2, 0, 1e-08, 0
482328001, 52.85, 1.65e-07, 4.3e-08, 2.2, 0, 1e-08, 0
482587201, 17.43, 1.31e-07, 6.72e-08, 2.2, 0, 1e-08, 0
482846401, 16.48, 9.44e-08, 3.75e-08, 2.2, 0, 1e-08, 0
483105601, 52.12, 2.09e-07, 5.4e-08, 2.2, 0, 1e-08, 0
483364801, 84.81, 2.81e-07, 5.4e-08, 2.2, 0, 1e-08, 0
483624001, 90.41, 2.47e-07, 5.3e-08, 2.2, 0, 1e-08, 0
483883201, 78.62, 2.81e-07, 6.4e-08, 2.2, 0, 1e-08, 0
484142401, 43.34, 2.43e-07, 7.2e-08, 2.2, 0, 1e-08, 0
484401601, 21.81, 1.41e-07, 4.71e-08, 2.2, 0, 1e-08, 0
484660801, 101.08, 2.71e-07, 5e-08, 2.2, 0, 1e-08, 0
484920001, 146.86, 4.02e-07, 6.6e-08, 2.2, 0, 1e-08, 0
485179201, 167.35, 4.43e-07, 6.7e-08, 2.2, 0, 1e-08, 0
485438401, 376.76, 6.36e-07, 6.8e-08, 2.2, 0, 1e-08, 0
485697601, 192.06, 4.33e-07, 6.3e-08, 2.2, 0, 1e-08, 0
485956801, 113.04, 3e-07, 5.7e-08, 2.2, 0, 1e-08, 0
486216001, 73.88, 2.29e-07, 4.65e-08, 2.2, 0, 1e-08, 0
486475201, 250.11, 4.7e-07, 6.4e-08, 2.2, 0, 1e-08, 0
486734401, 207.07, 5.35e-07, 8.2e-08, 2.2, 0, 1e-08, 0
486993601, 336.88, 6.25e-07, 7.7e-08, 2.2, 0, 1e-08, 0
487252801, 400.63, 6.19e-07, 6.65e-08, 2.2, 0, 1e-08, 0
487512001, 244.65, 4.73e-07, 6.3e-08, 2.2, 0, 1e-08, 0
487771201, 467.19, 6.95e-07, 6.8e-08, 2.2, 0, 1e-08, 0
488030401, 183.53, 4.08e-07, 5.7e-08, 2.2, 0, 1e-08, 0
488289601, 122.57, 3.56e-07, 6.2e-08, 2.2, 0, 1e-08, 0
488548801, 101.63, 4.39e-07, 8.9e-08, 2.2, 0, 1e-08, 0
488808001, 84.53, 3.04e-07, 6.1e-08, 2.2, 0, 1e-08, 0
489067201, 50.47, 2.07e-07, 5.05e-08, 2.2, 0, 1e-08, 0
489326401, 65.53, 1.93e-07, 4.6e-08, 2.2, 0, 1e-08, 0
489585601, 65.22, 2.14e-07, 5.1e-08, 2.2, 0, 1e-08, 0
489844801, 291.07, 5.18e-07, 6.4e-08, 2.2, 0, 1e-08, 0
490104001, 196.81, 4.77e-07, 6.7e-08, 2.2, 0, 1e-08, 0
490363201, 116.66, 3.42e-07, 6.6e-08, 2.2, 0, 1e-08, 0
490622401, 103.4, 3.52e-07, 6.2e-08, 2.2, 0, 1e-08, 0
490881601, 49.26, 2.4e-07, 8.2e-08, 2.2, 0, 1e-08, 0
491140801, 104.57, 2.77e-07, 5.2e-08, 2.2, 0, 1e-08, 0
491400001, 66.83, 2.33e-07, 5.6e-08, 2.2, 0, 1e-08, 0
491659201, 83.35, 2.82e-07, 5.5e-08, 2.2, 0, 1e-08, 0
491918401, 14.21, 3.05e-07, 1.4e-07, 2.2, 0, 1e-08, 0
492436801, 277.86, 6.89e-07, 9.6e-08, 2.2, 0, 1e-08, 0
492696001, 552.3, 9.22e-07, 8e-08, 2.2, 0, 1e-08, 0
492955201, 518.76, 1.01e-06, 9.05e-08, 2.2, 0, 1e-08, 0
493214401, 254.32, 7.46e-07, 1.13e-07, 2.2, 0, 1e-08, 0
493473601, 223.98, 5.18e-07, 7.1e-08, 2.2, 0, 1e-08, 0
493732801, 190.18, 4.55e-07, 6.6e-08, 2.2, 0, 1e-08, 0
493992001, 144.39, 4.06e-07, 7.4e-08, 2.2, 0, 1e-08, 0
494251201, 265.77, 5.67e-07, 6.9e-08, 2.2, 0, 1e-08, 0
494510401, 152.02, 4.29e-07, 7.5e-08, 2.2, 0, 1e-08, 0
494769601, 192.62, 4.15e-07, 6.1e-08, 2.2, 0, 1e-08, 0
495028801, 278.79, 5.72e-07, 6.9e-08, 2.2, 0, 1e-08, 0
495288001, 139.76, 2.94e-07, 5e-08, 2.2, 0, 1e-08, 0
495547201, 99.7, 2.95e-07, 5.5e-08, 2.2, 0, 1e-08, 0
495806401, 71.76, 2.25e-07, 4.7e-08, 2.2, 0, 1e-08, 0
496065601, 90.35, 2.85e-07, 5.8e-08, 2.2, 0, 1e-08, 0
496324801, 100.81, 2.59e-07, 4.9e-08, 2.2, 0, 1e-08, 0
496584001, 100.12, 2.68e-07, 6e-08, 2.2, 0, 1e-08, 0
496843201, 93.36, 3.34e-07, 6.8e-08, 2.2, 0, 1e-08, 0
497102401, 112.78, 3.38e-07, 5.9e-08, 2.2, 0, 1e-08, 0
497361601, 69.43, 4.05e-07, 1.05e-07, 2.2, 0, 1e-08, 0
497620801, 31.82, 1.98e-07, 6.5e-08, 2.2, 0, 1e-08, 0
497880001, 84.3, 2.79e-07, 5.7e-08, 2.2, 0, 1e-08, 0
498139201, 55.97, 2.51e-07, 5.6e-08, 2.2, 0, 1e-08, 0
498398401, 95.44, 2.51e-07, 5.25e-08, 2.2, 0, 1e-08, 0
498657601, 62.04, 2.36e-07, 5.1e-08, 2.2, 0, 1e-08, 0
498916801, 42.67, 1.87e-07, 5.7e-08, 2.2, 0, 1e-08, 0
499176001, 41.39, 2.36e-07, 6.6e-08, 2.2, 0, 1e-08, 0
499435201, 19.84, 1.81e-07, 7.7e-08, 2.2, 0, 1e-08, 0
499953601, 35.82, 1.51e-07, 5.59e-08, 2.2, 0, 1e-08, 0
500212801, 37.32, 1.64e-07, 5e-08, 2.2, 0, 1e-08, 0
500472001, 20.76, 1.27e-07, 4.82e-08, 2.2, 0, 1e-08, 0
500731201, 24.33, 1.76e-07, 6.1e-08, 2.2, 0, 1e-08, 0
500990401, 18.55, 1.28e-07, 4.7e-08, 2.2, 0, 1e-08, 0
501249601, 48.81, 1.78e-07, 5.25e-08, 2.2, 0, 1e-08, 0
501508801, 75.31, 2.41e-07, 5.8e-08, 2.2, 0, 1e-08, 0
501768001, 88.15, 3.1e-07, 7.8e-08, 2.2, 0, 1e-08, 0
502027201, 58.16, 2.39e-07, 5.5e-08, 2.2, 0, 1e-08, 0
502286401, 54.83, 2.29e-07, 5.3e-08, 2.2, 0, 1e-08, 0
502545601, 280.59, 5.24e-07, 6.8e-08, 2.2, 0, 1e-08, 0
502804801, 314.77, 6.52e-07, 7.3e-08, 2.2, 0, 1e-08, 0
503064001, 172.41, 5.01e-07, 7.1e-08, 2.2, 0, 1e-08, 0
503323201, 91.37, 3.43e-07, 7.2e-08, 2.2, 0, 1e-08, 0
503582401, 169.59, 4.21e-07, 7.1e-08, 2.2, 0, 1e-08, 0
503841601, 151.47, 4.21e-07, 7e-08, 2.2, 0, 1e-08, 0
504100801, 211.87, 4.86e-07, 6.5e-08, 2.2, 0, 1e-08, 0
504360001, 161.81, 4.19e-07, 6.6e-08, 2.2, 0, 1e-08, 0
504619201, 502.72, 7.85e-07, 7.7e-08, 2.2, 0, 1e-08, 0
504878401, 383.56, 7.9e-07, 8.85e-08, 2.2, 0, 1e-08, 0
505137601, 803.39, 1.04e-06, 8.8e-08, 2.2, 0, 1e-08, 0
505396801, 407.16, 6.78e-07, 7.6e-08, 2.2, 0, 1e-08, 0
505656001, 367.13, 6.36e-07, 7.2e-08, 2.2, 0, 1e-08, 0
505915201, 434.74, 6.65e-07, 7.6e-08, 2.2, 0, 1e-08, 0
506174401, 254.85, 6.61e-07, 8.8e-08, 2.2, 0, 1e-08, 0
506433601, 329.25, 6.28e-07, 7.3e-08, 2.2, 0, 1e-08, 0
506692801, 382.32, 6.78e-07, 7.5e-08, 2.2, 0, 1e-08, 0
506952001, 200.87, 4.43e-07, 6.7e-08, 2.2, 0, 1e-08, 0
507211201, 249.78, 5.27e-07, 7.1e-08, 2.2, 0, 1e-08, 0
507470401, 285.12, 4.98e-07, 6.75e-08, 2.2, 0, 1e-08, 0
507729601, 247.31, 4.51e-07, 5.8e-08, 2.2, 0, 1e-08, 0
507988801, 232.36, 4.74e-07, 6.3e-08, 2.2, 0, 1e-08, 0
508248001, 286.24, 5.56e-07, 6.8e-08, 2.2, 0, 1e-08, 0
508507201, 336.53, 6.57e-07, 7.9e-08, 2.2, 0, 1e-08, 0
508766401, 373.01, 7.07e-07, 8e-08, 2.2, 0, 1e-08, 0
509025601, 428.95, 6.75e-07, 7.3e-08, 2.2, 0, 1e-08, 0
509284801, 363.85, 5.57e-07, 6.65e-08, 2.2, 0, 1e-08, 0
509544001, 357.67, 6.35e-07, 7.8e-08, 2.2, 0, 1e-08, 0
509803201, 412.71, 6.64e-07, 7.1e-08, 2.2, 0, 1e-08, 0
510062401, 397.65, 8.08e-07, 8.4e-08, 2.2, 0, 1e-08, 0
510321601, 700.19, 1.04e-06, 8.8e-08, 2.2, 0, 1e-08, 0
510580801, 352.59, 6.53e-07, 7.6e-08, 2.2, 0, 1e-08, 0
510840001, 320.74, 5.67e-07, 7e-08, 2.2, 0, 1e-08, 0
511099201, 301.59, 6.12e-07, 7.1e-08, 2.2, 0, 1e-08, 0
511358401, 180.59, 4.19e-07, 6.8e-08, 2.2, 0, 1e-08, 0
511617601, 259.63, 4.92e-07, 6.2e-08, 2.2, 0, 1e-08, 0
511876801, 202.37, 4.56e-07, 7.3e-08, 2.2, 0, 1e-08, 0
512136001, 253.44, 5.26e-07, 6.8e-08, 2.2, 0, 1e-08, 0
512395201, 305.86, 6.14e-07, 7.3e-08, 2.2, 0, 1e-08, 0
512654401, 89.22, 2.4e-07, 5e-08, 2.2, 0, 1e-08, 0
512913601, 109.37, 3.62e-07, 7.5e-08, 2.2, 0, 1e-08, 0
513172801, 50.08, 2.46e-07, 7.3e-08, 2.2, 0, 1e-08, 0
513432001, 93.01, 2.73e-07, 5.9e-08, 2.2, 0, 1e-08, 0
513691201, 82.34, 2.69e-07, 5.3e-08, 2.2, 0, 1e-08, 0
513950401, 82.79, 2.46e-07, 5e-08, 2.2, 0, 1e-08, 0
514209601, 178.33, 3.48e-07, 5.4e-08, 2.2, 0, 1e-08, 0
514468801, 255.42, 5.62e-07, 6.9e-08, 2.2, 0, 1e-08, 0
514728001, 761.19, 1.11e-06, 9e-08, 2.2, 0, 1e-08, 0
514987201, 599.27, 9.37e-07, 8.1e-08, 2.2, 0, 1e-08, 0
515246401, 379.52, 5.98e-07, 6.4e-08, 2.2, 0, 1e-08, 0
515505601, 320.53, 5.62e-07, 6.1e-08, 2.2, 0, 1e-08, 0
515764801, 198.47, 4.59e-07, 6.9e-08, 2.2, 0, 1e-08, 0
516024001, 103.32, 3.12e-07, 6.4e-08, 2.2, 0, 1e-08, 0
516283201, 46.41, 2.1e-07, 5.3e-08, 2.2, 0, 1e-08, 0
516542401, 49.31, 1.71e-07, 4.4e-08, 2.2, 0, 1e-08, 0
516801601, 90.65, 2.41e-07, 4.8e-08, 2.2, 0, 1e-08, 0
517060801, 110.93, 2.71e-07, 5.3e-08, 2.2, 0, 1e-08, 0
517320001, 56.61, 2.01e-07, 5.1e-08, 2.2, 0, 1e-08, 0
517579201, 54.28, 1.73e-07, 4.4e-08, 2.2, 0, 1e-08, 0
517838401, 83.85, 2.1e-07, 4.3e-08, 2.2, 0, 1e-08, 0
518097601, 102.49, 2.42e-07, 4.45e-08, 2.2, 0, 1e-08, 0
518356801, 24.69, 1.05e-07, 3.38e-08, 2.2, 0, 1e-08, 0
518616001, 79.93, 1.78e-07, 3.6e-08, 2.2, 0, 1e-08, 0
518875201, 56.77, 1.69e-07, 3.95e-08, 2.2, 0, 1e-08, 0
519134401, 95.23, 2.37e-07, 4.5e-08, 2.2, 0, 1e-08, 0
519393601, 120.97, 2.64e-07, 4.6e-08, 2.2, 0, 1e-08, 0
519652801, 83.55, 2.62e-07, 5e-08, 2.2, 0, 1e-08, 0
519912001, 72.95, 2.35e-07, 4.9e-08, 2.2, 0, 1e-08, 0
520171201, 38.0, 1.78e-07, 5.8e-08, 2.2, 0, 1e-08, 0
520430401, 59.59, 2.45e-07, 5.7e-08, 2.2, 0, 1e-08, 0
520689601, 13.27, 1.1e-07, 5.27e-08, 2.2, 0, 1e-08, 0
520948801, 26.5, 1.3e-07, 4.48e-08, 2.2, 0, 1e-08, 0
521208001, 60.83, 1.92e-07, 4.9e-08, 2.2, 0, 1e-08, 0
521467201, 77.0, 2.04e-07, 4.5e-08, 2.2, 0, 1e-08, 0
521726401, 60.13, 1.89e-07, 4.3e-08, 2.2, 0, 1e-08, 0
521985601, 24.24, 9.59e-08, 3.6e-08, 2.2, 0, 1e-08, 0
522244801, 78.38, 2.24e-07, 4.4e-08, 2.2, 0, 1e-08, 0
522504001, 16.4, 9.93e-08, 3.88e-08, 2.2, 0, 1e-08, 0
522763201, 5.78, 5.09e-08, 3.44e-08, 2.2, 0, 1e-08, 0
523022401, 8.3, 7.33e-08, 4.36e-08, 2.2, 0, 1e-08, 0
523281601, 56.18, 2.12e-07, 4.9e-08, 2.2, 0, 1e-08, 0
523540801, 82.82, 2.38e-07, 5.8e-08, 2.2, 0, 1e-08, 0
523800001, 44.15, 1.7e-07, 4.8e-08, 2.2, 0, 1e-08, 0
524059201, 20.2, 1.28e-07, 4.8e-08, 2.2, 0, 1e-08, 0
524318401, 50.85, 1.53e-07, 4.1e-08, 2.2, 0, 1e-08, 0
524577601, 17.11, 8.43e-08, 3.78e-08, 2.2, 0, 1e-08, 0
524836801, 10.24, 5.96e-08, 3.37e-08, 2.2, 0, 1e-08, 0
525096001, 12.75, 8.45e-08, 3.57e-08, 2.2, 0, 1e-08, 0
525355201, 19.49, 8.3e-08, 3.13e-08, 2.2, 0, 1e-08, 0
525614401, 17.57, 5.85e-08, 2.8e-08, 2.2, 0, 1e-08, 0
525873601, 2.93, 3.75e-08, 2.96e-08, 2.2, 0, 1e-08, 0
526132801, 21.42, 1.11e-07, 3.82e-08, 2.2, 0, 1e-08, 0
526392001, 9.72, 7.38e-08, 3.64e-08, 2.2, 0, 1e-08, 0
526651201, 13.69, 9.86e-08, 4.24e-08, 2.2, 0, 1e-08, 0
526910401, 17.29, 8.64e-08, 3.86e-08, 2.2, 0, 1e-08, 0
527169601, 9.11, 6.35e-08, 3.51e-08, 2.2, 0, 1e-08, 0
527428801, 11.91, 4.23e-08, 2.68e-08, 2.2, 0, 1e-08, 0
527688001, 19.38, 9.15e-08, 3.44e-08, 2.2, 0, 1e-08, 0
527947201, 12.12, 7.64e-08, 3.46e-08, 2.2, 0, 1e-08, 0
528206401, 15.21, 5.75e-08, 2.8e-08, 2.2, 0, 1e-08, 0
528465601, 23.71, 9.92e-08, 3.77e-08, 2.2, 0, 1e-08, 0
528724801, 8.92, 6.73e-08, 3.58e-08, 2.2, 0, 1e-08, 0
528984001, 27.55, 1.17e-07, 3.82e-08, 2.2, 0, 1e-08, 0
529243201, 5.95, 3.48e-08, 2.2e-08, 2.2, 0, 1e-08, 0
529502401, 4.95, 4.28e-08, 2.78e-08, 2.2, 0, 1e-08, 0
529761601, 5.6, 4.44e-08, 3.74e-08, 2.2, 0, 1e-08, 0
530020801, 8.15, 5.05e-08, 2.88e-08, 2.2, 0, 1e-08, 0
530280001, 3.95, 2.45e-08, 2.11e-08, 2.2, 0, 1e-08, 0
530539201, 9.67, 2.53e-08, 1.89e-08, 2.2, 0, 1e-08, 0
530798401, 1.53, 2.68e-08, 3.09e-08, 2.2, 0, 1e-08, 0
531057601, 19.27, 7.46e-08, 3.22e-08, 2.2, 0, 1e-08, 0
531316801, 1.04, 1.49e-08, 2.04e-08, 2.2, 0, 1e-08, 0
531835201, 2.35, 3e-08, 2.45e-08, 2.2, 0, 1e-08, 0
532094401, 7.59, 6.73e-08, 4.19e-08, 2.2, 0, 1e-08, 0
532353601, 3.86, 3.36e-08, 2.39e-08, 2.2, 0, 1e-08, 0
532612801, 2.44, 3.06e-08, 3.23e-08, 2.2, 0, 1e-08, 0
532872001, 12.34, 6.68e-08, 3.2e-08, 2.2, 0, 1e-08, 0
533131201, 12.19, 8.69e-08, 3.63e-08, 2.2, 0, 1e-08, 0
533390401, 5.25, 4.77e-08, 3.14e-08, 2.2, 0, 1e-08, 0
533649601, 8.3, 5.64e-08, 2.98e-08, 2.2, 0, 1e-08, 0
533908801, 11.4, 6.69e-08, 3.12e-08, 2.2, 0, 1e-08, 0
534686401, 4.81, 3.36e-08, 2.4e-08, 2.2, 0, 1e-08, 0
534945601, 2.47, 4.5e-08, 4.27e-08, 2.2, 0, 1e-08, 0
535204801, 14.46, 3.66e-08, 1.97e-08, 2.2, 0, 1e-08, 0
535464001, 3.13, 3.9e-08, 3.01e-08, 2.2, 0, 1e-08, 0
536500801, 1.61, 1.86e-08, 2.2e-08, 2.2, 0, 1e-08, 0
536760001, 1.85, 1.64e-08, 1.71e-08, 2.2, 0, 1e-08, 0
537278401, 2.72, 2.33e-08, 2.25e-08, 2.2, 0, 1e-08, 0
538056001, 1.98, 2.39e-08, 2.23e-08, 2.2, 0, 1e-08, 0
538315201, 5.73, 4.94e-08, 2.99e-08, 2.2, 0, 1e-08, 0
538833601, 2.0, 1.84e-08, 1.88e-08, 2.2, 0, 1e-08, 0
539092801, 1.45, 3.07e-08, 3.08e-08, 2.2, 0, 1e-08, 0
539352001, 1.97, 2.26e-08, 2.53e-08, 2.2, 0, 1e-08, 0
541944001, 6.05, 3.77e-08, 2.47e-08, 2.2, 0, 1e-08, 0
542462401, 1.61, 1.31e-08, 1.53e-08, 2.2, 0, 1e-08, 0
542980801, 1.79, 3.4e-07, 4.06e-07, 2.2, 0, 1e-08, 0
546868801, 3.07, 1.6e-08, 1.37e-08, 2.2, 0, 1e-08, 0
547128001, 6.35, 3.67e-08, 1.96e-08, 2.2, 0, 1e-08, 0
547387201, 1.49, 1.28e-08, 1.34e-08, 2.2, 0, 1e-08, 0
547646401, 1.4, 1.74e-08, 1.85e-08, 2.2, 0, 1e-08, 0
547905601, 17.78, 8.93e-08, 3.3e-08, 2.2, 0, 1e-08, 0
548683201, 3.21, 9.84e-09, 9.97e-09, 2.2, 0, 1e-08, 0
549201601, 16.85, 6.28e-08, 2.24e-08, 2.2, 0, 1e-08, 0
549720001, 7.34, 5.26e-08, 2.77e-08, 2.2, 0, 1e-08, 0
549979201, 9.26, 4.3e-08, 2.23e-08, 2.2, 0, 1e-08, 0
550238401, 6.19, 3.68e-08, 2.84e-08, 2.2, 0, 1e-08, 0
551275201, 54.13, 9.46e-08, 2.63e-08, 2.2, 0, 1e-08, 0
551534401, 133.16, 1.94e-07, 3.3e-08, 2.2, 0, 1e-08, 0
552571201, 10.91, 9.46e-08, 4.67e-08, 2.2, 0, 1e-08, 0
552830401, 1.81, 2.2e-08, 2.25e-08, 2.2, 0, 1e-08, 0
553089601, 8.09, 3.82e-08, 2e-08, 2.2, 0, 1e-08, 0
553348801, 16.67, 5.72e-08, 2.4e-08, 2.2, 0, 1e-08, 0
553608001, 21.95, 8.35e-08, 2.84e-08, 2.2, 0, 1e-08, 0
553867201, 2.26, 1.8e-08, 1.8e-08, 2.2, 0, 1e-08, 0
554126401, 15.16, 8.2e-08, 4.08e-08, 2.2, 0, 1e-08, 0
554904001, 3.58, 3.75e-08, 2.57e-08, 2.2, 0, 1e-08, 0
555422401, 40.77, 1.05e-07, 2.61e-08, 2.2, 0, 1e-08, 0
555681601, 20.7, 6.53e-08, 2.23e-08, 2.2, 0, 1e-08, 0
555940801, 21.93, 5.79e-08, 2.27e-08, 2.2, 0, 1e-08, 0
556977601, 6.25, 4.89e-08, 3.09e-08, 2.2, 0, 1e-08, 0
557236801, 11.04, 4.34e-08, 2.19e-08, 2.2, 0, 1e-08, 0
557496001, 4.62, 3.86e-08, 2.49e-08, 2.2, 0, 1e-08, 0
557755201, 1.01, 2.01e-08, 2.66e-08, 2.2, 0, 1e-08, 0
558532801, 6.91, 2.75e-08, 1.76e-08, 2.2, 0, 1e-08, 0
559569601, 4.25, 3.2e-08, 2.09e-08, 2.2, 0, 1e-08, 0
559828801, 9.38, 5.16e-08, 2.44e-08, 2.2, 0, 1e-08, 0
560088001, 10.08, 4.82e-08, 2.51e-08, 2.2, 0, 1e-08, 0
560347201, 29.73, 7.57e-08, 2.71e-08, 2.2, 0, 1e-08, 0
560606401, 18.19, 1.11e-07, 5.61e-08, 2.2, 0, 1e-08, 0
562161601, 11.08, 6.07e-08, 2.93e-08, 2.2, 0, 1e-08, 0
562420801, 1.73, 1.76e-08, 1.73e-08, 2.2, 0, 1e-08, 0
562939201, 11.46, 5.16e-08, 2.42e-08, 2.2, 0, 1e-08, 0
563198401, 2.38, 1.18e-08, 1.17e-08, 2.2, 0, 1e-08, 0
563457601, 4.62, 3.43e-08, 2.37e-08, 2.2, 0, 1e-08, 0
563716801, 3.45, 2.39e-08, 1.91e-08, 2.2, 0, 1e-08, 0
563976001, 2.62, 3.02e-08, 2.48e-08, 2.2, 0, 1e-08, 0
564235201, 6.09, 4.25e-08, 2.51e-08, 2.2, 0, 1e-08, 0
564494401, 3.96, 2.43e-08, 1.79e-08, 2.2, 0, 1e-08, 0
564753601, 51.13, 9.87e-08, 2.5e-08, 2.2, 0, 1e-08, 0
565012801, 8.38, 4.96e-08, 2.65e-08, 2.2, 0, 1e-08, 0
565272001, 7.82, 5.41e-08, 3.2e-08, 2.2, 0, 1e-08, 0
565531201, 2.01, 2.99e-08, 3.42e-08, 2.2, 0, 1e-08, 0
565790401, 13.08, 7.29e-08, 3.41e-08, 2.2, 0, 1e-08, 0
566049601, 36.44, 8.07e-08, 2.71e-08, 2.2, 0, 1e-08, 0
566308801, 2.65, 2.57e-08, 2.25e-08, 2.2, 0, 1e-08, 0
566568001, 14.48, 8.36e-08, 3.62e-08, 2.2, 0, 1e-08, 0
566827201, 9.33, 6.99e-08, 3.43e-08, 2.2, 0, 1e-08, 0
567086401, 2.67, 3.38e-08, 2.87e-08, 2.2, 0, 1e-08, 0
567345601, 4.16, 4.13e-08, 3.53e-08, 2.2, 0, 1e-08, 0
567864001, 3.2, 4.06e-08, 3.77e-08, 2.2, 0, 1e-08, 0
568123201, 20.57, 1.5e-07, 6.3e-08, 2.2, 0, 1e-08, 0
568382401, 11.99, 5.41e-08, 2.25e-08, 2.2, 0, 1e-08, 0
568641601, 5.16, 6.35e-08, 3.66e-08, 2.2, 0, 1e-08, 0
568900801, 9.94, 6.49e-08, 3.43e-08, 2.2, 0, 1e-08, 0
569160001, 10.52, 5.02e-08, 3.05e-08, 2.2, 0, 1e-08, 0
569419201, 8.39, 4.93e-08, 2.98e-08, 2.2, 0, 1e-08, 0
569678401, 44.86, 1.81e-07, 6.6e-08, 2.2, 0, 1e-08, 0
569937601, 31.73, 1.37e-07, 4.13e-08, 2.2, 0, 1e-08, 0
570196801, 32.34, 8e-08, 2.72e-08, 2.2, 0, 1e-08, 0
570456001, 14.17, 4.62e-08, 2.06e-08, 2.2, 0, 1e-08, 0
570974401, 2.43, 2.8e-08, 2.93e-08, 2.2, 0, 1e-08, 0
571233601, 16.39, 8.97e-08, 4.03e-08, 2.2, 0, 1e-08, 0
571492801, 11.43, 6.58e-08, 2.98e-08, 2.2, 0, 1e-08, 0
572270401, 52.39, 1.9e-07, 4.9e-08, 2.2, 0, 1e-08, 0
572529601, 12.91, 9.63e-08, 4.75e-08, 2.2, 0, 1e-08, 0
572788801, 36.12, 1.09e-07, 3.72e-08, 2.2, 0, 1e-08, 0
573048001, 24.64, 1.17e-07, 3.91e-08, 2.2, 0, 1e-08, 0
573307201, 124.04, 3.16e-07, 5.3e-08, 2.2, 0, 1e-08, 0
573566401, 71.59, 2.03e-07, 4.4e-08, 2.2, 0, 1e-08, 0
573825601, 29.45, 1.15e-07, 4.01e-08, 2.2, 0, 1e-08, 0
574084801, 57.26, 1.76e-07, 4e-08, 2.2, 0, 1e-08, 0
574344001, 67.03, 2.43e-07, 5.15e-08, 2.2, 0, 1e-08, 0
574603201, 56.86, 1.9e-07, 5.2e-08, 2.2, 0, 1e-08, 0
574862401, 71.49, 1.74e-07, 4.2e-08, 2.2, 0, 1e-08, 0
575121601, 29.26, 1.43e-07, 4.73e-08, 2.2, 0, 1e-08, 0
575380801, 11.77, 8.98e-08, 4.13e-08, 2.2, 0, 1e-08, 0
575640001, 9.08, 9.41e-08, 6e-08, 2.2, 0, 1e-08, 0
575899201, 45.56, 1.87e-07, 4.7e-08, 2.2, 0, 1e-08, 0
576158401, 24.28, 1.4e-07, 5.51e-08, 2.2, 0, 1e-08, 0
576417601, 6.01, 5.03e-08, 3.38e-08, 2.2, 0, 1e-08, 0
576676801, 27.67, 1.21e-07, 3.81e-08, 2.2, 0, 1e-08, 0
576936001, 54.21, 1.23e-07, 3.11e-08, 2.2, 0, 1e-08, 0
577195201, 48.62, 1.37e-07, 3.7e-08, 2.2, 0, 1e-08, 0
577454401, 40.81, 1.14e-07, 3.3e-08, 2.2, 0, 1e-08, 0
577713601, 111.84, 1.97e-07, 3.5e-08, 2.2, 0, 1e-08, 0
578491201, 12.58, 7.06e-08, 3.26e-08, 2.2, 0, 1e-08, 0
579268801, 11.73, 7.84e-08, 3.66e-08, 2.2, 0, 1e-08, 0
579787201, 3.43, 3.26e-08, 2.53e-08, 2.2, 0, 1e-08, 0
580046401, 1.36, 2.68e-08, 3.24e-08, 2.2, 0, 1e-08, 0
580824001, 20.69, 6.44e-08, 2.58e-08, 2.2, 0, 1e-08, 0
581083201, 1.59, 1.81e-08, 1.89e-08, 2.2, 0, 1e-08, 0
581342401, 15.58, 3.84e-08, 1.82e-08, 2.2, 0, 1e-08, 0
581601601, 4.02, 4.03e-08, 2.53e-08, 2.2, 0, 1e-08, 0
581860801, 9.42, 5.55e-08, 2.88e-08, 2.2, 0, 1e-08, 0
582120001, 3.21, 3.67e-08, 3.24e-08, 2.2, 0, 1e-08, 0
582379201, 35.52, 1.48e-07, 4.5e-08, 2.2, 0, 1e-08, 0
582638401, 26.83, 1.34e-07, 4.58e-08, 2.2, 0, 1e-08, 0
582897601, 17.6, 9.54e-08, 3.84e-08, 2.2, 0, 1e-08, 0
583156801, 25.21, 1.35e-07, 5.79e-08, 2.2, 0, 1e-08, 0
583416001, 58.8, 1.81e-07, 4.2e-08, 2.2, 0, 1e-08, 0
583675201, 74.49, 2.31e-07, 5.1e-08, 2.2, 0, 1e-08, 0
583934401, 57.59, 2.1e-07, 5e-08, 2.2, 0, 1e-08, 0
584193601, 19.3, 1.19e-07, 4.9e-08, 2.2, 0, 1e-08, 0
584452801, 20.41, 1.06e-07, 4.58e-08, 2.2, 0, 1e-08, 0
584712001, 40.05, 1.11e-07, 3.29e-08, 2.2, 0, 1e-08, 0
584971201, 41.34, 1.02e-07, 2.89e-08, 2.2, 0, 1e-08, 0
585230401, 10.65, 4.89e-08, 2.25e-08, 2.2, 0, 1e-08, 0
585489601, 15.09, 7.93e-08, 3.18e-08, 2.2, 0, 1e-08, 0
585748801, 14.97, 7.62e-08, 3.08e-08, 2.2, 0, 1e-08, 0
586008001, 23.73, 1.46e-07, 4.92e-08, 2.2, 0, 1e-08, 0
586267201, 70.91, 2.23e-07, 4.8e-08, 2.2, 0, 1e-08, 0
586526401, 107.77, 3.22e-07, 5.6e-08, 2.2, 0, 1e-08, 102
586785601, 134.84, 3.33e-07, 5.35e-08, 2.2, 0, 1e-08, 0
587044801, 275.31, 5.34e-07, 6.4e-08, 2.2, 0, 1e-08, 0
587304001, 158.41, 3.78e-07, 5.7e-08, 2.2, 0, 1e-08, 0
587563201, 218.98, 4.23e-07, 6e-08, 2.2, 0, 1e-08, 0
587822401, 217.31, 5.01e-07, 6.8e-08, 2.2, 0, 1e-08, 0
588081601, 217.6, 5.2e-07, 7.5e-08, 2.2, 0, 1e-08, 0
588340801, 160.49, 4.46e-07, 6.4e-08, 2.2, 0, 1e-08, 0
588600001, 138.79, 3.47e-07, 5.6e-08, 2.2, 0, 1e-08, 0
588859201, 108.27, 2.92e-07, 5.35e-08, 2.2, 0, 1e-08, 0
589118401, 408.49, 5.63e-07, 5.7e-08, 2.2, 0, 1e-08, 0
589377601, 612.0, 6.48e-07, 5.3e-08, 2.2, 0, 1e-08, 0
589636801, 802.98, 8.82e-07, 6.5e-08, 2.2, 0, 1e-08, 0
589896001, 764.87, 9.88e-07, 7.95e-08, 2.2, 0, 1e-08, 0
590155201, 461.07, 7.22e-07, 7.6e-08, 2.2, 0, 1e-08, 0
590414401, 433.78, 6.98e-07, 7.1e-08, 2.2, 0, 1e-08, 0
590673601, 431.74, 7.1e-07, 7.6e-08, 2.2, 0, 1e-08, 0
590932801, 355.63, 5.99e-07, 6.4e-08, 2.2, 0, 1e-08, 0
591192001, 970.16, 9.2e-07, 6.3e-08, 2.2, 0, 1e-08, 0
591451201, 682.45, 7.56e-07, 6.05e-08, 2.2, 0, 1e-08, 0
591710401, 670.38, 8.09e-07, 6.2e-08, 2.2, 0, 1e-08, 0
591969601, 413.97, 7.38e-07, 7.1e-08, 2.2, 0, 1e-08, 0
592228801, 273.16, 5.05e-07, 6.3e-08, 2.2, 0, 1e-08, 0
592488001, 212.36, 4.43e-07, 6e-08, 2.2, 0, 1e-08, 0
592747201, 179.78, 4.33e-07, 5.9e-08, 2.2, 0, 1e-08, 0
593006401, 98.24, 2.54e-07, 4.7e-08, 2.2, 0, 1e-08, 0
593265601, 113.58, 2.84e-07, 4.8e-08, 2.2, 0, 1e-08, 0
593524801, 55.01, 2.29e-07, 6.3e-08, 2.2, 0, 1e-08, 0
593784001, 97.25, 2.6e-07, 4.9e-08, 2.2, 0, 1e-08, 0
594043201, 64.71, 1.8e-07, 4.3e-08, 2.2, 0, 1e-08, 0
594302401, 105.54, 3.07e-07, 5.8e-08, 2.2, 0, 1e-08, 0
594561601, 94.62, 3.13e-07, 6.3e-08, 2.2, 0, 1e-08, 0
594820801, 161.5, 3.06e-07, 4.8e-08, 2.2, 0, 1e-08, 0
595080001, 363.52, 5.51e-07, 6e-08, 2.2, 0, 1e-08, 0
595339201, 310.28, 5.21e-07, 6.5e-08, 2.2, 0, 1e-08, 0
595598401, 449.04, 5.49e-07, 5.6e-08, 2.2, 0, 1e-08, 0
595857601, 425.17, 6.17e-07, 6.6e-08, 2.2, 0, 1e-08, 0
596116801, 452.17, 7.53e-07, 7.4e-08, 2.2, 0, 1e-08, 0
596376001, 260.69, 5.48e-07, 7.5e-08, 2.2, 0, 1e-08, 0
596635201, 180.34, 3.98e-07, 6.4e-08, 2.2, 0, 1e-08, 0
596894401, 231.1, 5.27e-07, 6.9e-08, 2.2, 0, 1e-08, 0
597153601, 381.27, 6.94e-07, 7.6e-08, 2.2, 0, 1e-08, 0
597412801, 203.12, 5.37e-07, 7.6e-08, 2.2, 0, 1e-08, 0
597672001, 178.36, 4.89e-07, 8.3e-08, 2.2, 0, 1e-08, 0
597931201, 454.99, 7.81e-07, 8.2e-08, 2.2, 0, 1e-08, 0
598190401, 542.63, 8.21e-07, 8.1e-08, 2.2, 0, 1e-08, 0
598449601, 349.41, 7.13e-07, 8.4e-08, 2.2, 0, 1e-08, 0
598708801, 499.94, 7.37e-07, 7.5e-08, 2.2, 0, 1e-08, 0
598968001, 332.12, 4.83e-07, 5.2e-08, 2.2, 0, 1e-08, 0
599227201, 298.59, 4.17e-07, 5.2e-08, 2.2, 0, 1e-08, 0
599486401, 142.9, 3.29e-07, 5.2e-08, 2.2, 0, 1e-08, 0
599745601, 112.95, 3.22e-07, 6.1e-08, 2.2, 0, 1e-08, 0
600004801, 110.33, 3.44e-07, 6.5e-08, 2.2, 0, 1e-08, 0
600264001, 85.02, 2.66e-07, 5.3e-08, 2.2, 0, 1e-08, 0
600523201, 90.36, 2.75e-07, 6.3e-08, 2.2, 0, 1e-08, 0
600782401, 45.6, 1.66e-07, 4.4e-08, 2.2, 0, 1e-08, 0
601041601, 116.57, 2.68e-07, 4.8e-08, 2.2, 0, 1e-08, 0
601300801, 118.26, 3.44e-07, 5.85e-08, 2.2, 0, 1e-08, 0
601560001, 182.79, 4.36e-07, 6.2e-08, 2.2, 0, 1e-08, 0
601819201, 296.49, 5.25e-07, 6.5e-08, 2.2, 0, 1e-08, 0
602078401, 323.74, 5.61e-07, 6.2e-08, 2.2, 0, 1e-08, 0
602337601, 239.92, 4.51e-07, 5.8e-08, 2.2, 0, 1e-08, 0
602596801, 22.66, 1.54e-07, 7.62e-08, 2.2, 0, 1e-08, 0
602856001, 88.98, 2.55e-07, 5.4e-08, 2.2, 0, 1e-08, 0
603115201, 172.77, 3.42e-07, 5.2e-08, 2.2, 0, 1e-08, 0
603374401, 172.04, 3.57e-07, 5.6e-08, 2.2, 0, 1e-08, 0
603633601, 39.59, 1.37e-07, 4.28e-08, 2.2, 0, 1e-08, 0
603892801, 108.7, 3.07e-07, 5.6e-08, 2.2, 0, 1e-08, 0
604152001, 170.14, 4.39e-07, 7e-08, 2.2, 0, 1e-08, 0
604411201, 69.11, 2.56e-07, 6e-08, 2.2, 0, 1e-08, 0
604670401, 138.13, 3.46e-07, 7.2e-08, 2.2, 0, 1e-08, 0
604929601, 156.47, 4.03e-07, 6e-08, 2.2, 0, 1e-08, 0
605188801, 123.62, 3e-07, 4.9e-08, 2.2, 0, 1e-08, 0
605448001, 83.38, 2.6e-07, 5e-08, 2.2, 0, 1e-08, 0
605707201, 134.18, 3.27e-07, 5.5e-08, 2.2, 0, 1e-08, 0
605966401, 230.67, 4.5e-07, 6.6e-08, 2.2, 0, 1e-08, 0
606225601, 209.85, 5.09e-07, 7.3e-08, 2.2, 0, 1e-08, 0
606484801, 227.43, 4.77e-07, 6.2e-08, 2.2, 0, 1e-08, 0
606744001, 141.68, 3.55e-07, 5.8e-08, 2.2, 0, 1e-08, 0
607003201, 228.61, 5.11e-07, 7.1e-08, 2.2, 0, 1e-08, 0
607262401, 346.65, 6.97e-07, 7.5e-08, 2.2, 0, 1e-08, 0
607521601, 251.87, 5.03e-07, 6.3e-08, 2.2, 0, 1e-08, 0
607780801, 167.23, 4.69e-07, 7.6e-08, 2.2, 0, 1e-08, 0
608040001, 193.57, 4.5e-07, 7.5e-08, 2.2, 0, 1e-08, 0
608299201, 166.55, 4.09e-07, 6.5e-08, 2.2, 0, 1e-08, 0
608558401, 412.31, 6.69e-07, 6.7e-08, 2.2, 0, 1e-08, 0
608817601, 733.87, 7.09e-07, 5.1e-08, 2.2, 0, 1e-08, 0
609076801, 598.28, 5.54e-07, 4.7e-08, 2.2, 0, 1e-08, 0
609336001, 700.71, 6.8e-07, 5.5e-08, 2.2, 0, 1e-08, 0
609595201, 752.06, 7.19e-07, 5.2e-08, 2.2, 0, 1e-08, 0
609854401, 430.59, 5.61e-07, 5.4e-08, 2.2, 0, 1e-08, 0
610113601, 314.71, 5.57e-07, 6.6e-08, 2.2, 0, 1e-08, 0
610372801, 305.83, 5.16e-07, 5.9e-08, 2.2, 0, 1e-08, 0
610632001, 212.66, 4.67e-07, 5.8e-08, 2.2, 0, 1e-08, 0
610891201, 229.8, 4.23e-07, 5.55e-08, 2.2, 0, 1e-08, 0
611150401, 258.01, 4.93e-07, 6.4e-08, 2.2, 0, 1e-08, 0
611409601, 260.48, 5.13e-07, 7.2e-08, 2.2, 0, 1e-08, 0
611668801, 156.99, 3.72e-07, 6.3e-08, 2.2, 0, 1e-08, 0
611928001, 185.42, 4.3e-07, 6.75e-08, 2.2, 0, 1e-08, 0
612187201, 110.51, 3.2e-07, 5.9e-08, 2.2, 0, 1e-08, 0
612446401, 218.77, 3.67e-07, 5.4e-08, 2.2, 0, 1e-08, 0
612705601, 239.5, 3.4e-07, 4.8e-08, 2.2, 0, 1e-08, 0
612964801, 104.25, 1.88e-07, 3.2e-08, 2.2, 0, 1e-08, 0
613224001, 176.0, 2.77e-07, 4.1e-08, 2.2, 0, 1e-08, 0
613483201, 92.3, 1.88e-07, 3.8e-08, 2.2, 0, 1e-08, 0
613742401, 156.64, 3.09e-07, 5.3e-08, 2.2, 0, 1e-08, 0
614001601, 71.29, 1.93e-07, 4.3e-08, 2.2, 0, 1e-08, 0
614260801, 24.49, 1.06e-07, 3.91e-08, 2.2, 0, 1e-08, 0
614520001, 22.7, 9.94e-08, 3.38e-08, 2.2, 0, 1e-08, 0
614779201, 22.4, 9.63e-08, 3.68e-08, 2.2, 0, 1e-08, 0
615038401, 32.55, 1.22e-07, 3.7e-08, 2.2, 0, 1e-08, 0
615297601, 33.6, 1.32e-07, 4.22e-08, 2.2, 0, 1e-08, 0
615556801, 19.72, 7.71e-08, 3.09e-08, 2.2, 0, 1e-08, 0
615816001, 31.55, 1.3e-07, 3.91e-08, 2.2, 0, 1e-08, 0
616075201, 34.68, 1.34e-07, 3.8e-08, 2.2, 0, 1e-08, 0
616334401, 21.13, 9.13e-08, 3.55e-08, 2.2, 0, 1e-08, 0
616593601, 7.01, 2.22e-08, 1.62e-08, 2.2, 0, 1e-08, 0
616852801, 91.21, 1.62e-07, 3.1e-08, 2.2, 0, 1e-08, 0
617112001, 156.42, 2.56e-07, 3.6e-08, 2.2, 0, 1e-08, 0
617371201, 101.66, 2.1e-07, 3.9e-08, 2.2, 0, 1e-08, 0
617630401, 30.88, 1.29e-07, 4.49e-08, 2.2, 0, 1e-08, 0
617889601, 18.76, 1.17e-07, 4.8e-08, 2.2, 0, 1e-08, 0
618148801, 117.21, 2.86e-07, 4.8e-08, 2.2, 0, 1e-08, 0
618408001, 98.27, 2.52e-07, 4.8e-08, 2.2, 0, 1e-08, 0
618667201, 38.18, 1.61e-07, 4.1e-08, 2.2, 0, 1e-08, 0
618926401, 51.46, 1.71e-07, 4.2e-08, 2.2, 0, 1e-08, 0
619185601, 28.12, 1.31e-07, 3.89e-08, 2.2, 0, 1e-08, 0
619704001, 21.4, 9.03e-08, 3.77e-08, 2.2, 0, 1e-08, 0
619963201, 1.12, 2.41e-08, 3.08e-08, 2.2, 0, 1e-08, 0
620222401, 15.1, 6.39e-08, 2.67e-08, 2.2, 0, 1e-08, 0
620481601, 17.85, 6.84e-08, 2.72e-08, 2.2, 0, 1e-08, 0
620740801, 15.25, 7.82e-08, 3.2e-08, 2.2, 0, 1e-08, 0
621000001, 20.94, 7.4e-08, 2.7e-08, 2.2, 0, 1e-08, 0
621259201, 11.47, 4.32e-08, 2.1e-08, 2.2, 0, 1e-08, 0
621518401, 15.21, 5.95e-08, 2.92e-08, 2.2, 0, 1e-08, 0
621777601, 24.41, 8.56e-08, 3.04e-08, 2.2, 0, 1e-08, 0
622036801, 6.04, 4.38e-08, 3.02e-08, 2.2, 0, 1e-08, 0
622296001, 6.36, 6.18e-08, 4.04e-08, 2.2, 0, 1e-08, 0
622555201, 10.29, 5.76e-08, 2.88e-08, 2.2, 0, 1e-08, 0
622814401, 24.14, 6.87e-08, 2.64e-08, 2.2, 0, 1e-08, 0
623073601, 9.57, 4.38e-08, 2.37e-08, 2.2, 0, 1e-08, 0
623332801, 1.17, 1.73e-08, 2.2e-08, 2.2, 0, 1e-08, 0
623592001, 4.53, 2.76e-08, 1.94e-08, 2.2, 0, 1e-08, 0
624110401, 13.7, 6.07e-08, 2.9e-08, 2.2, 0, 1e-08, 0
624369601, 8.48, 6.83e-08, 3.45e-08, 2.2, 0, 1e-08, 0
624628801, 8.2, 4.69e-08, 2.7e-08, 2.2, 0, 1e-08, 0
624888001, 1.81, 3.06e-08, 3.32e-08, 2.2, 0, 1e-08, 0
625406401, 6.75, 3.63e-08, 2.9e-08, 2.2, 0, 1e-08, 0
625665601, 1.72, 2.27e-08, 2.11e-08, 2.2, 0, 1e-08, 0
625924801, 3.02, 3.57e-08, 3.08e-08, 2.2, 0, 1e-08, 0
626184001, 1.86, 1.33e-08, 1.54e-08, 2.2, 0, 1e-08, 0
626443201, 10.69, 3.43e-08, 2.45e-08, 2.2, 0, 1e-08, 0
626702401, 9.7, 5.15e-08, 2.4e-08, 2.2, 0, 1e-08, 0
626961601, 20.35, 7.57e-08, 2.86e-08, 2.2, 0, 1e-08, 0
627220801, 2.68, 1.97e-08, 1.64e-08, 2.2, 0, 1e-08, 0
627480001, 7.49, 3.65e-08, 2.14e-08, 2.2, 0, 1e-08, 0
627739201, 6.25, 3.75e-08, 2.55e-08, 2.2, 0, 1e-08, 0
627998401, 5.17, 4.34e-08, 2.97e-08, 2.2, 0, 1e-08, 0
628516801, 2.11, 2.3e-08, 2.11e-08, 2.2, 0, 1e-08, 0
629035201, 2.43, 3.61e-08, 2.94e-08, 2.2, 0, 1e-08, 0
629294401, 1.28, 2.56e-08, 2.81e-08, 2.2, 0, 1e-08, 0
629553601, 1.54, 2.42e-08, 2.58e-08, 2.2, 0, 1e-08, 0
629812801, 4.46, 1.98e-08, 1.79e-08, 2.2, 0, 1e-08, 0
630072001, 1.72, 1.49e-08, 1.72e-08, 2.2, 0, 1e-08, 0
630590401, 12.9, 6.29e-08, 2.78e-08, 2.2, 0, 1e-08, 0
630849601, 1.87, 2.61e-08, 2.95e-08, 2.2, 0, 1e-08, 0
631627201, 9.06, 7.31e-08, 4.51e-08, 2.2, 0, 1e-08, 0
631886401, 4.8, 3.95e-08, 3.02e-08, 2.2, 0, 1e-08, 0
632145601, 9.22, 5.74e-08, 2.91e-08, 2.2, 0, 1e-08, 0
633182401, 7.75, 5.57e-08, 3.06e-08, 2.2, 0, 1e-08, 0
633441601, 1.41, 3.42e-08, 4.48e-08, 2.2, 0, 1e-08, 0
633700801, 4.19, 2.61e-08, 1.97e-08, 2.2, 0, 1e-08, 0
634737601, 8.92, 6.52e-08, 3.35e-08, 2.2, 0, 1e-08, 0
635515201, 1.46, 2.47e-08, 2.52e-08, 2.2, 0, 1e-08, 0
636292801, 3.36, 3.05e-08, 2.25e-08, 2.2, 0, 1e-08, 0
636552001, 1.91, 1.46e-08, 1.66e-08, 2.2, 0, 1e-08, 0
636811201, 3.08, 3.08e-08, 2.32e-08, 2.2, 0, 1e-08, 0
637070401, 1.91, 1.76e-08, 2.26e-08, 2.2, 0, 1e-08, 0
637329601, 3.56, 2.64e-08, 1.94e-08, 2.2, 0, 1e-08, 0
637848001, 13.59, 6.71e-08, 2.99e-08, 2.2, 0, 1e-08, 0
638366401, 1.2, 2.08e-08, 2.4e-08, 2.2, 0, 1e-08, 0
639662401, 1.13, 1.49e-08, 1.84e-08, 2.2, 0, 1e-08, 0
639921601, 2.83, 4.4e-08, 3.46e-08, 2.2, 0, 1e-08, 0
640699201, 10.37, 4.67e-08, 2.08e-08, 2.2, 0, 1e-08, 0
641736001, 5.73, 3.79e-08, 2.38e-08, 2.2, 0, 1e-08, 0
641995201, 6.27, 3.44e-08, 2.34e-08, 2.2, 0, 1e-08, 0
642513601, 1.05, 1.69e-08, 2.02e-08, 2.2, 0, 1e-08, 0
642772801, 7.27, 4.88e-08, 2.81e-08, 2.2, 0, 1e-08, 0
644587201, 7.59, 2.5e-08, 1.65e-08, 2.2, 0, 1e-08, 0
645624001, 1.67, 1.32e-08, 1.5e-08, 2.2, 0, 1e-08, 0
646142401, 4.55, 5.21e-08, 3.29e-08, 2.2, 0, 1e-08, 0
646401601, 16.21, 5.93e-08, 2.58e-08, 2.2, 0, 1e-08, 0
647697601, 2.23, 1.94e-08, 1.85e-08, 2.2, 0, 1e-08, 0
647956801, 14.87, 6.08e-08, 2.97e-08, 2.2, 0, 1e-08, 0
648475201, 1.24, 1.22e-08, 1.84e-08, 2.2, 0, 1e-08, 0
648993601, 5.62, 2.05e-08, 1.49e-08, 2.2, 0, 1e-08, 0
649512001, 1.19, 1.84e-08, 1.97e-08, 2.2, 0, 1e-08, 0
650030401, 2.85, 3.16e-08, 2.52e-08, 2.2, 0, 1e-08, 0
650808001, 2.28, 3.72e-08, 3.49e-08, 2.2, 0, 1e-08, 0
651844801, 1.08, 1.49e-08, 1.93e-08, 2.2, 0, 1e-08, 0
652363201, 1.5, 2.07e-08, 2.25e-08, 2.2, 0, 1e-08, 0
652622401, 6.89, 4.49e-08, 2.64e-08, 2.2, 0, 1e-08, 0
653140801, 5.92, 3.53e-08, 2.05e-08, 2.2, 0, 1e-08, 0
653659201, 3.45, 2.43e-08, 1.88e-08, 2.2, 0, 1e-08, 0
653918401, 6.32, 5.13e-08, 2.99e-08, 2.2, 0, 1e-08, 0
654177601, 3.52, 4.39e-08, 3.51e-08, 2.2, 0, 1e-08, 0
654436801, 10.34, 7.21e-08, 3.58e-08, 2.2, 0, 1e-08, 0
654696001, 6.07, 3.98e-08, 2.4e-08, 2.2, 0, 1e-08, 0
654955201, 18.3, 9.43e-08, 3.16e-08, 2.2, 0, 1e-08, 0
655214401, 79.61, 1.75e-07, 3.6e-08, 2.2, 0, 1e-08, 0
655473601, 57.71, 1.65e-07, 3.8e-08, 2.2, 0, 1e-08, 0
655732801, 37.83, 1.35e-07, 4.19e-08, 2.2, 0, 1e-08, 0
655992001, 52.37, 1.45e-07, 3.7e-08, 2.2, 0, 1e-08, 0
656251201, 39.65, 1.36e-07, 3.91e-08, 2.2, 0, 1e-08, 0
656510401, 32.29, 1.08e-07, 3.68e-08, 2.2, 0, 1e-08, 0
656769601, 33.06, 1.19e-07, 3.91e-08, 2.2, 0, 1e-08, 0
657028801, 10.65, 6.87e-08, 3.93e-08, 2.2, 0, 1e-08, 0
657288001, 20.14, 8.08e-08, 3.2e-08, 2.2, 0, 1e-08, 0
657547201, 4.5, 5.96e-08, 4.65e-08, 2.2, 0, 1e-08, 0
658065601, 3.77, 4.84e-08, 3.92e-08, 2.2, 0, 1e-08, 0
658324801, 8.68, 6.11e-08, 3.28e-08, 2.2, 0, 1e-08, 0
658584001, 52.15, 1.41e-07, 3.1e-08, 2.2, 0, 1e-08, 0
658843201, 82.74, 1.83e-07, 3.8e-08, 2.2, 0, 1e-08, 0
659102401, 39.84, 1.26e-07, 3.79e-08, 2.2, 0, 1e-08, 0
659361601, 48.12, 1.33e-07, 3.4e-08, 2.2, 0, 1e-08, 0
659620801, 11.3, 6.91e-08, 3.67e-08, 2.2, 0, 1e-08, 0
659880001, 12.12, 7.75e-08, 3.55e-08, 2.2, 0, 1e-08, 0
660139201, 13.72, 6.03e-08, 3.01e-08, 2.2, 0, 1e-08, 0
660398401, 46.94, 1.64e-07, 4.2e-08, 2.2, 0, 1e-08, 0
660657601, 25.74, 8.97e-08, 4.31e-08, 2.2, 0, 1e-08, 0
660916801, 24.14, 1.23e-07, 4.22e-08, 2.2, 0, 1e-08, 0
661176001, 9.99, 5.49e-08, 3.05e-08, 2.2, 0, 1e-08, 0
661435201, 30.81, 1.28e-07, 4.38e-08, 2.2, 0, 1e-08, 0
661694401, 29.64, 1.39e-07, 4.92e-08, 2.2, 0, 1e-08, 0
661953601, 74.93, 2.11e-07, 4.6e-08, 2.2, 0, 1e-08, 0
662212801, 57.04, 2.22e-07, 6.8e-08, 2.2, 0, 1e-08, 0
662472001, 57.79, 1.49e-07, 3.7e-08, 2.2, 0, 1e-08, 0
662731201, 75.62, 1.73e-07, 3.5e-08, 2.2, 0, 1e-08, 0
662990401, 88.74, 1.65e-07, 3.8e-08, 2.2, 0, 1e-08, 0
663249601, 73.67, 2.02e-07, 4.9e-08, 2.2, 0, 1e-08, 0
663508801, 44.38, 1.52e-07, 4.4e-08, 2.2, 0, 1e-08, 0
663768001, 10.79, 1.04e-07, 5.4e-08, 2.2, 0, 1e-08, 0
664027201, 51.17, 1.62e-07, 4.7e-08, 2.2, 0, 1e-08, 0
664286401, 89.12, 2.53e-07, 5.2e-08, 2.2, 0, 1e-08, 0
664545601, 73.05, 2.12e-07, 4.6e-08, 2.2, 0, 1e-08, 0
664804801, 55.08, 2.06e-07, 6e-08, 2.2, 0, 1e-08, 0
665064001, 66.27, 2.1e-07, 4.9e-08, 2.2, 0, 1e-08, 0
665323201, 51.13, 1.83e-07, 4.6e-08, 2.2, 0, 1e-08, 0
665582401, 49.86, 1.46e-07, 3.8e-08, 2.2, 0, 1e-08, 0
665841601, 53.66, 1.77e-07, 4.1e-08, 2.2, 0, 1e-08, 0
666100801, 80.9, 2.51e-07, 5.2e-08, 2.2, 0, 1e-08, 0
666360001, 4.8, 7.01e-08, 4.49e-08, 2.2, 0, 1e-08, 0
666619201, 98.93, 3e-07, 5.9e-08, 2.2, 0, 1e-08, 0
666878401, 41.86, 1.55e-07, 4.2e-08, 2.2, 0, 1e-08, 0
667137601, 33.37, 1.5e-07, 4.7e-08, 2.2, 0, 1e-08, 0
667396801, 75.54, 2.23e-07, 5.5e-08, 2.2, 0, 1e-08, 0
667656001, 48.55, 1.76e-07, 4.7e-08, 2.2, 0, 1e-08, 0
667915201, 56.13, 2.17e-07, 5.6e-08, 2.2, 0, 1e-08, 0
668174401, 26.67, 1.22e-07, 4.51e-08, 2.2, 0, 1e-08, 0
668433601, 37.15, 1.35e-07, 4.01e-08, 2.2, 0, 1e-08, 0
668692801, 32.62, 1.23e-07, 3.8e-08, 2.2, 0, 1e-08, 0
668952001, 61.94, 1.92e-07, 4.6e-08, 2.2, 0, 1e-08, 0
669211201, 43.73, 1.71e-07, 4.7e-08, 2.2, 0, 1e-08, 0
669470401, 24.88, 9.01e-08, 3.7e-08, 2.2, 0, 1e-08, 0
669729601, 26.11, 1.13e-07, 4.19e-08, 2.2, 0, 1e-08, 0
669988801, 8.93, 6.99e-08, 3.62e-08, 2.2, 0, 1e-08, 0
670248001, 6.22, 7.25e-08, 4.05e-08, 2.2, 0, 1e-08, 0
670507201, 17.57, 6.61e-08, 2.84e-08, 2.2, 0, 1e-08, 0
670766401, 2.43, 3.93e-08, 3.74e-08, 2.2, 0, 1e-08, 0
671025601, 5.75, 4.38e-08, 2.67e-08, 2.2, 0, 1e-08, 0
671544001, 17.96, 8.83e-08, 3.75e-08, 2.2, 0, 1e-08, 0
671803201, 2.55, 3.59e-08, 3.05e-08, 2.2, 0, 1e-08, 0
672062401, 5.64, 4.42e-08, 3.72e-08, 2.2, 0, 1e-08, 0
672321601, 20.18, 8.27e-08, 3.34e-08, 2.2, 0, 1e-08, 0
672580801, 44.82, 9.41e-08, 2.51e-08, 2.2, 0, 1e-08, 0
672840001, 22.02, 7.07e-08, 2.4e-08, 2.2, 0, 1e-08, 0
673099201, 29.26, 1e-07, 3.21e-08, 2.2, 0, 1e-08, 0
673358401, 8.59, 5.54e-08, 2.63e-08, 2.2, 0, 1e-08, 0
673617601, 24.5, 7.96e-08, 2.92e-08, 2.2, 0, 1e-08, 0
674136001, 12.35, 6.07e-08, 2.88e-08, 2.2, 0, 1e-08, 0
674395201, 6.1, 3.63e-08, 3.02e-08, 2.2, 0, 1e-08, 0
674654401, 14.42, 7.04e-08, 3.46e-08, 2.2, 0, 1e-08, 0
674913601, 9.76, 6.27e-08, 2.9e-08, 2.2, 0, 1e-08, 0
675172801, 36.78, 1.44e-07, 3.8e-08, 2.2, 0, 1e-08, 0
675432001, 23.05, 8.53e-08, 4.36e-08, 2.2, 0, 1e-08, 0
675950401, 20.04, 9.21e-08, 3.71e-08, 2.2, 0, 1e-08, 0
676209601, 26.82, 8.48e-08, 3.03e-08, 2.2, 0, 1e-08, 0
676468801, 2.77, 3.32e-08, 2.64e-08, 2.2, 0, 1e-08, 0
676728001, 23.39, 5.8e-08, 2.26e-08, 2.2, 0, 1e-08, 0
676987201, 7.5, 3.33e-08, 2.1e-08, 2.2, 0, 1e-08, 0
677246401, 10.19, 6.01e-08, 2.87e-08, 2.2, 0, 1e-08, 0
677505601, 20.07, 5.11e-08, 2.46e-08, 2.2, 0, 1e-08, 0
678283201, 3.51, 3.3e-08, 2.52e-08, 2.2, 0, 1e-08, 0
678542401, 16.82, 7.35e-08, 3.15e-08, 2.2, 0, 1e-08, 0
678801601, 36.48, 1.3e-07, 3.89e-08, 2.2, 0, 1e-08, 0
679060801, 8.28, 6.69e-08, 3.83e-08, 2.2, 0, 1e-08, 0
679320001, 9.89, 7.08e-08, 3.61e-08, 2.2, 0, 1e-08, 0
679579201, 35.28, 1.12e-07, 3.62e-08, 2.2, 0, 1e-08, 0
679838401, 38.74, 1.63e-07, 4.55e-08, 2.2, 0, 1e-08, 0
680097601, 14.12, 8.25e-08, 4.23e-08, 2.2, 0, 1e-08, 0
680356801, 43.89, 1.85e-07, 4.9e-08, 2.2, 0, 1e-08, 0
680616001, 56.6, 1.44e-07, 3.4e-08, 2.2, 0, 1e-08, 0
680875201, 72.32, 1.51e-07, 3.5e-08, 2.2, 0, 1e-08, 0
681134401, 21.25, 8.15e-08, 2.84e-08, 2.2, 0, 1e-08, 0
681393601, 1.92, 2.42e-08, 2.35e-08, 2.2, 0, 1e-08, 0
681652801, 14.26, 8.54e-08, 3.87e-08, 2.2, 0, 1e-08, 0
681912001, 26.51, 1.02e-07, 3.29e-08, 2.2, 0, 1e-08, 0
682171201, 23.58, 1.06e-07, 3.5e-08, 2.2, 0, 1e-08, 0
682430401, 5.33, 4.26e-08, 2.93e-08, 2.2, 0, 1e-08, 0
682689601, 3.25, 4.02e-08, 2.93e-08, 2.2, 0, 1e-08, 0
682948801, 4.55, 4.88e-08, 2.95e-08, 2.2, 0, 1e-08, 0
683208001, 27.33, 1.01e-07, 3.32e-08, 2.2, 0, 1e-08, 0
683467201, 52.88, 1.74e-07, 4.4e-08, 2.2, 0, 1e-08, 0
683726401, 35.3, 1.33e-07, 3.91e-08, 2.2, 0, 1e-08, 0
683985601, 39.68, 1.69e-07, 4.5e-08, 2.2, 0, 1e-08, 0
684244801, 26.57, 1.24e-07, 4.4e-08, 2.2, 0, 1e-08, 0
684504001, 11.61, 9.07e-08, 5.24e-08, 2.2, 0, 1e-08, 0
684763201, 43.72, 1.56e-07, 3.9e-08, 2.2, 0, 1e-08, 0
685022401, 64.89, 1.19e-07, 2.82e-08, 2.2, 0, 1e-08, 0
685281601, 91.14, 2.36e-07, 4.4e-08, 2.2, 0, 1e-08, 0
685540801, 55.5, 1.62e-07, 3.9e-08, 2.2, 0, 1e-08, 0
685800001, 13.0, 8.09e-08, 3.62e-08, 2.2, 0, 1e-08, 0
686059201, 33.94, 1.58e-07, 4.4e-08, 2.2, 0, 1e-08, 0
686318401, 57.43, 1.7e-07, 4.6e-08, 2.2, 0, 1e-08, 0
686577601, 42.9, 1.47e-07, 3.7e-08, 2.2, 0, 1e-08, 0
686836801, 141.33, 2.54e-07, 4.7e-08, 2.2, 0, 1e-08, 0
687096001, 119.6, 1.91e-07, 3.2e-08, 2.2, 0, 1e-08, 0
687355201, 74.34, 1.78e-07, 3.5e-08, 2.2, 0, 1e-08, 0
687614401, 76.94, 1.95e-07, 4.8e-08, 2.2, 0, 1e-08, 0
687873601, 31.98, 1.05e-07, 3.4e-08, 2.2, 0, 1e-08, 0
688132801, 39.48, 1.38e-07, 4.51e-08, 2.2, 0, 1e-08, 0
688392001, 32.29, 1.37e-07, 4.38e-08, 2.2, 0, 1e-08, 0
688651201, 30.23, 1.46e-07, 5.29e-08, 2.2, 0, 1e-08, 0
688910401, 41.49, 1.67e-07, 5.9e-08, 2.2, 0, 1e-08, 0
689169601, 49.35, 1.68e-07, 4.7e-08, 2.2, 0, 1e-08, 0
689428801, 62.22, 1.75e-07, 4.4e-08, 2.2, 0, 1e-08, 0
689688001, 128.85, 3.02e-07, 4.9e-08, 2.2, 0, 1e-08, 0
689947201, 39.96, 1.54e-07, 4.4e-08, 2.2, 0, 1e-08, 0
690206401, 75.43, 2.17e-07, 4.6e-08, 2.2, 0, 1e-08, 0
690465601, 141.3, 2.73e-07, 4.1e-08, 2.2, 0, 1e-08, 0
690724801, 106.26, 1.93e-07, 3.3e-08, 2.2, 0, 1e-08, 0
690984001, 102.29, 2.2e-07, 4.2e-08, 2.2, 0, 1e-08, 0
691243201, 129.18, 2.45e-07, 4.1e-08, 2.2, 0, 1e-08, 0
691502401, 72.26, 2.27e-07, 4.9e-08, 2.2, 0, 1e-08, 0
691761601, 42.11, 1.98e-07, 5.7e-08, 2.2, 0, 1e-08, 0
692020801, 37.42, 2.2e-07, 6.7e-08, 2.2, 0, 1e-08, 0
692280001, 47.71, 1.86e-07, 4.9e-08, 2.2, 0, 1e-08, 0
692539201, 55.14, 2.45e-07, 6.4e-08, 2.2, 0, 1e-08, 0
692798401, 47.06, 1.56e-07, 4e-08, 2.2, 0, 1e-08, 0
693057601, 142.24, 3.2e-07, 5.3e-08, 2.2, 0, 1e-08, 0
693316801, 106.4, 2.38e-07, 4.4e-08, 2.2, 0, 1e-08, 0
693576001, 171.47, 3.27e-07, 4.8e-08, 2.2, 0, 1e-08, 0
693835201, 58.18, 1.86e-07, 4.5e-08, 2.2, 0, 1e-08, 0
694353601, 23.84, 4.93e-08, 2.23e-08, 2.2, 0, 1e-08, 0
694612801, 53.39, 1.36e-07, 3.9e-08, 2.2, 0, 1e-08, 0
694872001, 83.32, 1.99e-07, 4.4e-08, 2.2, 0, 1e-08, 0
695131201, 48.71, 1.39e-07, 3.7e-08, 2.2, 0, 1e-08, 0
695390401, 54.06, 1.49e-07, 3.9e-08, 2.2, 0, 1e-08, 0
695649601, 16.7, 1.31e-07, 5.83e-08, 2.2, 0, 1e-08, 0
695908801, 30.3, 9.49e-08, 3.34e-08, 2.2, 0, 1e-08, 0
696168001, 31.28, 1.21e-07, 3.82e-08, 2.2, 0, 1e-08, 0
696427201, 13.96, 7.58e-08, 3.34e-08, 2.2, 0, 1e-08, 0
696686401, 31.36, 1.05e-07, 3.42e-08, 2.2, 0, 1e-08, 0
696945601, 1.32, 3.3e-08, 4.02e-08, 2.2, 0, 1e-08, 0
697204801, 30.12, 1.21e-07, 3.62e-08, 2.2, 0, 1e-08, 0
697464001, 27.41, 8.81e-08, 3.28e-08, 2.2, 0, 1e-08, 0
697723201, 52.64, 1.68e-07, 4.1e-08, 2.2, 0, 1e-08, 0
697982401, 89.96, 2.53e-07, 5e-08, 2.2, 0, 1e-08, 0
698241601, 43.91, 2.27e-07, 6.1e-08, 2.2, 0, 1e-08, 0
698500801, 31.42, 1.34e-07, 4.82e-08, 2.2, 0, 1e-08, 0
698760001, 31.72, 1.35e-07, 4.11e-08, 2.2, 0, 1e-08, 0
699019201, 81.07, 2.05e-07, 5e-08, 2.2, 0, 1e-08, 0
699278401, 102.53, 2.58e-07, 4.9e-08, 2.2, 0, 1e-08, 0
699537601, 52.36, 1.78e-07, 5.5e-08, 2.2, 0, 1e-08, 0
699796801, 72.23, 1.98e-07, 4.6e-08, 2.2, 0, 1e-08, 0
700056001, 97.86, 2.65e-07, 6e-08, 2.2, 0, 1e-08, 0
700315201, 137.24, 3.48e-07, 6.9e-08, 2.2, 0, 1e-08, 0
700574401, 175.68, 3.58e-07, 5.2e-08, 2.2, 0, 1e-08, 0
700833601, 605.62, 6.53e-07, 5.4e-08, 2.2, 0, 1e-08, 0
701092801, 556.46, 5.18e-07, 4.3e-08, 2.2, 0, 1e-08, 0
701352001, 572.57, 7.99e-07, 7.4e-08, 2.2, 0, 1e-08, 0
701611201, 282.5, 5.31e-07, 5.9e-08, 2.2, 0, 1e-08, 0
701870401, 226.83, 4.42e-07, 6.7e-08, 2.2, 0, 1e-08, 0
702129601, 337.88, 5.95e-07, 6.7e-08, 2.2, 0, 1e-08, 0
702388801, 196.54, 4.01e-07, 5.6e-08, 2.2, 0, 1e-08, 0
702648001, 121.28, 3.24e-07, 6.1e-08, 2.2, 0, 1e-08, 0
702907201, 200.75, 4.38e-07, 6.2e-08, 2.2, 0, 1e-08, 0
703166401, 59.56, 1.99e-07, 5.25e-08, 2.2, 0, 1e-08, 0
703425601, 24.6, 1.22e-07, 4.09e-08, 2.2, 0, 1e-08, 0
703684801, 67.91, 2.08e-07, 4.8e-08, 2.2, 0, 1e-08, 0
703944001, 52.43, 2.18e-07, 5.6e-08, 2.2, 0, 1e-08, 0
704203201, 66.59, 1.99e-07, 4.6e-08, 2.2, 0, 1e-08, 0
704462401, 163.55, 2.4e-07, 3.6e-08, 2.2, 0, 1e-08, 0
704721601, 146.47, 2.72e-07, 4.8e-08, 2.2, 0, 1e-08, 0
704980801, 216.68, 3.25e-07, 4.1e-08, 2.2, 0, 1e-08, 0
705240001, 248.59, 4.46e-07, 6.4e-08, 2.2, 0, 1e-08, 0
705499201, 159.48, 3.51e-07, 5.8e-08, 2.2, 0, 1e-08, 0
705758401, 74.17, 2.09e-07, 5.1e-08, 2.2, 0, 1e-08, 0
706017601, 29.81, 1.15e-07, 3.61e-08, 2.2, 0, 1e-08, 0
706276801, 44.79, 1.84e-07, 6.5e-08, 2.2, 0, 1e-08, 0
706536001, 34.65, 1.74e-07, 5.5e-08, 2.2, 0, 1e-08, 0
706795201, 46.95, 1.76e-07, 4.9e-08, 2.2, 0, 1e-08, 0
707054401, 32.62, 1.45e-07, 5.28e-08, 2.2, 0, 1e-08, 0
707313601, 16.05, 8.35e-08, 4.24e-08, 2.2, 0, 1e-08, 0
707572801, 25.1, 1.32e-07, 4.91e-08, 2.2, 0, 1e-08, 0
707832001, 15.14, 9.3e-08, 4.48e-08, 2.2, 0, 1e-08, 0
708091201, 16.08, 8.11e-08, 3.57e-08, 2.2, 0, 1e-08, 0
708350401, 12.52, 4.58e-08, 2.67e-08, 2.2, 0, 1e-08, 0
708609601, 34.03, 1.03e-07, 3.23e-08, 2.2, 0, 1e-08, 0
708868801, 28.66, 1.11e-07, 3.88e-08, 2.2, 0, 1e-08, 0
709128001, 16.3, 7.89e-08, 3.32e-08, 2.2, 0, 1e-08, 0
709387201, 19.68, 8.24e-08, 3.34e-08, 2.2, 0, 1e-08, 0
709646401, 3.66, 4.15e-08, 3.32e-08, 2.2, 0, 1e-08, 0
709905601, 16.25, 9.54e-08, 4.35e-08, 2.2, 0, 1e-08, 0
710164801, 1.21, 3.38e-08, 4.66e-08, 2.2, 0, 1e-08, 0
710424001, 18.35, 8.68e-08, 3.32e-08, 2.2, 0, 1e-08, 0
710683201, 27.72, 1.07e-07, 3.42e-08, 2.2, 0, 1e-08, 0
710942401, 17.31, 7.06e-08, 2.87e-08, 2.2, 0, 1e-08, 0
711460801, 4.56, 6.38e-08, 5.82e-08, 2.2, 0, 1e-08, 0
711720001, 17.78, 1e-07, 4.02e-08, 2.2, 0, 1e-08, 0
711979201, 12.31, 7.17e-08, 3.62e-08, 2.2, 0, 1e-08, 0
712497601, 16.11, 5.4e-08, 2.72e-08, 2.2, 0, 1e-08, 0
712756801, 30.94, 1.11e-07, 3.11e-08, 2.2, 0, 1e-08, 0
713016001, 10.2, 5.27e-08, 3e-08, 2.2, 0, 1e-08, 0
713275201, 57.09, 1.79e-07, 4.6e-08, 2.2, 0, 1e-08, 0
713534401, 45.29, 1.83e-07, 4.6e-08, 2.2, 0, 1e-08, 0
713793601, 89.47, 2.83e-07, 5.4e-08, 2.2, 0, 1e-08, 0
714052801, 129.07, 3.15e-07, 5.5e-08, 2.2, 0, 1e-08, 0
714312001, 45.69, 1.41e-07, 3.7e-08, 2.2, 0, 1e-08, 0
714571201, 52.11, 1.94e-07, 5.9e-08, 2.2, 0, 1e-08, 0
714830401, 58.28, 1.94e-07, 4.55e-08, 2.2, 0, 1e-08, 0
715089601, 26.43, 1.17e-07, 4e-08, 2.2, 0, 1e-08, 0
715348801, 21.62, 1.12e-07, 4.11e-08, 2.2, 0, 1e-08, 0
715608001, 53.6, 2.16e-07, 5.9e-08, 2.2, 0, 1e-08, 0
715867201, 48.14, 1.64e-07, 4.4e-08, 2.2, 0, 1e-08, 0
716126401, 19.07, 1.32e-07, 5.19e-08, 2.2, 0, 1e-08, 0
716385601, 26.38, 1.06e-07, 3.89e-08, 2.2, 0, 1e-08, 0
716644801, 20.19, 1.25e-07, 4.09e-08, 2.2, 0, 1e-08, 0
716904001, 28.06, 1.04e-07, 3.18e-08, 2.2, 0, 1e-08, 0
717163201, 32.45, 1.62e-07, 5.15e-08, 2.2, 0, 1e-08, 0
717422401, 50.2, 1.92e-07, 4.6e-08, 2.2, 0, 1e-08, 0
717681601, 82.13, 2.33e-07, 5.2e-08, 2.2, 0, 1e-08, 0
717940801, 71.3, 2.18e-07, 5.5e-08, 2.2, 0, 1e-08, 0
718200001, 50.02, 1.53e-07, 4.05e-08, 2.2, 0, 1e-08, 0
718459201, 56.4, 1.83e-07, 4.2e-08, 2.2, 0, 1e-08, 0
718718401, 24.47, 1.1e-07, 4e-08, 2.2, 0, 1e-08, 0
718977601, 76.05, 1.87e-07, 3.8e-08, 2.2, 0, 1e-08, 0
719236801, 43.16, 1.15e-07, 3.57e-08, 2.2, 0, 1e-08, 0
719496001, 58.62, 2.08e-07, 4.5e-08, 2.2, 0, 1e-08, 0
719755201, 34.55, 1.82e-07, 5.9e-08, 2.2, 0, 1e-08, 0
720014401, 112.82, 2.89e-07, 5.2e-08, 2.2, 0, 1e-08, 0
720273601, 4.98, 6.05e-08, 3.6e-08, 2.2, 0, 1e-08, 0
720532801, 34.58, 1.6e-07, 6e-08, 2.2, 0, 1e-08, 0
720792001, 22.58, 1.03e-07, 3.42e-08, 2.2, 0, 1e-08, 0
721051201, 29.31, 1.35e-07, 4.2e-08, 2.2, 0, 1e-08, 0
721310401, 29.43, 1.39e-07, 4.21e-08, 2.2, 0, 1e-08, 0
721569601, 15.96, 6.18e-08, 3.2e-08, 2.2, 0, 1e-08, 0
721828801, 39.99, 1.4e-07, 4e-08, 2.2, 0, 1e-08, 0
722347201, 21.06, 8.76e-08, 3.82e-08, 2.2, 0, 1e-08, 0
722606401, 20.15, 4.63e-08, 2.45e-08, 2.2, 0, 1e-08, 0
722865601, 22.52, 9.71e-08, 3.2e-08, 2.2, 0, 1e-08, 0
723124801, 21.88, 8.38e-08, 2.84e-08, 2.2, 0, 1e-08, 0
723384001, 17.18, 9.42e-08, 3.76e-08, 2.2, 0, 1e-08, 0
723643201, 41.01, 1.53e-07, 4.8e-08, 2.2, 0, 1e-08, 0
723902401, 3.36, 3.17e-08, 3.11e-08, 2.2, 0, 1e-08, 0
724161601, 23.01, 1.16e-07, 4.3e-08, 2.2, 0, 1e-08, 0
724420801, 54.34, 1.97e-07, 4.6e-08, 2.2, 0, 1e-08, 0
724680001, 25.26, 1.19e-07, 4.18e-08, 2.2, 0, 1e-08, 0
724939201, 24.0, 1.06e-07, 3.72e-08, 2.2, 0, 1e-08, 0
725198401, 12.28, 6.14e-08, 3.13e-08, 2.2, 0, 1e-08, 0
725457601, 28.58, 1.52e-07, 5.32e-08, 2.2, 0, 1e-08, 0
725716801, 23.59, 1.2e-07, 4.08e-08, 2.2, 0, 1e-08, 0
725976001, 11.44, 1.07e-07, 4.79e-08, 2.2, 0, 1e-08, 0
726235201, 15.71, 7.24e-08, 3.04e-08, 2.2, 0, 1e-08, 0
726494401, 16.93, 8.65e-08, 3.26e-08, 2.2, 0, 1e-08, 0
726753601, 44.43, 1.35e-07, 3.4e-08, 2.2, 0, 1e-08, 0
727012801, 45.82, 1.71e-07, 4.6e-08, 2.2, 0, 1e-08, 0
727272001, 11.81, 8.91e-08, 4.8e-08, 2.2, 0, 1e-08, 0
727531201, 46.49, 1.87e-07, 5.5e-08, 2.2, 0, 1e-08, 0
727790401, 39.37, 1.28e-07, 3.79e-08, 2.2, 0, 1e-08, 0
728049601, 35.21, 1.19e-07, 3.62e-08, 2.2, 0, 1e-08, 0
728308801, 57.06, 1.64e-07, 4.3e-08, 2.2, 0, 1e-08, 0
728568001, 21.24, 9.68e-08, 4.01e-08, 2.2, 0, 1e-08, 0
728827201, 22.87, 9.45e-08, 3.63e-08, 2.2, 0, 1e-08, 0
729086401, 16.33, 9.6e-08, 3.89e-08, 2.2, 0, 1e-08, 0
729345601, 17.66, 7.27e-08, 3.32e-08, 2.2, 0, 1e-08, 0
729604801, 13.61, 6.53e-08, 3e-08, 2.2, 0, 1e-08, 0
729864001, 8.46, 5.21e-08, 2.89e-08, 2.2, 0, 1e-08, 0
730641601, 48.78, 1.22e-07, 3.7e-08, 2.2, 0, 1e-08, 0
731160001, 5.35, 4.49e-08, 3.06e-08, 2.2, 0, 1e-08, 0
731419201, 18.17, 8.41e-08, 3.58e-08, 2.2, 0, 1e-08, 0
731678401, 3.8, 3.79e-08, 3.2e-08, 2.2, 0, 1e-08, 0
731937601, 19.42, 9.46e-08, 3.55e-08, 2.2, 0, 1e-08, 0
732196801, 10.41, 6.87e-08, 3.44e-08, 2.2, 0, 1e-08, 0
732456001, 3.57, 4.36e-08, 3.35e-08, 2.2, 0, 1e-08, 0
732715201, 2.28, 1.11e-08, 1.57e-08, 2.2, 0, 1e-08, 0
732974401, 1.68, 2.2e-08, 2.64e-08, 2.2, 0, 1e-08, 0
733233601, 1.01, 1.55e-08, 2.22e-08, 2.2, 0, 1e-08, 0
734011201, 7.62, 4.77e-08, 2.76e-08, 2.2, 0, 1e-08, 0
734270401, 6.52, 4.03e-08, 2.37e-08, 2.2, 0, 1e-08, 0
734529601, 2.73, 3.03e-08, 2.38e-08, 2.2, 0, 1e-08, 0
735566401, 4.38, 3.27e-08, 2.32e-08, 2.2, 0, 1e-08, 0
735825601, 2.76, 3.23e-08, 2.95e-08, 2.2, 0, 1e-08, 0
736084801, 4.74, 3.27e-08, 2.07e-08, 2.2, 0, 1e-08, 0
736344001, 8.49, 3.87e-08, 1.93e-08, 2.2, 0, 1e-08, 0
736603201, 10.2, 3.27e-08, 2.15e-08, 2.2, 0, 1e-08, 0
736862401, 7.15, 3.54e-08, 2.58e-08, 2.2, 0, 1e-08, 0
737121601, 2.99, 2.32e-08, 1.86e-08, 2.2, 0, 1e-08, 0
737640001, 5.29, 2.88e-08, 1.98e-08, 2.2, 0, 1e-08, 0
738417601, 7.68, 4.75e-08, 2.62e-08, 2.2, 0, 1e-08, 0
738676801, 1.3, 2.54e-08, 3.44e-08, 2.2, 0, 1e-08, 0
739195201, 7.06, 4.96e-08, 2.72e-08, 2.2, 0, 1e-08, 0
741787201, 4.3, 2.26e-08, 1.93e-08, 2.2, 0, 1e-08, 0
742046401, 6.38, 5.05e-08, 2.74e-08, 2.2, 0, 1e-08, 0
