timestamp, ts, flux_upper_limits, fit_tolerance, fit_convergence
241099201, 0.0, 1e-07, 1e-08, 102
242913601, 0.17, 1.02e-07, 1e-08, 0
244123201, 0.0, 7.58e-08, 1e-08, 102
245937601, 0.97, 1.77e-07, 1e-08, 0
246542401, 0.0, 1.05e-07, 1e-08, 102
248356801, 0.45, 9.17e-08, 1e-08, 0
249566401, 0.01, 9.85e-08, 1e-08, 0
250171201, 0.58, 1.13e-07, 1e-08, 0
251380801, 0.43, 6.84e-08, 1e-08, 0
251985601, 0.0, 7.71e-08, 1e-08, 102
255614401, 0.27, 1.47e-07, 1e-08, 0
256219201, 0.0, 8.77e-08, 1e-08, 102
258033601, 0.0, 7.16e-08, 1e-08, 102
258638401, 0.37, 1.5e-07, 1e-08, 0
259243201, 0.05, 7.89e-08, 1e-08, 0
259848001, 0.0, 1.14e-07, 1e-08, 102
264686401, 0.11, 9.09e-08, 1e-08, 0
265291201, 0.0, 6.71e-08, 1e-08, 102
265896001, 0.42, 1.25e-07, 1e-08, 0
266500801, 0.0, 9.3e-08, 1e-08, 1
268920001, 0.0, 8.06e-08, 1e-08, 0
274363201, 0.0, 7.98e-08, 1e-08, 102
274968001, 0.3, 1.16e-07, 1e-08, 0
276177601, 0.84, 1.53e-07, 1e-08, 0
276782401, 0.9, 1.58e-07, 1e-08, 0
277387201, 0.9, 1.21e-07, 1e-08, 0
277992001, 0.29, 1.17e-07, 1e-08, 0
278596801, 0.43, 1.27e-07, 1e-08, 0
279201601, 0.78, 1.16e-07, 1e-08, 0
279806401, 0.37, 1.2e-07, 1e-08, 0
280411201, 0.0, 8.89e-08, 1e-08, 0
281620801, 0.8, 1.13e-07, 1e-08, 0
282830401, 0.0, 5.14e-08, 1e-08, 102
284644801, 0.54, 8.69e-08, 1e-08, 0
285854401, 0.27, 1.14e-07, 1e-08, 0
286459201, 0.0, 8.46e-08, 1e-08, 102
287668801, 0.56, 1.32e-07, 1e-08, 0
291902401, 0.0, 7.16e-08, 1e-08, 102
293112001, 0.0, 6.66e-08, 1e-08, 102
293716801, 0.0, 6.91e-08, 1e-08, 102
294321601, 0.71, 1.19e-07, 1e-08, 0
295531201, 0.0, 5.96e-08, 1e-08, 102
296136001, 0.0, 9.66e-08, 1e-08, 102
296740801, 0.89, 1.25e-07, 1e-08, 0
297345601, 0.61, 1.24e-07, 1e-08, 0
298555201, 0.95, 1.59e-07, 1e-08, 0
299160001, 0.0, 9.03e-08, 1e-08, 102
299764801, 0.0, 5.86e-08, 1e-08, 102
300974401, 0.25, 6.67e-08, 1e-08, 0
302184001, 0.76, 9.84e-08, 1e-08, 0
302788801, 0.0, 9.44e-08, 1e-08, 0
304603201, 0.0, 9.31e-08, 1e-08, 102
305208001, 0.56, 1.16e-07, 1e-08, 0
305812801, 0.88, 9.63e-08, 1e-08, 0
306417601, 0.0, 7.71e-08, 1e-08, 0
307022401, 0.89, 9.29e-08, 1e-08, 0
307627201, 0.2, 1.03e-07, 1e-08, 0
308232001, 0.99, 1.63e-07, 1e-08, 0
309441601, 0.0, 1.04e-07, 1e-08, 102
310046401, 0.24, 1.03e-07, 1e-08, 0
310651201, 0.28, 1.02e-07, 1e-08, 0
311256001, 0.0, 6.73e-08, 1e-08, 102
311860801, 0.0, 8.63e-08, 1e-08, 0
313070401, 0.03, 1.27e-07, 1e-08, 0
314280001, 0.27, 1.06e-07, 1e-08, 102
315489601, 0.54, 1.54e-07, 1e-08, 0
317908801, 0.0, 7.55e-08, 1e-08, 102
318513601, 0.0, 9.44e-08, 1e-08, 102
319723201, 0.05, 1.04e-07, 1e-08, 0
320932801, 0.7, 1.22e-07, 1e-08, 0
321537601, 0.43, 1.2e-07, 1e-08, 0
322142401, 0.1, 8.65e-08, 1e-08, 0
323352001, 0.34, 1.3e-07, 1e-08, 0
323956801, 0.69, 8.24e-08, 1e-08, 102
325771201, 0.0, 9.87e-08, 1e-08, 102
328190401, 0.56, 1.12e-07, 1e-08, 0
329400001, 0.0, 6.14e-08, 1e-08, 102
330004801, 0.0, 9.05e-08, 1e-08, 102
331214401, 0.0, 9.17e-08, 1e-08, 102
332424001, 0.0, 1.11e-07, 1e-08, 102
333028801, 0.3, 8.59e-08, 1e-08, 0
333633601, 0.0, 9.14e-08, 1e-08, 102
335448001, 0.88, 1.33e-07, 1e-08, 0
336657601, 0.95, 1.49e-07, 1e-08, 0
337262401, 0.51, 1.27e-07, 1e-08, 0
337867201, 0.02, 9.81e-08, 1e-08, 102
339681601, 0.05, 1.01e-07, 1e-08, 0
340286401, 0.0, 1.1e-07, 1e-08, 102
340891201, 0.0, 8.34e-08, 1e-08, 102
341496001, 0.57, 1.26e-07, 1e-08, 0
342100801, 0.06, 1.04e-07, 1e-08, 0
342705601, 0.36, 1.19e-07, 1e-08, 0
344520001, 0.0, 6.55e-08, 1e-08, 102
346334401, 0.0, 1.03e-07, 1e-08, 102
347544001, 0.0, 1.01e-07, 1e-08, 102
348148801, 0.02, 9.6e-08, 1e-08, 0
349963201, 0.0, 1e-07, 1e-08, 102
351777601, 0.0, 9.28e-08, 1e-08, 0
352382401, 0.69, 1.24e-07, 1e-08, 0
354196801, 0.0, 5.62e-08, 1e-08, 102
354801601, 0.31, 1.4e-07, 1e-08, 0
355406401, 0.0, 5.27e-08, 1e-08, 102
356616001, 0.0, 8.58e-08, 1e-08, 102
357220801, 0.0, 8.8e-08, 1e-08, 102
359035201, 0.0, 1.05e-07, 1e-08, 0
359640001, 0.04, 1.25e-07, 1e-08, 0
360244801, 0.81, 1.21e-07, 1e-08, 102
361454401, 0.23, 1.22e-07, 1e-08, 0
362059201, 0.36, 1.15e-07, 1e-08, 0
362664001, 0.13, 1.15e-07, 1e-08, 0
364478401, 0.5, 1.29e-07, 1e-08, 0
365688001, 0.5, 1.2e-07, 1e-08, 0
366897601, 0.66, 1.26e-07, 1e-08, 0
368107201, 0.33, 1.16e-07, 1e-08, 0
369316801, 0.0, 9.14e-08, 1e-08, 102
369921601, 0.05, 6.15e-08, 1e-08, 0
370526401, 0.36, 8.86e-08, 1e-08, 0
371736001, 0.37, 1.18e-07, 1e-08, 0
372340801, 0.0, 8.15e-08, 1e-08, 102
373550401, 0.04, 1.11e-07, 1e-08, 0
375969601, 0.95, 1.54e-07, 1e-08, 0
377179201, 0.09, 1.37e-07, 1e-08, 0
378388801, 0.55, 1.37e-07, 1e-08, 0
378993601, 0.02, 8.71e-08, 1e-08, 0
380203201, 0.83, 1.33e-07, 1e-08, 0
380808001, 0.05, 1.15e-07, 1e-08, 0
381412801, 0.23, 1.42e-07, 1e-08, 0
382017601, 0.09, 1.21e-07, 1e-08, 0
382622401, 0.02, 1.26e-07, 1e-08, 0
385646401, 0.06, 1.1e-07, 1e-08, 0
386856001, 0.0, 1.1e-07, 1e-08, 102
388065601, 0.0, 7.21e-08, 1e-08, 102
388670401, 0.63, 1.25e-07, 1e-08, 0
389275201, 0.17, 1.14e-07, 1e-08, 0
389880001, 0.46, 1.2e-07, 1e-08, 0
391089601, 0.0, 1.07e-07, 1e-08, 0
391694401, 0.3, 1.03e-07, 1e-08, 0
392904001, 0.73, 8.2e-08, 1e-08, 0
393508801, 0.8, 1.12e-07, 1e-08, 0
398347201, 0.25, 1.1e-07, 1e-08, 0
398952001, 0.0, 8.24e-08, 1e-08, 102
400161601, 0.29, 1.2e-07, 1e-08, 0
401976001, 0.0, 8.73e-08, 1e-08, 102
403185601, 0.6, 1.19e-07, 1e-08, 0
406209601, 0.0, 7.26e-08, 1e-08, 102
406814401, 0.0, 7.43e-08, 1e-08, 0
407419201, 0.0, 8.95e-08, 1e-08, 102
408024001, 0.28, 1.2e-07, 1e-08, 0
409838401, 0.01, 1.27e-07, 1e-08, 102
410443201, 0.78, 1.46e-07, 1e-08, 0
411048001, 0.69, 1.25e-07, 1e-08, 0
413467201, 0.53, 1.27e-07, 1e-08, 0
414072001, 0.0, 1.02e-07, 1e-08, 0
415886401, 0.0, 7.44e-08, 1e-08, 102
417700801, 0.0, 7.35e-08, 1e-08, 102
418305601, 0.82, 1.87e-07, 1e-08, 0
418910401, 0.46, 1.47e-07, 1e-08, 0
420120001, 0.0, 9.18e-08, 1e-08, 102
420724801, 0.03, 7.85e-08, 1e-08, 0
421329601, 0.68, 1.29e-07, 1e-08, 0
421934401, 0.79, 1.03e-07, 1e-08, 0
422539201, 0.0, 1.03e-07, 1e-08, 102
423144001, 0.0, 1.03e-07, 1e-08, 102
424958401, 0.85, 1.32e-07, 1e-08, 0
426772801, 0.0, 6.97e-08, 1e-08, 102
427377601, 0.04, 1.06e-07, 1e-08, 102
427982401, 0.0, 7.1e-08, 1e-08, 102
428587201, 0.64, 1.5e-07, 1e-08, 0
429192001, 0.71, 1.37e-07, 1e-08, 0
429796801, 0.0, 7.6e-08, 1e-08, 0
430401601, 0.0, 7.12e-08, 1e-08, 102
431611201, 0.19, 1.12e-07, 1e-08, 0
437054401, 0.99, 1.31e-07, 1e-08, 0
437659201, 0.51, 1.41e-07, 1e-08, 0
438264001, 0.98, 1.2e-07, 1e-08, 0
440078401, 0.0, 8.3e-08, 1e-08, 102
442497601, 0.0, 9.13e-08, 1e-08, 102
447336001, 0.0, 1.01e-07, 1e-08, 102
450360001, 0.48, 1.31e-07, 1e-08, 0
451569601, 0.0, 9.42e-08, 1e-08, 102
454593601, 0.0, 8.99e-08, 1e-08, 102
455198401, 0.0, 1.07e-07, 1e-08, 102
456408001, 0.72, 1.39e-07, 1e-08, 102
457012801, 0.06, 1.2e-07, 1e-08, 0
458222401, 0.0, 7.63e-08, 1e-08, 102
459432001, 0.01, 1e-07, 1e-08, 0
460036801, 0.99, 1.57e-07, 1e-08, 0
460641601, 0.26, 8.58e-08, 1e-08, 0
461851201, 0.0, 5.4e-08, 1e-08, 102
464270401, 0.17, 1.08e-07, 1e-08, 0
464875201, 0.02, 9.36e-08, 1e-08, 102
465480001, 0.71, 1.37e-07, 1e-08, 0
466084801, 0.0, 8.26e-08, 1e-08, 0
466689601, 0.7, 1.29e-07, 1e-08, 0
467294401, 0.83, 8.48e-08, 1e-08, 0
468504001, 0.0, 7.58e-08, 1e-08, 0
469108801, 0.24, 1.41e-07, 1e-08, 0
469713601, 0.0, 8.13e-08, 1e-08, 0
470318401, 0.0, 8.38e-08, 1e-08, 102
470923201, 0.0, 8.5e-08, 1e-08, 102
471528001, 0.2, 1.02e-07, 1e-08, 0
472132801, 0.12, 9.63e-08, 1e-08, 102
473342401, 0.0, 1.15e-07, 1e-08, 102
475761601, 0.24, 8.92e-08, 1e-08, 0
476366401, 0.69, 1.28e-07, 1e-08, 0
476971201, 0.6, 9.87e-08, 1e-08, 102
478180801, 0.59, 1.5e-07, 1e-08, 0
479390401, 0.0, 8.62e-08, 1e-08, 102
481204801, 0.58, 1.17e-07, 1e-08, 0
482414401, 0.39, 1.37e-07, 1e-08, 0
483019201, 0.0, 1.09e-07, 1e-08, 102
483624001, 0.01, 1.06e-07, 1e-08, 0
484833601, 0.65, 1.2e-07, 1e-08, 0
488462401, 0.75, 1.67e-07, 1e-08, 0
489067201, 0.0, 9.32e-08, 1e-08, 102
489672001, 0.55, 1.34e-07, 1e-08, 0
493300801, 0.0, 9.13e-08, 1e-08, 102
494510401, 0.19, 1.01e-07, 1e-08, 0
495115201, 0.0, 7.19e-08, 1e-08, 102
496929601, 0.17, 1.36e-07, 1e-08, 0
497534401, 0.05, 7.28e-08, 1e-08, 102
500558401, 0.0, 1.07e-07, 1e-08, 102
501163201, 0.54, 1.26e-07, 1e-08, 0
502977601, 0.0, 8.11e-08, 1e-08, 102
504187201, 0.0, 9.98e-08, 1e-08, 102
506001601, 0.29, 1.24e-07, 1e-08, 0
507816001, 0.18, 1.13e-07, 1e-08, 0
508420801, 0.0, 4.83e-08, 1e-08, 102
509025601, 0.0, 9.31e-08, 1e-08, 102
510840001, 0.35, 1.18e-07, 1e-08, 0
511444801, 0.6, 1.1e-07, 1e-08, 0
512049601, 0.0, 5e-08, 1e-08, 102
512654401, 0.0, 9.38e-08, 1e-08, 102
513259201, 0.62, 1.37e-07, 1e-08, 0
514468801, 0.8, 1.46e-07, 1e-08, 0
516283201, 0.11, 5.67e-08, 1e-08, 102
516888001, 0.0, 8.22e-08, 1e-08, 0
517492801, 0.0, 9.63e-08, 1e-08, 102
519307201, 0.06, 1.19e-07, 1e-08, 0
519912001, 0.66, 1.62e-07, 1e-08, 0
520516801, 0.0, 8.6e-08, 1e-08, 102
521121601, 0.0, 7.99e-08, 1e-08, 0
522331201, 0.0, 9.4e-08, 1e-08, 0
522936001, 0.0, 6.8e-08, 1e-08, 102
523540801, 0.25, 8.29e-08, 1e-08, 0
524145601, 0.29, 1.15e-07, 1e-08, 0
525355201, 0.0, 4.83e-08, 1e-08, 1
526564801, 0.11, 1.04e-07, 1e-08, 0
528379201, 0.5, 1.12e-07, 1e-08, 0
529588801, 0.25, 1.11e-07, 1e-08, 0
531403201, 0.54, 1.38e-07, 1e-08, 0
532612801, 0.0, 6.25e-08, 1e-08, 102
534427201, 0.0, 6.86e-08, 1e-08, 102
535032001, 0.66, 1.09e-07, 1e-08, 0
535636801, 0.0, 8.32e-08, 1e-08, 102
538056001, 0.0, 8.67e-08, 1e-08, 102
539265601, 0.0, 7.41e-08, 1e-08, 0
539870401, 0.0, 8.35e-08, 1e-08, 102
540475201, 0.8, 1.08e-07, 1e-08, 102
541080001, 0.11, 7.48e-08, 1e-08, 1
545918401, 0.0, 1.07e-06, 1e-08, 102
547128001, 0.05, 8.17e-08, 1e-08, 0
547732801, 0.54, 8.52e-08, 1e-08, 102
548942401, 0.0, 1.23e-06, 1e-08, 102
552571201, 0.0, 2.19e-07, 1e-08, 102
554385601, 0.0, 3.75e-07, 1e-08, 102
554990401, 0.28, 9.86e-08, 1e-08, 0
555595201, 0.0, 6.98e-08, 1e-08, 102
556804801, 0.2, 1.36e-07, 1e-08, 0
557409601, 0.31, 9.46e-08, 1e-08, 0
559224001, 0.7, 8.38e-08, 1e-08, 0
560433601, 0.0, 8.89e-08, 1e-08, 0
561038401, 0.0, 2.98e-07, 1e-08, 102
562852801, 0.35, 1.14e-07, 1e-08, 0
564062401, 0.0, 1.08e-07, 1e-08, 102
564667201, 0.0, 4.99e-08, 1e-08, 102
565876801, 0.0, 8.52e-08, 1e-08, 0
566481601, 0.0, 5.31e-08, 1e-08, 0
567086401, 0.0, 3.38e-06, 1e-08, 102
567691201, 0.0, -1.0, 1e-08, 0
571924801, 0.0, 1.07e-07, 1e-08, 102
572529601, 0.16, 1.11e-07, 1e-08, 0
573134401, 0.01, 8.4e-08, 1e-08, 102
574344001, 0.0, 8.03e-08, 1e-08, 0
574948801, 0.53, 9.99e-08, 1e-08, 0
575553601, 0.19, 1.18e-07, 1e-08, 0
576158401, 0.84, 1.35e-07, 1e-08, 0
577972801, 0.0, 9.25e-08, 1e-08, 1
579182401, 0.0, 9.22e-08, 1e-08, 102
580996801, 0.18, 4.47e-07, 1e-08, 0
581601601, 0.25, 2.81e-07, 1e-08, 0
582811201, 0.0, 6.89e-08, 1e-08, 102
584625601, 0.64, 1.14e-07, 1e-08, 0
585230401, 0.07, 1.63e-07, 1e-08, 0
585835201, 0.0, 1.63e-07, 1e-08, 102
586440001, 0.0, 8.24e-08, 1e-08, 102
587044801, 0.0, 9.12e-08, 1e-08, 102
588859201, 0.0, 6.55e-08, 1e-08, 0
589464001, 0.64, 6.82e-08, 1e-08, 0
591883201, 0.72, 1.28e-07, 1e-08, 0
593092801, 0.57, 1.44e-07, 1e-08, 0
593697601, 0.21, 1.06e-07, 1e-08, 0
596721601, 0.16, 1.36e-07, 1e-08, 0
597931201, 0.41, 1.33e-07, 1e-08, 0
598536001, 0.0, 1.86e-07, 1e-08, 0
599140801, 0.23, 1.7e-06, 1e-08, 0
599745601, 0.0, 9.64e-06, 1e-08, 102
600350401, 0.95, 1.24e-07, 1e-08, 0
600955201, 0.0, 1.04e-07, 1e-08, 102
601560001, 0.06, 1.25e-07, 1e-08, 0
602164801, 0.0, 6.7e-08, 1e-08, 102
603374401, 0.15, 7.31e-08, 1e-08, 1
603979201, 0.4, 1.32e-07, 1e-08, 0
604584001, 0.0, 6.29e-08, 1e-08, 102
605793601, 0.77, 1.29e-07, 1e-08, 0
606398401, 0.31, 1.33e-07, 1e-08, 0
607003201, 0.91, 1.51e-07, 1e-08, 0
607608001, 0.0, 5.11e-08, 1e-08, 102
608212801, 0.99, 1.38e-07, 1e-08, 0
610027201, 0.0, 8.66e-08, 1e-08, 102
611236801, 0.0, 9.51e-08, 1e-08, 102
612446401, 0.62, 1.81e-07, 1e-08, 0
613656001, 0.0, 1.28e-06, 1e-08, 0
614260801, 0.0, 9.75e-08, 1e-08, 102
615470401, 0.99, 1.43e-07, 1e-08, 0
617284801, 0.44, 1.39e-07, 1e-08, 0
618494401, 0.0, 8.34e-08, 1e-08, 102
619099201, 0.0, 6.96e-08, 1e-08, 102
619704001, 0.0, 8.37e-08, 1e-08, 102
621518401, 0.0, 5.46e-08, 1e-08, 0
622123201, 0.43, 1.46e-07, 1e-08, 0
623937601, 0.0, 6.61e-08, 1e-08, 0
625147201, 0.22, 9.42e-08, 1e-08, 102
625752001, 0.02, 9.88e-08, 1e-08, 0
626961601, 0.98, 4.41e-07, 1e-08, 0
628171201, 0.0, 1.4e-07, 1e-08, 102
629985601, 0.99, 1.53e-07, 1e-08, 0
630590401, 0.0, 7.69e-07, 1e-08, 102
631195201, 0.0, 7.74e-07, 1e-08, 0
631800001, 0.0, 3.12e-07, 1e-08, 102
633009601, 0.42, 1.2e-07, 1e-08, 0
633614401, 0.03, 1.25e-07, 1e-08, 0
634824001, 0.0, 8.73e-08, 1e-08, 0
635428801, 0.0, 8.1e-08, 1e-08, 102
636638401, 0.53, 1.19e-07, 1e-08, 0
637848001, 0.56, 1.61e-07, 1e-08, 0
639057601, 0.0, 8.77e-08, 1e-08, 102
639662401, 0.0, 8.22e-08, 1e-08, 102
640267201, 0.0, 9.35e-08, 1e-08, 0
640872001, 0.0, 1.07e-07, 1e-08, 102
641476801, 0.76, 1.29e-07, 1e-08, 0
642686401, 0.2, 7.21e-08, 1e-08, 0
643291201, 0.0, 7.46e-08, 1e-08, 102
646920001, 0.05, 1.2e-07, 1e-08, 102
647524801, 0.0, 6.99e-08, 1e-08, 102
649339201, 0.01, 8.88e-08, 1e-08, 0
649944001, 0.96, 1.57e-07, 1e-08, 0
650548801, 0.28, 1.21e-07, 1e-08, 0
651758401, 0.66, 1.3e-07, 1e-08, 102
653572801, 0.72, 8.54e-08, 1e-08, 0
654177601, 0.12, 1.15e-07, 1e-08, 0
655387201, 0.44, 1.21e-07, 1e-08, 0
656596801, 0.33, 1.3e-07, 1e-08, 0
657201601, 0.0, 6.93e-08, 1e-08, 102
657806401, 0.51, 9.9e-08, 1e-08, 0
658411201, 0.38, 1.91e-07, 1e-08, 0
659620801, 0.26, 5.89e-07, 1e-08, 0
660225601, 0.0, 5.6e-08, 1e-08, 102
660830401, 0.42, 1.58e-07, 1e-08, 0
661435201, 0.02, 1.22e-07, 1e-08, 102
662644801, 0.47, 7.04e-07, 1e-08, 0
663249601, 0.0, 4.18e-07, 1e-08, 102
663854401, 0.75, 2e-07, 1e-08, 0
664459201, 0.75, 1.17e-07, 1e-08, 0
665064001, 0.0, 9.52e-08, 1e-08, 102
665668801, 0.27, 1.48e-07, 1e-08, 0
666273601, 0.0, 1.1e-07, 1e-08, 102
666878401, 0.0, 8.31e-08, 1e-08, 102
667483201, 0.22, 1.02e-07, 1e-08, 0
668692801, 0.0, 7.31e-08, 1e-08, 102
669297601, 0.0, 8.77e-08, 1e-08, 102
669902401, 0.0, 1.07e-07, 1e-08, 0
670507201, 0.56, 1.27e-07, 1e-08, 0
672926401, 0.28, 1.36e-07, 1e-08, 0
674136001, 0.0, 9.34e-08, 1e-08, 0
674740801, 0.0, 1.06e-07, 1e-08, 102
675345601, 0.0, 9.21e-08, 1e-08, 102
675950401, 0.97, 1.21e-07, 1e-08, 0
676555201, 0.0, 5.71e-07, 1e-08, 102
677764801, 0.04, 2.71e-07, 1e-08, 0
678369601, 0.0, 7.52e-08, 1e-08, 0
679579201, 0.09, 8.6e-08, 1e-08, 0
680184001, 0.0, 1.23e-07, 1e-08, 1
682603201, 0.0, 6.22e-08, 1e-08, 101
683208001, 0.03, 1.11e-07, 1e-08, 0
683812801, 0.0, 1.02e-07, 1e-08, 102
684417601, 0.01, 7.12e-08, 1e-08, 0
686232001, 0.14, 1.09e-07, 1e-08, 0
686836801, 0.0, 7.5e-08, 1e-08, 102
687441601, 0.14, 1.21e-07, 1e-08, 0
688651201, 0.0, 1.11e-07, 1e-08, 102
689256001, 0.35, 9.91e-08, 1e-08, 0
692280001, 0.0, 9.68e-08, 1e-08, 102
692884801, 0.33, 1.53e-07, 1e-08, 0
693489601, 0.09, 1.33e-07, 1e-08, 0
694094401, 0.0, 1.24e-07, 1e-08, 102
695304001, 0.0, 2.53e-07, 1e-08, 101
696513601, 0.75, 1.35e-07, 1e-08, 0
698328001, 0.63, 1.54e-07, 1e-08, 0
700142401, 0.8, 1.21e-07, 1e-08, 0
701956801, 0.0, 8.63e-08, 1e-08, 102
702561601, 0.58, 1.29e-07, 1e-08, 0
703166401, 0.0, 7.98e-08, 1e-08, 102
703771201, 0.0, 8.43e-08, 1e-08, 101
704376001, 0.62, 7.33e-08, 1e-08, 0
704980801, 0.98, 1.51e-07, 1e-08, 0
706795201, 0.08, 1.08e-07, 1e-08, 0
707400001, 0.42, 1.36e-07, 1e-08, 0
709819201, 0.0, 1.09e-07, 1e-08, 102
710424001, 0.1, 9.71e-08, 1e-08, 0
711028801, 0.54, 1.4e-07, 1e-08, 0
712843201, 0.0, 8.07e-08, 1e-08, 101
713448001, 0.0, 1.04e-07, 1e-08, 102
714052801, 0.0, 6.05e-08, 1e-08, 102
714657601, 0.26, 1.16e-07, 1e-08, 0
715262401, 0.0, 8.22e-08, 1e-08, 101
716472001, 0.5, 1.17e-07, 1e-08, 0
717681601, 0.0, 7.6e-08, 1e-08, 101
719496001, 0.86, 1.24e-07, 1e-08, 0
720100801, 0.0, 6.7e-08, 1e-08, 102
721310401, 0.04, 1.07e-07, 1e-08, 0
723124801, 0.9, 6.87e-07, 1e-08, 0
723729601, 0.47, 1.88e-07, 1e-08, 0
724939201, 0.74, 9.25e-08, 1e-08, 0
725544001, 0.75, 1.36e-07, 1e-08, 0
726148801, 0.07, 4.21e-07, 1e-08, 0
726753601, 0.45, 3.73e-07, 1e-08, 0
727963201, 0.08, 9.96e-08, 1e-08, 0
728568001, 0.81, 1.18e-07, 1e-08, 0
733406401, 0.0, 7.35e-08, 1e-08, 101
734011201, 0.14, 1.38e-07, 1e-08, 0
735220801, 0.3, 1.08e-07, 1e-08, 0
735825601, 0.52, 1.26e-07, 1e-08, 0
740059201, 0.0, 5.35e-07, 1e-08, 101
740664001, 0.0, 3.01e-07, 1e-08, 101
741268801, 0.48, 6.26e-07, 1e-08, 102
