timestamp, ts, flux, flux_error, photon_index, photon_index_interval, fit_tolerance, fit_convergence
239716801, 1.03, 2.28e-08, 3.36e-08, 2.32, 1.02, 1e-08, 0
239976001, 4.26, 9.67e-08, 6.93e-08, 3.32, 1.42, 1e-08, 0
240494401, 4.62, 4.28e-08, 3.7e-08, 2.41, 0.66, 1e-08, 0
241272001, 14.36, 1.09e-07, 5.6e-08, 2.6, 0.45, 1e-08, 0
241531201, 1.49, 4.25e-08, 5.04e-08, 2.78, 1.31, 1e-08, 0
241790401, 5.22, 1.11e-07, 6.69e-08, 3.23, 1.06, 1e-08, 0
242049601, 3.09, 1.5e-08, 1.46e-08, 1.34, 0.53, 1e-08, 0
242308801, 1.79, 7.6e-08, 7.49e-08, 5.0, 0, 1e-08, 0
243086401, 3.88, 3.42e-08, 3.54e-08, 2.08, 0.68, 1e-08, 0
243604801, 5.04, 4.79e-08, 3.98e-08, 2.13, 0.53, 1e-08, 0
244123201, 2.81, 7.31e-08, 5.79e-08, 3.18, 1.65, 1e-08, 0
244382401, 3.48, 4.78e-09, 4.35e-09, 0.67, 0.56, 1e-08, 0
245160001, 9.84, 5.93e-09, 7.78e-09, 0.95, 0.73, 1e-08, 0
246715201, 10.34, 8.15e-08, 4.63e-08, 2.37, 0.45, 1e-08, 0
246974401, 1.98, 9.19e-08, 8.22e-08, 5.0, 0, 1e-08, 0
247492801, 1.81, 1.82e-08, 2.65e-08, 1.85, 0.84, 1e-08, 0
247752001, 5.74, 4.28e-09, 4.62e-09, 0.61, 0.69, 1e-08, 0
248011201, 11.18, 1.34e-07, 6.02e-08, 2.36, 0.36, 1e-08, 0
248270401, 1.02, 6.11e-08, 7.69e-08, 5.0, 0, 1e-08, 0
248788801, 1.62, 3.93e-08, 3.6e-07, 2.74, 12.6, 1e-08, 102
249307201, 11.58, 8.74e-09, 7.87e-09, 1.15, 0.54, 1e-08, 0
250084801, 1.75, 6.11e-08, 6.18e-08, 3.98, 6.27, 1e-08, 102
250344001, 6.16, 1.3e-07, 6.68e-08, 3.64, 2.32, 1e-08, 0
250603201, 4.35, 9.18e-08, 5.31e-08, 4.16, 4.15, 1e-08, 102
251121601, 6.89, 1.98e-08, 2.24e-08, 1.71, 0.61, 1e-08, 0
251380801, 1.51, 5.13e-08, 5.07e-08, 2.97, 1.55, 1e-08, 0
251640001, 1.5, 7.36e-08, 6.84e-08, 5.0, 0, 1e-08, 0
252158401, 3.22, 1.48e-08, 2.07e-08, 1.79, 0.79, 1e-08, 0
252417601, 1.55, 4.32e-08, 4.54e-08, 2.54, 0.78, 1e-08, 0
252936001, 2.32, 2.42e-08, 2.83e-08, 2.08, 0.67, 1e-08, 0
253195201, 4.76, 5.06e-08, 5.24e-08, 2.41, 0.9, 1e-08, 0
253713601, 2.03, 5.84e-08, 5.16e-08, 2.88, 0.79, 1e-08, 0
253972801, 8.4, 1.03e-07, 6.09e-08, 2.74, 0.62, 1e-08, 0
254491201, 2.09, 2.93e-09, 3.94e-09, 0.91, 0.84, 1e-08, 0
254750401, 2.75, 4.68e-08, 5.14e-08, 2.47, 1.08, 1e-08, 0
255528001, 6.71, 5.76e-08, 3.72e-08, 2.3, 0.46, 1e-08, 0
255787201, 11.36, 9.48e-08, 7.24e-08, 2.46, 0.52, 1e-08, 0
256046401, 5.91, 1.04e-07, 6.5e-08, 2.89, 0.63, 1e-08, 0
256305601, 16.56, 1.1e-08, 1.21e-08, 1.03, 0.58, 1e-08, 0
256564801, 7.22, 1.53e-07, 7.62e-08, 3.42, 1.18, 1e-08, 0
256824001, 5.64, 5.31e-08, 3.91e-08, 2.18, 0.5, 1e-08, 0
257342401, 1.35, 1.35e-08, 2.19e-08, 1.66, 0.83, 1e-08, 0
257601601, 17.26, 8.46e-08, 4.83e-08, 1.96, 0.37, 1e-08, 0
257860801, 15.91, 5.04e-08, 4.73e-08, 1.94, 0.54, 1e-08, 0
258120001, 10.4, 4.12e-08, 2.85e-08, 1.87, 0.42, 1e-08, 0
258379201, 4.45, 1.23e-08, 1.72e-08, 1.49, 0.77, 1e-08, 0
259156801, 9.25, 2.75e-08, 2.28e-08, 1.79, 0.51, 1e-08, 0
259416001, 6.8, 1.9e-08, 1.63e-08, 1.54, 0.5, 1e-08, 0
259675201, 5.66, 7.39e-08, 5.02e-08, 2.54, 0.59, 1e-08, 0
259934401, 4.29, 7.72e-08, 5.97e-08, 3.06, 0.86, 1e-08, 0
260452801, 2.7, 8.52e-08, 6.21e-08, 5.0, 0, 1e-08, 0
260712001, 1.85, 2.12e-08, 2.77e-08, 1.94, 0.8, 1e-08, 0
261230401, 4.62, 1.26e-07, 7.38e-08, 3.22, 0.91, 1e-08, 0
262526401, 1.48, 3.61e-08, 3.85e-08, 2.68, 0.89, 1e-08, 0
262785601, 6.36, 3.16e-08, 2.9e-08, 1.85, 0.62, 1e-08, 0
263044801, 22.65, 1.21e-07, 6.11e-08, 2.28, 0.38, 1e-08, 0
263304001, 14.92, 4.95e-08, 4.22e-08, 1.93, 0.54, 1e-08, 0
263563201, 4.11, 1.01e-08, 1.59e-08, 1.49, 0.81, 1e-08, 0
263822401, 16.28, 1.66e-07, 6e-08, 3.1, 0.49, 1e-08, 0
264081601, 1.08, 1.37e-08, 1.92e-08, 1.95, 0.78, 1e-08, 0
264340801, 1.46, 1.48e-08, 1.88e-08, 1.89, 0.74, 1e-08, 0
264600001, 14.17, 4.25e-09, 5.5e-09, 0.65, 0.85, 1e-08, 0
264859201, 3.95, 2.54e-08, 2.77e-08, 2.18, 0.77, 1e-08, 0
265118401, 4.26, 2.52e-08, 2.81e-08, 1.83, 0.66, 1e-08, 0
265377601, 3.72, 3.91e-08, 3.3e-08, 2.22, 0.61, 1e-08, 0
265636801, 1.16, 1.91e-08, 3.43e-08, 2.52, 1.32, 1e-08, 0
266155201, 6.14, 1.1e-08, 9.22e-09, 0.92, 0.5, 1e-08, 0
266414401, 8.22, 2.31e-08, 1.92e-08, 1.65, 0.52, 1e-08, 0
266673601, 8.68, 3.04e-09, 3.08e-09, 0.14, 0.85, 1e-08, 0
266932801, 5.91, 1.4e-07, 8.82e-08, 5.0, 0, 1e-08, 0
267192001, 6.55, 1.21e-08, 9.82e-09, 1.19, 0.46, 1e-08, 0
267451201, 2.91, 4.24e-08, 3.76e-08, 2.24, 0.74, 1e-08, 0
267710401, 2.92, 1.48e-08, 1.72e-08, 1.65, 0.69, 1e-08, 0
267969601, 1.25, 3.86e-08, 4.3e-08, 2.66, 1, 1e-08, 0
268228801, 1.99, 1.3e-08, 1.56e-08, 1.86, 0.76, 1e-08, 0
268488001, 4.26, 2.4e-08, 2.05e-08, 1.86, 0.58, 1e-08, 0
268747201, 8.97, 4.21e-08, 2.92e-08, 1.98, 0.49, 1e-08, 0
269006401, 6.27, 7.02e-08, 4.69e-08, 2.59, 0.77, 1e-08, 0
269265601, 16.27, 2.74e-08, 1.94e-08, 1.57, 0.42, 1e-08, 0
269784001, 3.02, 7.93e-08, 6.19e-08, 2.8, 0.86, 1e-08, 0
270043201, 1.71, 2.2e-08, 3.06e-08, 1.97, 0.91, 1e-08, 0
270302401, 6.57, 3.86e-08, 3.27e-08, 2.0, 0.58, 1e-08, 0
270561601, 4.93, 7.37e-09, 1.07e-08, 1.12, 0.8, 1e-08, 0
270820801, 13.68, 4.55e-08, 3.3e-08, 1.75, 0.45, 1e-08, 0
271339201, 2.2, 1.2e-08, 1.47e-08, 1.62, 0.74, 1e-08, 0
271598401, 8.08, 1.02e-08, 1.21e-08, 1.3, 0.68, 1e-08, 0
271857601, 23.55, 1.1e-08, 7.29e-09, 0.8, 0.44, 1e-08, 0
272116801, 5.53, 1.06e-08, 1.06e-08, 1.17, 0.54, 1e-08, 0
272635201, 11.71, 8.95e-08, 4.45e-08, 2.26, 0.36, 1e-08, 0
273153601, 6.13, 3.71e-08, 2.46e-08, 1.98, 0.4, 1e-08, 0
273672001, 4.11, 6.05e-08, 4.95e-08, 2.6, 0.62, 1e-08, 0
273931201, 16.04, 6.03e-08, 4.27e-08, 1.99, 0.47, 1e-08, 0
274190401, 8.18, 3.02e-08, 2.77e-08, 1.74, 0.61, 1e-08, 0
274708801, 4.57, 5.76e-09, 6.82e-09, 0.99, 0.68, 1e-08, 0
275227201, 1.28, 5.74e-09, 9.75e-09, 0.84, 1.04, 1e-08, 0
276782401, 9.75, 1.75e-08, 1.57e-08, 1.31, 0.51, 1e-08, 0
277041601, 6.72, 4.68e-08, 3.96e-08, 2.07, 0.55, 1e-08, 0
278337601, 5.01, 1.54e-08, 1.93e-08, 1.75, 0.77, 1e-08, 0
278596801, 4.47, 6.49e-08, 4.21e-08, 2.41, 0.52, 1e-08, 0
279115201, 1.4, 2.64e-08, 4.64e-08, 2.08, 1.18, 1e-08, 0
279374401, 1.31, 4.07e-08, 5e-08, 2.36, 0.79, 1e-08, 0
279892801, 1.11, 9.23e-08, 1.11e-07, 5.0, 0, 1e-08, 0
280152001, 1.57, 8.45e-08, 9.63e-08, 5.0, 0, 1e-08, 0
280411201, 2.49, 1.17e-07, 8.92e-08, 3.57, 2.65, 1e-08, 0
280929601, 6.11, 1.64e-07, 1.06e-07, 5.0, 0, 1e-08, 0
281707201, 2.81, 2.28e-08, 3.3e-08, 1.97, 0.79, 1e-08, 0
281966401, 1.69, 7.5e-08, 6.21e-08, 3.83, 5.86, 1e-08, 102
283003201, 8.6, 1.26e-08, 1.62e-08, 1.25, 0.73, 1e-08, 0
283780801, 3.94, 1.42e-07, 1e-07, 2.94, 0.76, 1e-08, 0
284040001, 5.92, 4.21e-08, 7.58e-08, 2.06, 1.02, 1e-08, 0
284299201, 9.34, 2.92e-07, 1.28e-07, 5.0, 0, 1e-08, 0
285076801, 5.87, 8.77e-09, 8.52e-09, 0.72, 0.66, 1e-08, 0
285336001, 2.82, 3.12e-08, 7.77e-08, 1.99, 1.48, 1e-08, 0
285595201, 5.49, 3.3e-08, 3.07e-08, 1.78, 0.62, 1e-08, 0
285854401, 12.87, 6.03e-08, 4.37e-08, 1.78, 0.44, 1e-08, 0
286372801, 5.1, 5.14e-09, 7.35e-09, 1.1, 0.86, 1e-08, 0
286632001, 6.21, 2.21e-08, 2.18e-08, 1.78, 0.6, 1e-08, 0
286891201, 7.22, 1.63e-08, 1.78e-08, 1.62, 0.68, 1e-08, 0
287150401, 3.55, 4.56e-09, 6.33e-09, 1.07, 0.82, 1e-08, 0
287668801, 2.6, 1.32e-08, 1.86e-08, 1.73, 0.77, 1e-08, 0
288187201, 6.82, 2.27e-07, 1.32e-07, 5.0, 0, 1e-08, 0
288446401, 5.26, 5.28e-08, 5.3e-08, 1.79, 0.57, 1e-08, 0
289224001, 4.6, 1.71e-07, 1.16e-07, 3.46, 1.6, 1e-08, 0
289483201, 3.76, 9.76e-08, 7.54e-08, 2.8, 0.83, 1e-08, 0
289742401, 2.86, 8.79e-09, 1.29e-08, 1.25, 0.82, 1e-08, 0
290260801, 4.85, 1.86e-07, 1.08e-07, 4.27, 1.8, 1e-08, 0
290520001, 2.03, 4.24e-09, 5.87e-09, 0.86, 0.84, 1e-08, 0
290779201, 4.81, 1.3e-08, 1.31e-08, 1.48, 0.59, 1e-08, 0
291556801, 5.04, 9.34e-09, 8.85e-09, 0.83, 0.56, 1e-08, 0
291816001, 12.77, 3.78e-08, 2.57e-08, 1.84, 0.46, 1e-08, 0
292075201, 5.43, 3.49e-08, 3e-08, 1.95, 0.54, 1e-08, 0
292593601, 4.07, 3.96e-09, 4.67e-09, 0.39, 0.9, 1e-08, 0
293889601, 17.47, 1.67e-08, 1.69e-08, 1.06, 0.54, 1e-08, 0
294148801, 12.72, 4.43e-09, 4.56e-09, 0.17, 0.92, 1e-08, 0
294926401, 21.08, 1.29e-07, 8.19e-08, 2.26, 0.45, 1e-08, 0
295444801, 9.56, 1.81e-07, 1.07e-07, 4.99, 0.09, 1e-08, 0
295704001, 16.65, 1.75e-08, 1.54e-08, 1.29, 0.5, 1e-08, 0
295963201, 5.97, 4.49e-08, 3.6e-08, 2.2, 0.61, 1e-08, 0
296222401, 6.19, 6.54e-08, 4.48e-08, 2.49, 0.62, 1e-08, 0
296481601, 6.03, 5.11e-08, 6.98e-08, 2.29, 1.12, 1e-08, 0
296740801, 6.54, 2.82e-09, 2.9e-09, 0.39, 0.74, 1e-08, 0
297000001, 8.26, 1.04e-08, 8.48e-09, 1.0, 0.48, 1e-08, 0
297259201, 1.42, 7.6e-08, 8.8e-08, 5.0, 0, 1e-08, 0
297518401, 9.13, 8.29e-08, 5.11e-08, 2.13, 0.41, 1e-08, 0
297777601, 3.03, 1.19e-08, 1.9e-08, 1.6, 0.91, 1e-08, 0
298036801, 4.33, 5.7e-08, 5.89e-08, 2.19, 0.65, 1e-08, 0
298296001, 5.43, 2.13e-08, 2.5e-08, 1.48, 0.64, 1e-08, 0
298555201, 4.18, 2.7e-08, 3.07e-08, 1.77, 0.68, 1e-08, 0
298814401, 5.16, 4.21e-08, 4.59e-08, 1.98, 0.68, 1e-08, 0
299073601, 8.01, 2.19e-07, 1.15e-07, 3.23, 0.88, 1e-08, 0
299332801, 4.72, 4.59e-08, 4.79e-08, 1.82, 0.57, 1e-08, 0
299592001, 1.43, 9.04e-08, 8.78e-08, 4.2, 6.68, 1e-08, 102
299851201, 3.18, 9.09e-09, 1.34e-08, 1.5, 0.83, 1e-08, 0
300369601, 7.27, 2.34e-08, 1.91e-08, 1.8, 0.55, 1e-08, 0
300628801, 20.91, 1.3e-07, 5.9e-08, 2.53, 0.47, 1e-08, 0
300888001, 17.81, 4.82e-08, 2.95e-08, 1.87, 0.4, 1e-08, 0
301406401, 4.69, 9.5e-08, 6.77e-08, 3.09, 1.25, 1e-08, 0
301924801, 4.96, 1.39e-08, 1.67e-08, 1.53, 0.7, 1e-08, 0
302702401, 6.71, 8.68e-08, 7.04e-08, 2.33, 0.64, 1e-08, 0
302961601, 6.26, 1.18e-08, 1.17e-08, 1.13, 0.57, 1e-08, 0
303739201, 1.6, 7.07e-08, 8.64e-08, 2.66, 1.45, 1e-08, 0
303998401, 3.45, 1.12e-07, 8.81e-08, 2.97, 0.71, 1e-08, 0
305035201, 6.61, 8.07e-09, 9.22e-09, 0.97, 0.61, 1e-08, 0
305294401, 5.28, 1.47e-08, 1.57e-08, 1.69, 0.65, 1e-08, 0
305553601, 28.33, 4.19e-08, 2.77e-08, 1.74, 0.42, 1e-08, 0
305812801, 2.9, 1.01e-08, 1.26e-08, 1.74, 0.75, 1e-08, 0
306072001, 3.86, 3.51e-08, 3.44e-08, 1.87, 0.64, 1e-08, 0
307368001, 5.52, 1.45e-07, 8.43e-08, 5.0, 0, 1e-08, 0
308404801, 3.73, 5.72e-08, 5.47e-08, 2.31, 0.64, 1e-08, 0
308664001, 7.42, 1.78e-07, 8.72e-08, 4.4, 3.33, 1e-08, 102
308923201, 3.43, 9.09e-09, 1.75e-08, 1.7, 1.21, 1e-08, 0
309182401, 8.78, 3.47e-08, 2.52e-08, 1.83, 0.47, 1e-08, 0
309441601, 9.84, 2.39e-08, 1.9e-08, 1.72, 0.49, 1e-08, 0
310219201, 2.68, 7.55e-08, 5.17e-08, 4.23, 4.84, 1e-08, 102
310478401, 15.17, 1.12e-08, 9.19e-09, 1.17, 0.48, 1e-08, 0
311256001, 2.13, 1.35e-08, 2.21e-08, 1.62, 0.85, 1e-08, 0
311515201, 6.04, 1.63e-07, 8.38e-08, 5.0, 0, 1e-08, 0
311774401, 3.18, 1.25e-07, 1.05e-07, 5.0, 0, 1e-08, 0
313588801, 2.31, 2.55e-08, 2.66e-08, 2.04, 0.67, 1e-08, 0
313848001, 2.04, 5.53e-08, 2.94e-07, 2.88, 9.42, 1e-08, 102
314107201, 5.12, 3.59e-09, 4.06e-09, 0.76, 0.74, 1e-08, 0
315662401, 1.78, 7.98e-08, 8.83e-08, 5.0, 0, 1e-08, 0
316440001, 11.78, 1.32e-07, 8.31e-08, 2.25, 0.46, 1e-08, 0
316958401, 20.28, 3.96e-08, 2.73e-08, 1.4, 0.4, 1e-08, 0
317476801, 1.1, 4.04e-08, 6.85e-08, 2.65, 1.18, 1e-08, 0
317736001, 1.5, 9.67e-08, 1.02e-07, 5.0, 0, 1e-08, 0
318513601, 4.29, 8.76e-09, 1.28e-08, 1.49, 0.91, 1e-08, 0
319032001, 1.57, 2.02e-08, 3.24e-08, 2.39, 1.04, 1e-08, 0
319291201, 1.42, 5.66e-08, 6.03e-08, 5.0, 0, 1e-08, 0
319550401, 11.49, 7.76e-08, 4.73e-08, 2.33, 0.47, 1e-08, 0
320328001, 1.66, 7.79e-08, 7.74e-08, 5.0, 0, 1e-08, 0
321364801, 1.42, 3.01e-08, 5.07e-08, 2.38, 1.26, 1e-08, 0
321624001, 8.42, 1.06e-08, 1.51e-08, 1.16, 0.81, 1e-08, 0
322660801, 3.26, 2.48e-08, 3.09e-08, 2.06, 0.78, 1e-08, 0
322920001, 4.38, 6.1e-09, 1.14e-08, 1.38, 0.93, 1e-08, 0
323179201, 6.4, 2.47e-08, 2.47e-08, 1.77, 0.61, 1e-08, 0
323438401, 6.98, 2.68e-08, 2.96e-08, 1.99, 0.62, 1e-08, 0
323956801, 3.71, 1.75e-08, 2.38e-08, 1.85, 0.84, 1e-08, 0
324475201, 1.48, 2.4e-07, 2.62e-07, 3.58, 1.65, 1e-08, 0
324734401, 7.54, 3.8e-08, 3.57e-08, 1.92, 0.61, 1e-08, 0
325512001, 8.54, 3.72e-08, 3.96e-08, 1.85, 0.61, 1e-08, 0
325771201, 1.54, 7.5e-08, 7.09e-08, 4.22, 6.67, 1e-08, 102
326030401, 6.52, 9e-08, 6.99e-08, 2.34, 0.72, 1e-08, 0
326289601, 3.44, 3.26e-08, 3.89e-08, 1.97, 0.79, 1e-08, 0
326548801, 9.44, 2.35e-07, 1.01e-07, 4.44, 2.88, 1e-08, 102
326808001, 21.42, 8.85e-08, 5.23e-08, 1.93, 0.38, 1e-08, 0
327585601, 12.33, 2.8e-09, 3.72e-09, 0.0, 0, 1e-08, 0
329140801, 11.23, 2.94e-08, 3.72e-08, 1.72, 0.77, 1e-08, 0
329400001, 6.7, 2.88e-08, 2.36e-08, 1.74, 0.5, 1e-08, 0
329659201, 14.58, 1.11e-08, 1.32e-08, 1.11, 0.71, 1e-08, 0
330177601, 1.48, 1.93e-08, 3.46e-08, 1.64, 1.03, 1e-08, 0
330436801, 11.64, 3.26e-08, 2.29e-08, 1.57, 0.45, 1e-08, 0
330696001, 1.96, 9.95e-08, 1.08e-07, 3.67, 6.43, 1e-08, 102
330955201, 1.76, 6.32e-08, 6.19e-08, 2.25, 0.7, 1e-08, 0
331214401, 3.57, 3.15e-08, 3.5e-08, 2.05, 0.75, 1e-08, 0
331473601, 6.17, 1.43e-07, 1.03e-07, 3.33, 1.06, 1e-08, 0
332769601, 19.85, 3.78e-09, 4.64e-09, 0.0, 0, 1e-08, 0
333028801, 5.89, 1.11e-08, 9.78e-09, 1.35, 0.54, 1e-08, 0
333806401, 2.04, 3.16e-08, 4.14e-08, 2.48, 0.92, 1e-08, 0
334584001, 3.44, 1e-07, 7.01e-08, 3.0, 0.94, 1e-08, 0
334843201, 4.93, 2e-07, 1.15e-07, 5.0, 0, 1e-08, 0
335102401, 2.81, 1.62e-07, 1.18e-07, 4.24, 1.92, 1e-08, 0
335620801, 6.2, 2.65e-08, 2.78e-08, 1.58, 0.57, 1e-08, 0
335880001, 1.53, 9.61e-08, 1.02e-07, 3.25, 1.19, 1e-08, 0
336139201, 2.87, 1.61e-07, 1.32e-07, 5.0, 0, 1e-08, 0
336398401, 4.58, 1.61e-07, 1.13e-07, 5.0, 0, 1e-08, 0
336657601, 2.09, 8.74e-08, 7.08e-08, 5.0, 0, 1e-08, 0
337435201, 7.9, 3.55e-08, 2.34e-08, 1.64, 0.42, 1e-08, 0
337953601, 7.19, 6.4e-08, 4.21e-08, 2.36, 0.6, 1e-08, 0
338212801, 2.76, 4.21e-08, 4.04e-08, 2.48, 0.77, 1e-08, 0
338731201, 3.61, 7.42e-09, 1.19e-08, 1.27, 0.9, 1e-08, 0
339768001, 1.13, 2.44e-08, 3.89e-08, 1.91, 1.07, 1e-08, 0
340027201, 1.89, 9.99e-08, 8.11e-08, 3.91, 5.92, 1e-08, 102
340545601, 11.85, 2.66e-07, 1.31e-07, 3.42, 0.85, 1e-08, 0
341064001, 9.94, 2.95e-07, 1.23e-07, 5.0, 0, 1e-08, 0
341323201, 11.23, 2.22e-08, 1.96e-08, 1.56, 0.49, 1e-08, 0
341582401, 5.59, 4.84e-08, 4.93e-08, 2.32, 0.72, 1e-08, 0
342619201, 19.33, 3.33e-08, 2.57e-08, 1.65, 0.44, 1e-08, 0
343137601, 7.38, 1.49e-08, 1.41e-08, 1.26, 0.53, 1e-08, 0
343396801, 6.73, 5.03e-08, 4.56e-08, 2.06, 0.58, 1e-08, 0
343656001, 3.71, 1.71e-07, 1.39e-07, 3.88, 4.38, 1e-08, 102
343915201, 3.02, 6.24e-09, 9.85e-09, 0.85, 1, 1e-08, 0
344174401, 8.93, 2.21e-07, 9.9e-08, 3.56, 0.85, 1e-08, 0
344433601, 14.0, 4.01e-08, 2.92e-08, 1.51, 0.42, 1e-08, 0
345211201, 1.08, 8.22e-08, 9.27e-08, 5.0, 0, 1e-08, 0
345470401, 4.92, 1.41e-07, 9.31e-08, 3.03, 0.64, 1e-08, 0
345988801, 1.59, 7.24e-08, 6.75e-08, 5.0, 0, 1e-08, 0
346507201, 9.37, 8.78e-09, 8.14e-09, 1.09, 0.55, 1e-08, 0
346766401, 1.03, 3.02e-08, 3.56e-08, 2.56, 0.99, 1e-08, 0
347025601, 19.29, 1.96e-08, 2.36e-08, 1.38, 0.67, 1e-08, 0
347284801, 2.51, 2.93e-08, 3.34e-08, 2.42, 0.87, 1e-08, 0
347544001, 2.63, 2.54e-08, 2.72e-08, 1.78, 0.82, 1e-08, 0
348062401, 2.85, 1.03e-08, 1.38e-08, 1.45, 0.7, 1e-08, 0
348321601, 7.56, 3.86e-08, 3.14e-08, 1.72, 0.47, 1e-08, 0
348840001, 3.45, 4.06e-08, 4.87e-08, 1.77, 0.65, 1e-08, 0
349617601, 3.5, 6.4e-08, 8.41e-08, 2.48, 0.98, 1e-08, 0
349876801, 13.1, 1.72e-07, 8.42e-08, 2.44, 0.41, 1e-08, 0
350654401, 5.12, 4.99e-08, 3.68e-08, 2.04, 0.55, 1e-08, 0
350913601, 5.84, 1.03e-07, 5.9e-08, 2.77, 0.78, 1e-08, 0
351172801, 3.47, 9.52e-08, 7.16e-08, 5.0, 0, 1e-08, 0
351432001, 4.39, 1.09e-07, 7.91e-08, 5.0, 0, 1e-08, 0
351691201, 8.42, 4.07e-08, 3.2e-08, 1.94, 0.51, 1e-08, 0
351950401, 8.89, 3.72e-08, 2.74e-08, 1.7, 0.41, 1e-08, 0
352728001, 14.81, 1.17e-08, 1e-08, 1.01, 0.51, 1e-08, 0
352987201, 1.92, 9.23e-08, 8.06e-08, 3.11, 0.87, 1e-08, 0
353246401, 1.64, 8.28e-08, 9.31e-08, 5.0, 0, 1e-08, 0
353764801, 1.01, 1.18e-08, 1.86e-08, 1.52, 0.85, 1e-08, 0
354283201, 1.44, 1.03e-07, 1.37e-07, 3.57, 6.77, 1e-08, 102
354542401, 5.31, 3.24e-08, 2.86e-08, 1.82, 0.52, 1e-08, 0
354801601, 7.43, 4.47e-08, 3.95e-08, 1.82, 0.56, 1e-08, 0
355579201, 4.67, 3.44e-08, 2.65e-08, 1.95, 0.49, 1e-08, 0
355838401, 13.41, 5.23e-09, 3.81e-09, 0.06, 0.69, 1e-08, 0
356097601, 3.71, 1.01e-07, 6.12e-08, 5.0, 0, 1e-08, 0
356356801, 2.16, 5.64e-08, 5.85e-08, 1.69, 0.63, 1e-08, 0
356616001, 18.61, 2.61e-08, 2.64e-08, 1.52, 0.55, 1e-08, 0
357134401, 6.06, 2.91e-08, 2.42e-08, 1.94, 0.57, 1e-08, 0
357393601, 6.75, 3.09e-08, 3.69e-08, 1.77, 0.75, 1e-08, 0
357652801, 8.47, 9.03e-08, 7.07e-08, 2.33, 0.56, 1e-08, 0
357912001, 1.84, 3.39e-08, 3.66e-08, 2.11, 0.64, 1e-08, 0
358171201, 1.4, 6.96e-08, 7.23e-08, 3.21, 1.62, 1e-08, 0
358430401, 3.01, 3.89e-08, 5.28e-08, 2.12, 0.96, 1e-08, 0
358689601, 3.69, 1.47e-08, 1.55e-08, 1.56, 0.66, 1e-08, 0
358948801, 6.58, 6.09e-08, 6.03e-08, 2.24, 0.66, 1e-08, 0
359208001, 10.24, 7.6e-08, 6.7e-08, 2.26, 0.62, 1e-08, 0
359467201, 3.2, 1.06e-07, 1.19e-07, 3.38, 5.18, 1e-08, 102
359985601, 5.57, 1.21e-07, 7.09e-08, 3.14, 1.22, 1e-08, 0
360244801, 4.95, 3.39e-08, 2.79e-08, 2.01, 0.51, 1e-08, 0
360504001, 5.98, 3.62e-08, 2.77e-08, 2.04, 0.51, 1e-08, 0
360763201, 3.92, 4.78e-08, 4.24e-08, 2.65, 0.82, 1e-08, 0
361022401, 13.98, 8.58e-08, 5.03e-08, 2.25, 0.49, 1e-08, 0
361281601, 29.05, 9.16e-08, 3.92e-08, 1.99, 0.3, 1e-08, 0
361540801, 25.05, 2.78e-08, 1.57e-08, 1.21, 0.34, 1e-08, 0
361800001, 10.75, 2.6e-08, 2.56e-08, 1.57, 0.55, 1e-08, 0
362059201, 25.43, 1.95e-08, 1.54e-08, 1.08, 0.43, 1e-08, 0
362318401, 3.17, 1.47e-07, 2.65e-06, 4.13, 4.64, 1e-08, 102
362577601, 1.79, 1.64e-08, 2.57e-08, 1.68, 0.88, 1e-08, 0
362836801, 1.45, 5.96e-08, 6.76e-08, 2.97, 1.05, 1e-08, 0
363096001, 5.69, 2.4e-08, 2.7e-08, 1.61, 0.69, 1e-08, 0
363614401, 1.94, 3.4e-08, 4.36e-08, 2.2, 0.8, 1e-08, 0
363873601, 8.29, 6.79e-08, 5.51e-08, 2.21, 0.56, 1e-08, 0
364132801, 6.17, 2.09e-08, 2.17e-08, 1.64, 0.62, 1e-08, 0
364392001, 6.8, 5.87e-08, 4.36e-08, 1.91, 0.44, 1e-08, 0
364651201, 3.34, 9.03e-08, 5.77e-08, 4.13, 4.65, 1e-08, 102
364910401, 16.34, 6.01e-09, 4.41e-09, 0.28, 0.61, 1e-08, 0
365169601, 6.82, 1.47e-08, 1.65e-08, 1.37, 0.59, 1e-08, 0
365428801, 24.15, 1.54e-08, 9.89e-09, 1.09, 0.4, 1e-08, 0
365688001, 1.32, 2.03e-08, 2.33e-08, 1.96, 0.65, 1e-08, 0
365947201, 3.64, 1.14e-07, 7.11e-08, 5.0, 0, 1e-08, 0
366984001, 1.42, 7.87e-08, 8.22e-08, 3.27, 2.34, 1e-08, 0
367243201, 1.02, 7.32e-08, 8.39e-08, 3.14, 2.42, 1e-08, 0
368020801, 15.52, 4.13e-07, 1.4e-07, 5.0, 0, 1e-08, 0
368798401, 2.27, 1.35e-07, 1.16e-07, 5.0, 0, 1e-08, 0
369316801, 10.89, 9.42e-08, 4.85e-08, 2.35, 0.44, 1e-08, 0
369576001, 1.89, 6.83e-08, 6.57e-08, 5.0, 0, 1e-08, 0
369835201, 13.53, 2.61e-08, 2.29e-08, 1.69, 0.53, 1e-08, 0
370872001, 1.34, 5.14e-08, 6.16e-08, 2.66, 1.09, 1e-08, 0
371390401, 3.31, 1.49e-07, 1.03e-07, 5.0, 0, 1e-08, 0
371908801, 3.46, 6.45e-08, 7.74e-08, 2.3, 0.73, 1e-08, 0
372168001, 8.17, 8.98e-08, 6.42e-08, 2.06, 0.48, 1e-08, 0
372945601, 1.27, 4.21e-08, 5.89e-08, 2.6, 1.17, 1e-08, 0
373464001, 14.41, 5.82e-09, 6.38e-09, 0.6, 0.73, 1e-08, 0
373723201, 1.59, 7.21e-08, 6.07e-08, 4.08, 6.19, 1e-08, 102
374241601, 6.14, 9.53e-08, 6.26e-08, 2.99, 0.7, 1e-08, 0
374500801, 7.43, 3.33e-08, 2.57e-08, 1.91, 0.49, 1e-08, 0
375019201, 3.38, 3.94e-09, 4.85e-09, 1.05, 0.75, 1e-08, 0
375278401, 6.48, 8.33e-08, 7.08e-08, 2.62, 0.79, 1e-08, 0
375537601, 1.12, 1.37e-08, 2.22e-08, 1.76, 0.84, 1e-08, 0
376833601, 13.82, 3.44e-07, 1.51e-07, 5.0, 0, 1e-08, 0
377352001, 2.49, 1.33e-07, 1.46e-07, 3.76, 5.7, 1e-08, 102
378907201, 1.16, 2.45e-08, 2.98e-08, 2.23, 0.93, 1e-08, 0
379166401, 2.18, 4.6e-08, 1.83e-07, 3.15, 8.55, 1e-08, 102
379684801, 1.06, 5.22e-09, 1.08e-08, 1.4, 1.13, 1e-08, 0
379944001, 6.06, 1.36e-07, 7.02e-08, 5.0, 0, 1e-08, 0
380203201, 2.36, 8.75e-08, 6.87e-08, 2.76, 0.93, 1e-08, 0
380462401, 4.16, 2.27e-08, 2.33e-08, 1.56, 0.57, 1e-08, 0
380980801, 1.0, 7.41e-08, 1.05e-07, 3.67, 8.56, 1e-08, 102
381240001, 4.06, 5.13e-08, 5.38e-08, 1.95, 0.75, 1e-08, 0
381499201, 2.59, 2.44e-08, 2.92e-08, 1.75, 0.69, 1e-08, 0
381758401, 13.37, 6.2e-08, 4.5e-08, 1.61, 0.46, 1e-08, 0
382276801, 1.19, 8.56e-08, 9.23e-08, 5.0, 0, 1e-08, 0
382795201, 8.05, 9.84e-08, 6.97e-08, 2.51, 0.65, 1e-08, 0
383572801, 3.37, 8.98e-08, 6.04e-08, 3.76, 4.58, 1e-08, 102
383832001, 7.32, 4.15e-08, 3.74e-08, 2.05, 0.58, 1e-08, 0
384091201, 1.11, 3.96e-08, 4.82e-08, 2.62, 0.97, 1e-08, 0
384350401, 5.71, 7.16e-07, 4.63e-07, 3.4, 0.88, 1e-08, 0
384609601, 9.53, 3.32e-08, 3.05e-08, 1.89, 0.56, 1e-08, 0
385128001, 2.23, 5.99e-08, 6.7e-08, 2.6, 1.24, 1e-08, 0
385387201, 3.49, 1.29e-07, 8.71e-08, 3.37, 0.9, 1e-08, 0
385646401, 4.84, 3.72e-08, 6.09e-08, 1.89, 1.13, 1e-08, 0
385905601, 4.56, 2.64e-08, 2.61e-08, 1.76, 0.62, 1e-08, 0
386424001, 1.14, 2.53e-08, 4.26e-08, 2.02, 1.05, 1e-08, 0
386683201, 6.32, 1.57e-07, 8.58e-08, 2.95, 0.8, 1e-08, 0
386942401, 13.45, 2.16e-08, 2.17e-08, 1.4, 0.54, 1e-08, 0
387460801, 7.88, 1.18e-08, 1.47e-08, 1.36, 0.67, 1e-08, 0
387979201, 3.61, 8.86e-08, 5.64e-08, 3.77, 4.5, 1e-08, 102
388238401, 3.34, 4.22e-08, 3.63e-08, 2.61, 0.74, 1e-08, 0
388497601, 10.95, 1.28e-07, 7.78e-08, 3.2, 1.39, 1e-08, 0
388756801, 4.98, 5.54e-08, 1.73e-07, 2.83, 3.3, 1e-08, 0
389016001, 2.01, 1.84e-08, 2.05e-08, 1.71, 0.59, 1e-08, 0
389275201, 15.78, 3.29e-09, 4.33e-09, 0.0, 0, 1e-08, 0
389534401, 12.39, 7.86e-09, 6.74e-09, 0.79, 0.56, 1e-08, 0
389793601, 3.0, 1.21e-07, 7.82e-08, 3.81, 4.69, 1e-08, 102
390571201, 5.36, 5.67e-08, 5.22e-08, 2.24, 0.62, 1e-08, 0
390830401, 4.55, 1.56e-07, 9.42e-08, 5.0, 0, 1e-08, 0
391089601, 9.41, 8.03e-08, 6.36e-08, 2.08, 0.5, 1e-08, 0
391348801, 2.22, 1.38e-07, 1.1e-07, 4.91, 1.71, 1e-08, 0
391608001, 6.62, 2.36e-07, 1.5e-07, 5.0, 0, 1e-08, 0
391867201, 2.83, 1.29e-08, 1.39e-08, 1.18, 0.57, 1e-08, 0
392126401, 5.36, 1.25e-07, 6.5e-08, 4.52, 3.7, 1e-08, 102
392385601, 34.05, 2.15e-08, 1.06e-08, 0.91, 0.3, 1e-08, 0
392644801, 9.83, 1.51e-08, 1.23e-08, 1.41, 0.5, 1e-08, 0
392904001, 2.53, 3.28e-08, 3.14e-08, 2.15, 0.69, 1e-08, 0
393163201, 3.15, 5.85e-09, 7.14e-09, 1.14, 0.62, 1e-08, 0
393422401, 13.44, 2.4e-08, 1.88e-08, 1.48, 0.48, 1e-08, 0
393681601, 3.36, 3.83e-08, 5.96e-08, 2.34, 1.12, 1e-08, 0
393940801, 4.75, 1.09e-07, 7.11e-08, 2.92, 0.7, 1e-08, 0
394718401, 5.76, 4.54e-08, 4.08e-08, 2.12, 0.59, 1e-08, 0
394977601, 7.74, 2.33e-07, 1.31e-07, 3.53, 1.47, 1e-08, 0
395236801, 1.81, 1.09e-07, 1e-07, 4.8, 6, 1e-08, 102
395496001, 2.37, 9e-08, 1.13e-07, 2.98, 1.47, 1e-08, 0
396273601, 1.26, 6.97e-08, 7.63e-08, 2.63, 0.89, 1e-08, 0
396532801, 15.65, 2.95e-07, 1.1e-07, 3.23, 0.52, 1e-08, 0
396792001, 3.16, 7.07e-08, 5.5e-08, 2.73, 0.77, 1e-08, 0
397051201, 6.19, 8.02e-08, 6.09e-08, 2.74, 0.77, 1e-08, 0
397310401, 23.84, 1.95e-08, 1.27e-08, 1.14, 0.37, 1e-08, 0
397569601, 2.46, 5.75e-08, 4.57e-08, 3.01, 0.82, 1e-08, 0
397828801, 9.69, 1.13e-07, 7.78e-08, 2.97, 0.97, 1e-08, 0
398088001, 1.23, 1.53e-08, 2.5e-08, 2.16, 0.98, 1e-08, 0
398347201, 1.13, 2.42e-08, 2.96e-08, 2.27, 0.76, 1e-08, 0
398606401, 7.39, 9.86e-08, 5.34e-08, 3.74, 3.16, 1e-08, 102
398865601, 7.62, 6.77e-08, 3.45e-08, 2.9, 0.74, 1e-08, 0
399124801, 8.4, 1.58e-08, 1.46e-08, 1.67, 0.5, 1e-08, 0
399384001, 6.82, 2.32e-08, 2.12e-08, 2.07, 0.55, 1e-08, 0
399643201, 17.8, 1.54e-09, 1.94e-09, 0.0, 0, 1e-08, 0
399902401, 10.9, 1.54e-09, 2.03e-09, 0.0, 0, 1e-08, 0
400161601, 1.83, 9.87e-08, 1.66e-07, 3.59, 6.96, 1e-08, 102
401198401, 3.67, 2.9e-08, 2.7e-08, 1.73, 0.51, 1e-08, 0
401457601, 1.45, 2.47e-08, 2.84e-08, 2.37, 0.85, 1e-08, 0
401716801, 4.06, 4.43e-08, 3.37e-08, 2.38, 0.6, 1e-08, 0
401976001, 1.18, 3.36e-08, 2.79e-07, 3.04, 13.1, 1e-08, 102
402235201, 2.32, 1.47e-08, 3.26e-08, 1.95, 1.27, 1e-08, 0
402753601, 7.39, 1.85e-08, 1.35e-08, 1.37, 0.42, 1e-08, 0
403272001, 12.66, 3.09e-07, 1.15e-07, 4.0, 0.79, 1e-08, 0
403531201, 7.39, 5.65e-08, 4.85e-08, 1.89, 0.49, 1e-08, 0
404308801, 4.91, 9.6e-09, 1.24e-08, 1.35, 0.76, 1e-08, 0
405345601, 7.35, 8.99e-09, 1.44e-08, 1.18, 0.9, 1e-08, 0
405864001, 1.13, 3.78e-08, 4.62e-08, 2.97, 2.15, 1e-08, 0
406123201, 3.64, 9.68e-08, 5.72e-08, 3.88, 4.37, 1e-08, 102
406382401, 2.94, 9.35e-09, 1.18e-08, 1.6, 0.7, 1e-08, 0
406641601, 1.39, 8.17e-09, 1.29e-08, 1.37, 0.75, 1e-08, 0
406900801, 6.98, 1.42e-07, 8.29e-08, 5.0, 0, 1e-08, 0
407419201, 8.33, 1.51e-07, 7.6e-08, 3.08, 0.9, 1e-08, 0
407678401, 1.34, 1.83e-08, 3.1e-08, 1.86, 0.89, 1e-08, 0
407937601, 2.17, 6.65e-08, 6.23e-08, 3.13, 1.42, 1e-08, 0
408456001, 11.61, 1.06e-07, 5.02e-08, 2.57, 0.4, 1e-08, 0
409233601, 11.32, 5.8e-08, 4.31e-08, 2.15, 0.51, 1e-08, 0
409492801, 3.22, 1.97e-08, 1.99e-08, 1.73, 0.52, 1e-08, 0
409752001, 20.7, 4.94e-08, 3.43e-08, 1.8, 0.43, 1e-08, 0
410270401, 4.81, 3.31e-09, 4.05e-09, 0.86, 0.79, 1e-08, 0
410529601, 2.8, 5.76e-08, 5.13e-08, 2.55, 0.7, 1e-08, 0
410788801, 19.06, 8.75e-09, 8.64e-09, 0.76, 0.65, 1e-08, 0
411048001, 2.47, 3.55e-08, 3.74e-08, 1.96, 0.65, 1e-08, 0
411307201, 9.01, 3.86e-08, 3.13e-08, 1.27, 0.48, 1e-08, 0
411566401, 6.0, 1.31e-07, 1.1e-07, 2.43, 0.55, 1e-08, 0
411825601, 1.65, 1.1e-08, 1.72e-08, 1.63, 0.89, 1e-08, 0
412603201, 2.38, 5.02e-08, 8.69e-08, 2.35, 1.16, 1e-08, 0
412862401, 1.38, 4.51e-08, 6.09e-08, 2.3, 0.91, 1e-08, 0
413121601, 16.39, 1.59e-08, 1.34e-08, 1.22, 0.46, 1e-08, 0
413380801, 3.29, 2.57e-08, 2.66e-08, 2.18, 0.67, 1e-08, 0
413640001, 4.59, 2.95e-08, 4.16e-08, 1.98, 0.82, 1e-08, 0
414936001, 9.27, 1.31e-08, 1.07e-08, 1.36, 0.46, 1e-08, 0
415195201, 2.97, 2.76e-09, 3.75e-09, 1.03, 0.76, 1e-08, 0
415713601, 5.32, 1.29e-08, 1.26e-08, 1.4, 0.58, 1e-08, 0
415972801, 6.54, 2.28e-07, 1.57e-07, 5.0, 0, 1e-08, 0
416232001, 8.74, 2.78e-08, 2.83e-08, 1.6, 0.55, 1e-08, 0
417009601, 3.66, 1.11e-08, 1.49e-08, 1.91, 0.83, 1e-08, 0
417268801, 1.08, 3.69e-08, 4.22e-08, 3.85, 0.83, 1e-08, 0
417528001, 4.1, 4.29e-08, 3.15e-08, 2.42, 0.56, 1e-08, 0
417787201, 1.62, 4.94e-08, 5.76e-08, 3.63, 6.65, 1e-08, 102
418046401, 2.2, 8.7e-08, 7.51e-08, 3.24, 1.15, 1e-08, 0
418305601, 2.76, 8.07e-08, 6.62e-08, 2.94, 0.8, 1e-08, 0
418564801, 1.03, 5.81e-08, 6.58e-08, 4.81, 8.51, 1e-08, 0
418824001, 1.85, 4.15e-08, 4.11e-08, 2.4, 0.73, 1e-08, 0
419342401, 7.37, 1.7e-08, 2.11e-08, 1.61, 0.66, 1e-08, 0
419860801, 8.8, 5e-08, 6.68e-08, 2.11, 0.81, 1e-08, 0
420897601, 1.05, 2.38e-08, 3.2e-08, 2.36, 0.83, 1e-08, 0
421156801, 1.71, 4.62e-08, 8.76e-08, 3.13, 7.93, 1e-08, 102
421416001, 4.13, 5.91e-08, 4.69e-08, 2.46, 0.62, 1e-08, 0
422193601, 5.35, 1.59e-07, 1.21e-07, 3.16, 1.93, 1e-08, 0
422452801, 12.06, 2.55e-08, 1.93e-08, 1.31, 0.47, 1e-08, 0
422712001, 1.16, 2.76e-08, 3.83e-08, 2.29, 1.07, 1e-08, 0
425304001, 3.05, 4.46e-08, 5e-08, 2.67, 0.99, 1e-08, 0
426340801, 8.86, 1.93e-08, 1.97e-08, 1.45, 0.59, 1e-08, 0
426600001, 1.1, 1.02e-08, 2.16e-08, 2.04, 1.44, 1e-08, 0
427118401, 1.65, 2.88e-08, 2.96e-08, 2.46, 0.75, 1e-08, 0
427636801, 6.81, 2.23e-08, 2.47e-08, 1.97, 0.7, 1e-08, 0
428673601, 1.71, 1.18e-08, 1.85e-08, 1.89, 0.91, 1e-08, 0
429192001, 3.92, 1.57e-07, 1.19e-06, 4.54, 1.91, 1e-08, 0
429451201, 1.4, 5.74e-08, 6.46e-08, 2.58, 0.86, 1e-08, 0
429969601, 1.35, 8e-08, 9.19e-08, 3.43, 7.64, 1e-08, 102
430747201, 2.44, 2.23e-08, 3.01e-08, 2.22, 0.82, 1e-08, 0
431006401, 5.33, 1.66e-08, 1.5e-08, 1.59, 0.48, 1e-08, 0
431265601, 4.67, 9.46e-08, 5.26e-08, 5.0, 0, 1e-08, 0
431524801, 5.84, 1.41e-08, 2.35e-08, 1.75, 0.83, 1e-08, 0
431784001, 6.81, 2.98e-08, 4.86e-08, 1.98, 0.88, 1e-08, 0
432043201, 7.4, 3.46e-08, 3.2e-08, 1.98, 0.54, 1e-08, 0
432561601, 1.11, 3.55e-08, 4.68e-08, 2.98, 1.21, 1e-08, 0
432820801, 1.8, 7.29e-08, 6.21e-08, 4.06, 5.85, 1e-08, 102
433080001, 6.72, 1.23e-08, 1.11e-08, 1.39, 0.55, 1e-08, 0
433598401, 1.4, 7.18e-08, 6.82e-08, 3.52, 6.62, 1e-08, 102
434116801, 1.74, 1.24e-07, 1.22e-07, 4.55, 0.69, 1e-08, 0
435153601, 3.2, 7.62e-08, 1.76e-07, 3.6, 0.63, 1e-08, 0
435412801, 7.9, 7.97e-09, 8.64e-09, 1.29, 0.58, 1e-08, 0
435672001, 17.54, 1.56e-07, 6.2e-08, 3.36, 0.86, 1e-08, 0
435931201, 1.52, 5.32e-08, 5.59e-08, 5.0, 0, 1e-08, 0
436449601, 2.81, 6.53e-08, 7.6e-08, 3.11, 2, 1e-08, 0
436708801, 1.13, 5.73e-08, 6.26e-08, 5.0, 0, 1e-08, 0
436968001, 17.89, 3.48e-08, 2.69e-08, 1.75, 0.47, 1e-08, 0
437227201, 3.99, 1.13e-07, 6.91e-08, 5.0, 0, 1e-08, 0
437486401, 1.1, 5.27e-08, 1.53e-06, 3.69, 7.81, 1e-08, 102
437745601, 4.18, 1.25e-07, 7.22e-08, 4.04, 3.9, 1e-08, 102
438004801, 3.19, 9.45e-08, 5.96e-08, 4.26, 4.49, 1e-08, 102
438523201, 1.61, 1.03e-07, 8.72e-08, 4.68, 5.72, 1e-08, 102
438782401, 2.91, 2.37e-08, 2.85e-08, 1.78, 0.68, 1e-08, 0
439041601, 1.14, 6.21e-08, 8.41e-08, 2.79, 1.77, 1e-08, 0
439560001, 6.09, 1.81e-08, 2.4e-08, 1.74, 0.7, 1e-08, 0
439819201, 7.14, 8.45e-08, 6.57e-08, 2.43, 0.57, 1e-08, 0
440337601, 8.46, 5.71e-08, 4.23e-08, 1.84, 0.44, 1e-08, 0
440856001, 1.5, 2.03e-08, 3.1e-08, 2.06, 1.14, 1e-08, 0
441115201, 3.69, 1.39e-07, 1.07e-07, 3.31, 1.33, 1e-08, 0
441892801, 14.23, 1.7e-07, 9.33e-08, 2.55, 0.45, 1e-08, 0
442152001, 4.72, 1.31e-07, 8.61e-08, 2.8, 0.6, 1e-08, 0
442670401, 7.22, 6.98e-08, 5.33e-08, 2.42, 0.56, 1e-08, 0
442929601, 1.3, 3.78e-08, 1.11e-07, 2.85, 9.76, 1e-08, 102
443448001, 8.02, 1.35e-07, 6.58e-08, 3.54, 1.53, 1e-08, 0
443707201, 3.54, 7.17e-08, 4.91e-08, 2.81, 0.77, 1e-08, 0
443966401, 6.56, 5.12e-08, 3.67e-08, 2.08, 0.53, 1e-08, 0
444225601, 5.25, 2.31e-08, 2.15e-08, 1.71, 0.55, 1e-08, 0
444484801, 12.19, 4.52e-08, 2.68e-08, 1.68, 0.39, 1e-08, 0
444744001, 11.34, 4.56e-08, 2.96e-08, 1.64, 0.39, 1e-08, 0
445521601, 7.53, 1.59e-08, 1.92e-08, 1.11, 0.93, 1e-08, 0
445780801, 1.0, 8.76e-08, 1.09e-07, 5.0, 0, 1e-08, 0
446299201, 1.72, 1.15e-07, 1.13e-07, 5.0, 0, 1e-08, 0
446558401, 3.01, 1.2e-07, 8.48e-08, 3.19, 1.05, 1e-08, 0
446817601, 15.78, 9.31e-08, 5.78e-08, 2.0, 0.41, 1e-08, 0
447076801, 3.17, 1.11e-08, 1.48e-08, 1.33, 0.67, 1e-08, 0
447336001, 1.53, 7.91e-08, 7.31e-08, 5.0, 0, 1e-08, 0
448113601, 13.61, 1.43e-08, 9.78e-09, 1.19, 0.4, 1e-08, 0
448372801, 8.07, 9.44e-08, 4.46e-08, 3.0, 0.87, 1e-08, 0
448632001, 2.84, 4.09e-08, 3.69e-08, 2.93, 1.51, 1e-08, 0
448891201, 16.16, 8.29e-08, 3.72e-08, 2.52, 0.37, 1e-08, 0
449150401, 23.16, 1.41e-08, 9.68e-09, 1.32, 0.38, 1e-08, 0
449409601, 14.81, 4.68e-08, 2.71e-08, 2.02, 0.4, 1e-08, 0
449668801, 8.06, 5.57e-08, 3.55e-08, 2.31, 0.48, 1e-08, 0
449928001, 2.66, 2.5e-09, 2.84e-09, 0.15, 0.93, 1e-08, 0
450446401, 5.48, 7.4e-08, 5.49e-08, 2.25, 0.66, 1e-08, 0
450705601, 6.76, 6.46e-09, 8.42e-09, 1.07, 0.8, 1e-08, 0
450964801, 34.43, 9.51e-08, 5.07e-08, 1.86, 0.35, 1e-08, 0
451224001, 5.45, 7.14e-09, 1.06e-08, 1.27, 0.86, 1e-08, 0
451483201, 10.4, 4.03e-09, 4.46e-09, 0.61, 0.75, 1e-08, 0
451742401, 1.55, 9.61e-09, 1.57e-08, 1.66, 0.9, 1e-08, 0
452001601, 21.17, 1.15e-08, 8.71e-09, 1.05, 0.44, 1e-08, 0
452520001, 6.37, 1.44e-08, 1.23e-08, 1.48, 0.49, 1e-08, 0
453038401, 3.27, 1.3e-08, 1.86e-08, 1.64, 0.91, 1e-08, 0
453297601, 1.28, 5.85e-08, 6.27e-08, 3.77, 0.8, 1e-08, 0
453556801, 1.68, 2.28e-08, 2.68e-08, 2.2, 0.89, 1e-08, 0
454075201, 2.27, 2.45e-08, 3.47e-08, 2.21, 0.99, 1e-08, 0
454334401, 10.26, 3.64e-08, 3.43e-08, 1.72, 0.57, 1e-08, 0
454593601, 10.55, 1.47e-08, 1.5e-08, 1.16, 0.59, 1e-08, 0
455371201, 16.43, 1.28e-08, 1.08e-08, 0.81, 0.54, 1e-08, 0
455889601, 1.96, 9.52e-09, 1.39e-08, 1.47, 0.83, 1e-08, 0
456148801, 1.53, 3.44e-08, 4.14e-08, 2.28, 0.82, 1e-08, 0
456926401, 10.82, 7.67e-09, 7.05e-09, 1.09, 0.53, 1e-08, 0
457704001, 2.18, 7.99e-08, 7.41e-08, 3.57, 5.8, 1e-08, 102
457963201, 2.71, 2.02e-08, 2.2e-08, 1.71, 0.63, 1e-08, 0
458222401, 3.47, 2.27e-08, 2.84e-08, 1.62, 0.69, 1e-08, 0
458740801, 7.48, 8.37e-09, 8.53e-09, 0.59, 0.6, 1e-08, 0
459000001, 2.87, 2.27e-08, 2.65e-08, 1.8, 0.73, 1e-08, 0
460296001, 7.19, 9.54e-08, 6.24e-08, 2.25, 0.49, 1e-08, 0
460555201, 1.06, 7.5e-08, 8.6e-08, 5.0, 0, 1e-08, 0
461073601, 2.1, 6.86e-08, 6.33e-08, 2.95, 2.1, 1e-08, 0
461332801, 7.08, 6.17e-09, 1.06e-08, 1.0, 1.01, 1e-08, 0
461851201, 4.3, 1.29e-08, 1.35e-08, 1.41, 0.62, 1e-08, 0
462628801, 1.15, 1.46e-08, 2.76e-08, 1.89, 1.03, 1e-08, 0
463147201, 8.13, 1.71e-07, 9.81e-08, 2.69, 0.52, 1e-08, 0
463924801, 11.13, 7.51e-08, 4.46e-08, 1.96, 0.4, 1e-08, 0
464184001, 2.89, 1.7e-07, 1.2e-07, 5.0, 0, 1e-08, 0
464443201, 1.54, 7.57e-09, 1.05e-08, 1.02, 0.7, 1e-08, 0
465220801, 1.95, 5.78e-08, 5.74e-08, 2.72, 0.85, 1e-08, 0
465998401, 4.75, 4.46e-09, 6.82e-09, 0.9, 0.93, 1e-08, 0
466257601, 2.35, 7.52e-08, 5.16e-08, 4.06, 5.11, 1e-08, 102
466776001, 1.64, 2.79e-08, 3.16e-08, 2.46, 0.88, 1e-08, 0
467035201, 6.32, 1.24e-08, 1.47e-08, 1.42, 0.66, 1e-08, 0
467294401, 8.92, 2.07e-07, 9.4e-08, 4.17, 1.89, 1e-08, 0
467553601, 2.56, 6.29e-08, 5.52e-08, 2.3, 0.63, 1e-08, 0
467812801, 1.15, 1.97e-08, 3.45e-08, 2.17, 1.06, 1e-08, 0
468072001, 2.15, 4.79e-08, 6.3e-08, 2.21, 0.84, 1e-08, 0
469368001, 7.21, 2.72e-07, 1.71e-07, 5.0, 0, 1e-08, 0
469627201, 5.42, 1.41e-08, 2.07e-08, 1.56, 0.79, 1e-08, 0
470145601, 1.71, 8.06e-08, 7.72e-08, 4.24, 6.08, 1e-08, 102
470404801, 3.4, 1.09e-07, 6.35e-07, 4.38, 1.49, 1e-08, 0
470664001, 11.45, 3.07e-09, 3.21e-09, 0.56, 0.72, 1e-08, 0
472219201, 6.59, 4.19e-08, 3.28e-08, 1.84, 0.49, 1e-08, 0
472478401, 1.58, 1.17e-07, 1.16e-07, 3.91, 6.3, 1e-08, 102
472996801, 8.05, 2.22e-07, 1.34e-07, 3.17, 1.29, 1e-08, 0
474033601, 2.35, 1.01e-07, 9.4e-08, 3.31, 1.44, 1e-08, 0
474292801, 3.33, 3.31e-08, 3.3e-08, 1.79, 0.56, 1e-08, 0
475070401, 7.64, 2.16e-08, 2.04e-08, 1.58, 0.53, 1e-08, 0
475848001, 1.55, 3.09e-08, 3.99e-08, 2.68, 1.13, 1e-08, 0
476366401, 3.13, 4.94e-08, 3.97e-08, 2.25, 0.55, 1e-08, 0
476625601, 1.2, 8.71e-08, 1.77e-06, 3.55, 4.69, 1e-08, 102
476884801, 11.98, 3.11e-08, 3.93e-08, 1.64, 0.64, 1e-08, 0
478180801, 3.68, 1.67e-07, 1.33e-07, 5.0, 0, 1e-08, 0
478958401, 8.08, 7.36e-09, 7.35e-09, 0.77, 0.61, 1e-08, 0
479217601, 1.42, 7.36e-08, 7.86e-08, 5.0, 0, 1e-08, 0
479736001, 8.81, 1.27e-08, 1.32e-08, 1.29, 0.54, 1e-08, 0
480254401, 4.57, 1.11e-07, 8.15e-07, 5.0, 0, 1e-08, 102
480513601, 5.34, 1.31e-07, 6.89e-08, 5.0, 0, 1e-08, 0
480772801, 6.05, 9.14e-09, 1.12e-08, 1.47, 0.69, 1e-08, 0
481032001, 6.17, 1.74e-07, 8.78e-08, 3.81, 2.79, 1e-08, 0
481291201, 6.34, 1.68e-07, 9.62e-08, 3.16, 0.84, 1e-08, 0
482068801, 9.44, 4.59e-09, 4.9e-09, 0.71, 0.7, 1e-08, 0
482587201, 3.31, 4.92e-08, 4.59e-08, 2.24, 0.62, 1e-08, 0
482846401, 1.08, 6.57e-08, 7.83e-08, 4.43, 7.72, 1e-08, 102
483105601, 2.24, 7.55e-08, 7.85e-08, 2.86, 1.23, 1e-08, 0
483364801, 4.1, 7.42e-08, 6.6e-08, 2.52, 1.06, 1e-08, 0
483624001, 4.49, 1.95e-07, 1.35e-07, 5.0, 0, 1e-08, 0
484401601, 2.42, 1.33e-08, 2.14e-08, 1.64, 0.91, 1e-08, 0
484660801, 3.59, 1.09e-07, 8.3e-08, 5.0, 0, 1e-08, 0
484920001, 4.35, 1.03e-07, 5.89e-08, 4.23, 3.99, 1e-08, 102
485697601, 1.62, 6.15e-09, 9.88e-09, 1.36, 0.89, 1e-08, 0
485956801, 5.2, 1.41e-07, 8.72e-08, 2.89, 0.63, 1e-08, 0
487512001, 8.8, 1.53e-08, 2.58e-08, 1.36, 0.87, 1e-08, 0
487771201, 13.11, 1.67e-07, 6.99e-08, 3.02, 0.61, 1e-08, 0
488289601, 1.39, 3.35e-08, 4.77e-08, 2.62, 1.08, 1e-08, 0
488808001, 11.76, 2.42e-08, 1.97e-08, 1.61, 0.5, 1e-08, 0
489585601, 5.01, 1.56e-08, 1.71e-08, 1.66, 0.63, 1e-08, 0
490363201, 12.26, 7.49e-08, 4.8e-08, 1.82, 0.39, 1e-08, 0
490881601, 1.43, 6.22e-08, 6.4e-08, 5.0, 0, 1e-08, 0
491400001, 14.57, 4.53e-08, 3.45e-08, 1.5, 0.42, 1e-08, 0
491659201, 1.38, 8.34e-08, 9.24e-08, 3.16, 1.17, 1e-08, 0
492436801, 7.27, 2.58e-07, 1.22e-07, 5.0, 0, 1e-08, 0
492696001, 2.75, 8.61e-08, 6.98e-08, 3.0, 1.08, 1e-08, 0
492955201, 2.22, 1.11e-07, 8.91e-08, 5.0, 0, 1e-08, 0
493214401, 2.38, 7.75e-08, 5.96e-08, 3.78, 5.44, 1e-08, 102
494251201, 1.38, 1.1e-08, 1.5e-08, 1.63, 0.79, 1e-08, 0
494510401, 1.14, 6.26e-08, 7.25e-08, 5.0, 0, 1e-08, 0
495028801, 18.09, 9.88e-09, 8.73e-09, 0.65, 0.59, 1e-08, 0
495288001, 2.1, 8.53e-08, 8.96e-08, 3.1, 1.42, 1e-08, 0
495806401, 4.2, 9.9e-08, 8.49e-08, 2.73, 0.79, 1e-08, 0
496324801, 2.6, 4.41e-08, 6.07e-08, 2.37, 0.97, 1e-08, 0
496584001, 1.66, 8.88e-08, 8.22e-08, 5.0, 0, 1e-08, 0
496843201, 8.5, 3.25e-07, 1.8e-07, 3.3, 0.74, 1e-08, 0
497102401, 4.6, 2.44e-07, 1.47e-07, 3.83, 1.53, 1e-08, 0
497361601, 1.25, 8e-08, 7.83e-08, 3.95, 7.09, 1e-08, 102
497880001, 19.38, 2.23e-08, 1.55e-08, 1.4, 0.4, 1e-08, 0
498657601, 8.47, 3e-08, 3.19e-08, 1.85, 0.65, 1e-08, 0
498916801, 5.48, 9.17e-08, 6.55e-08, 2.89, 0.68, 1e-08, 0
499953601, 8.75, 7.09e-08, 4.12e-08, 2.56, 0.52, 1e-08, 0
501508801, 7.23, 1.64e-08, 1.37e-08, 1.29, 0.47, 1e-08, 0
502286401, 8.82, 4.23e-08, 3.35e-08, 1.86, 0.51, 1e-08, 0
503064001, 5.25, 5.01e-08, 3.73e-08, 2.41, 0.56, 1e-08, 0
503582401, 32.53, 2.26e-08, 1.38e-08, 1.36, 0.35, 1e-08, 0
503841601, 3.47, 1.52e-08, 2.25e-08, 2.01, 0.85, 1e-08, 0
504100801, 1.02, 6.03e-08, 7.79e-08, 5.0, 0.01, 1e-08, 0
504360001, 11.54, 8.98e-09, 6.9e-09, 0.7, 0.52, 1e-08, 0
504619201, 5.36, 1.46e-07, 8.72e-08, 3.61, 1.14, 1e-08, 0
504878401, 7.38, 4.17e-08, 3.31e-08, 2.21, 0.53, 1e-08, 0
505137601, 2.01, 6.87e-08, 6.34e-08, 5.0, 0, 1e-08, 0
505396801, 1.67, 6.21e-08, 6.07e-08, 2.61, 0.78, 1e-08, 0
505656001, 2.1, 7.07e-09, 1e-08, 1.16, 0.78, 1e-08, 0
505915201, 6.91, 2.23e-07, 1.15e-07, 4.66, 3.28, 1e-08, 102
506952001, 21.35, 1.55e-08, 1.2e-08, 1.06, 0.46, 1e-08, 0
507211201, 4.64, 5.21e-09, 4.91e-09, 0.86, 0.56, 1e-08, 0
508248001, 2.31, 5.36e-09, 8.26e-09, 1.24, 0.92, 1e-08, 0
508766401, 1.01, 7.84e-08, 8.58e-08, 4.19, 7.6, 1e-08, 102
509803201, 5.47, 1.98e-07, 1.18e-07, 4.31, 3.69, 1e-08, 102
510321601, 3.08, 1.18e-07, 8.21e-08, 2.85, 0.63, 1e-08, 0
511099201, 3.99, 2.67e-08, 4.4e-08, 1.9, 0.97, 1e-08, 0
511617601, 6.84, 4.71e-08, 3.24e-08, 2.15, 0.52, 1e-08, 0
511876801, 9.15, 4.04e-08, 3.38e-08, 1.72, 0.55, 1e-08, 0
512136001, 5.86, 9.07e-08, 5.02e-08, 2.94, 0.65, 1e-08, 0
512395201, 10.86, 9.67e-09, 8.63e-09, 1.29, 0.55, 1e-08, 0
512654401, 1.14, 5.41e-08, 5.79e-08, 3.0, 0.96, 1e-08, 0
512913601, 8.65, 2.29e-08, 1.66e-08, 1.39, 0.4, 1e-08, 0
513172801, 2.58, 6.17e-08, 5.72e-08, 2.22, 0.63, 1e-08, 0
513691201, 6.95, 4.79e-09, 5.79e-09, 0.83, 0.8, 1e-08, 0
513950401, 3.69, 4.87e-08, 6.44e-08, 2.38, 0.89, 1e-08, 0
514728001, 4.94, 1.27e-07, 7.32e-08, 5.0, 0, 1e-08, 0
515505601, 3.48, 1.08e-07, 6.51e-08, 4.31, 4.4, 1e-08, 102
515764801, 7.76, 7.2e-09, 1.1e-08, 1.08, 0.82, 1e-08, 0
516024001, 1.15, 3.18e-08, 4.91e-08, 2.49, 1.06, 1e-08, 0
516283201, 1.48, 3.87e-08, 3.88e-08, 2.59, 0.84, 1e-08, 0
517060801, 2.0, 6.87e-08, 5.72e-08, 4.49, 1.37, 1e-08, 0
517579201, 1.54, 2.08e-08, 3.03e-08, 1.83, 0.88, 1e-08, 0
517838401, 2.57, 5.49e-08, 7e-08, 2.55, 0.83, 1e-08, 0
518097601, 4.28, 4.69e-08, 4.16e-08, 2.39, 0.66, 1e-08, 0
518356801, 1.52, 1.15e-07, 1.19e-07, 5.0, 0, 1e-08, 0
518616001, 2.69, 4.73e-08, 5.17e-08, 2.26, 0.79, 1e-08, 0
518875201, 2.14, 9.79e-08, 9.33e-08, 3.87, 6.08, 1e-08, 102
519134401, 1.92, 4.66e-08, 4.91e-08, 2.47, 0.79, 1e-08, 0
519393601, 4.73, 1.59e-07, 9.08e-08, 4.66, 3.75, 1e-08, 102
519652801, 7.19, 1.84e-07, 1.08e-07, 3.07, 0.66, 1e-08, 0
520430401, 3.66, 1.25e-08, 1.52e-08, 1.9, 0.72, 1e-08, 0
520689601, 1.45, 1.36e-09, 3.68e-09, 0.41, 0.59, 1e-08, 0
520948801, 2.59, 6.86e-08, 5.95e-08, 3.4, 5.6, 1e-08, 102
521985601, 7.24, 1.46e-07, 7.38e-08, 3.38, 0.89, 1e-08, 0
522244801, 15.42, 6.23e-08, 4.86e-08, 1.93, 0.46, 1e-08, 0
522504001, 3.47, 1.07e-07, 9.89e-08, 3.11, 1.14, 1e-08, 0
522763201, 6.67, 4.9e-08, 4.46e-08, 1.92, 0.54, 1e-08, 0
523022401, 2.73, 1.4e-07, 1.21e-07, 5.0, 0, 1e-08, 0
523800001, 6.09, 1.88e-08, 3.27e-08, 1.62, 0.93, 1e-08, 0
524836801, 7.89, 1.3e-07, 7.39e-08, 2.94, 0.59, 1e-08, 0
525355201, 1.91, 5.34e-09, 6.35e-09, 0.97, 0.64, 1e-08, 0
525873601, 4.77, 1.25e-08, 1.26e-08, 1.52, 0.61, 1e-08, 0
526392001, 3.77, 9.9e-08, 6.29e-08, 5.0, 0, 1e-08, 0
526651201, 13.05, 4.26e-08, 3.64e-08, 1.9, 0.54, 1e-08, 0
526910401, 4.66, 5.99e-09, 8.82e-09, 1.2, 0.79, 1e-08, 0
527169601, 11.46, 1.59e-09, 1.62e-09, 0.1, 0.92, 1e-08, 0
528724801, 3.76, 1.04e-07, 8.41e-08, 2.4, 0.58, 1e-08, 0
529502401, 1.46, 6.99e-08, 6.72e-08, 3.36, 2.41, 1e-08, 0
529761601, 7.1, 1.98e-08, 1.94e-08, 1.5, 0.69, 1e-08, 0
530280001, 9.09, 7.47e-08, 4.42e-08, 2.45, 0.47, 1e-08, 0
530798401, 9.19, 3.42e-08, 2.76e-08, 1.81, 0.46, 1e-08, 0
531835201, 3.66, 9.84e-08, 8.98e-08, 2.6, 0.73, 1e-08, 0
533131201, 2.21, 1.16e-07, 9.4e-08, 5.0, 0, 1e-08, 0
533390401, 3.1, 7.31e-08, 6e-08, 2.23, 0.54, 1e-08, 0
533649601, 1.01, 7.91e-08, 4.52e-07, 4.16, 1.49, 1e-08, 0
534168001, 2.28, 4.6e-08, 4.59e-08, 2.62, 0.88, 1e-08, 0
534945601, 7.69, 2.77e-08, 2.51e-08, 1.67, 0.55, 1e-08, 0
535464001, 2.21, 3.96e-08, 3.81e-08, 2.28, 0.61, 1e-08, 0
535723201, 2.18, 1.42e-08, 2.09e-08, 1.68, 0.94, 1e-08, 0
535982401, 1.33, 2.19e-08, 3.18e-08, 2.22, 0.91, 1e-08, 0
536760001, 1.78, 1.62e-08, 1.89e-08, 1.44, 0.62, 1e-08, 0
537537601, 2.17, 9.87e-09, 1.37e-08, 1.44, 0.79, 1e-08, 0
538315201, 1.7, 5.46e-08, 7.43e-08, 2.48, 1.15, 1e-08, 0
538574401, 5.37, 7.95e-09, 1.25e-08, 1.3, 0.89, 1e-08, 0
538833601, 1.13, 4.07e-08, 4.52e-08, 2.62, 1.02, 1e-08, 0
540648001, 6.12, 2.11e-08, 4.8e-08, 1.86, 1.19, 1e-08, 0
540907201, 7.43, 2.33e-07, 1.21e-07, 3.92, 2.98, 1e-08, 0
541425601, 3.02, 1.32e-07, 1.05e-07, 5.0, 0, 1e-08, 0
541684801, 20.95, 2.3e-08, 1.84e-08, 1.2, 0.48, 1e-08, 0
544795201, 12.61, 1.21e-08, 1.21e-08, 1.37, 0.53, 1e-08, 0
546868801, 6.1, 1.43e-07, 8.42e-08, 3.18, 0.86, 1e-08, 0
547646401, 6.79, 1.33e-08, 1.48e-08, 0.46, 0.87, 1e-08, 0
547905601, 1.1, 5.81e-08, 6.27e-08, 3.07, 1.5, 1e-08, 0
548164801, 9.48, 5.77e-09, 7.53e-09, 1.22, 0.65, 1e-08, 0
548942401, 7.06, 1.45e-07, 7.12e-08, 3.25, 0.66, 1e-08, 0
549201601, 5.2, 1.24e-08, 1.47e-08, 1.4, 0.67, 1e-08, 0
549460801, 9.08, 1.28e-07, 8.1e-08, 2.65, 0.62, 1e-08, 0
549979201, 11.0, 1.83e-08, 1.7e-08, 1.39, 0.54, 1e-08, 0
550238401, 4.69, 1.34e-07, 8.41e-08, 3.55, 1.94, 1e-08, 0
550497601, 3.82, 2.56e-07, 1.72e-07, 3.32, 0.88, 1e-08, 0
552052801, 3.57, 3.03e-09, 3.59e-09, 0.74, 0.75, 1e-08, 0
552312001, 10.64, 1.25e-08, 1.45e-08, 1.32, 0.63, 1e-08, 0
554385601, 1.86, 3.43e-09, 4.46e-09, 1.07, 0.72, 1e-08, 0
554904001, 3.98, 1.18e-07, 7.82e-08, 3.03, 0.78, 1e-08, 0
555163201, 6.39, 1.34e-08, 1.7e-08, 1.27, 0.69, 1e-08, 0
555681601, 5.03, 1.59e-08, 1.74e-08, 1.61, 0.6, 1e-08, 0
556200001, 3.76, 2.99e-08, 3.44e-08, 1.64, 0.66, 1e-08, 0
556459201, 2.24, 1.01e-07, 7.9e-08, 4.76, 1.97, 1e-08, 0
556718401, 4.36, 3.99e-08, 3.66e-08, 2.16, 0.62, 1e-08, 0
556977601, 2.21, 9.56e-08, 1.48e-07, 2.02, 0.92, 1e-08, 0
557496001, 5.63, 4.55e-07, 2.67e-07, 4.68, 4.4, 1e-08, 0
558273601, 4.71, 5.08e-09, 7.1e-09, 1.42, 0.74, 1e-08, 0
559051201, 9.18, 1.2e-07, 9.43e-08, 2.32, 0.55, 1e-08, 0
559310401, 4.47, 7.63e-08, 6.29e-08, 2.59, 0.65, 1e-08, 0
559828801, 5.75, 1.07e-08, 1.68e-08, 1.6, 0.86, 1e-08, 0
560347201, 8.85, 3.62e-09, 3.91e-09, 0.71, 0.7, 1e-08, 0
560865601, 8.1, 1.5e-08, 1.84e-08, 1.45, 0.65, 1e-08, 0
561124801, 1.79, 3.85e-08, 4.57e-08, 2.54, 1.16, 1e-08, 0
561384001, 3.54, 2.11e-09, 2.39e-09, 0.6, 0.75, 1e-08, 0
561902401, 23.48, 2.57e-08, 1.4e-08, 1.56, 0.32, 1e-08, 0
562939201, 9.58, 5.95e-09, 6.07e-09, 0.91, 0.66, 1e-08, 0
563716801, 2.04, 1.14e-08, 1.53e-08, 1.86, 0.8, 1e-08, 0
564753601, 1.1, 5.99e-08, 7.21e-08, 5.0, 0, 1e-08, 0
565272001, 8.06, 1.1e-07, 6.49e-08, 2.43, 0.44, 1e-08, 0
565790401, 8.42, 1.6e-08, 1.32e-08, 1.23, 0.47, 1e-08, 0
566049601, 2.04, 6.4e-08, 8.98e-08, 2.42, 1.23, 1e-08, 0
567345601, 1.03, 3.98e-08, 5.29e-08, 2.74, 1.36, 1e-08, 0
568382401, 4.67, 1.86e-07, 1.23e-07, 5.0, 0, 1e-08, 0
569419201, 1.24, 9.99e-08, 1.06e-07, 5.0, 0, 1e-08, 0
569678401, 2.25, 1.24e-07, 1.01e-07, 3.95, 0.79, 1e-08, 0
570196801, 6.35, 5.43e-08, 6.89e-08, 2.11, 0.71, 1e-08, 0
570974401, 1.66, 2.83e-07, 3.33e-07, 2.55, 0.83, 1e-08, 0
571233601, 2.22, 4.2e-07, 4.46e-07, 2.69, 0.9, 1e-08, 0
571492801, 1.34, 1.37e-07, 1.76e-07, 1.51, 0.81, 1e-08, 0
571752001, 6.09, 4.34e-07, 2.94e-07, 2.58, 0.6, 1e-08, 0
572011201, 1.06, 3.48e-08, 8.54e-08, 2.1, 1.64, 1e-08, 0
572270401, 4.5, 2.13e-08, 2.52e-08, 1.54, 0.67, 1e-08, 0
572529601, 3.51, 2.46e-08, 2.45e-08, 1.95, 0.62, 1e-08, 0
573048001, 2.29, 3.05e-08, 4.31e-08, 2.19, 0.86, 1e-08, 0
573566401, 2.5, 7.04e-08, 7.36e-08, 2.4, 0.73, 1e-08, 0
574344001, 7.61, 2.32e-07, 1.42e-07, 5.0, 0, 1e-08, 0
575380801, 7.23, 3.5e-09, 3.78e-09, 0.59, 0.73, 1e-08, 0
575899201, 1.79, 2.42e-08, 3.01e-08, 2.21, 0.94, 1e-08, 0
576676801, 3.6, 3.01e-08, 2.76e-08, 2.03, 0.57, 1e-08, 0
576936001, 3.96, 4.72e-08, 3.37e-08, 2.41, 0.56, 1e-08, 0
577195201, 2.76, 2.06e-08, 2.5e-08, 2.18, 0.84, 1e-08, 0
578491201, 3.56, 1.19e-07, 6.38e-07, 3.46, 39.7, 1e-08, 0
579268801, 3.86, 3.08e-08, 3.52e-08, 1.94, 0.62, 1e-08, 0
580046401, 18.15, 5.32e-08, 2.97e-08, 1.74, 0.34, 1e-08, 0
580564801, 6.83, 1.63e-08, 1.35e-08, 1.22, 0.45, 1e-08, 0
581083201, 2.46, 3.62e-08, 3.68e-08, 2.41, 0.79, 1e-08, 0
582120001, 2.59, 1.14e-07, 8.41e-08, 5.0, 0, 1e-08, 0
582379201, 1.34, 1.08e-07, 1.23e-07, 5.0, 0, 1e-08, 0
582897601, 11.76, 3.1e-08, 3.55e-08, 1.55, 0.61, 1e-08, 0
583156801, 2.75, 1.12e-07, 9.42e-08, 5.0, 0, 1e-08, 0
583934401, 4.81, 1.6e-08, 1.71e-08, 1.15, 0.58, 1e-08, 0
584193601, 5.48, 1.55e-07, 8.29e-08, 3.86, 3.68, 1e-08, 102
586267201, 1.18, 2.24e-08, 3.73e-08, 2.06, 0.98, 1e-08, 0
586785601, 2.82, 1.27e-07, 1.1e-07, 5.0, 0, 1e-08, 0
587304001, 5.14, 2.07e-07, 1.09e-07, 4.34, 3.6, 1e-08, 102
589377601, 1.94, 8.67e-08, 1.03e-07, 1.89, 0.75, 1e-08, 0
590414401, 2.04, 6.88e-08, 6.63e-08, 4.05, 5.98, 1e-08, 102
590673601, 8.37, 6.61e-09, 8.79e-09, 0.95, 0.79, 1e-08, 0
591192001, 2.78, 5.85e-09, 8.06e-09, 1.3, 0.79, 1e-08, 0
591451201, 9.67, 4.2e-09, 4.37e-09, 0.45, 0.76, 1e-08, 0
592228801, 6.83, 2.94e-08, 3.13e-08, 1.73, 0.62, 1e-08, 0
593265601, 12.04, 7.55e-08, 6.35e-08, 2.27, 0.62, 1e-08, 0
593524801, 2.23, 9.19e-08, 8.11e-08, 5.0, 0, 1e-08, 0
594561601, 3.95, 5.69e-09, 7.42e-09, 1.02, 0.74, 1e-08, 0
595339201, 4.49, 1.16e-07, 7.8e-08, 3.64, 4.06, 1e-08, 102
595598401, 8.25, 4.54e-09, 4.91e-09, 0.7, 0.67, 1e-08, 0
596116801, 4.82, 1.85e-08, 3.29e-08, 1.87, 1, 1e-08, 0
596376001, 1.11, 8.02e-08, 1.03e-07, 4.17, 7.98, 1e-08, 102
596635201, 7.54, 1.71e-08, 2.81e-08, 1.44, 0.89, 1e-08, 0
597412801, 2.84, 3.65e-08, 6.56e-08, 2.41, 1.27, 1e-08, 0
597672001, 1.98, 3.78e-08, 5.12e-08, 2.25, 0.94, 1e-08, 0
600523201, 2.02, 6.52e-08, 9.78e-08, 3.11, 1.82, 1e-08, 0
601041601, 2.96, 5.58e-08, 7.44e-08, 2.12, 0.88, 1e-08, 0
601819201, 1.79, 1.29e-07, 1.13e-07, 5.0, 0, 1e-08, 0
603892801, 1.42, 9.05e-08, 1.08e-07, 3.66, 7.23, 1e-08, 102
604411201, 4.38, 1.39e-07, 9.51e-08, 5.0, 0, 1e-08, 0
604670401, 1.78, 6.13e-08, 7.29e-08, 3.04, 1.33, 1e-08, 0
605188801, 1.79, 1.53e-08, 2.19e-08, 1.6, 0.8, 1e-08, 0
606744001, 1.71, 7.73e-08, 8.58e-08, 5.0, 0, 1e-08, 0
607521601, 1.42, 2.31e-09, 3.09e-09, 0.53, 0.85, 1e-08, 0
608817601, 6.45, 3.02e-09, 3.46e-09, 0.67, 0.72, 1e-08, 0
609336001, 4.19, 8.85e-08, 5.98e-08, 3.06, 0.76, 1e-08, 0
609595201, 6.46, 1.35e-07, 8.41e-08, 5.0, 0, 1e-08, 0
609854401, 1.03, 5.71e-08, 1.73e-06, 3.95, 7.83, 1e-08, 102
610632001, 1.16, 1.95e-08, 2.82e-08, 1.69, 0.81, 1e-08, 0
610891201, 5.4, 1.43e-08, 1.43e-08, 1.33, 0.54, 1e-08, 0
612446401, 3.43, 2.09e-08, 2.49e-08, 2.03, 0.74, 1e-08, 0
612964801, 2.09, 1.31e-08, 2.2e-08, 1.9, 1.06, 1e-08, 0
614001601, 4.02, 3.38e-08, 4.09e-08, 1.96, 0.71, 1e-08, 0
614260801, 1.04, 5.6e-08, 1.05e-07, 2.8, 1.49, 1e-08, 0
614520001, 20.26, 3.82e-08, 2.6e-08, 1.21, 0.36, 1e-08, 0
615038401, 1.21, 4.1e-08, 5.87e-08, 2.42, 1.18, 1e-08, 0
615297601, 2.22, 1.87e-08, 3.43e-08, 1.81, 1.06, 1e-08, 0
615816001, 7.09, 2.1e-07, 1e-07, 4.08, 1.46, 1e-08, 0
616075201, 3.05, 4.81e-09, 5.5e-09, 0.79, 0.66, 1e-08, 0
616334401, 1.79, 3.94e-08, 8.19e-08, 2.51, 1.84, 1e-08, 0
618667201, 1.87, 1.04e-07, 2.46e-06, 4.24, 6.08, 1e-08, 102
618926401, 4.01, 1.94e-07, 1.22e-07, 3.66, 1.67, 1e-08, 0
619185601, 19.57, 1.33e-08, 1.07e-08, 0.97, 0.49, 1e-08, 0
619704001, 1.63, 1.03e-07, 9.92e-08, 3.53, 6.7, 1e-08, 102
619963201, 2.13, 1.28e-07, 1.05e-07, 5.0, 0, 1e-08, 0
621000001, 8.67, 4.23e-07, 2.29e-07, 2.75, 0.54, 1e-08, 0
622036801, 1.65, 1.48e-08, 2.13e-08, 1.83, 0.87, 1e-08, 0
624110401, 3.55, 1.72e-07, 5.33e-07, 4.68, 0.79, 1e-08, 0
624369601, 1.29, 7.9e-09, 1.24e-08, 1.48, 0.9, 1e-08, 0
625406401, 1.38, 7.94e-08, 7.68e-08, 4.23, 2.81, 1e-08, 0
627220801, 2.26, 1.98e-08, 2.49e-08, 2.15, 0.83, 1e-08, 0
627480001, 1.75, 1.75e-08, 2.68e-08, 2.07, 0.95, 1e-08, 0
627739201, 3.08, 5.85e-08, 4.66e-08, 2.58, 0.74, 1e-08, 0
627998401, 10.83, 5.21e-08, 3.17e-08, 1.94, 0.39, 1e-08, 0
628257601, 11.22, 5.93e-09, 6.17e-09, 0.47, 0.76, 1e-08, 0
628776001, 1.58, 8.73e-08, 8.08e-08, 3.76, 6.78, 1e-08, 102
629035201, 2.98, 1.41e-07, 1.22e-07, 5.0, 0, 1e-08, 0
629294401, 1.5, 9.64e-08, 9.25e-08, 3.37, 1.46, 1e-08, 0
629553601, 7.18, 3.49e-08, 2.69e-08, 1.52, 0.45, 1e-08, 0
629812801, 3.87, 1.45e-07, 9.99e-08, 5.0, 0, 1e-08, 0
631886401, 3.35, 1.02e-07, 8.38e-08, 2.71, 0.69, 1e-08, 0
632145601, 2.51, 1.12e-08, 1.71e-08, 1.64, 0.94, 1e-08, 0
632404801, 3.2, 2.01e-08, 2.26e-08, 1.45, 0.59, 1e-08, 0
632923201, 4.63, 1.81e-07, 1.48e-07, 4.04, 4.24, 1e-08, 102
633182401, 1.49, 9.08e-08, 9e-08, 5.0, 0, 1e-08, 0
633441601, 1.66, 6.14e-08, 6.35e-08, 2.37, 0.67, 1e-08, 0
633960001, 9.26, 2.75e-08, 2.94e-08, 1.63, 0.63, 1e-08, 0
634996801, 1.14, 9.17e-08, 1.76e-07, 2.18, 1.15, 1e-08, 0
636033601, 3.29, 4.7e-08, 3.86e-08, 2.3, 0.56, 1e-08, 0
637329601, 3.4, 1.97e-08, 3.11e-08, 1.92, 0.94, 1e-08, 0
637848001, 1.34, 9.54e-08, 9.98e-08, 5.0, 0, 1e-08, 0
638107201, 4.26, 3.43e-08, 4.25e-08, 2.24, 0.88, 1e-08, 0
638366401, 4.56, 3.12e-08, 4.21e-08, 1.95, 0.9, 1e-08, 0
638625601, 17.22, 3.36e-08, 2.23e-08, 1.32, 0.4, 1e-08, 0
638884801, 4.44, 1.29e-08, 1.34e-08, 1.38, 0.57, 1e-08, 0
639662401, 2.57, 2.75e-08, 3.45e-08, 2.29, 0.88, 1e-08, 0
639921601, 8.95, 1.13e-07, 5.19e-08, 3.16, 0.7, 1e-08, 0
640180801, 1.33, 5.37e-08, 5.33e-08, 4.66, 3.83, 1e-08, 0
640440001, 1.73, 1.95e-08, 2.57e-08, 2.1, 1.09, 1e-08, 0
640699201, 6.58, 1.18e-07, 5.61e-08, 5.0, 0, 1e-08, 0
641217601, 1.73, 7.19e-09, 9.73e-09, 1.36, 0.68, 1e-08, 0
641476801, 2.3, 1.65e-08, 2.38e-08, 1.65, 0.99, 1e-08, 0
641995201, 3.16, 1e-08, 1.4e-08, 1.59, 0.82, 1e-08, 0
642513601, 1.2, 7.7e-08, 7.68e-07, 4.92, 2.42, 1e-08, 0
642772801, 4.87, 1.32e-07, 7.71e-08, 3.22, 1.03, 1e-08, 0
643809601, 8.22, 2.17e-08, 2.42e-08, 1.75, 0.66, 1e-08, 0
644068801, 7.76, 4.53e-09, 5.37e-09, 1.05, 0.69, 1e-08, 0
644328001, 1.41, 9.33e-09, 1.21e-08, 1.61, 0.79, 1e-08, 0
644846401, 2.29, 4.19e-08, 4.15e-08, 2.34, 0.8, 1e-08, 0
645883201, 22.62, 3.9e-08, 3.68e-08, 1.29, 0.5, 1e-08, 0
646142401, 1.31, 1.05e-07, 1.09e-07, 3.38, 2.06, 1e-08, 0
647697601, 1.7, 5.7e-08, 7.2e-08, 2.69, 1.15, 1e-08, 0
648216001, 2.81, 6.08e-09, 7.44e-09, 0.83, 0.78, 1e-08, 0
648475201, 5.58, 1.32e-07, 1.48e-07, 1.1, 0.85, 1e-08, 0
650289601, 6.41, 2.26e-07, 1.09e-07, 4.38, 3.21, 1e-08, 102
651067201, 17.62, 4.21e-08, 4.27e-08, 1.62, 0.58, 1e-08, 0
651585601, 4.79, 4.89e-08, 4.38e-08, 2.1, 0.61, 1e-08, 0
651844801, 2.52, 4.22e-09, 4.88e-09, 0.38, 0.76, 1e-08, 0
652622401, 2.74, 1.05e-07, 9.33e-08, 3.44, 2.19, 1e-08, 0
653659201, 1.73, 3.24e-08, 3.69e-08, 2.62, 0.97, 1e-08, 0
653918401, 6.03, 6.93e-08, 4.18e-08, 2.79, 0.63, 1e-08, 0
654177601, 8.48, 2.19e-08, 2.14e-08, 1.62, 0.55, 1e-08, 0
655473601, 1.3, 1.4e-08, 2.2e-08, 1.9, 0.95, 1e-08, 0
656769601, 4.78, 2.06e-08, 2.7e-08, 1.56, 0.7, 1e-08, 0
657288001, 2.95, 6.39e-08, 5.61e-08, 2.64, 0.74, 1e-08, 0
658065601, 5.63, 9.31e-08, 5.37e-08, 3.76, 3.9, 1e-08, 102
658324801, 1.6, 5.61e-08, 5.6e-08, 3.63, 6.52, 1e-08, 102
658584001, 1.18, 4.51e-08, 3.59e-07, 3.61, 2.11, 1e-08, 0
659361601, 4.67, 5.52e-08, 4.29e-08, 2.28, 0.59, 1e-08, 0
659620801, 5.38, 1.38e-07, 7.09e-08, 3.86, 3.57, 1e-08, 102
660657601, 2.11, 1.03e-07, 8.79e-08, 3.1, 0.87, 1e-08, 0
661176001, 1.6, 1.09e-08, 1.74e-08, 1.72, 0.97, 1e-08, 0
661694401, 4.76, 8.81e-09, 7.71e-09, 1.05, 0.51, 1e-08, 0
661953601, 1.92, 8.82e-08, 9.77e-08, 3.53, 6.24, 1e-08, 102
662212801, 2.01, 9.2e-08, 2.22e-07, 3.34, 7.26, 1e-08, 102
662472001, 3.24, 8.09e-08, 1.05e-07, 2.33, 0.87, 1e-08, 0
662731201, 2.78, 1.8e-08, 2.68e-08, 1.81, 0.88, 1e-08, 0
662990401, 4.37, 6.21e-09, 7.07e-09, 0.62, 0.74, 1e-08, 0
663249601, 4.94, 3.33e-07, 2.11e-07, 2.89, 0.69, 1e-08, 0
664027201, 2.57, 1.88e-07, 1.42e-07, 4.74, 1.91, 1e-08, 0
664286401, 8.52, 9.29e-09, 1.1e-08, 0.98, 0.65, 1e-08, 0
664804801, 1.08, 6.75e-08, 7.37e-08, 3.2, 1.91, 1e-08, 0
665582401, 1.02, 8.6e-08, 3.45e-07, 4.14, 1.07, 1e-08, 0
666360001, 8.88, 1.61e-08, 1.9e-08, 1.36, 0.61, 1e-08, 0
666619201, 1.64, 9.75e-08, 1.13e-07, 3.01, 1.43, 1e-08, 0
666878401, 1.03, 3.59e-08, 7.03e-08, 1.92, 1.04, 1e-08, 0
667137601, 1.61, 1.66e-07, 1.65e-07, 5.0, 0, 1e-08, 0
668174401, 7.41, 1.16e-08, 1.03e-08, 1.27, 0.52, 1e-08, 0
669211201, 2.33, 1.52e-07, 1.17e-07, 5.0, 0, 1e-08, 0
669729601, 2.56, 8.5e-08, 7.62e-08, 3.41, 6.03, 1e-08, 102
669988801, 8.22, 1.48e-07, 7.69e-08, 2.76, 0.62, 1e-08, 0
671025601, 4.04, 1.18e-07, 6.8e-08, 4.41, 4.06, 1e-08, 102
671544001, 2.64, 1.2e-08, 1.37e-08, 1.63, 0.62, 1e-08, 0
671803201, 1.63, 1.48e-08, 2.02e-08, 1.86, 0.79, 1e-08, 0
672062401, 9.9, 3.11e-08, 2.35e-08, 1.72, 0.44, 1e-08, 0
672840001, 2.16, 5.07e-08, 2.31e-07, 3.13, 8.74, 1e-08, 102
673358401, 2.18, 6.34e-08, 5.25e-08, 2.69, 1.06, 1e-08, 0
673617601, 2.56, 8.15e-08, 7.04e-08, 3.85, 5.39, 1e-08, 102
674136001, 6.1, 4.85e-08, 5.05e-08, 1.97, 0.7, 1e-08, 0
674395201, 14.49, 4.76e-08, 3.76e-08, 1.75, 0.49, 1e-08, 0
675432001, 1.71, 3.58e-08, 5.56e-08, 2.31, 0.96, 1e-08, 0
675950401, 11.31, 6.99e-08, 4.31e-08, 2.23, 0.48, 1e-08, 0
676209601, 5.19, 1.19e-08, 1.36e-08, 1.34, 0.66, 1e-08, 0
676728001, 3.34, 1.41e-07, 1.01e-07, 3.19, 1.5, 1e-08, 0
677764801, 1.27, 7.01e-08, 7.59e-08, 3.23, 1.04, 1e-08, 0
678542401, 1.59, 8.97e-08, 8.41e-08, 3.49, 2.46, 1e-08, 0
679320001, 1.68, 1.01e-07, 1.1e-07, 5.0, 0, 1e-08, 0
679579201, 1.02, 1.47e-08, 2.28e-08, 1.97, 0.87, 1e-08, 0
681912001, 2.91, 2.89e-08, 2.66e-08, 1.86, 0.61, 1e-08, 0
683208001, 3.06, 2.11e-08, 2.69e-08, 1.46, 0.72, 1e-08, 0
684244801, 7.08, 4.34e-08, 3.78e-08, 1.86, 0.54, 1e-08, 0
685540801, 1.11, 4.17e-08, 1.06e-07, 3.33, 9.06, 1e-08, 102
685800001, 6.23, 7.88e-08, 5.51e-08, 2.23, 0.62, 1e-08, 0
686836801, 2.41, 6.36e-08, 6.74e-08, 3.15, 2.77, 1e-08, 0
687873601, 9.42, 1.51e-07, 1.04e-07, 2.72, 0.7, 1e-08, 0
688392001, 12.05, 4.65e-09, 4.74e-09, 0.56, 0.65, 1e-08, 0
689169601, 2.02, 5.17e-08, 1.26e-07, 2.67, 2.36, 1e-08, 0
689428801, 1.86, 8.81e-08, 6.97e-08, 4.56, 5.47, 1e-08, 102
690206401, 3.04, 9.75e-08, 6.65e-08, 5.0, 0, 1e-08, 0
690724801, 3.54, 9e-09, 1.35e-08, 1.56, 0.8, 1e-08, 0
691243201, 3.05, 4.54e-08, 5.33e-08, 2.55, 1.01, 1e-08, 0
691761601, 1.25, 2.22e-08, 2.9e-08, 2.0, 0.86, 1e-08, 0
692020801, 1.1, 9.01e-08, 1.01e-07, 5.0, 0, 1e-08, 0
692280001, 3.44, 1.91e-08, 2.31e-08, 1.66, 0.74, 1e-08, 0
692798401, 1.68, 1.04e-07, 9.6e-08, 3.83, 6.22, 1e-08, 102
693057601, 2.43, 1.4e-07, 1.11e-07, 3.39, 1.45, 1e-08, 0
693316801, 9.34, 2.72e-07, 1.15e-07, 3.76, 0.92, 1e-08, 0
693576001, 1.99, 1.01e-07, 8.3e-08, 5.0, 0, 1e-08, 0
693835201, 1.58, 6.68e-08, 6.23e-08, 3.44, 1.48, 1e-08, 0
695649601, 5.53, 7.35e-08, 8.23e-08, 1.93, 0.67, 1e-08, 0
696427201, 3.82, 1.73e-07, 1.3e-07, 5.0, 0, 1e-08, 0
696945601, 2.08, 1.34e-07, 1.07e-07, 4.89, 5.31, 1e-08, 102
697982401, 3.19, 1.43e-08, 1.93e-08, 1.55, 0.73, 1e-08, 0
698241601, 1.37, 6.76e-08, 8.54e-08, 2.7, 1.13, 1e-08, 0
699019201, 2.0, 2.57e-08, 2.74e-08, 1.29, 0.59, 1e-08, 0
699278401, 1.41, 1.64e-08, 3.55e-08, 1.55, 1.16, 1e-08, 0
699537601, 1.77, 6.98e-08, 8.41e-08, 4.99, 0.16, 1e-08, 0
699796801, 1.8, 1.74e-08, 2.48e-08, 2.11, 0.97, 1e-08, 0
700574401, 1.11, 7.88e-08, 8.34e-08, 3.83, 7.16, 1e-08, 102
701092801, 10.02, 2.8e-08, 2.88e-08, 1.79, 0.65, 1e-08, 0
701870401, 4.7, 1.3e-08, 1.67e-08, 1.42, 0.7, 1e-08, 0
702129601, 1.75, 6.12e-08, 5.85e-08, 2.84, 0.81, 1e-08, 0
702388801, 1.16, 3.48e-09, 5.39e-09, 0.88, 0.89, 1e-08, 0
702648001, 1.42, 9.41e-08, 8.4e-08, 4.6, 6.07, 1e-08, 102
702907201, 1.12, 1.57e-08, 2.38e-08, 1.96, 0.96, 1e-08, 0
703944001, 2.11, 4.85e-08, 4.21e-08, 2.64, 0.84, 1e-08, 0
704203201, 4.06, 8.08e-08, 6.12e-08, 3.39, 1.64, 1e-08, 0
704721601, 2.92, 1.18e-08, 1.53e-08, 1.86, 0.73, 1e-08, 0
704980801, 1.73, 6.08e-08, 6.81e-08, 3.36, 6.84, 1e-08, 102
706276801, 4.48, 1.26e-07, 7.6e-08, 5.0, 0, 1e-08, 0
707054401, 10.49, 4.99e-08, 4.15e-08, 1.88, 0.51, 1e-08, 0
707313601, 1.68, 6.19e-08, 6.81e-08, 3.13, 1.4, 1e-08, 0
708868801, 12.1, 2.31e-07, 1.11e-07, 2.52, 0.42, 1e-08, 0
711201601, 2.12, 6.26e-08, 6.06e-08, 2.53, 0.91, 1e-08, 0
711460801, 1.34, 9.86e-08, 1.06e-07, 5.0, 0, 1e-08, 0
711979201, 5.18, 2.25e-08, 2.07e-08, 1.32, 0.52, 1e-08, 0
714312001, 7.89, 1.18e-08, 1.78e-08, 1.33, 0.81, 1e-08, 0
715348801, 4.59, 2.11e-08, 3.14e-08, 1.62, 0.8, 1e-08, 0
716385601, 3.1, 2.61e-08, 3.22e-08, 2.04, 0.8, 1e-08, 0
717163201, 2.22, 3.43e-09, 4.15e-09, 0.71, 0.7, 1e-08, 0
718977601, 1.0, 6.35e-08, 6.74e-08, 4.41, 7.39, 1e-08, 102
719496001, 1.36, 6.9e-09, 1.07e-08, 1.41, 0.86, 1e-08, 0
719755201, 3.81, 8.53e-09, 1.07e-08, 1.36, 0.77, 1e-08, 0
720532801, 1.74, 1.2e-07, 1.09e-07, 5.0, 0, 1e-08, 0
720792001, 14.71, 1.64e-08, 1.77e-08, 1.2, 0.6, 1e-08, 0
721051201, 1.5, 6.51e-08, 6.32e-08, 3.22, 1.56, 1e-08, 0
721310401, 1.6, 5.62e-08, 7e-08, 3.44, 7.21, 1e-08, 102
721828801, 5.64, 7.57e-09, 7.94e-09, 1.12, 0.59, 1e-08, 0
722347201, 1.73, 5.69e-08, 5.41e-08, 3.52, 6.36, 1e-08, 102
724161601, 5.2, 9.36e-08, 6.34e-08, 2.38, 0.53, 1e-08, 0
724420801, 4.31, 1.89e-07, 1.12e-07, 4.77, 1.32, 1e-08, 0
724680001, 3.82, 3.3e-08, 3.03e-08, 1.92, 0.57, 1e-08, 0
725198401, 3.15, 3.33e-09, 4.39e-09, 0.0, 0, 1e-08, 0
725457601, 3.92, 1.44e-07, 8.31e-08, 4.56, 4.04, 1e-08, 102
725716801, 2.34, 1.1e-07, 1.01e-07, 5.0, 0, 1e-08, 0
726235201, 5.53, 3.69e-07, 2.08e-07, 3.79, 0.89, 1e-08, 0
727012801, 2.14, 3e-07, 4.37e-07, 2.69, 1.14, 1e-08, 0
727790401, 1.89, 4.4e-08, 4.75e-08, 1.98, 0.72, 1e-08, 0
728049601, 3.1, 6.97e-08, 7.52e-08, 2.71, 0.82, 1e-08, 0
728827201, 1.67, 3.52e-09, 5.06e-09, 0.0, 0, 1e-08, 0
729345601, 2.0, 7e-08, 8.08e-08, 2.91, 1.18, 1e-08, 0
729604801, 1.97, 1.52e-08, 1.76e-08, 1.51, 0.59, 1e-08, 0
730123201, 1.87, 3.26e-08, 3.37e-08, 1.58, 0.52, 1e-08, 0
730382401, 2.6, 6.25e-08, 5.93e-08, 2.27, 0.73, 1e-08, 0
731419201, 1.36, 5.14e-08, 5.85e-08, 5.0, 0, 1e-08, 0
731678401, 2.62, 1.86e-08, 2.16e-08, 1.89, 0.71, 1e-08, 0
732196801, 1.9, 3.2e-08, 4.13e-08, 2.19, 0.8, 1e-08, 0
733233601, 3.14, 1.2e-07, 8.51e-08, 4.74, 1.39, 1e-08, 0
733752001, 2.7, 1.19e-07, 9.02e-08, 5.0, 0, 1e-08, 0
736084801, 5.2, 5.15e-08, 3.5e-08, 2.43, 0.56, 1e-08, 0
736862401, 2.31, 1.97e-08, 2.57e-08, 2.02, 0.84, 1e-08, 0
737899201, 4.2, 7.93e-09, 9.65e-09, 1.22, 0.69, 1e-08, 0
739713601, 2.31, 4.07e-08, 5.46e-08, 2.52, 1.03, 1e-08, 0
739972801, 2.5, 1.37e-07, 1.36e-07, 3.79, 5.31, 1e-08, 102
741787201, 4.32, 6.16e-08, 5.07e-08, 2.1, 0.55, 1e-08, 0
742046401, 3.66, 1.58e-07, 1.22e-07, 5.0, 0, 1e-08, 0
