timestamp, ts, flux, flux_error, photon_index, photon_index_interval, fit_tolerance, fit_convergence
240494401, 6.23, 1.52e-08, 2.69e-08, 1.83, 1.03, 1e-08, 0
244123201, 1.64, 8.69e-09, 2e-08, 1.94, 1.21, 1e-08, 0
244728001, 2.35, 6.82e-08, 5.47e-08, 5.0, 0, 1e-08, 0
245937601, 4.84, 5.6e-08, 3.24e-08, 2.63, 0.44, 1e-08, 0
246542401, 8.81, 3.95e-08, 3.09e-08, 2.46, 0.59, 1e-08, 0
247147201, 22.95, 3.51e-08, 1.72e-08, 1.78, 0.31, 1e-08, 0
247752001, 3.44, 1.97e-08, 2.83e-08, 2.0, 0.99, 1e-08, 0
248356801, 7.83, 4.09e-08, 2.65e-08, 2.53, 0.55, 1e-08, 0
249566401, 1.73, 5.11e-08, 4.88e-08, 5.0, 0, 1e-08, 0
250776001, 18.45, 4.19e-08, 2.41e-08, 1.98, 0.36, 1e-08, 0
251380801, 4.84, 4.51e-08, 2.84e-08, 2.79, 0.69, 1e-08, 0
252590401, 4.29, 1.72e-08, 1.76e-08, 2.14, 0.65, 1e-08, 0
253195201, 2.31, 5.36e-08, 3.75e-08, 3.99, 5.38, 1e-08, 102
253800001, 3.3, 6.12e-08, 4.08e-08, 3.13, 0.82, 1e-08, 0
254404801, 4.02, 1.44e-08, 1.22e-08, 1.72, 0.5, 1e-08, 0
255009601, 2.4, 4.6e-08, 3.9e-08, 3.02, 1.35, 1e-08, 0
255614401, 5.83, 7.01e-08, 3.89e-08, 3.05, 1.14, 1e-08, 0
256219201, 20.34, 5.37e-08, 2.48e-08, 2.09, 0.33, 1e-08, 0
256824001, 8.11, 3.96e-08, 2.24e-08, 2.45, 0.46, 1e-08, 0
257428801, 21.48, 1.38e-08, 1.02e-08, 1.3, 0.43, 1e-08, 0
258033601, 4.32, 4.06e-08, 2.86e-08, 2.44, 0.5, 1e-08, 0
259848001, 5.75, 2.08e-08, 3.18e-08, 1.98, 0.87, 1e-08, 0
260452801, 2.07, 4.79e-08, 5.05e-08, 3.73, 6.19, 1e-08, 102
261057601, 1.79, 2.84e-08, 2.79e-08, 3.2, 1.07, 1e-08, 0
261662401, 6.44, 4.81e-08, 3.15e-08, 2.5, 0.62, 1e-08, 0
262872001, 8.11, 4.79e-08, 2.94e-08, 2.17, 0.44, 1e-08, 0
263476801, 1.66, 1.42e-08, 2.14e-08, 2.23, 0.92, 1e-08, 0
265896001, 2.19, 4.42e-08, 3.43e-08, 5.0, 0, 1e-08, 0
266500801, 1.23, 3.08e-08, 3.9e-08, 3.48, 8.19, 1e-08, 102
267105601, 2.09, 3.12e-08, 2.79e-08, 2.39, 0.71, 1e-08, 0
270129601, 4.07, 4.18e-08, 2.56e-08, 2.71, 0.61, 1e-08, 0
270734401, 1.77, 1.67e-08, 1.94e-08, 2.38, 0.76, 1e-08, 0
271339201, 9.04, 2.57e-09, 5.14e-09, 0.97, 1.16, 1e-08, 0
273153601, 1.64, 4.64e-08, 4.27e-08, 3.43, 1.94, 1e-08, 0
275572801, 6.42, 3.72e-08, 2.3e-08, 2.3, 0.46, 1e-08, 0
276177601, 6.66, 1.07e-07, 4.81e-08, 4.17, 3.36, 1e-08, 102
277992001, 11.76, 2.36e-08, 1.91e-08, 1.73, 0.5, 1e-08, 0
278596801, 1.97, 2.31e-08, 2.44e-08, 2.41, 0.78, 1e-08, 0
279201601, 1.65, 3.78e-08, 3.29e-08, 4.97, 1.83, 1e-08, 0
282225601, 8.52, 4.4e-08, 4.21e-08, 2.17, 0.6, 1e-08, 0
283435201, 1.63, 3.96e-08, 3.46e-08, 4.08, 6.55, 1e-08, 102
285854401, 1.09, 2.96e-08, 4.11e-08, 2.63, 1.1, 1e-08, 0
286459201, 2.2, 9.71e-08, 7.7e-08, 5.0, 0, 1e-08, 0
289483201, 4.77, 1.02e-08, 1.19e-08, 1.57, 0.58, 1e-08, 0
290692801, 1.52, 4.88e-08, 4.85e-08, 2.72, 0.85, 1e-08, 0
291902401, 3.22, 6.67e-08, 4.55e-08, 3.02, 0.81, 1e-08, 0
292507201, 3.84, 8.24e-08, 4.87e-08, 4.7, 1.59, 1e-08, 0
293112001, 2.64, 7.12e-09, 8.05e-09, 1.67, 0.61, 1e-08, 0
293716801, 10.47, 4.62e-08, 2.69e-08, 2.49, 0.48, 1e-08, 0
294321601, 2.62, 1.65e-08, 1.71e-08, 1.97, 0.59, 1e-08, 0
294926401, 5.99, 8.86e-08, 4.42e-08, 3.39, 1.26, 1e-08, 0
295531201, 9.29, 4.35e-08, 3.3e-08, 2.27, 0.52, 1e-08, 0
296740801, 20.97, 1.19e-07, 5.08e-08, 2.7, 0.39, 1e-08, 0
297345601, 8.38, 8.48e-08, 3.9e-08, 3.25, 0.97, 1e-08, 0
298555201, 11.38, 7.88e-09, 1.03e-08, 1.47, 0.66, 1e-08, 0
299764801, 3.27, 6.24e-08, 4.87e-08, 2.73, 0.77, 1e-08, 0
300369601, 15.88, 1.86e-09, 2.36e-09, 0.0, 0, 1e-08, 0
302184001, 35.46, 7.87e-08, 2.73e-08, 2.14, 0.25, 1e-08, 0
302788801, 3.85, 1.9e-08, 2.05e-08, 2.22, 0.66, 1e-08, 0
303393601, 12.92, 6.27e-08, 3.33e-08, 2.55, 0.46, 1e-08, 0
304603201, 6.37, 3.81e-08, 3.88e-08, 2.06, 0.58, 1e-08, 0
305208001, 2.5, 2.36e-08, 3.29e-08, 2.19, 0.95, 1e-08, 0
306417601, 5.88, 5.14e-09, 5.84e-09, 1.36, 0.62, 1e-08, 0
308836801, 3.61, 3.3e-08, 2.8e-08, 2.39, 0.58, 1e-08, 0
309441601, 1.37, 4.8e-09, 7.68e-09, 1.41, 0.8, 1e-08, 0
317304001, 1.89, 3.31e-08, 2.78e-08, 3.13, 1.74, 1e-08, 0
319118401, 1.43, 2.56e-09, 3.77e-09, 1.02, 0.82, 1e-08, 0
319723201, 3.61, 2.8e-08, 2.63e-08, 1.89, 0.57, 1e-08, 0
320328001, 2.29, 3.24e-08, 2.68e-08, 2.72, 0.64, 1e-08, 0
321537601, 3.98, 2.34e-08, 2.36e-08, 2.19, 0.69, 1e-08, 0
323352001, 1.48, 6.55e-08, 5.96e-08, 3.52, 1.35, 1e-08, 0
323956801, 3.6, 7.01e-08, 7.09e-08, 2.96, 1.23, 1e-08, 0
325166401, 3.84, 6.21e-08, 4.48e-08, 5.0, 0, 1e-08, 0
325771201, 3.87, 2e-08, 1.66e-08, 2.14, 0.57, 1e-08, 0
326376001, 55.05, 1.15e-07, 3.12e-08, 2.3, 0.23, 1e-08, 0
326980801, 4.64, 7.27e-08, 4.36e-08, 3.15, 1.25, 1e-08, 0
328190401, 2.5, 3.44e-09, 4.84e-09, 0.93, 0.77, 1e-08, 0
329400001, 14.85, 1.09e-07, 3.9e-08, 3.06, 0.47, 1e-08, 0
330004801, 1.21, 1.11e-08, 1.75e-08, 2.41, 1.02, 1e-08, 0
331214401, 2.73, 8.23e-09, 1.13e-08, 1.59, 0.73, 1e-08, 0
331819201, 1.41, 2.74e-09, 4.52e-09, 1.1, 0.84, 1e-08, 0
332424001, 1.91, 7.43e-08, 6.14e-08, 3.74, 7.72, 1e-08, 0
335448001, 3.71, 3.01e-08, 2.51e-08, 2.58, 0.67, 1e-08, 0
343915201, 2.03, 2.04e-09, 3.33e-09, 1.29, 0.9, 1e-08, 0
346939201, 2.26, 7.13e-09, 1.03e-08, 1.59, 0.78, 1e-08, 0
348753601, 1.55, 5.52e-09, 8.69e-09, 1.89, 0.89, 1e-08, 0
350568001, 1.72, 4.15e-08, 4.6e-08, 2.6, 1, 1e-08, 0
351777601, 2.98, 2.05e-08, 1.91e-08, 2.01, 0.57, 1e-08, 0
353592001, 5.78, 5.67e-08, 2.89e-08, 3.26, 0.93, 1e-08, 0
354196801, 2.65, 3.06e-08, 2.49e-08, 2.7, 0.72, 1e-08, 0
356616001, 2.0, 1.42e-08, 2.48e-08, 1.88, 1.03, 1e-08, 0
357220801, 11.25, 1.58e-08, 1.15e-08, 1.53, 0.4, 1e-08, 0
357825601, 6.78, 2.84e-08, 2.23e-08, 2.19, 0.56, 1e-08, 0
358430401, 3.4, 4.47e-08, 3.94e-08, 3.43, 3.17, 1e-08, 0
359640001, 1.27, 1.9e-08, 2.52e-08, 2.09, 0.77, 1e-08, 0
360244801, 7.63, 1.71e-07, 7.9e-08, 4.12, 0.92, 1e-08, 0
362059201, 1.49, 3.21e-08, 2.9e-08, 3.51, 7.15, 1e-08, 102
362664001, 5.69, 1.82e-09, 2.39e-09, 1.06, 0.78, 1e-08, 0
363268801, 1.08, 4.02e-08, 1.78e-07, 4.92, 1.17, 1e-08, 0
365083201, 7.61, 1e-08, 1.06e-08, 1.26, 0.57, 1e-08, 0
366292801, 3.24, 1.54e-08, 1.48e-08, 1.9, 0.58, 1e-08, 0
366897601, 2.64, 1.49e-09, 2e-09, 0.64, 0.86, 1e-08, 0
368712001, 1.42, 6.32e-08, 2.65e-07, 4.66, 8.16, 1e-08, 1
369921601, 1.53, 8.14e-08, 8.66e-08, 4.11, 6.62, 1e-08, 102
371131201, 4.36, 4.82e-08, 3.12e-08, 2.92, 0.63, 1e-08, 0
371736001, 3.53, 5.78e-08, 3.51e-08, 5.0, 0, 1e-08, 0
372340801, 9.31, 2.36e-08, 1.68e-08, 2.04, 0.47, 1e-08, 0
373550401, 18.56, 5.64e-08, 2.96e-08, 2.07, 0.33, 1e-08, 0
375969601, 1.11, 3.27e-08, 3.57e-08, 5.0, 0, 1e-08, 0
376574401, 7.01, 2.94e-08, 2.03e-08, 2.23, 0.48, 1e-08, 0
377784001, 2.35, 6.39e-08, 5.42e-08, 5.0, 0, 1e-08, 0
382622401, 1.09, 2.18e-08, 2.85e-08, 2.62, 1.06, 1e-08, 0
385041601, 1.71, 3.24e-08, 2.77e-08, 3.33, 4.12, 1e-08, 0
385646401, 2.2, 3.6e-08, 5.58e-08, 3.13, 6.76, 1e-08, 102
387460801, 6.89, 5.31e-08, 4.44e-08, 2.28, 0.57, 1e-08, 0
391089601, 3.95, 4.83e-08, 6.66e-08, 3.24, 3.49, 1e-08, 0
394113601, 9.26, 4.26e-08, 2.65e-08, 2.42, 0.5, 1e-08, 0
394718401, 1.46, 1.42e-08, 2.27e-08, 2.37, 1.32, 1e-08, 0
395323201, 9.21, 9.38e-09, 9.43e-09, 1.43, 0.55, 1e-08, 0
397137601, 2.1, 4.83e-09, 7.18e-09, 1.28, 0.8, 1e-08, 0
397742401, 1.01, 9.34e-09, 1.4e-08, 1.77, 0.74, 1e-08, 0
399556801, 1.35, 1.04e-08, 2.05e-08, 2.31, 1.35, 1e-08, 0
400161601, 1.08, 2.4e-08, 2.77e-08, 3.02, 1.52, 1e-08, 0
401371201, 1.5, 4.22e-09, 7.39e-09, 1.44, 0.93, 1e-08, 0
402580801, 10.42, 6.58e-08, 5.64e-08, 2.66, 0.78, 1e-08, 0
403185601, 1.01, 1.97e-08, 2.37e-08, 2.73, 1.05, 1e-08, 0
404395201, 1.48, 1.45e-08, 1.59e-08, 2.33, 0.65, 1e-08, 0
405000001, 1.69, 4.09e-08, 3.49e-08, 3.24, 1.32, 1e-08, 0
406814401, 1.43, 4.76e-09, 9.02e-09, 1.62, 1.05, 1e-08, 0
408024001, 3.17, 7.34e-09, 7.36e-09, 1.58, 0.52, 1e-08, 0
408628801, 7.14, 1.79e-08, 1.45e-08, 2.05, 0.45, 1e-08, 0
409838401, 12.82, 1.75e-08, 1.37e-08, 1.3, 0.44, 1e-08, 0
411652801, 8.06, 1.25e-07, 6.68e-08, 2.76, 0.56, 1e-08, 0
412257601, 6.2, 1.33e-07, 7.51e-08, 2.73, 0.64, 1e-08, 0
413467201, 4.23, 4.89e-09, 6.79e-09, 1.49, 0.77, 1e-08, 0
414072001, 56.99, 1.98e-07, 4.7e-08, 2.57, 0.24, 1e-08, 0
414676801, 12.32, 6.65e-08, 3.87e-08, 2.22, 0.42, 1e-08, 0
415886401, 3.12, 5.4e-08, 5.42e-08, 2.6, 0.74, 1e-08, 0
416491201, 5.75, 8.36e-08, 5.24e-08, 2.78, 0.58, 1e-08, 0
417096001, 2.88, 3.33e-09, 5.23e-09, 1.36, 1.08, 1e-08, 0
419515201, 7.77, 3.46e-09, 4.01e-09, 0.75, 0.72, 1e-08, 0
421934401, 1.09, 2.53e-08, 2.83e-08, 3.12, 2.51, 1e-08, 0
423144001, 12.33, 1.22e-08, 8.98e-09, 1.63, 0.41, 1e-08, 0
423748801, 2.07, 1.89e-08, 2.61e-08, 2.47, 0.95, 1e-08, 0
424353601, 1.24, 1.92e-08, 2.11e-08, 2.67, 0.78, 1e-08, 0
425563201, 5.0, 4.89e-08, 3.13e-08, 2.59, 0.51, 1e-08, 0
426772801, 8.23, 3.33e-08, 2.67e-08, 2.4, 0.58, 1e-08, 0
429192001, 1.0, 2.52e-08, 3.48e-08, 2.26, 0.85, 1e-08, 0
429796801, 1.07, 7e-08, 7.6e-08, 4.26, 2.36, 1e-08, 0
430401601, 2.05, 6.33e-08, 5.35e-08, 3.2, 1.14, 1e-08, 0
431006401, 1.06, 2.22e-08, 2.51e-08, 2.56, 0.9, 1e-08, 0
431611201, 10.01, 3.66e-08, 1.95e-08, 2.16, 0.37, 1e-08, 0
432216001, 1.87, 3.1e-08, 3.06e-08, 2.78, 1.16, 1e-08, 0
432820801, 1.53, 5.56e-08, 4.93e-08, 4.04, 6.62, 1e-08, 102
434030401, 6.38, 1.31e-08, 1.76e-08, 1.56, 0.71, 1e-08, 0
434635201, 10.5, 9.37e-08, 4.82e-08, 2.35, 0.42, 1e-08, 0
435844801, 4.14, 3.46e-08, 3.19e-08, 2.54, 0.83, 1e-08, 0
436449601, 1.05, 2.89e-08, 4.64e-08, 3.21, 9.17, 1e-08, 102
438264001, 2.56, 1.26e-08, 1.99e-08, 1.8, 0.88, 1e-08, 0
439473601, 6.08, 7.47e-08, 4.22e-08, 3.33, 0.95, 1e-08, 0
441288001, 5.65, 6.84e-08, 4.15e-08, 5.0, 0, 1e-08, 0
442497601, 10.92, 1.53e-07, 5.52e-08, 4.64, 2.69, 1e-08, 102
443707201, 1.43, 2.11e-08, 2.99e-08, 2.35, 0.97, 1e-08, 0
444312001, 1.15, 2.91e-08, 3.2e-08, 3.05, 1.02, 1e-08, 0
444916801, 9.86, 5.87e-08, 3.09e-08, 2.53, 0.45, 1e-08, 0
445521601, 4.63, 2.94e-08, 1.98e-08, 2.48, 0.53, 1e-08, 0
449150401, 1.36, 6.94e-09, 1.23e-08, 1.9, 1.01, 1e-08, 0
450360001, 3.4, 2.54e-08, 2.19e-08, 2.56, 0.69, 1e-08, 0
452174401, 10.05, 4.36e-09, 4e-09, 0.72, 0.58, 1e-08, 0
452779201, 5.45, 7.57e-08, 5.32e-08, 2.76, 0.69, 1e-08, 0
453384001, 6.79, 4.15e-09, 4.34e-09, 0.99, 0.62, 1e-08, 0
453988801, 8.32, 3.13e-08, 2.03e-08, 2.34, 0.5, 1e-08, 0
456408001, 15.15, 7.82e-08, 2.87e-08, 2.75, 0.39, 1e-08, 0
457012801, 6.34, 3.39e-09, 4.92e-09, 1.16, 0.86, 1e-08, 0
457617601, 8.33, 7.03e-08, 4.38e-08, 2.57, 0.47, 1e-08, 0
458222401, 2.13, 1.96e-08, 2.15e-08, 2.35, 0.7, 1e-08, 0
458827201, 5.66, 4.66e-08, 2.94e-08, 2.84, 0.74, 1e-08, 0
459432001, 1.45, 2.2e-09, 4.35e-09, 1.12, 0.99, 1e-08, 0
460641601, 6.63, 1.89e-09, 1.91e-09, 0.0, 0, 1e-08, 0
463060801, 3.27, 3.39e-08, 3.2e-08, 2.74, 0.93, 1e-08, 0
463665601, 3.22, 3.92e-08, 2.93e-08, 2.81, 1.15, 1e-08, 0
464270401, 31.47, 1.41e-07, 3.7e-08, 2.74, 0.28, 1e-08, 0
464875201, 8.26, 4.31e-08, 2.98e-08, 2.05, 0.43, 1e-08, 0
465480001, 2.37, 6.06e-08, 4.95e-08, 3.05, 0.76, 1e-08, 0
466689601, 29.13, 7.26e-08, 3.13e-08, 2.03, 0.29, 1e-08, 0
467294401, 7.17, 1.01e-07, 5.38e-08, 5.0, 0, 1e-08, 0
467899201, 13.98, 6.52e-08, 2.72e-08, 2.44, 0.35, 1e-08, 0
468504001, 23.56, 8.09e-08, 3.22e-08, 2.5, 0.32, 1e-08, 0
469108801, 18.36, 5.41e-08, 2.41e-08, 2.26, 0.36, 1e-08, 0
469713601, 18.46, 1.05e-07, 4.89e-08, 2.6, 0.37, 1e-08, 0
470318401, 84.38, 2.72e-07, 6.4e-08, 2.49, 0.22, 1e-08, 0
470923201, 168.8, 3.87e-07, 6.2e-08, 2.37, 0.14, 1e-08, 0
471528001, 147.66, 2.87e-07, 5.1e-08, 2.32, 0.16, 1e-08, 0
472132801, 17.19, 5.3e-08, 2.66e-08, 2.01, 0.34, 1e-08, 0
472737601, 12.46, 6.57e-08, 3.25e-08, 2.49, 0.4, 1e-08, 0
473342401, 23.34, 5.34e-08, 2.6e-08, 2.25, 0.34, 1e-08, 0
473947201, 1.25, 3.74e-08, 3.72e-08, 2.99, 1.01, 1e-08, 0
474552001, 4.92, 3.74e-08, 3.37e-08, 2.11, 0.62, 1e-08, 0
475761601, 7.5, 1.41e-07, 6.23e-08, 4.89, 1.16, 1e-08, 0
476971201, 25.95, 1.21e-07, 3.42e-08, 2.94, 0.39, 1e-08, 0
477576001, 25.01, 7.48e-08, 2.75e-08, 2.25, 0.3, 1e-08, 0
478180801, 378.65, 2.57e-07, 3.5e-08, 1.78, 0.1, 1e-08, 0
478785601, 59.99, 1.26e-07, 4.49e-08, 2.0, 0.25, 1e-08, 0
479390401, 14.43, 1.65e-07, 7.18e-08, 2.84, 0.51, 1e-08, 0
480600001, 9.31, 4.88e-08, 3.69e-08, 2.34, 0.57, 1e-08, 0
481204801, 2.1, 5.15e-09, 5.56e-09, 1.42, 0.55, 1e-08, 0
481809601, 2.52, 1.67e-08, 1.59e-08, 2.08, 0.59, 1e-08, 0
482414401, 22.21, 7.75e-08, 2.66e-08, 2.4, 0.31, 1e-08, 0
484228801, 1.75, 3.91e-08, 4.74e-08, 2.68, 1.02, 1e-08, 0
484833601, 6.11, 1.39e-08, 1.76e-08, 1.5, 0.67, 1e-08, 0
485438401, 3.1, 6.84e-08, 5.25e-08, 5.0, 0, 1e-08, 0
486043201, 8.65, 1.89e-08, 1.51e-08, 1.86, 0.49, 1e-08, 0
486648001, 1.77, 3.65e-08, 3.54e-08, 5.0, 0, 1e-08, 0
487252801, 28.4, 6.94e-08, 2.67e-08, 2.25, 0.3, 1e-08, 0
488462401, 2.62, 2.96e-08, 3.37e-08, 2.08, 0.67, 1e-08, 0
489067201, 2.4, 8.66e-08, 8.56e-08, 3.64, 5.85, 1e-08, 102
490276801, 2.97, 5.11e-08, 3.96e-08, 5.0, 0, 1e-08, 0
490881601, 2.89, 5.03e-08, 3.89e-08, 5.0, 0, 1e-08, 0
491486401, 2.71, 1.31e-08, 1.26e-08, 2.12, 0.58, 1e-08, 0
493300801, 6.72, 7.7e-08, 5.22e-08, 2.6, 0.54, 1e-08, 0
493905601, 1.29, 3.97e-08, 4.6e-08, 2.63, 1.06, 1e-08, 0
495115201, 2.22, 2.65e-08, 3.26e-08, 2.71, 1.4, 1e-08, 0
495720001, 1.28, 8.67e-09, 1.35e-08, 2.08, 0.84, 1e-08, 0
497534401, 4.2, 1.28e-07, 7.29e-08, 3.61, 1.08, 1e-08, 0
499953601, 17.23, 6.57e-08, 3.21e-08, 2.42, 0.41, 1e-08, 0
500558401, 2.76, 4.56e-08, 3.64e-08, 5.0, 0, 1e-08, 0
501163201, 11.92, 4.79e-09, 4.48e-09, 1.02, 0.54, 1e-08, 0
504187201, 8.57, 5.23e-09, 9.39e-09, 1.29, 0.87, 1e-08, 0
504792001, 1.9, 3.86e-08, 3.97e-08, 3.58, 6.61, 1e-08, 102
505396801, 10.64, 4.08e-08, 2.57e-08, 2.28, 0.46, 1e-08, 0
506001601, 22.87, 9.15e-08, 3.93e-08, 2.5, 0.38, 1e-08, 0
507211201, 8.51, 5.91e-08, 3.94e-08, 2.13, 0.44, 1e-08, 0
508420801, 4.97, 2.78e-08, 3.26e-08, 2.36, 0.78, 1e-08, 0
509025601, 1.46, 3.2e-08, 3.29e-08, 5.0, 0, 1e-08, 0
509630401, 7.69, 5.08e-09, 5.2e-09, 1.12, 0.58, 1e-08, 0
512049601, 5.41, 6.12e-09, 8.26e-09, 1.15, 0.68, 1e-08, 0
512654401, 5.9, 6.61e-08, 4.71e-08, 3.01, 0.91, 1e-08, 0
513259201, 7.77, 8.33e-08, 4.07e-08, 5.0, 0, 1e-08, 0
514468801, 4.9, 2.83e-08, 2.45e-08, 2.07, 0.63, 1e-08, 0
515073601, 16.61, 8.86e-08, 3.63e-08, 2.58, 0.37, 1e-08, 0
515678401, 13.86, 1.16e-07, 5e-08, 2.63, 0.39, 1e-08, 0
516283201, 32.49, 1.2e-07, 4.63e-08, 2.03, 0.26, 1e-08, 0
516888001, 3.34, 4.83e-08, 4.18e-08, 2.55, 0.75, 1e-08, 0
517492801, 17.61, 6.86e-08, 3.09e-08, 2.37, 0.35, 1e-08, 0
518097601, 21.23, 9.5e-08, 3.18e-08, 2.69, 0.38, 1e-08, 0
518702401, 11.06, 5.71e-08, 3.04e-08, 2.49, 0.45, 1e-08, 0
519307201, 20.69, 6.24e-08, 3.02e-08, 2.38, 0.39, 1e-08, 0
520516801, 1.87, 4.12e-08, 5.3e-08, 2.35, 0.8, 1e-08, 0
521121601, 4.32, 7.45e-08, 5.03e-08, 2.61, 0.56, 1e-08, 0
521726401, 3.09, 2.03e-08, 2.2e-08, 1.98, 0.62, 1e-08, 0
522936001, 7.29, 3.06e-08, 2.22e-08, 2.29, 0.51, 1e-08, 0
523540801, 5.7, 6.26e-08, 3.64e-08, 3.83, 3.82, 1e-08, 102
524145601, 2.0, 8.47e-09, 1.19e-08, 1.98, 0.83, 1e-08, 0
524750401, 2.14, 3.16e-08, 3.3e-08, 2.37, 0.71, 1e-08, 0
529588801, 1.67, 5.6e-08, 5.62e-08, 3.26, 1.72, 1e-08, 0
530193601, 7.02, 1.42e-08, 1.2e-08, 1.43, 0.45, 1e-08, 0
531403201, 2.77, 1.66e-08, 1.61e-08, 1.96, 0.51, 1e-08, 0
532612801, 2.52, 7.97e-09, 1.44e-08, 1.68, 0.88, 1e-08, 0
533822401, 2.61, 3.64e-08, 3.53e-08, 2.67, 0.81, 1e-08, 0
535032001, 6.9, 9.49e-08, 4.72e-08, 2.98, 0.61, 1e-08, 0
535636801, 43.73, 1.06e-07, 3.52e-08, 2.15, 0.25, 1e-08, 0
536241601, 26.26, 7.21e-08, 2.8e-08, 2.29, 0.31, 1e-08, 0
536846401, 30.43, 6.43e-08, 2.42e-08, 2.06, 0.26, 1e-08, 0
537451201, 44.72, 1.14e-07, 3.58e-08, 2.48, 0.29, 1e-08, 0
538056001, 54.94, 1.5e-07, 3.1e-08, 2.75, 0.21, 1e-08, 0
538660801, 3.09, 7.56e-08, 5.52e-08, 3.97, 5.04, 1e-08, 102
539265601, 33.47, 1.01e-07, 3.71e-08, 2.34, 0.29, 1e-08, 0
539870401, 54.96, 1.78e-07, 4.5e-08, 2.28, 0.22, 1e-08, 0
540475201, 230.9, 2.39e-07, 3.7e-08, 1.94, 0.12, 1e-08, 0
541080001, 45.17, 1.17e-07, 3.11e-08, 2.45, 0.25, 1e-08, 0
541684801, 17.14, 4.22e-08, 2.28e-08, 2.24, 0.4, 1e-08, 0
542289601, 34.31, 1.08e-07, 3.62e-08, 2.37, 0.28, 1e-08, 0
544708801, 1.14, 2.58e-08, 2.87e-08, 2.5, 0.62, 1e-08, 0
545313601, 10.89, 3.46e-08, 1.64e-08, 2.21, 0.29, 1e-08, 0
545918401, 28.67, 8.03e-08, 2.29e-08, 2.8, 0.35, 1e-08, 0
546523201, 66.71, 1.6e-07, 2.8e-08, 2.93, 0.22, 1e-08, 0
547128001, 2.23, 5.98e-08, 1.33e-07, 1.54, 1.31, 1e-08, 0
547732801, 4.22, 1.33e-07, 8.32e-08, 2.91, 0.54, 1e-08, 0
548337601, 48.0, 1.33e-07, 5.01e-08, 2.14, 0.27, 1e-08, 0
548942401, 63.16, 1.18e-07, 3.21e-08, 2.03, 0.2, 1e-08, 0
549547201, 32.17, 6.19e-08, 2.7e-08, 2.0, 0.28, 1e-08, 0
550152001, 169.82, 1.74e-07, 2.8e-08, 2.26, 0.13, 1e-08, 0
550756801, 111.49, 1.38e-07, 2.3e-08, 2.47, 0.15, 1e-08, 0
551966401, 48.0, 1.28e-07, 3.51e-08, 2.44, 0.23, 1e-08, 0
552571201, 29.71, 1.03e-07, 4.12e-08, 2.34, 0.32, 1e-08, 0
553176001, 29.96, 1.4e-07, 4.11e-08, 2.74, 0.28, 1e-08, 0
553780801, 35.12, 1.21e-07, 3.42e-08, 2.65, 0.29, 1e-08, 0
554385601, 7.73, 3.94e-08, 1.97e-08, 2.79, 0.6, 1e-08, 0
554990401, 1.33, 4.15e-08, 4.83e-08, 3.3, 8.01, 1e-08, 102
556200001, 5.36, 3.67e-08, 2.48e-08, 2.47, 0.5, 1e-08, 0
558014401, 1.32, 4.25e-08, 4.42e-08, 5.0, 0, 1e-08, 0
560433601, 3.51, 7.94e-08, 6.19e-08, 3.44, 6.03, 1e-08, 0
561038401, 3.51, 6.15e-08, 3.56e-08, 4.52, 4.17, 1e-08, 102
562248001, 1.63, 8.45e-08, 7.65e-08, 4.42, 3.74, 1e-08, 0
562852801, 3.0, 1.9e-08, 2.3e-08, 2.03, 0.79, 1e-08, 0
563457601, 1.29, 3.23e-08, 3.2e-08, 3.14, 0.81, 1e-08, 0
564062401, 2.15, 4.73e-08, 3.62e-08, 3.86, 5.84, 1e-08, 102
565272001, 1.91, 4.85e-08, 4.73e-08, 3.42, 6.38, 1e-08, 102
566481601, 2.2, 5.99e-09, 9.58e-09, 1.43, 0.82, 1e-08, 0
568900801, 3.77, 5.55e-08, 3.81e-08, 5.0, 0, 1e-08, 0
569505601, 10.58, 5.11e-08, 2.92e-08, 2.44, 0.45, 1e-08, 0
570110401, 4.3, 5.85e-09, 7.47e-09, 1.37, 0.69, 1e-08, 0
570715201, 5.02, 1.74e-08, 1.67e-08, 1.76, 0.58, 1e-08, 0
571320001, 5.69, 6.26e-09, 7.43e-09, 1.27, 0.6, 1e-08, 0
572529601, 6.71, 7.93e-08, 3.89e-08, 3.06, 0.97, 1e-08, 0
573134401, 9.55, 9.28e-08, 3.81e-08, 4.14, 2.84, 1e-08, 102
573739201, 3.96, 5.53e-08, 3.47e-08, 5.0, 0, 1e-08, 0
577972801, 24.06, 8.79e-08, 3.99e-08, 2.32, 0.37, 1e-08, 0
578577601, 13.93, 4e-08, 2.73e-08, 2.17, 0.44, 1e-08, 0
579787201, 1.88, 7.09e-08, 5.99e-08, 3.74, 6.29, 1e-08, 102
580392001, 1.72, 4.36e-08, 4.52e-08, 2.88, 1.03, 1e-08, 0
580996801, 2.1, 5.32e-08, 4.51e-08, 3.7, 6.12, 1e-08, 102
581601601, 3.58, 5.81e-09, 7.21e-09, 1.59, 0.66, 1e-08, 0
582206401, 3.35, 1.68e-08, 1.71e-08, 2.14, 0.68, 1e-08, 0
582811201, 4.47, 4.86e-08, 3.04e-08, 2.89, 0.94, 1e-08, 0
583416001, 8.5, 4.41e-08, 3.01e-08, 2.34, 0.47, 1e-08, 0
584020801, 5.17, 6.64e-08, 5.46e-08, 2.43, 0.64, 1e-08, 0
585230401, 2.81, 1.65e-09, 2.12e-09, 0.75, 0.79, 1e-08, 0
585835201, 1.62, 1.59e-08, 2.1e-08, 2.49, 0.92, 1e-08, 0
586440001, 3.5, 4.65e-08, 8.73e-08, 3.29, 6.16, 1e-08, 102
587044801, 22.25, 5.51e-08, 2.4e-08, 2.36, 0.33, 1e-08, 0
587649601, 20.2, 1.14e-07, 3.49e-08, 3.09, 0.37, 1e-08, 0
588254401, 12.04, 1.69e-08, 1.68e-08, 1.62, 0.48, 1e-08, 0
589464001, 8.34, 5.76e-08, 3.12e-08, 2.33, 0.42, 1e-08, 0
590673601, 3.82, 5.21e-08, 7.2e-08, 2.83, 2.73, 1e-08, 0
591883201, 1.81, 3.72e-08, 7.27e-08, 3.42, 7.57, 1e-08, 102
592488001, 1.01, 8.23e-09, 2.75e-08, 2.07, 2.08, 1e-08, 0
594302401, 12.41, 4.84e-08, 3.09e-08, 1.87, 0.4, 1e-08, 0
596116801, 6.5, 2.28e-08, 1.81e-08, 2.06, 0.52, 1e-08, 0
600350401, 11.79, 6e-08, 2.99e-08, 2.78, 0.45, 1e-08, 0
600955201, 8.87, 3.24e-08, 2.14e-08, 2.27, 0.47, 1e-08, 0
602164801, 2.61, 7.37e-08, 5.21e-08, 5.0, 0, 1e-08, 0
603374401, 1.02, 1.96e-08, 3.26e-08, 2.15, 0.95, 1e-08, 0
604584001, 2.06, 2.04e-08, 2.1e-08, 2.33, 0.7, 1e-08, 0
605188801, 7.79, 6.08e-08, 2.87e-08, 2.86, 0.69, 1e-08, 0
605793601, 6.0, 4.06e-08, 2.47e-08, 2.5, 0.54, 1e-08, 0
606398401, 11.18, 4.8e-09, 4.29e-09, 1.03, 0.52, 1e-08, 0
607003201, 1.73, 1.89e-08, 3.19e-08, 1.89, 0.83, 1e-08, 0
607608001, 5.39, 2.04e-08, 2.25e-08, 1.65, 0.59, 1e-08, 0
608212801, 3.32, 7.72e-08, 6e-08, 2.9, 0.98, 1e-08, 0
609422401, 2.18, 1.13e-08, 2.33e-08, 1.52, 1.05, 1e-08, 0
610027201, 1.85, 4.6e-08, 3.72e-08, 3.42, 3.86, 1e-08, 0
610632001, 4.1, 6.01e-08, 3.49e-08, 4.29, 2.14, 1e-08, 0
611236801, 1.09, 2.4e-08, 2.97e-08, 2.56, 0.92, 1e-08, 0
612446401, 11.03, 4.08e-08, 3.21e-08, 2.12, 0.51, 1e-08, 0
613051201, 13.82, 9.16e-08, 3.54e-08, 2.89, 0.44, 1e-08, 0
613656001, 13.39, 9.42e-08, 3.38e-08, 3.72, 2.57, 1e-08, 102
614260801, 3.79, 1.9e-08, 1.76e-08, 2.17, 0.65, 1e-08, 0
615470401, 3.36, 5.17e-08, 3.38e-08, 3.33, 1.7, 1e-08, 0
616680001, 12.88, 4.39e-08, 2.23e-08, 2.11, 0.38, 1e-08, 0
617284801, 6.66, 8.23e-08, 4.36e-08, 3.5, 1.52, 1e-08, 0
617889601, 2.2, 1.97e-08, 1.95e-08, 2.39, 0.65, 1e-08, 0
618494401, 1.55, 9.22e-09, 1.46e-08, 2.2, 0.88, 1e-08, 0
619099201, 1.3, 1.08e-08, 1.43e-08, 2.18, 0.84, 1e-08, 0
619704001, 5.32, 7.92e-08, 4.57e-08, 5.0, 0, 1e-08, 0
620308801, 3.37, 6.13e-09, 8.06e-09, 1.58, 0.71, 1e-08, 0
621518401, 3.53, 2.03e-08, 1.91e-08, 2.01, 0.55, 1e-08, 0
622728001, 7.66, 9.63e-08, 4.48e-08, 3.27, 0.75, 1e-08, 0
625752001, 6.0, 5.06e-08, 3.48e-08, 2.33, 0.47, 1e-08, 0
626356801, 3.89, 1.51e-08, 2.34e-08, 1.83, 0.89, 1e-08, 0
626961601, 2.62, 1.06e-08, 1.31e-08, 1.68, 0.67, 1e-08, 0
628171201, 5.41, 5.72e-08, 5.98e-08, 3.5, 4.38, 1e-08, 102
629380801, 5.33, 4.84e-08, 2.86e-08, 2.48, 0.54, 1e-08, 0
630590401, 19.56, 5.54e-08, 2.81e-08, 1.99, 0.33, 1e-08, 0
631195201, 14.91, 9.91e-08, 3.87e-08, 2.91, 0.39, 1e-08, 0
631800001, 9.74, 1.2e-08, 9.53e-09, 1.76, 0.45, 1e-08, 0
632404801, 6.51, 6.03e-08, 3.41e-08, 2.85, 1.03, 1e-08, 0
633009601, 7.36, 4.08e-09, 4.7e-09, 1.29, 0.61, 1e-08, 0
633614401, 2.18, 2.24e-08, 2.13e-08, 2.34, 0.69, 1e-08, 0
634219201, 15.85, 8e-08, 3.98e-08, 2.33, 0.35, 1e-08, 0
635428801, 5.25, 2.89e-08, 2.01e-08, 2.01, 0.42, 1e-08, 0
636638401, 2.86, 2.94e-08, 2.55e-08, 2.7, 0.84, 1e-08, 0
637243201, 11.86, 5.3e-08, 2.46e-08, 2.54, 0.4, 1e-08, 0
637848001, 4.75, 5.83e-08, 3.7e-08, 5.0, 0, 1e-08, 0
638452801, 2.16, 2.92e-08, 3.15e-08, 2.4, 0.89, 1e-08, 0
642081601, 13.72, 5.57e-08, 2.63e-08, 2.33, 0.37, 1e-08, 0
643896001, 2.82, 9.94e-08, 7.27e-08, 3.48, 1.7, 1e-08, 0
644500801, 1.22, 2.2e-08, 2.82e-08, 2.24, 0.94, 1e-08, 0
645105601, 42.67, 1.38e-07, 3.89e-08, 2.38, 0.24, 1e-08, 0
645710401, 9.06, 2.7e-08, 1.79e-08, 2.2, 0.45, 1e-08, 0
646315201, 7.93, 2.14e-08, 3.07e-08, 2.2, 0.86, 1e-08, 0
646920001, 15.04, 8.29e-08, 3.23e-08, 3.02, 0.53, 1e-08, 0
647524801, 3.79, 4.85e-08, 3.98e-08, 2.63, 0.76, 1e-08, 0
648129601, 5.58, 2.06e-08, 2.43e-08, 1.67, 0.65, 1e-08, 0
648734401, 2.84, 5.66e-09, 8.54e-09, 1.43, 0.75, 1e-08, 0
649339201, 12.91, 5.99e-08, 3e-08, 2.38, 0.36, 1e-08, 0
649944001, 5.68, 4.54e-08, 3.46e-08, 2.69, 0.7, 1e-08, 0
650548801, 2.56, 2.05e-08, 5.71e-08, 2.19, 1.77, 1e-08, 0
651153601, 7.02, 7.63e-08, 3.16e-08, 4.0, 3.23, 1e-08, 102
651758401, 1.99, 3.07e-08, 2.79e-08, 2.73, 1.14, 1e-08, 0
652968001, 2.76, 6.21e-08, 5.11e-08, 5.0, 0, 1e-08, 0
656596801, 4.49, 7.07e-08, 6.03e-08, 3.39, 4.53, 1e-08, 102
657201601, 9.09, 4.02e-08, 3.07e-08, 2.1, 0.49, 1e-08, 0
657806401, 2.71, 7.19e-08, 5.31e-08, 4.27, 5.27, 1e-08, 102
662040001, 1.82, 3.95e-08, 4.08e-08, 2.93, 0.86, 1e-08, 0
663249601, 1.03, 1.66e-08, 2.12e-08, 2.43, 0.86, 1e-08, 0
663854401, 5.26, 3.13e-08, 1.99e-08, 2.56, 0.57, 1e-08, 0
664459201, 19.21, 7.79e-08, 3.01e-08, 2.55, 0.36, 1e-08, 0
665064001, 3.3, 4.91e-08, 2.8e-08, 4.1, 4.55, 1e-08, 102
665668801, 1.11, 7.26e-09, 1.13e-08, 1.78, 0.78, 1e-08, 0
666878401, 1.05, 5.21e-09, 8.61e-09, 1.45, 0.78, 1e-08, 0
668088001, 3.01, 6.64e-08, 5.36e-08, 5.0, 0, 1e-08, 0
668692801, 44.66, 5.59e-08, 2.18e-08, 1.92, 0.26, 1e-08, 0
669297601, 7.74, 2.64e-08, 1.66e-08, 2.08, 0.43, 1e-08, 0
669902401, 2.34, 3.74e-08, 2.91e-08, 3.1, 1.45, 1e-08, 0
671716801, 4.91, 1.94e-08, 1.85e-08, 1.62, 0.57, 1e-08, 0
673531201, 10.67, 7.97e-08, 3.55e-08, 2.76, 0.54, 1e-08, 0
674740801, 2.67, 8.48e-09, 9.82e-09, 1.66, 0.64, 1e-08, 0
675345601, 7.95, 5.09e-08, 3.2e-08, 2.08, 0.41, 1e-08, 0
675950401, 18.81, 6.45e-09, 6.75e-09, 0.78, 0.69, 1e-08, 0
676555201, 5.35, 6.55e-09, 1.01e-08, 1.5, 0.81, 1e-08, 0
677160001, 19.62, 4.22e-08, 2.6e-08, 2.13, 0.38, 1e-08, 0
678974401, 9.15, 3.67e-08, 1.98e-08, 2.23, 0.37, 1e-08, 0
679579201, 3.63, 3.36e-08, 2.63e-08, 2.22, 0.51, 1e-08, 0
680184001, 1.41, 5.67e-08, 7.13e-08, 3.72, 7.32, 1e-08, 102
680788801, 4.94, 4.82e-08, 3.96e-08, 2.84, 0.69, 1e-08, 0
681998401, 22.21, 7.83e-08, 3.69e-08, 2.23, 0.34, 1e-08, 0
682603201, 50.34, 1.02e-07, 3.19e-08, 2.26, 0.24, 1e-08, 0
683208001, 23.21, 9.21e-08, 2.98e-08, 2.63, 0.33, 1e-08, 0
683812801, 24.75, 9.41e-08, 3.48e-08, 2.47, 0.32, 1e-08, 0
684417601, 1.17, 5.56e-08, 6.53e-08, 5.0, 0, 1e-08, 0
686232001, 1.29, 1.81e-08, 2.26e-08, 2.08, 0.72, 1e-08, 0
686836801, 1.92, 3.12e-08, 3.04e-08, 2.61, 0.75, 1e-08, 0
687441601, 1.14, 1.54e-08, 2.3e-08, 2.28, 0.91, 1e-08, 0
689256001, 5.49, 8.27e-08, 5.11e-08, 3.17, 1.01, 1e-08, 0
690465601, 2.87, 6.42e-08, 4.2e-08, 3.83, 5.01, 1e-08, 102
691070401, 2.41, 2.07e-08, 2.72e-08, 2.5, 0.89, 1e-08, 0
692280001, 11.29, 1.01e-09, 1.36e-09, 0.0, 0, 1e-08, 0
694094401, 3.38, 4.87e-08, 3.66e-08, 2.57, 0.63, 1e-08, 0
695304001, 2.77, 2.73e-08, 2.91e-08, 2.54, 1.03, 1e-08, 0
696513601, 6.71, 5.02e-08, 2.94e-08, 2.91, 0.73, 1e-08, 0
697118401, 1.86, 8.07e-09, 2.74e-08, 1.95, 1.89, 1e-08, 0
697723201, 9.01, 3.61e-08, 2.48e-08, 2.16, 0.44, 1e-08, 0
698328001, 7.13, 4.78e-08, 3.39e-08, 2.2, 0.47, 1e-08, 0
698932801, 1.75, 3.54e-08, 3.86e-08, 2.51, 0.86, 1e-08, 0
700142401, 2.33, 4.37e-08, 3.43e-08, 2.96, 0.88, 1e-08, 0
700747201, 6.24, 4.84e-09, 5.28e-09, 1.28, 0.61, 1e-08, 0
701352001, 3.26, 2.95e-08, 3.28e-08, 2.45, 0.93, 1e-08, 0
702561601, 2.22, 2.65e-08, 2.91e-08, 2.27, 0.7, 1e-08, 0
703166401, 2.31, 1.1e-08, 2.13e-08, 1.72, 1, 1e-08, 0
706190401, 2.35, 3.59e-09, 5.76e-09, 1.53, 0.82, 1e-08, 0
706795201, 5.82, 1.08e-08, 1.47e-08, 1.72, 0.77, 1e-08, 0
707400001, 3.42, 1.09e-07, 6.71e-08, 3.77, 4.44, 1e-08, 102
708609601, 3.39, 5.05e-08, 3.36e-08, 3.09, 1.13, 1e-08, 0
709214401, 2.37, 2.19e-08, 1.9e-08, 2.18, 0.52, 1e-08, 0
710424001, 1.02, 8.08e-10, 1.22e-09, 0.46, 0.97, 1e-08, 0
711028801, 1.3, 1.4e-08, 1.64e-08, 2.27, 0.77, 1e-08, 0
713448001, 1.24, 8.69e-09, 1.23e-08, 2.16, 0.83, 1e-08, 0
716472001, 8.13, 7.59e-09, 7.1e-09, 1.19, 0.52, 1e-08, 0
718286401, 1.13, 3.39e-08, 4.32e-08, 2.93, 1.27, 1e-08, 0
721310401, 1.15, 5.45e-08, 5.93e-08, 5.0, 0, 1e-08, 0
723124801, 2.08, 5.57e-09, 7.34e-09, 1.67, 0.65, 1e-08, 0
724334401, 15.59, 4.15e-08, 2.78e-08, 2.27, 0.44, 1e-08, 0
725544001, 1.68, 3.26e-08, 3.33e-08, 2.49, 0.66, 1e-08, 0
726753601, 1.22, 4.3e-08, 4.85e-08, 5.0, 0, 1e-08, 0
728568001, 1.09, 2.44e-08, 3.05e-08, 5.0, 0, 1e-08, 0
729172801, 5.34, 6.17e-08, 3.25e-08, 2.97, 0.69, 1e-08, 0
730382401, 4.04, 1.59e-08, 2.11e-08, 2.0, 0.7, 1e-08, 0
735220801, 6.67, 5.92e-08, 4.1e-08, 2.37, 0.54, 1e-08, 0
737035201, 7.58, 4.04e-08, 3.01e-08, 2.65, 0.58, 1e-08, 0
737640001, 4.2, 8.68e-09, 8.31e-09, 1.66, 0.51, 1e-08, 0
739454401, 1.66, 7.84e-08, 7.88e-08, 5.0, 0, 1e-08, 0
741268801, 1.54, 2.88e-08, 2.53e-08, 4.51, 1.59, 1e-08, 0
