timestamp, ts, flux, flux_error, photon_index, photon_index_interval, fit_tolerance, fit_convergence
242308801, 2.18, 3.54e-08, 2.88e-08, 2.45, 0, 1e-08, 0
245332801, 2.92, 3.43e-08, 2.55e-08, 2.45, 0, 1e-08, 0
247752001, 1.55, 3.33e-08, 3.28e-08, 2.45, 0, 1e-08, 0
254404801, 1.17, 2.76e-08, 2.81e-08, 2.45, 0, 1e-08, 0
256824001, 1.15, 3.16e-08, 3.44e-08, 2.45, 0, 1e-08, 0
257428801, 1.45, 3.63e-08, 3.46e-08, 2.45, 0, 1e-08, 0
260452801, 6.26, 1.46e-08, 1.39e-08, 2.45, 0, 1e-08, 0
261057601, 5.37, 6.46e-08, 3.4e-08, 2.45, 0, 1e-08, 0
262267201, 1.58, 3.53e-08, 3.32e-08, 2.45, 0, 1e-08, 0
263476801, 2.35, 3.68e-08, 2.84e-08, 2.45, 0, 1e-08, 0
264686401, 1.91, 3.62e-08, 3.03e-08, 2.45, 0, 1e-08, 0
268920001, 2.55, 3.59e-08, 2.98e-08, 2.45, 0, 1e-08, 0
269524801, 1.72, 3.1e-08, 2.79e-08, 2.45, 0, 1e-08, 0
271944001, 1.21, 3.64e-08, 3.62e-08, 2.45, 0, 1e-08, 0
272548801, 2.96, 4.9e-08, 3.41e-08, 2.45, 0, 1e-08, 0
273153601, 2.01, 4.11e-08, 3.34e-08, 2.45, 0, 1e-08, 0
273758401, 3.31, 4.43e-08, 3.09e-08, 2.45, 0, 1e-08, 0
274363201, 1.4, 3.63e-08, 3.57e-08, 2.45, 0, 1e-08, 0
275572801, 1.34, 3.43e-08, 3.59e-08, 2.45, 0, 1e-08, 0
276177601, 7.07, 7.93e-08, 4.19e-08, 2.45, 0, 1e-08, 0
277387201, 2.15, 5.01e-08, 3.99e-08, 2.45, 0, 1e-08, 0
277992001, 2.69, 4.5e-08, 3.69e-08, 2.45, 0, 1e-08, 0
278596801, 34.61, 1.77e-07, 4.3e-08, 2.45, 0, 1e-08, 0
279806401, 8.22, 1.09e-07, 4.72e-08, 2.45, 0, 1e-08, 0
280411201, 2.75, 6.13e-08, 4.38e-08, 2.45, 0, 1e-08, 0
281016001, 12.85, 1.27e-07, 4.9e-08, 2.45, 0, 1e-08, 0
282830401, 2.35, 4.34e-08, 3.54e-08, 2.45, 0, 1e-08, 0
288878401, 4.55, 8.49e-08, 4.9e-08, 2.45, 0, 1e-08, 0
289483201, 3.52, 7.13e-08, 4.7e-08, 2.45, 0, 1e-08, 0
290088001, 9.04, 4.36e-08, 2.92e-08, 2.45, 0, 1e-08, 0
290692801, 9.2, 8.95e-08, 4.14e-08, 2.45, 0, 1e-08, 0
293716801, 2.05, 5.65e-08, 4.57e-08, 2.45, 0, 1e-08, 0
294926401, 1.06, 2.74e-08, 3.14e-08, 2.45, 0, 1e-08, 0
296136001, 5.01, 7.24e-08, 4.14e-08, 2.45, 0, 1e-08, 0
296740801, 21.0, 1.52e-07, 4.4e-08, 2.45, 0, 1e-08, 0
297345601, 4.94, 7.94e-08, 4.44e-08, 2.45, 0, 1e-08, 0
297950401, 8.96, 1.24e-07, 5.01e-08, 2.45, 0, 1e-08, 0
298555201, 10.75, 1.08e-07, 4.31e-08, 2.45, 0, 1e-08, 0
299160001, 51.22, 2.15e-07, 4.8e-08, 2.45, 0, 1e-08, 0
299764801, 14.43, 1.14e-07, 4.39e-08, 2.45, 0, 1e-08, 0
300369601, 6.61, 7.33e-08, 3.99e-08, 2.45, 0, 1e-08, 0
301579201, 15.19, 1.1e-07, 3.82e-08, 2.45, 0, 1e-08, 0
302184001, 5.84, 6.29e-08, 3.31e-08, 2.45, 0, 1e-08, 0
303393601, 9.42, 6.95e-08, 3.55e-08, 2.45, 0, 1e-08, 0
303998401, 3.28, 3.9e-08, 3.07e-08, 2.45, 0, 1e-08, 0
306417601, 1.84, 2.06e-08, 2.15e-08, 2.45, 0, 1e-08, 0
307022401, 10.1, 1.26e-07, 5.39e-08, 2.45, 0, 1e-08, 0
308232001, 5.94, 6.43e-08, 3.47e-08, 2.45, 0, 1e-08, 0
311256001, 3.18, 4.9e-08, 3.39e-08, 2.45, 0, 1e-08, 0
315489601, 2.06, 3.16e-08, 2.66e-08, 2.45, 0, 1e-08, 0
316094401, 1.59, 4.6e-08, 4.24e-08, 2.45, 0, 1e-08, 0
319118401, 2.57, 5.5e-08, 4.07e-08, 2.45, 0, 1e-08, 0
320328001, 1.5, 4.14e-08, 4.09e-08, 2.45, 0, 1e-08, 0
321537601, 3.59, 6.94e-08, 4.37e-08, 2.45, 0, 1e-08, 0
324561601, 1.57, 6.54e-08, 6.04e-08, 2.45, 0, 1e-08, 0
328795201, 1.36, 3.6e-08, 3.41e-08, 2.45, 0, 1e-08, 0
330609601, 1.02, 1.97e-08, 2.46e-08, 2.45, 0, 1e-08, 0
331819201, 5.17, 7.75e-08, 4.06e-08, 2.45, 0, 1e-08, 0
332424001, 9.09, 9.6e-08, 4.19e-08, 2.45, 0, 1e-08, 0
333633601, 6.66, 9.61e-08, 4.59e-08, 2.45, 0, 1e-08, 0
334238401, 4.85, 4.35e-08, 3.06e-08, 2.45, 0, 1e-08, 0
335448001, 1.77, 2.31e-08, 2.52e-08, 2.45, 0, 1e-08, 0
337262401, 2.18, 5.21e-08, 4.36e-08, 2.45, 0, 1e-08, 0
339076801, 3.09, 5.57e-08, 4.21e-08, 2.45, 0, 1e-08, 0
340286401, 3.43, 3.78e-08, 3.04e-08, 2.45, 0, 1e-08, 0
340891201, 1.26, 3.52e-08, 3.7e-08, 2.45, 0, 1e-08, 0
342100801, 1.23, 4.28e-08, 4.25e-08, 2.45, 0, 1e-08, 0
342705601, 3.93, 5.39e-08, 3.4e-08, 2.45, 0, 1e-08, 0
343310401, 5.15, 7.72e-08, 4.16e-08, 2.45, 0, 1e-08, 0
344520001, 1.02, 2.72e-08, 3.12e-08, 2.45, 0, 1e-08, 0
345124801, 4.61, 7.33e-08, 4.49e-08, 2.45, 0, 1e-08, 0
345729601, 32.04, 1.83e-07, 4.5e-08, 2.45, 0, 1e-08, 0
346334401, 3.23, 7e-08, 4.78e-08, 2.45, 0, 1e-08, 0
346939201, 8.85, 9.77e-08, 4.43e-08, 2.45, 0, 1e-08, 0
349963201, 4.27, 5.92e-08, 3.59e-08, 2.45, 0, 1e-08, 0
351172801, 2.19, 5.46e-08, 4.24e-08, 2.45, 0, 1e-08, 0
351777601, 4.8, 6.65e-08, 3.76e-08, 2.45, 0, 1e-08, 0
353592001, 2.89, 4.77e-08, 3.33e-08, 2.45, 0, 1e-08, 0
354801601, 12.09, 7.58e-08, 3.43e-08, 2.45, 0, 1e-08, 0
356011201, 5.49, 3.64e-08, 2.49e-08, 2.45, 0, 1e-08, 0
359640001, 2.1, 5.24e-08, 4.37e-08, 2.45, 0, 1e-08, 0
362664001, 7.78, 6.42e-08, 3.67e-08, 2.45, 0, 1e-08, 0
363268801, 7.11, 7.87e-08, 4.26e-08, 2.45, 0, 1e-08, 0
363873601, 2.69, 5.36e-08, 3.83e-08, 2.45, 0, 1e-08, 0
365083201, 2.86, 5.44e-08, 3.9e-08, 2.45, 0, 1e-08, 0
367502401, 1.77, 3.7e-08, 3.43e-08, 2.45, 0, 1e-08, 0
368107201, 10.98, 9.89e-08, 4.09e-08, 2.45, 0, 1e-08, 0
369316801, 1.13, 4.38e-08, 4.57e-08, 2.45, 0, 1e-08, 0
371131201, 3.9, 5.49e-08, 3.89e-08, 2.45, 0, 1e-08, 0
375364801, 2.28, 5.29e-08, 4.13e-08, 2.45, 0, 1e-08, 0
375969601, 3.61, 8.33e-08, 5.36e-08, 2.45, 0, 1e-08, 0
378993601, 2.79, 5.83e-08, 4.47e-08, 2.45, 0, 1e-08, 0
380203201, 2.32, 3.62e-08, 2.89e-08, 2.45, 0, 1e-08, 0
381412801, 7.07, 5.58e-08, 3.28e-08, 2.45, 0, 1e-08, 0
382017601, 2.98, 6.3e-08, 4.3e-08, 2.45, 0, 1e-08, 0
382622401, 1.46, 3.61e-08, 3.49e-08, 2.45, 0, 1e-08, 0
383227201, 2.45, 4.56e-08, 3.59e-08, 2.45, 0, 1e-08, 0
384436801, 7.45, 9.03e-08, 5.08e-08, 2.45, 0, 1e-08, 0
385646401, 5.73, 8.48e-08, 4.43e-08, 2.45, 0, 1e-08, 0
387460801, 2.21, 3.4e-08, 2.78e-08, 2.45, 0, 1e-08, 0
388065601, 1.5, 3.28e-08, 3.12e-08, 2.45, 0, 1e-08, 0
389275201, 1.66, 3.5e-08, 3.23e-08, 2.45, 0, 1e-08, 0
389880001, 4.11, 8.12e-08, 4.79e-08, 2.45, 0, 1e-08, 0
391694401, 1.76, 3.19e-08, 2.99e-08, 2.45, 0, 1e-08, 0
392299201, 1.67, 4.67e-08, 4.51e-08, 2.45, 0, 1e-08, 0
394718401, 2.88, 5.61e-08, 4.02e-08, 2.45, 0, 1e-08, 0
398952001, 4.18, 5.13e-08, 2.99e-08, 2.45, 0, 1e-08, 0
399556801, 2.45, 3.49e-08, 2.71e-08, 2.45, 0, 1e-08, 0
400766401, 2.65, 5.15e-08, 3.68e-08, 2.45, 0, 1e-08, 0
401976001, 1.44, 3.53e-08, 3.65e-08, 2.45, 0, 1e-08, 0
404395201, 3.52, 6.33e-08, 3.99e-08, 2.45, 0, 1e-08, 0
405000001, 2.64, 6.37e-08, 4.55e-08, 2.45, 0, 1e-08, 0
405604801, 11.39, 8.89e-08, 3.61e-08, 2.45, 0, 1e-08, 0
406209601, 2.02, 2.17e-08, 2.41e-08, 2.45, 0, 1e-08, 0
409838401, 2.73, 2.56e-08, 2.08e-08, 2.45, 0, 1e-08, 0
410443201, 6.26, 3.94e-08, 2.05e-08, 2.45, 0, 1e-08, 0
411048001, 3.51, 2.23e-08, 1.56e-08, 2.45, 0, 1e-08, 0
411652801, 2.62, 2.18e-08, 1.59e-08, 2.45, 0, 1e-08, 0
412862401, 4.68, 5.13e-08, 3.34e-08, 2.45, 0, 1e-08, 0
413467201, 2.58, 3.59e-08, 2.49e-08, 2.45, 0, 1e-08, 0
414676801, 6.41, 6.17e-08, 2.84e-08, 2.45, 0, 1e-08, 0
415281601, 6.49, 5.38e-08, 2.67e-08, 2.45, 0, 1e-08, 0
415886401, 4.17, 2.73e-08, 1.68e-08, 2.45, 0, 1e-08, 0
416491201, 23.92, 8.9e-08, 2.49e-08, 2.45, 0, 1e-08, 0
417096001, 8.43, 4.35e-08, 1.86e-08, 2.45, 0, 1e-08, 0
417700801, 36.44, 9.93e-08, 2.38e-08, 2.45, 0, 1e-08, 0
418305601, 21.93, 1.46e-07, 4.3e-08, 2.45, 0, 1e-08, 0
418910401, 13.91, 7.7e-08, 2.62e-08, 2.45, 0, 1e-08, 0
419515201, 1.66, 2.71e-08, 2.4e-08, 2.45, 0, 1e-08, 0
420120001, 18.15, 1.06e-07, 3.22e-08, 2.45, 0, 1e-08, 0
421934401, 9.97, 1.2e-07, 4.98e-08, 2.45, 0, 1e-08, 0
422539201, 1.91, 4.18e-08, 3.68e-08, 2.45, 0, 1e-08, 0
423144001, 30.8, 2.43e-07, 6.1e-08, 2.45, 0, 1e-08, 0
425563201, 2.06, 4.62e-08, 4.07e-08, 2.45, 0, 1e-08, 0
426772801, 1.86, 2.1e-08, 1.9e-08, 2.45, 0, 1e-08, 0
427377601, 17.93, 6.2e-08, 2.23e-08, 2.45, 0, 1e-08, 0
427982401, 2.73, 2.84e-08, 2.25e-08, 2.45, 0, 1e-08, 0
428587201, 4.72, 4.73e-08, 2.65e-08, 2.45, 0, 1e-08, 0
429192001, 29.38, 8.81e-08, 2.21e-08, 2.45, 0, 1e-08, 0
429796801, 30.29, 9.79e-08, 2.3e-08, 2.45, 0, 1e-08, 0
430401601, 3.55, 3.49e-08, 2.3e-08, 2.45, 0, 1e-08, 0
431006401, 21.79, 7.28e-08, 2.06e-08, 2.45, 0, 1e-08, 0
431611201, 7.66, 5.28e-08, 2.43e-08, 2.45, 0, 1e-08, 0
432216001, 1.87, 2.37e-08, 2.26e-08, 2.45, 0, 1e-08, 0
432820801, 14.78, 7.49e-08, 2.71e-08, 2.45, 0, 1e-08, 0
433425601, 16.02, 6.41e-08, 2.16e-08, 2.45, 0, 1e-08, 0
434030401, 13.13, 4.6e-08, 1.8e-08, 2.45, 0, 1e-08, 0
434635201, 14.52, 5.64e-08, 1.92e-08, 2.45, 0, 1e-08, 0
435240001, 15.65, 5.31e-08, 1.86e-08, 2.45, 0, 1e-08, 0
435844801, 1.87, 2.5e-08, 2.1e-08, 2.45, 0, 1e-08, 0
437054401, 2.43, 3.48e-08, 2.64e-08, 2.45, 0, 1e-08, 0
438264001, 6.25, 4.84e-08, 2.31e-08, 2.45, 0, 1e-08, 0
438868801, 4.04, 2.4e-08, 1.5e-08, 2.45, 0, 1e-08, 0
439473601, 1.28, 2.03e-08, 2.16e-08, 2.45, 0, 1e-08, 0
440683201, 11.28, 8.43e-08, 3.57e-08, 2.45, 0, 1e-08, 0
441892801, 14.42, 7.24e-08, 3.15e-08, 2.45, 0, 1e-08, 0
445521601, 2.55, 5.69e-08, 3.9e-08, 2.45, 0, 1e-08, 0
446126401, 2.52, 5.11e-08, 3.87e-08, 2.45, 0, 1e-08, 0
446731201, 11.32, 1.09e-07, 3.99e-08, 2.45, 0, 1e-08, 0
447336001, 5.91, 8.19e-08, 4.2e-08, 2.45, 0, 1e-08, 0
448545601, 11.54, 6.36e-08, 2.22e-08, 2.45, 0, 1e-08, 0
449755201, 3.65, 2.13e-08, 1.61e-08, 2.45, 0, 1e-08, 0
450360001, 2.19, 2.96e-08, 2.78e-08, 2.45, 0, 1e-08, 0
452174401, 1.43, 3.24e-08, 3.27e-08, 2.45, 0, 1e-08, 0
452779201, 3.71, 4.46e-08, 3.11e-08, 2.45, 0, 1e-08, 0
453384001, 7.36, 5.46e-08, 3.1e-08, 2.45, 0, 1e-08, 0
454593601, 1.37, 4.19e-08, 4.01e-08, 2.45, 0, 1e-08, 0
455198401, 12.69, 9.37e-08, 3.83e-08, 2.45, 0, 1e-08, 0
455803201, 5.25, 7.14e-08, 4.38e-08, 2.45, 0, 1e-08, 0
456408001, 11.11, 1.8e-07, 7.5e-08, 2.45, 0, 1e-08, 0
457617601, 1.9, 3.89e-08, 3.64e-08, 2.45, 0, 1e-08, 0
458222401, 1.55, 3.6e-08, 3.58e-08, 2.45, 0, 1e-08, 0
458827201, 26.65, 1.88e-07, 4.9e-08, 2.45, 0, 1e-08, 0
459432001, 15.16, 1.42e-07, 4.68e-08, 2.45, 0, 1e-08, 0
460036801, 6.79, 7.53e-08, 3.99e-08, 2.45, 0, 1e-08, 0
460641601, 9.85, 9.69e-08, 4.03e-08, 2.45, 0, 1e-08, 0
461246401, 8.43, 9.65e-08, 4.37e-08, 2.45, 0, 1e-08, 0
462456001, 8.41, 8.26e-08, 3.75e-08, 2.45, 0, 1e-08, 0
463665601, 2.04, 4.62e-08, 3.88e-08, 2.45, 0, 1e-08, 0
464270401, 8.26, 7.68e-08, 4.13e-08, 2.45, 0, 1e-08, 0
464875201, 2.37, 5.09e-08, 3.85e-08, 2.45, 0, 1e-08, 0
466084801, 2.1, 4.54e-08, 3.72e-08, 2.45, 0, 1e-08, 0
467294401, 9.97, 7.28e-08, 3.44e-08, 2.45, 0, 1e-08, 0
469108801, 1.51, 4.17e-08, 3.91e-08, 2.45, 0, 1e-08, 0
470318401, 2.15, 4.24e-08, 3.42e-08, 2.45, 0, 1e-08, 0
472737601, 5.88, 8.55e-08, 4.45e-08, 2.45, 0, 1e-08, 0
473342401, 12.33, 1.04e-07, 3.99e-08, 2.45, 0, 1e-08, 0
474552001, 3.33, 6.16e-08, 4.14e-08, 2.45, 0, 1e-08, 0
482414401, 5.28, 8.4e-08, 4.9e-08, 2.45, 0, 1e-08, 0
483019201, 1.11, 2.8e-08, 3.19e-08, 2.45, 0, 1e-08, 0
483624001, 2.36, 4.3e-08, 3.61e-08, 2.45, 0, 1e-08, 0
484228801, 1.53, 2.43e-08, 2.57e-08, 2.45, 0, 1e-08, 0
484833601, 2.26, 4.06e-08, 3.22e-08, 2.45, 0, 1e-08, 0
485438401, 3.74, 7.35e-08, 4.63e-08, 2.45, 0, 1e-08, 0
486043201, 9.52, 1.05e-07, 4.3e-08, 2.45, 0, 1e-08, 0
488462401, 2.54, 4.55e-08, 3.35e-08, 2.45, 0, 1e-08, 0
492696001, 7.89, 9.55e-08, 4.16e-08, 2.45, 0, 1e-08, 0
493905601, 2.51, 5.25e-08, 4.24e-08, 2.45, 0, 1e-08, 0
498139201, 6.75, 8.46e-08, 4.47e-08, 2.45, 0, 1e-08, 0
499348801, 4.45, 3.45e-08, 1.96e-08, 2.45, 0, 1e-08, 0
499953601, 3.28, 3.24e-08, 2.09e-08, 2.45, 0, 1e-08, 0
502977601, 1.81, 4.03e-08, 3.52e-08, 2.45, 0, 1e-08, 0
504792001, 2.0, 5.01e-08, 4.35e-08, 2.45, 0, 1e-08, 0
506606401, 8.39, 1.06e-07, 4.72e-08, 2.45, 0, 1e-08, 0
509630401, 3.55, 5.88e-08, 3.93e-08, 2.45, 0, 1e-08, 0
510235201, 5.64, 6.06e-08, 3.41e-08, 2.45, 0, 1e-08, 0
512654401, 1.63, 3.98e-08, 3.78e-08, 2.45, 0, 1e-08, 0
514468801, 3.73, 6.46e-08, 3.96e-08, 2.45, 0, 1e-08, 0
515678401, 5.02, 6.97e-08, 3.72e-08, 2.45, 0, 1e-08, 0
516283201, 1.28, 4.04e-08, 3.97e-08, 2.45, 0, 1e-08, 0
518097601, 6.33, 7.77e-08, 3.95e-08, 2.45, 0, 1e-08, 0
519307201, 2.0, 4.81e-08, 3.79e-08, 2.45, 0, 1e-08, 0
519912001, 3.51, 4.81e-08, 3.46e-08, 2.45, 0, 1e-08, 0
521121601, 1.06, 3.44e-08, 4.04e-08, 2.45, 0, 1e-08, 0
522936001, 2.3, 4.87e-08, 3.76e-08, 2.45, 0, 1e-08, 0
524750401, 3.93, 7.42e-08, 4.48e-08, 2.45, 0, 1e-08, 0
525355201, 1.58, 5.42e-08, 5.35e-08, 2.45, 0, 1e-08, 0
526564801, 4.38, 6.46e-08, 4.02e-08, 2.45, 0, 1e-08, 0
528984001, 7.67, 9.79e-08, 4.29e-08, 2.45, 0, 1e-08, 0
529588801, 8.23, 7.09e-08, 3.59e-08, 2.45, 0, 1e-08, 0
530798401, 1.21, 2.83e-08, 3.01e-08, 2.45, 0, 1e-08, 0
532008001, 1.73, 5.66e-08, 5.04e-08, 2.45, 0, 1e-08, 0
532612801, 2.36, 5.04e-08, 3.84e-08, 2.45, 0, 1e-08, 0
533822401, 1.91, 3.99e-08, 3.47e-08, 2.45, 0, 1e-08, 0
535636801, 5.29, 7.22e-08, 4.26e-08, 2.45, 0, 1e-08, 0
536241601, 3.55, 6.38e-08, 3.92e-08, 2.45, 0, 1e-08, 0
538660801, 4.83, 5.44e-08, 3.53e-08, 2.45, 0, 1e-08, 0
540475201, 1.48, 1.96e-08, 2.26e-08, 2.45, 0, 1e-08, 0
541080001, 1.0, 2.27e-08, 2.65e-08, 2.45, 0, 1e-08, 0
549547201, 2.26, 7.65e-08, 5.96e-08, 2.45, 0, 1e-08, 0
551361601, 4.09, 3.09e-08, 2.11e-08, 2.45, 0, 1e-08, 0
553780801, 2.65, 3.42e-08, 3e-08, 2.45, 0, 1e-08, 0
554990401, 1.23, 2.52e-08, 2.68e-08, 2.45, 0, 1e-08, 0
555595201, 23.22, 8.71e-08, 2.6e-08, 2.45, 0, 1e-08, 0
556804801, 13.22, 1.12e-07, 4.21e-08, 2.45, 0, 1e-08, 0
559224001, 6.58, 8.54e-08, 4.18e-08, 2.45, 0, 1e-08, 0
562852801, 1.49, 3.25e-08, 3.23e-08, 2.45, 0, 1e-08, 0
563457601, 7.73, 7.43e-08, 3.48e-08, 2.45, 0, 1e-08, 0
564667201, 2.98, 3.59e-08, 2.51e-08, 2.45, 0, 1e-08, 0
566481601, 1.04, 2.61e-08, 2.84e-08, 2.45, 0, 1e-08, 0
567691201, 4.63, 6.36e-08, 3.94e-08, 2.45, 0, 1e-08, 0
568296001, 5.08, 6.44e-08, 3.68e-08, 2.45, 0, 1e-08, 0
569505601, 3.22, 6.61e-08, 4.51e-08, 2.45, 0, 1e-08, 0
570110401, 3.96, 5.67e-08, 3.38e-08, 2.45, 0, 1e-08, 0
573134401, 3.64, 7.83e-08, 4.85e-08, 2.45, 0, 1e-08, 0
576158401, 1.93, 3.2e-08, 2.84e-08, 2.45, 0, 1e-08, 0
577368001, 2.55, 4.43e-08, 3.43e-08, 2.45, 0, 1e-08, 0
579787201, 3.61, 6.27e-08, 3.85e-08, 2.45, 0, 1e-08, 0
585230401, 2.74, 8.77e-08, 5.82e-08, 2.45, 0, 1e-08, 0
590673601, 3.61, 6.3e-08, 4.2e-08, 2.45, 0, 1e-08, 0
591883201, 1.58, 4.21e-08, 3.91e-08, 2.45, 0, 1e-08, 0
594302401, 3.45, 7.62e-08, 4.87e-08, 2.45, 0, 1e-08, 0
596116801, 8.81, 8.92e-08, 3.6e-08, 2.45, 0, 1e-08, 0
596721601, 3.25, 6.09e-08, 4.01e-08, 2.45, 0, 1e-08, 0
597931201, 1.53, 4.49e-08, 4.26e-08, 2.45, 0, 1e-08, 0
598536001, 8.65, 8.33e-08, 3.67e-08, 2.45, 0, 1e-08, 0
601560001, 11.62, 1.01e-07, 4e-08, 2.45, 0, 1e-08, 0
602769601, 1.49, 1.99e-08, 1.98e-08, 2.45, 0, 1e-08, 0
603374401, 2.58, 2.98e-08, 2.28e-08, 2.45, 0, 1e-08, 0
603979201, 1.41, 4.01e-08, 3.84e-08, 2.45, 0, 1e-08, 0
605188801, 7.89, 1.01e-07, 4.61e-08, 2.45, 0, 1e-08, 0
605793601, 16.59, 1.19e-07, 4.18e-08, 2.45, 0, 1e-08, 0
607003201, 2.69, 4.58e-08, 3.61e-08, 2.45, 0, 1e-08, 0
610027201, 2.42, 4.48e-08, 3.48e-08, 2.45, 0, 1e-08, 0
610632001, 1.25, 3.59e-08, 3.63e-08, 2.45, 0, 1e-08, 0
612446401, 3.48, 6.97e-08, 4.81e-08, 2.45, 0, 1e-08, 0
616075201, 1.26, 3.72e-08, 3.72e-08, 2.45, 0, 1e-08, 0
617284801, 1.34, 4.26e-08, 4.01e-08, 2.45, 0, 1e-08, 0
618494401, 3.79, 4.17e-08, 3.15e-08, 2.45, 0, 1e-08, 0
619704001, 1.66, 4.58e-08, 4.57e-08, 2.45, 0, 1e-08, 0
622123201, 3.56, 6.78e-08, 4.5e-08, 2.45, 0, 1e-08, 0
623332801, 3.61, 4.52e-08, 2.87e-08, 2.45, 0, 1e-08, 0
623937601, 7.95, 8.59e-08, 3.79e-08, 2.45, 0, 1e-08, 0
626356801, 3.22, 7.3e-08, 4.7e-08, 2.45, 0, 1e-08, 0
628171201, 4.22, 4.83e-08, 3.25e-08, 2.45, 0, 1e-08, 0
629985601, 3.33, 7.05e-08, 5.04e-08, 2.45, 0, 1e-08, 0
633614401, 2.83, 5.68e-08, 3.87e-08, 2.45, 0, 1e-08, 0
636638401, 1.16, 2.48e-08, 2.88e-08, 2.45, 0, 1e-08, 0
640872001, 1.9, 4.73e-08, 3.99e-08, 2.45, 0, 1e-08, 0
642686401, 3.0, 6.27e-08, 4.35e-08, 2.45, 0, 1e-08, 0
643896001, 1.19, 2.28e-08, 2.78e-08, 2.45, 0, 1e-08, 0
645105601, 8.45, 2.02e-07, 1e-07, 2.45, 0, 1e-08, 0
646315201, 6.79, 1.13e-07, 4.97e-08, 2.45, 0, 1e-08, 0
646920001, 3.49, 7e-08, 4.61e-08, 2.45, 0, 1e-08, 0
647524801, 3.14, 6.92e-08, 4.88e-08, 2.45, 0, 1e-08, 0
648129601, 1.04, 2.54e-08, 3.03e-08, 2.45, 0, 1e-08, 0
649944001, 2.98, 3.9e-08, 3.33e-08, 2.45, 0, 1e-08, 0
651153601, 1.21, 3.86e-08, 3.96e-08, 2.45, 0, 1e-08, 0
657201601, 5.76, 6.61e-08, 3.41e-08, 2.45, 0, 1e-08, 0
657806401, 2.78, 6.2e-08, 4.33e-08, 2.45, 0, 1e-08, 0
658411201, 2.17, 3.97e-08, 3.37e-08, 2.45, 0, 1e-08, 0
659016001, 1.31, 2.76e-08, 2.99e-08, 2.45, 0, 1e-08, 0
659620801, 1.52, 3.91e-08, 3.69e-08, 2.45, 0, 1e-08, 0
662644801, 4.52, 7.28e-08, 3.83e-08, 2.45, 0, 1e-08, 0
664459201, 2.66, 5.08e-08, 3.82e-08, 2.45, 0, 1e-08, 0
665668801, 6.79, 8.44e-08, 4.15e-08, 2.45, 0, 1e-08, 0
669902401, 4.73, 5.96e-08, 3.38e-08, 2.45, 0, 1e-08, 0
670507201, 4.0, 6.82e-08, 4e-08, 2.45, 0, 1e-08, 0
672926401, 2.74, 6.28e-08, 5.11e-08, 2.45, 0, 1e-08, 0
677160001, 8.22, 2.18e-07, 1.09e-07, 2.45, 0, 1e-08, 0
679579201, 1.2, 3.64e-08, 3.81e-08, 2.45, 0, 1e-08, 0
680184001, 2.25, 4.43e-08, 3.43e-08, 2.45, 0, 1e-08, 0
680788801, 7.69, 9.47e-08, 4.06e-08, 2.45, 0, 1e-08, 0
683812801, 4.02, 5.66e-08, 3.61e-08, 2.45, 0, 1e-08, 0
685022401, 8.69, 6.11e-08, 2.93e-08, 2.45, 0, 1e-08, 0
685627201, 29.55, 2.12e-07, 5.6e-08, 2.45, 0, 1e-08, 0
686232001, 1.15, 4.15e-08, 4.59e-08, 2.45, 0, 1e-08, 0
686836801, 2.91, 4.65e-08, 3.35e-08, 2.45, 0, 1e-08, 0
687441601, 8.96, 7.26e-08, 3.02e-08, 2.45, 0, 1e-08, 0
688651201, 4.7, 5.37e-08, 3.51e-08, 2.45, 0, 1e-08, 0
689860801, 1.23, 3.89e-08, 4.33e-08, 2.45, 0, 1e-08, 0
690465601, 1.5, 4.29e-08, 4.63e-08, 2.45, 0, 1e-08, 0
691675201, 6.54, 6.51e-08, 3.41e-08, 2.45, 0, 1e-08, 0
694094401, 6.49, 7.91e-08, 3.78e-08, 2.45, 0, 1e-08, 0
694699201, 5.18, 8.27e-08, 4.24e-08, 2.45, 0, 1e-08, 0
695908801, 1.55, 4.8e-08, 4.39e-08, 2.45, 0, 1e-08, 0
697118401, 12.65, 1.15e-07, 4.42e-08, 2.45, 0, 1e-08, 0
697723201, 2.59, 3.57e-08, 2.88e-08, 2.45, 0, 1e-08, 0
698932801, 7.28, 6.63e-08, 3e-08, 2.45, 0, 1e-08, 0
700142401, 2.97, 4.5e-08, 3.23e-08, 2.45, 0, 1e-08, 0
700747201, 2.82, 4.37e-08, 3.12e-08, 2.45, 0, 1e-08, 0
701352001, 1.85, 4.58e-08, 4.05e-08, 2.45, 0, 1e-08, 0
701956801, 3.3, 4.31e-08, 3.01e-08, 2.45, 0, 1e-08, 0
704376001, 1.7, 4.38e-08, 3.91e-08, 2.45, 0, 1e-08, 0
704980801, 15.67, 1.36e-07, 4.61e-08, 2.45, 0, 1e-08, 0
705585601, 7.82, 7.71e-08, 3.51e-08, 2.45, 0, 1e-08, 0
706190401, 1.62, 4.85e-08, 4.73e-08, 2.45, 0, 1e-08, 0
707400001, 3.99, 6.08e-08, 3.8e-08, 2.45, 0, 1e-08, 0
708004801, 4.75, 5.69e-08, 3.76e-08, 2.45, 0, 1e-08, 0
708609601, 2.72, 9.84e-08, 6.97e-08, 2.45, 0, 1e-08, 0
709214401, 3.39, 4.87e-08, 4.68e-08, 2.45, 0, 1e-08, 0
709819201, 3.1, 4.37e-08, 3.37e-08, 2.45, 0, 1e-08, 0
711633601, 2.54, 5.08e-08, 3.94e-08, 2.45, 0, 1e-08, 0
712238401, 4.51, 5.93e-08, 3.38e-08, 2.45, 0, 1e-08, 0
713448001, 1.32, 1.66e-08, 2.01e-08, 2.45, 0, 1e-08, 0
714052801, 2.26, 6.16e-08, 4.61e-08, 2.45, 0, 1e-08, 0
715867201, 2.0, 4.25e-08, 3.62e-08, 2.45, 0, 1e-08, 0
717076801, 2.69, 4.97e-08, 3.55e-08, 2.45, 0, 1e-08, 0
718286401, 2.61, 2.87e-08, 2.58e-08, 2.45, 0, 1e-08, 0
720100801, 2.91, 4.43e-08, 3.19e-08, 2.45, 0, 1e-08, 0
721310401, 15.98, 1.33e-07, 4.78e-08, 2.45, 0, 1e-08, 0
723124801, 3.02, 6.77e-08, 4.6e-08, 2.45, 0, 1e-08, 0
724939201, 1.45, 3.86e-08, 3.62e-08, 2.45, 0, 1e-08, 0
725544001, 1.37, 3.93e-08, 3.81e-08, 2.45, 0, 1e-08, 0
726753601, 11.99, 1.03e-07, 4.1e-08, 2.45, 0, 1e-08, 0
727963201, 14.94, 8.27e-08, 3.32e-08, 2.45, 0, 1e-08, 0
728568001, 19.81, 1.02e-07, 3.52e-08, 2.45, 0, 1e-08, 0
729172801, 22.56, 1.25e-07, 3.88e-08, 2.45, 0, 1e-08, 0
729777601, 43.17, 1.78e-07, 4.1e-08, 2.45, 0, 1e-08, 0
730382401, 78.1, 1.99e-07, 3.45e-08, 2.45, 0, 1e-08, 0
730987201, 82.1, 2.26e-07, 3.9e-08, 2.45, 0, 1e-08, 0
731592001, 29.73, 1.54e-07, 4e-08, 2.45, 0, 1e-08, 0
732196801, 76.36, 2.18e-07, 4.2e-08, 2.45, 0, 1e-08, 0
732801601, 48.28, 1.61e-07, 3.6e-08, 2.45, 0, 1e-08, 0
733406401, 34.3, 1.64e-07, 4.1e-08, 2.45, 0, 1e-08, 0
734011201, 11.41, 9.23e-08, 3.59e-08, 2.45, 0, 1e-08, 0
734616001, 10.11, 9.88e-08, 3.75e-08, 2.45, 0, 1e-08, 0
739454401, 1.84, 5.31e-08, 4.51e-08, 2.45, 0, 1e-08, 0
740664001, 1.13, 6.58e-08, 7.14e-08, 2.45, 0, 1e-08, 0
741873601, 8.21, 1.03e-07, 4.78e-08, 2.45, 0, 1e-08, 0
