timestamp, ts, flux, flux_error, photon_index, photon_index_interval, fit_tolerance, fit_convergence
239889601, 3.89, 1.3e-08, 1.04e-08, 1.96, 0, 1e-08, 0
240494401, 7.74, 3.11e-08, 1.74e-08, 1.96, 0, 1e-08, 0
241704001, 14.4, 5.47e-08, 2.28e-08, 1.96, 0, 1e-08, 0
242308801, 10.71, 3.66e-08, 1.79e-08, 1.96, 0, 1e-08, 0
242913601, 28.01, 7.1e-08, 2.34e-08, 1.96, 0, 1e-08, 0
243518401, 29.44, 1.03e-07, 3.22e-08, 1.96, 0, 1e-08, 0
244123201, 31.98, 6.87e-08, 2.11e-08, 1.96, 0, 1e-08, 0
244728001, 11.67, 2.82e-08, 1.53e-08, 1.96, 0, 1e-08, 0
245332801, 5.99, 2.61e-08, 1.58e-08, 1.96, 0, 1e-08, 0
245937601, 10.51, 4.15e-08, 1.93e-08, 1.96, 0, 1e-08, 0
246542401, 2.1, 1.07e-08, 1.06e-08, 1.96, 0, 1e-08, 0
247147201, 20.88, 5.25e-08, 1.99e-08, 1.96, 0, 1e-08, 0
247752001, 13.91, 5.47e-08, 2.48e-08, 1.96, 0, 1e-08, 0
248356801, 8.62, 3.49e-08, 1.92e-08, 1.96, 0, 1e-08, 0
248961601, 17.36, 2.75e-08, 1.4e-08, 1.96, 0, 1e-08, 0
249566401, 1.71, 1.45e-08, 1.46e-08, 1.96, 0, 1e-08, 0
250776001, 16.89, 4.62e-08, 2.09e-08, 1.96, 0, 1e-08, 0
251380801, 33.06, 5.66e-08, 1.84e-08, 1.96, 0, 1e-08, 0
252590401, 3.03, 2.76e-08, 2.11e-08, 1.96, 0, 1e-08, 0
253195201, 24.62, 5.72e-08, 2.02e-08, 1.96, 0, 1e-08, 0
253800001, 8.5, 4.39e-08, 2.12e-08, 1.96, 0, 1e-08, 0
254404801, 23.57, 5.85e-08, 2.08e-08, 1.96, 0, 1e-08, 0
255009601, 11.76, 3.33e-08, 1.65e-08, 1.96, 0, 1e-08, 0
255614401, 1.9, 1.64e-08, 1.57e-08, 1.96, 0, 1e-08, 0
256219201, 7.17, 2.45e-08, 1.54e-08, 1.96, 0, 1e-08, 0
256824001, 36.7, 8.24e-08, 2.47e-08, 1.96, 0, 1e-08, 0
258033601, 37.59, 7.87e-08, 2.14e-08, 1.96, 0, 1e-08, 0
259243201, 4.53, 1.91e-08, 1.45e-08, 1.96, 0, 1e-08, 0
259848001, 38.76, 7.34e-08, 2.4e-08, 1.96, 0, 1e-08, 0
260452801, 13.12, 4.87e-08, 2.12e-08, 1.96, 0, 1e-08, 0
261057601, 4.85, 2.22e-08, 1.55e-08, 1.96, 0, 1e-08, 0
261662401, 7.14, 3.7e-08, 2.11e-08, 1.96, 0, 1e-08, 0
262267201, 3.47, 2.39e-08, 1.82e-08, 1.96, 0, 1e-08, 0
262872001, 12.4, 2.6e-08, 1.6e-08, 1.96, 0, 1e-08, 0
263476801, 15.38, 6.43e-08, 2.36e-08, 1.96, 0, 1e-08, 0
264081601, 6.55, 2.6e-08, 1.62e-08, 1.96, 0, 1e-08, 0
264686401, 16.86, 3.86e-08, 1.85e-08, 1.96, 0, 1e-08, 0
265896001, 8.64, 3.34e-08, 1.69e-08, 1.96, 0, 1e-08, 0
266500801, 32.13, 8.53e-08, 2.67e-08, 1.96, 0, 1e-08, 0
267105601, 27.08, 5.92e-08, 2.17e-08, 1.96, 0, 1e-08, 0
267710401, 8.24, 2.74e-08, 1.68e-08, 1.96, 0, 1e-08, 0
268315201, 17.33, 4.72e-08, 2.02e-08, 1.96, 0, 1e-08, 0
268920001, 8.32, 4.51e-08, 2.14e-08, 1.96, 0, 1e-08, 0
269524801, 8.12, 3.57e-08, 1.77e-08, 1.96, 0, 1e-08, 0
270129601, 6.56, 2.32e-08, 1.44e-08, 1.96, 0, 1e-08, 0
270734401, 18.6, 5.24e-08, 1.96e-08, 1.96, 0, 1e-08, 0
271339201, 24.96, 5.57e-08, 2.18e-08, 1.96, 0, 1e-08, 0
271944001, 7.06, 3.22e-08, 1.91e-08, 1.96, 0, 1e-08, 0
272548801, 9.19, 3.37e-08, 1.7e-08, 1.96, 0, 1e-08, 0
273758401, 5.12, 1.66e-08, 1.21e-08, 1.96, 0, 1e-08, 0
274363201, 35.53, 5.37e-08, 1.83e-08, 1.96, 0, 1e-08, 0
275572801, 22.79, 3.89e-08, 1.58e-08, 1.96, 0, 1e-08, 0
276177601, 3.99, 1.79e-08, 1.32e-08, 1.96, 0, 1e-08, 0
276782401, 12.32, 4.9e-08, 1.93e-08, 1.96, 0, 1e-08, 0
277387201, 6.31, 2.5e-08, 1.61e-08, 1.96, 0, 1e-08, 0
277992001, 3.44, 2.19e-08, 1.78e-08, 1.96, 0, 1e-08, 0
278596801, 14.73, 4.66e-08, 1.91e-08, 1.96, 0, 1e-08, 0
279201601, 17.77, 5.14e-08, 1.98e-08, 1.96, 0, 1e-08, 0
280411201, 10.39, 2.99e-08, 1.77e-08, 1.96, 0, 1e-08, 0
281016001, 6.73, 3.21e-08, 1.68e-08, 1.96, 0, 1e-08, 0
281620801, 5.45, 2.68e-08, 1.56e-08, 1.96, 0, 1e-08, 0
284644801, 11.38, 3.78e-08, 1.84e-08, 1.96, 0, 1e-08, 0
285854401, 9.58, 3.11e-08, 1.46e-08, 1.96, 0, 1e-08, 0
286459201, 18.65, 4.56e-08, 1.88e-08, 1.96, 0, 1e-08, 0
287064001, 16.28, 3.68e-08, 1.71e-08, 1.96, 0, 1e-08, 0
287668801, 3.27, 1.44e-08, 1.19e-08, 1.96, 0, 1e-08, 0
288273601, 1.95, 1.81e-08, 1.54e-08, 1.96, 0, 1e-08, 0
288878401, 17.67, 3.67e-08, 1.59e-08, 1.96, 0, 1e-08, 0
289483201, 4.81, 2.81e-08, 1.71e-08, 1.96, 0, 1e-08, 0
290692801, 16.81, 3.74e-08, 1.71e-08, 1.96, 0, 1e-08, 0
291297601, 5.55, 2.83e-08, 1.64e-08, 1.96, 0, 1e-08, 0
291902401, 5.43, 2.45e-08, 1.57e-08, 1.96, 0, 1e-08, 0
293112001, 4.43, 2.7e-08, 1.59e-08, 1.96, 0, 1e-08, 0
293716801, 23.64, 2.69e-08, 1.28e-08, 1.96, 0, 1e-08, 0
294321601, 2.04, 1.6e-08, 1.59e-08, 1.96, 0, 1e-08, 0
294926401, 3.08, 1.34e-08, 1.12e-08, 1.96, 0, 1e-08, 0
295531201, 8.07, 2.61e-08, 1.52e-08, 1.96, 0, 1e-08, 0
296740801, 2.57, 1.75e-08, 1.49e-08, 1.96, 0, 1e-08, 0
297345601, 17.92, 4.13e-08, 1.78e-08, 1.96, 0, 1e-08, 0
297950401, 8.1, 2.43e-08, 1.5e-08, 1.96, 0, 1e-08, 0
298555201, 23.91, 6.12e-08, 2.01e-08, 1.96, 0, 1e-08, 0
299160001, 6.86, 2.25e-08, 1.44e-08, 1.96, 0, 1e-08, 0
299764801, 16.96, 3.29e-08, 1.46e-08, 1.96, 0, 1e-08, 0
300369601, 1.19, 1.11e-08, 1.28e-08, 1.96, 0, 1e-08, 0
300974401, 12.05, 4.24e-08, 2.08e-08, 1.96, 0, 1e-08, 0
301579201, 5.24, 1.47e-08, 1.17e-08, 1.96, 0, 1e-08, 0
302184001, 9.47, 2.06e-08, 1.32e-08, 1.96, 0, 1e-08, 0
302788801, 13.89, 3.71e-08, 1.62e-08, 1.96, 0, 1e-08, 0
303393601, 4.65, 3.11e-08, 1.95e-08, 1.96, 0, 1e-08, 0
303998401, 14.31, 4.9e-08, 1.88e-08, 1.96, 0, 1e-08, 0
304603201, 8.68, 2.35e-08, 1.33e-08, 1.96, 0, 1e-08, 0
305208001, 11.07, 3.7e-08, 1.82e-08, 1.96, 0, 1e-08, 0
305812801, 26.73, 6.8e-08, 2.36e-08, 1.96, 0, 1e-08, 0
306417601, 17.76, 2.78e-08, 1.39e-08, 1.96, 0, 1e-08, 0
307022401, 3.11, 3.16e-08, 2.79e-08, 1.96, 0, 1e-08, 0
307627201, 5.72, 2.8e-08, 1.64e-08, 1.96, 0, 1e-08, 0
308232001, 6.36, 2.41e-08, 1.5e-08, 1.96, 0, 1e-08, 0
308836801, 14.43, 3.79e-08, 1.66e-08, 1.96, 0, 1e-08, 0
309441601, 7.03, 2.65e-08, 1.59e-08, 1.96, 0, 1e-08, 0
310046401, 19.14, 5.85e-08, 2.09e-08, 1.96, 0, 1e-08, 0
310651201, 27.52, 4.66e-08, 1.85e-08, 1.96, 0, 1e-08, 0
311256001, 4.84, 2.78e-08, 1.86e-08, 1.96, 0, 1e-08, 0
311860801, 6.04, 2.6e-08, 1.53e-08, 1.96, 0, 1e-08, 0
312465601, 5.85, 2.94e-08, 1.83e-08, 1.96, 0, 1e-08, 0
313070401, 5.08, 2.69e-08, 1.72e-08, 1.96, 0, 1e-08, 0
314280001, 13.03, 2.83e-08, 1.59e-08, 1.96, 0, 1e-08, 0
315489601, 12.24, 2.48e-08, 1.26e-08, 1.96, 0, 1e-08, 0
316094401, 8.74, 3.42e-08, 1.7e-08, 1.96, 0, 1e-08, 0
316699201, 1.1, 1.5e-08, 1.66e-08, 1.96, 0, 1e-08, 0
317304001, 3.46, 2.2e-08, 1.58e-08, 1.96, 0, 1e-08, 0
317908801, 8.89, 3.17e-08, 1.62e-08, 1.96, 0, 1e-08, 0
318513601, 6.77, 2.6e-08, 1.64e-08, 1.96, 0, 1e-08, 0
319118401, 4.67, 3.28e-08, 2.06e-08, 1.96, 0, 1e-08, 0
319723201, 1.1, 9.67e-09, 1.19e-08, 1.96, 0, 1e-08, 0
320932801, 4.02, 9.87e-09, 8.35e-09, 1.96, 0, 1e-08, 0
321537601, 12.89, 4.59e-08, 1.99e-08, 1.96, 0, 1e-08, 0
322142401, 6.68, 3.44e-08, 1.85e-08, 1.96, 0, 1e-08, 0
322747201, 10.2, 4.55e-08, 2.36e-08, 1.96, 0, 1e-08, 0
323352001, 10.0, 2.91e-08, 1.62e-08, 1.96, 0, 1e-08, 0
323956801, 30.49, 5.45e-08, 1.96e-08, 1.96, 0, 1e-08, 0
324561601, 1.53, 5.6e-08, 5.92e-08, 1.96, 0, 1e-08, 0
325166401, 8.87, 3.28e-08, 1.65e-08, 1.96, 0, 1e-08, 0
325771201, 9.97, 3.29e-08, 1.58e-08, 1.96, 0, 1e-08, 0
326376001, 11.23, 2.91e-08, 1.63e-08, 1.96, 0, 1e-08, 0
326980801, 4.46, 1.57e-08, 1.25e-08, 1.96, 0, 1e-08, 0
327585601, 6.25, 3.28e-08, 1.74e-08, 1.96, 0, 1e-08, 0
328190401, 20.44, 3.05e-08, 1.52e-08, 1.96, 0, 1e-08, 0
328795201, 3.03, 1.26e-08, 1.09e-08, 1.96, 0, 1e-08, 0
329400001, 8.3, 2.26e-08, 1.57e-08, 1.96, 0, 1e-08, 0
330004801, 9.51, 3.71e-08, 1.77e-08, 1.96, 0, 1e-08, 0
330609601, 9.25, 2.4e-08, 1.43e-08, 1.96, 0, 1e-08, 0
331214401, 2.21, 1.7e-08, 1.45e-08, 1.96, 0, 1e-08, 0
331819201, 12.78, 3.33e-08, 1.7e-08, 1.96, 0, 1e-08, 0
332424001, 7.13, 2.4e-08, 1.49e-08, 1.96, 0, 1e-08, 0
333028801, 25.79, 4.47e-08, 1.87e-08, 1.96, 0, 1e-08, 0
334238401, 5.53, 1.36e-08, 1.05e-08, 1.96, 0, 1e-08, 0
334843201, 1.68, 1.37e-08, 1.33e-08, 1.96, 0, 1e-08, 0
336052801, 6.11, 2.34e-08, 1.47e-08, 1.96, 0, 1e-08, 0
337867201, 12.01, 3.79e-08, 1.85e-08, 1.96, 0, 1e-08, 0
338472001, 7.29, 2.15e-08, 1.36e-08, 1.96, 0, 1e-08, 0
339076801, 2.65, 8.99e-09, 9.43e-09, 1.96, 0, 1e-08, 0
339681601, 20.74, 4.51e-08, 1.63e-08, 1.96, 0, 1e-08, 0
340286401, 13.37, 3.29e-08, 1.63e-08, 1.96, 0, 1e-08, 0
340891201, 3.08, 1.56e-08, 1.2e-08, 1.96, 0, 1e-08, 0
341496001, 8.7, 1.3e-08, 9.19e-09, 1.96, 0, 1e-08, 0
342100801, 14.21, 3.78e-08, 1.73e-08, 1.96, 0, 1e-08, 0
343310401, 10.4, 3.06e-08, 1.61e-08, 1.96, 0, 1e-08, 0
344520001, 8.62, 1.83e-08, 1.12e-08, 1.96, 0, 1e-08, 0
345124801, 17.57, 2.62e-08, 1.48e-08, 1.96, 0, 1e-08, 0
345729601, 9.31, 2.66e-08, 1.45e-08, 1.96, 0, 1e-08, 0
346939201, 6.28, 1.5e-08, 1.27e-08, 1.96, 0, 1e-08, 0
347544001, 6.3, 2.46e-08, 1.54e-08, 1.96, 0, 1e-08, 0
348148801, 1.38, 1.08e-08, 1.12e-08, 1.96, 0, 1e-08, 0
349358401, 4.49, 2.17e-08, 1.47e-08, 1.96, 0, 1e-08, 0
349963201, 11.79, 3.55e-08, 1.59e-08, 1.96, 0, 1e-08, 0
350568001, 12.72, 1.88e-08, 1.09e-08, 1.96, 0, 1e-08, 0
351172801, 16.06, 3.76e-08, 1.61e-08, 1.96, 0, 1e-08, 0
351777601, 6.12, 2.99e-08, 1.73e-08, 1.96, 0, 1e-08, 0
352987201, 4.03, 8.26e-09, 8.54e-09, 1.96, 0, 1e-08, 0
354801601, 1.64, 1.01e-08, 1.04e-08, 1.96, 0, 1e-08, 0
355406401, 18.41, 3.97e-08, 1.64e-08, 1.96, 0, 1e-08, 0
356616001, 5.51, 3.32e-08, 2.23e-08, 1.96, 0, 1e-08, 0
357220801, 2.18, 2e-08, 1.71e-08, 1.96, 0, 1e-08, 0
357825601, 8.64, 3.49e-08, 1.75e-08, 1.96, 0, 1e-08, 0
358430401, 35.82, 7.18e-08, 2.07e-08, 1.96, 0, 1e-08, 0
359035201, 6.57, 1.95e-08, 1.4e-08, 1.96, 0, 1e-08, 0
359640001, 17.29, 5.04e-08, 1.87e-08, 1.96, 0, 1e-08, 0
360244801, 1.29, 1.61e-08, 1.68e-08, 1.96, 0, 1e-08, 0
360849601, 28.44, 6.2e-08, 2.13e-08, 1.96, 0, 1e-08, 0
361454401, 6.6, 3.34e-08, 1.76e-08, 1.96, 0, 1e-08, 0
362059201, 8.13, 3.56e-08, 1.83e-08, 1.96, 0, 1e-08, 0
362664001, 7.87, 4.15e-08, 1.95e-08, 1.96, 0, 1e-08, 0
363268801, 1.6, 2.57e-08, 2.33e-08, 1.96, 0, 1e-08, 0
363873601, 2.6, 2.01e-08, 1.52e-08, 1.96, 0, 1e-08, 0
364478401, 2.63, 1.62e-08, 1.43e-08, 1.96, 0, 1e-08, 0
365083201, 4.79, 2.63e-08, 1.68e-08, 1.96, 0, 1e-08, 0
365688001, 17.04, 5.27e-08, 2.06e-08, 1.96, 0, 1e-08, 0
366292801, 20.47, 3.26e-08, 1.59e-08, 1.96, 0, 1e-08, 0
366897601, 35.04, 6.56e-08, 2.02e-08, 1.96, 0, 1e-08, 0
367502401, 64.08, 1.1e-07, 2.43e-08, 1.96, 0, 1e-08, 0
368107201, 72.51, 1.21e-07, 2.59e-08, 1.96, 0, 1e-08, 0
368712001, 38.04, 7.79e-08, 2.08e-08, 1.96, 0, 1e-08, 0
369316801, 12.4, 4.87e-08, 1.97e-08, 1.96, 0, 1e-08, 0
369921601, 5.18, 1.13e-08, 9.38e-09, 1.96, 0, 1e-08, 0
370526401, 1.0, 4.62e-08, 5.77e-08, 1.96, 0, 1e-08, 0
371131201, 22.01, 4.67e-08, 1.86e-08, 1.96, 0, 1e-08, 0
371736001, 10.39, 3.98e-08, 1.86e-08, 1.96, 0, 1e-08, 0
372340801, 30.92, 5.42e-08, 1.85e-08, 1.96, 0, 1e-08, 0
372945601, 13.98, 3.96e-08, 1.81e-08, 1.96, 0, 1e-08, 0
373550401, 32.2, 7.83e-08, 2.25e-08, 1.96, 0, 1e-08, 0
374155201, 64.03, 9.03e-08, 2.3e-08, 1.96, 0, 1e-08, 0
374760001, 24.76, 4.83e-08, 1.95e-08, 1.96, 0, 1e-08, 0
375364801, 9.8, 2.72e-08, 1.59e-08, 1.96, 0, 1e-08, 0
375969601, 13.83, 3.92e-08, 1.68e-08, 1.96, 0, 1e-08, 0
376574401, 46.87, 6.92e-08, 1.92e-08, 1.96, 0, 1e-08, 0
377179201, 16.83, 4.88e-08, 1.89e-08, 1.96, 0, 1e-08, 0
377784001, 8.33, 3.5e-08, 1.91e-08, 1.96, 0, 1e-08, 0
378388801, 11.31, 3.61e-08, 1.66e-08, 1.96, 0, 1e-08, 0
378993601, 4.59, 2.57e-08, 1.56e-08, 1.96, 0, 1e-08, 0
379598401, 3.03, 1.76e-08, 1.43e-08, 1.96, 0, 1e-08, 0
380203201, 8.61, 2.7e-08, 1.58e-08, 1.96, 0, 1e-08, 0
380808001, 6.57, 1.14e-08, 1.02e-08, 1.96, 0, 1e-08, 0
381412801, 14.32, 1.44e-08, 9.22e-09, 1.96, 0, 1e-08, 0
382017601, 7.67, 3.13e-08, 1.68e-08, 1.96, 0, 1e-08, 0
382622401, 6.78, 3.21e-08, 1.68e-08, 1.96, 0, 1e-08, 0
383227201, 5.51, 2.03e-08, 1.46e-08, 1.96, 0, 1e-08, 0
383832001, 22.1, 5.58e-08, 2.11e-08, 1.96, 0, 1e-08, 0
384436801, 11.14, 5.43e-08, 2.55e-08, 1.96, 0, 1e-08, 0
385646401, 7.97, 3.16e-08, 1.53e-08, 1.96, 0, 1e-08, 0
386856001, 17.28, 4.75e-08, 1.88e-08, 1.96, 0, 1e-08, 0
387460801, 1.57, 8.59e-09, 1e-08, 1.96, 0, 1e-08, 0
388065601, 16.23, 4.42e-08, 1.81e-08, 1.96, 0, 1e-08, 0
389275201, 5.07, 3.12e-08, 1.88e-08, 1.96, 0, 1e-08, 0
389880001, 7.31, 2.53e-08, 1.45e-08, 1.96, 0, 1e-08, 0
391089601, 14.04, 4.35e-08, 1.82e-08, 1.96, 0, 1e-08, 0
391694401, 26.11, 7.3e-08, 2.17e-08, 1.96, 0, 1e-08, 0
392299201, 17.9, 4.74e-08, 1.94e-08, 1.96, 0, 1e-08, 0
392904001, 17.2, 4.16e-08, 1.74e-08, 1.96, 0, 1e-08, 0
393508801, 2.91, 1.29e-08, 1.11e-08, 1.96, 0, 1e-08, 0
394113601, 3.99, 3.14e-08, 1.92e-08, 1.96, 0, 1e-08, 0
394718401, 21.44, 6.66e-08, 2.16e-08, 1.96, 0, 1e-08, 0
395323201, 20.82, 5.62e-08, 1.97e-08, 1.96, 0, 1e-08, 0
395928001, 21.69, 5.4e-08, 1.87e-08, 1.96, 0, 1e-08, 0
396532801, 6.81, 3.26e-08, 1.73e-08, 1.96, 0, 1e-08, 0
397137601, 10.51, 3.55e-08, 1.74e-08, 1.96, 0, 1e-08, 0
397742401, 13.75, 2.85e-08, 1.67e-08, 1.96, 0, 1e-08, 0
398347201, 35.67, 6.22e-08, 2.05e-08, 1.96, 0, 1e-08, 0
398952001, 9.85, 4.48e-08, 2.35e-08, 1.96, 0, 1e-08, 0
400161601, 7.94, 3.98e-08, 2.03e-08, 1.96, 0, 1e-08, 0
400766401, 31.27, 7.2e-08, 2.19e-08, 1.96, 0, 1e-08, 0
401371201, 32.82, 5.84e-08, 1.97e-08, 1.96, 0, 1e-08, 0
401976001, 16.21, 5.56e-08, 2.03e-08, 1.96, 0, 1e-08, 0
402580801, 23.79, 7.23e-08, 2.46e-08, 1.96, 0, 1e-08, 0
403185601, 3.56, 2.1e-08, 1.58e-08, 1.96, 0, 1e-08, 0
403790401, 13.27, 6.29e-08, 2.87e-08, 1.96, 0, 1e-08, 0
404395201, 27.39, 5.94e-08, 1.85e-08, 1.96, 0, 1e-08, 0
405604801, 35.16, 7.88e-08, 2.41e-08, 1.96, 0, 1e-08, 0
406209601, 28.54, 7.23e-08, 2.21e-08, 1.96, 0, 1e-08, 0
406814401, 24.75, 6.07e-08, 2.05e-08, 1.96, 0, 1e-08, 0
407419201, 17.93, 5.33e-08, 2.23e-08, 1.96, 0, 1e-08, 0
408024001, 50.48, 6.18e-08, 1.56e-08, 1.96, 0, 1e-08, 0
408628801, 25.41, 4.59e-08, 1.48e-08, 1.96, 0, 1e-08, 0
409233601, 33.18, 7.56e-08, 2.34e-08, 1.96, 0, 1e-08, 0
409838401, 12.66, 4.66e-08, 2.25e-08, 1.96, 0, 1e-08, 0
410443201, 8.42, 2.77e-08, 1.66e-08, 1.96, 0, 1e-08, 0
411048001, 20.61, 6.26e-08, 2.33e-08, 1.96, 0, 1e-08, 0
411652801, 37.95, 6.31e-08, 2.11e-08, 1.96, 0, 1e-08, 0
412257601, 9.96, 4.16e-08, 2.59e-08, 1.96, 0, 1e-08, 0
413467201, 23.93, 8.1e-08, 2.92e-08, 1.96, 0, 1e-08, 0
414072001, 1.06, 2.14e-08, 2.62e-08, 1.96, 0, 1e-08, 0
414676801, 11.01, 2.58e-08, 1.5e-08, 1.96, 0, 1e-08, 0
415281601, 50.83, 8e-08, 1.82e-08, 1.96, 0, 1e-08, 0
415886401, 11.79, 5.99e-08, 2.43e-08, 1.96, 0, 1e-08, 0
416491201, 2.22, 1.58e-08, 1.67e-08, 1.96, 0, 1e-08, 0
417096001, 6.03, 3.22e-08, 1.79e-08, 1.96, 0, 1e-08, 0
417700801, 26.84, 7.01e-08, 2.45e-08, 1.96, 0, 1e-08, 0
418305601, 6.34, 3.44e-08, 2.05e-08, 1.96, 0, 1e-08, 0
418910401, 1.35, 1.53e-08, 1.6e-08, 1.96, 0, 1e-08, 0
419515201, 18.3, 8.55e-08, 2.83e-08, 1.96, 0, 1e-08, 0
420120001, 5.6, 3.04e-08, 1.83e-08, 1.96, 0, 1e-08, 0
420724801, 3.26, 2.21e-08, 1.64e-08, 1.96, 0, 1e-08, 0
421329601, 48.72, 7.62e-08, 2.25e-08, 1.96, 0, 1e-08, 0
421934401, 37.16, 6.4e-08, 1.92e-08, 1.96, 0, 1e-08, 0
422539201, 57.15, 7.75e-08, 2.05e-08, 1.96, 0, 1e-08, 0
423144001, 18.84, 4.41e-08, 1.72e-08, 1.96, 0, 1e-08, 0
423748801, 80.36, 9.22e-08, 1.89e-08, 1.96, 0, 1e-08, 0
424353601, 34.26, 5.61e-08, 1.63e-08, 1.96, 0, 1e-08, 0
424958401, 56.52, 7.77e-08, 2.07e-08, 1.96, 0, 1e-08, 0
425563201, 78.35, 1.06e-07, 2.31e-08, 1.96, 0, 1e-08, 0
426168001, 25.63, 5.49e-08, 1.88e-08, 1.96, 0, 1e-08, 0
426772801, 22.24, 7.13e-08, 2.31e-08, 1.96, 0, 1e-08, 0
427377601, 18.46, 4.72e-08, 2.04e-08, 1.96, 0, 1e-08, 0
427982401, 1.54, 2.24e-08, 2.16e-08, 1.96, 0, 1e-08, 0
428587201, 16.27, 4.62e-08, 2.14e-08, 1.96, 0, 1e-08, 0
429192001, 11.11, 4.29e-08, 2.15e-08, 1.96, 0, 1e-08, 0
429796801, 13.05, 4.93e-08, 2.21e-08, 1.96, 0, 1e-08, 0
431006401, 19.86, 4.99e-08, 1.94e-08, 1.96, 0, 1e-08, 0
431611201, 14.33, 5.58e-08, 2.37e-08, 1.96, 0, 1e-08, 0
432216001, 16.13, 9.16e-08, 3.52e-08, 1.96, 0, 1e-08, 0
432820801, 23.28, 5.58e-08, 2.14e-08, 1.96, 0, 1e-08, 0
433425601, 15.01, 5.01e-08, 2.1e-08, 1.96, 0, 1e-08, 0
434030401, 22.78, 6.61e-08, 2.38e-08, 1.96, 0, 1e-08, 0
434635201, 46.83, 7.61e-08, 2.38e-08, 1.96, 0, 1e-08, 0
435240001, 17.76, 5.14e-08, 1.91e-08, 1.96, 0, 1e-08, 0
435844801, 20.09, 5.81e-08, 2.13e-08, 1.96, 0, 1e-08, 0
436449601, 24.76, 7.18e-08, 2.35e-08, 1.96, 0, 1e-08, 0
437054401, 15.7, 8.52e-08, 3.17e-08, 1.96, 0, 1e-08, 0
438264001, 10.24, 5.25e-08, 2.25e-08, 1.96, 0, 1e-08, 0
438868801, 21.62, 6.09e-08, 2.3e-08, 1.96, 0, 1e-08, 0
439473601, 19.29, 4.82e-08, 1.94e-08, 1.96, 0, 1e-08, 0
440078401, 39.08, 6.17e-08, 1.95e-08, 1.96, 0, 1e-08, 0
440683201, 12.35, 4.07e-08, 1.66e-08, 1.96, 0, 1e-08, 0
441288001, 50.88, 8.29e-08, 2.11e-08, 1.96, 0, 1e-08, 0
441892801, 31.11, 5.45e-08, 1.83e-08, 1.96, 0, 1e-08, 0
442497601, 50.77, 7e-08, 1.98e-08, 1.96, 0, 1e-08, 0
443102401, 43.78, 6.32e-08, 1.87e-08, 1.96, 0, 1e-08, 0
443707201, 11.13, 2.63e-08, 1.46e-08, 1.96, 0, 1e-08, 0
444312001, 51.25, 7.21e-08, 2e-08, 1.96, 0, 1e-08, 0
444916801, 19.55, 3.74e-08, 1.63e-08, 1.96, 0, 1e-08, 0
445521601, 42.46, 7.19e-08, 1.99e-08, 1.96, 0, 1e-08, 0
446126401, 30.81, 6.85e-08, 2.12e-08, 1.96, 0, 1e-08, 0
446731201, 10.5, 3.15e-08, 1.57e-08, 1.96, 0, 1e-08, 0
447336001, 11.03, 4.57e-08, 1.91e-08, 1.96, 0, 1e-08, 0
447940801, 14.2, 6.37e-08, 2.35e-08, 1.96, 0, 1e-08, 0
448545601, 60.97, 1.02e-07, 2.4e-08, 1.96, 0, 1e-08, 0
449150401, 40.27, 8.99e-08, 2.5e-08, 1.96, 0, 1e-08, 0
449755201, 23.96, 5.26e-08, 1.83e-08, 1.96, 0, 1e-08, 0
450360001, 52.84, 9.47e-08, 2.32e-08, 1.96, 0, 1e-08, 0
450964801, 43.57, 7.53e-08, 2.12e-08, 1.96, 0, 1e-08, 0
451569601, 6.56, 2.21e-08, 1.36e-08, 1.96, 0, 1e-08, 0
452174401, 30.77, 5.57e-08, 1.97e-08, 1.96, 0, 1e-08, 0
452779201, 2.2, 1.79e-08, 1.65e-08, 1.96, 0, 1e-08, 0
453384001, 20.03, 4.54e-08, 1.92e-08, 1.96, 0, 1e-08, 0
453988801, 20.69, 4.71e-08, 1.7e-08, 1.96, 0, 1e-08, 0
454593601, 17.87, 4.37e-08, 1.82e-08, 1.96, 0, 1e-08, 0
455198401, 37.18, 7.75e-08, 2.25e-08, 1.96, 0, 1e-08, 0
455803201, 14.24, 3.38e-08, 1.49e-08, 1.96, 0, 1e-08, 0
456408001, 5.72, 4.53e-08, 2.59e-08, 1.96, 0, 1e-08, 0
457012801, 57.46, 1.06e-07, 2.61e-08, 1.96, 0, 1e-08, 0
457617601, 23.0, 4.71e-08, 1.99e-08, 1.96, 0, 1e-08, 0
458222401, 61.0, 8.63e-08, 2.26e-08, 1.96, 0, 1e-08, 0
458827201, 31.48, 6.27e-08, 1.98e-08, 1.96, 0, 1e-08, 0
459432001, 3.63, 1.36e-08, 1.25e-08, 1.96, 0, 1e-08, 0
460036801, 32.15, 5.64e-08, 1.87e-08, 1.96, 0, 1e-08, 0
460641601, 13.25, 4.2e-08, 1.71e-08, 1.96, 0, 1e-08, 0
461246401, 35.59, 4.92e-08, 1.77e-08, 1.96, 0, 1e-08, 0
461851201, 18.86, 4.89e-08, 2.02e-08, 1.96, 0, 1e-08, 0
462456001, 22.52, 4.58e-08, 1.94e-08, 1.96, 0, 1e-08, 0
463060801, 32.43, 4.98e-08, 1.71e-08, 1.96, 0, 1e-08, 0
463665601, 2.54, 1.75e-08, 1.48e-08, 1.96, 0, 1e-08, 0
464270401, 16.85, 4.17e-08, 1.84e-08, 1.96, 0, 1e-08, 0
464875201, 19.58, 4.23e-08, 1.63e-08, 1.96, 0, 1e-08, 0
465480001, 8.34, 3.72e-08, 1.89e-08, 1.96, 0, 1e-08, 0
466084801, 69.74, 8.94e-08, 2.18e-08, 1.96, 0, 1e-08, 0
466689601, 73.15, 1.09e-07, 2.41e-08, 1.96, 0, 1e-08, 0
467294401, 43.48, 6.57e-08, 1.97e-08, 1.96, 0, 1e-08, 0
467899201, 43.98, 6.72e-08, 2.02e-08, 1.96, 0, 1e-08, 0
468504001, 26.24, 5.21e-08, 1.83e-08, 1.96, 0, 1e-08, 0
469108801, 79.92, 1.25e-07, 2.68e-08, 1.96, 0, 1e-08, 0
469713601, 16.58, 4.48e-08, 1.9e-08, 1.96, 0, 1e-08, 0
470318401, 37.38, 7e-08, 2.01e-08, 1.96, 0, 1e-08, 0
470923201, 26.3, 5.61e-08, 1.98e-08, 1.96, 0, 1e-08, 0
471528001, 37.48, 7.12e-08, 2.17e-08, 1.96, 0, 1e-08, 0
472132801, 38.86, 4.48e-08, 1.66e-08, 1.96, 0, 1e-08, 0
472737601, 37.77, 6.7e-08, 1.92e-08, 1.96, 0, 1e-08, 0
473342401, 7.32, 3.37e-08, 1.78e-08, 1.96, 0, 1e-08, 0
473947201, 6.36, 3.41e-08, 2.1e-08, 1.96, 0, 1e-08, 0
474552001, 20.68, 3e-08, 1.51e-08, 1.96, 0, 1e-08, 0
475156801, 10.94, 3.89e-08, 1.91e-08, 1.96, 0, 1e-08, 0
476366401, 17.39, 4.27e-08, 1.77e-08, 1.96, 0, 1e-08, 0
476971201, 40.92, 6.74e-08, 1.89e-08, 1.96, 0, 1e-08, 0
477576001, 47.3, 7.63e-08, 1.94e-08, 1.96, 0, 1e-08, 0
478180801, 35.06, 9.2e-08, 2.5e-08, 1.96, 0, 1e-08, 0
478785601, 12.09, 3.24e-08, 1.45e-08, 1.96, 0, 1e-08, 0
479390401, 18.08, 4.71e-08, 1.8e-08, 1.96, 0, 1e-08, 0
479995201, 37.96, 5.58e-08, 1.92e-08, 1.96, 0, 1e-08, 0
480600001, 3.67, 1.78e-08, 1.33e-08, 1.96, 0, 1e-08, 0
481204801, 59.65, 8.12e-08, 2.08e-08, 1.96, 0, 1e-08, 0
482414401, 3.56, 1.69e-08, 1.34e-08, 1.96, 0, 1e-08, 0
483624001, 8.9, 3.14e-08, 1.53e-08, 1.96, 0, 1e-08, 0
484228801, 6.21, 1.92e-08, 1.26e-08, 1.96, 0, 1e-08, 0
485438401, 18.76, 3.39e-08, 1.49e-08, 1.96, 0, 1e-08, 0
486648001, 3.17, 1.68e-08, 1.36e-08, 1.96, 0, 1e-08, 0
487252801, 16.0, 6.25e-08, 2.16e-08, 1.96, 0, 1e-08, 0
487857601, 9.29, 3.9e-08, 1.88e-08, 1.96, 0, 1e-08, 0
488462401, 36.91, 7.33e-08, 2.18e-08, 1.96, 0, 1e-08, 0
489067201, 4.29, 2.26e-08, 1.54e-08, 1.96, 0, 1e-08, 0
489672001, 2.5, 1.73e-08, 1.54e-08, 1.96, 0, 1e-08, 0
490276801, 6.8, 4.22e-08, 2.15e-08, 1.96, 0, 1e-08, 0
490881601, 19.82, 5.2e-08, 1.89e-08, 1.96, 0, 1e-08, 0
491486401, 17.56, 7.37e-08, 2.44e-08, 1.96, 0, 1e-08, 0
492091201, 6.19, 1.29e-08, 8.22e-09, 1.96, 0, 1e-08, 0
492696001, 1.94, 1.2e-08, 1.2e-08, 1.96, 0, 1e-08, 0
493300801, 3.04, 1.82e-08, 1.39e-08, 1.96, 0, 1e-08, 0
493905601, 9.09, 3.16e-08, 1.85e-08, 1.96, 0, 1e-08, 0
494510401, 4.81, 3.2e-08, 1.93e-08, 1.96, 0, 1e-08, 0
495115201, 11.13, 2.76e-08, 1.35e-08, 1.96, 0, 1e-08, 0
495720001, 27.85, 5.66e-08, 1.94e-08, 1.96, 0, 1e-08, 0
496324801, 33.34, 6.68e-08, 2.09e-08, 1.96, 0, 1e-08, 0
496929601, 24.02, 5.73e-08, 2.33e-08, 1.96, 0, 1e-08, 0
497534401, 1.29, 2.57e-08, 2.66e-08, 1.96, 0, 1e-08, 0
498139201, 7.25, 4.02e-08, 2.82e-08, 1.96, 0, 1e-08, 0
498744001, 2.09, 2.73e-08, 2.53e-08, 1.96, 0, 1e-08, 0
499348801, 27.7, 6.44e-08, 2.13e-08, 1.96, 0, 1e-08, 0
499953601, 5.92, 3.2e-08, 1.83e-08, 1.96, 0, 1e-08, 0
500558401, 25.26, 5.4e-08, 1.97e-08, 1.96, 0, 1e-08, 0
501163201, 2.86, 3.18e-08, 2.21e-08, 1.96, 0, 1e-08, 0
501768001, 30.33, 6.38e-08, 2.03e-08, 1.96, 0, 1e-08, 0
502372801, 22.88, 7.34e-08, 2.34e-08, 1.96, 0, 1e-08, 0
502977601, 25.63, 5.59e-08, 2.02e-08, 1.96, 0, 1e-08, 0
504187201, 15.02, 4.62e-08, 1.99e-08, 1.96, 0, 1e-08, 0
504792001, 16.31, 3.84e-08, 2.04e-08, 1.96, 0, 1e-08, 0
505396801, 12.05, 4.25e-08, 1.95e-08, 1.96, 0, 1e-08, 0
506001601, 52.59, 9.39e-08, 2.22e-08, 1.96, 0, 1e-08, 0
506606401, 23.53, 5.81e-08, 1.89e-08, 1.96, 0, 1e-08, 0
507211201, 10.46, 3.51e-08, 1.81e-08, 1.96, 0, 1e-08, 0
507816001, 13.79, 3.88e-08, 1.89e-08, 1.96, 0, 1e-08, 0
508420801, 41.45, 7.42e-08, 2.32e-08, 1.96, 0, 1e-08, 0
509025601, 9.59, 3.97e-08, 1.77e-08, 1.96, 0, 1e-08, 0
509630401, 24.45, 6.41e-08, 2.19e-08, 1.96, 0, 1e-08, 0
510235201, 12.41, 5.28e-08, 2.09e-08, 1.96, 0, 1e-08, 0
510840001, 44.03, 5.02e-08, 1.6e-08, 1.96, 0, 1e-08, 0
511444801, 3.17, 2.08e-08, 1.76e-08, 1.96, 0, 1e-08, 0
512049601, 11.23, 4.75e-08, 2.07e-08, 1.96, 0, 1e-08, 0
513259201, 16.75, 2.68e-08, 1.44e-08, 1.96, 0, 1e-08, 0
513864001, 5.74, 3.53e-08, 1.82e-08, 1.96, 0, 1e-08, 0
514468801, 1.16, 1.15e-08, 1.32e-08, 1.96, 0, 1e-08, 0
515073601, 23.83, 5.09e-08, 1.83e-08, 1.96, 0, 1e-08, 0
515678401, 13.22, 3.3e-08, 1.46e-08, 1.96, 0, 1e-08, 0
516888001, 10.35, 3.75e-08, 1.82e-08, 1.96, 0, 1e-08, 0
517492801, 25.38, 5.62e-08, 2.04e-08, 1.96, 0, 1e-08, 0
518097601, 18.5, 4.15e-08, 1.85e-08, 1.96, 0, 1e-08, 0
518702401, 45.54, 8.16e-08, 2.35e-08, 1.96, 0, 1e-08, 0
519307201, 21.23, 4.66e-08, 1.84e-08, 1.96, 0, 1e-08, 0
519912001, 15.76, 3.85e-08, 1.8e-08, 1.96, 0, 1e-08, 0
520516801, 29.85, 6.04e-08, 1.92e-08, 1.96, 0, 1e-08, 0
521121601, 37.38, 7.68e-08, 2.31e-08, 1.96, 0, 1e-08, 0
521726401, 13.85, 3.98e-08, 1.77e-08, 1.96, 0, 1e-08, 0
522331201, 26.99, 5.03e-08, 1.75e-08, 1.96, 0, 1e-08, 0
522936001, 17.46, 4.61e-08, 1.8e-08, 1.96, 0, 1e-08, 0
523540801, 18.14, 3.43e-08, 1.58e-08, 1.96, 0, 1e-08, 0
524145601, 12.79, 3.78e-08, 1.64e-08, 1.96, 0, 1e-08, 0
524750401, 10.14, 2.6e-08, 1.32e-08, 1.96, 0, 1e-08, 0
525355201, 11.79, 4.13e-08, 1.88e-08, 1.96, 0, 1e-08, 0
525960001, 14.1, 2.95e-08, 1.6e-08, 1.96, 0, 1e-08, 0
526564801, 6.36, 2.69e-08, 1.73e-08, 1.96, 0, 1e-08, 0
527169601, 7.83, 4.1e-08, 2.11e-08, 1.96, 0, 1e-08, 0
527774401, 34.12, 6.34e-08, 2.04e-08, 1.96, 0, 1e-08, 0
528379201, 15.77, 3.81e-08, 1.78e-08, 1.96, 0, 1e-08, 0
528984001, 5.23, 1.96e-08, 1.56e-08, 1.96, 0, 1e-08, 0
529588801, 6.56, 3.08e-08, 1.71e-08, 1.96, 0, 1e-08, 0
530193601, 1.33, 1.52e-08, 1.54e-08, 1.96, 0, 1e-08, 0
530798401, 7.26, 3.46e-08, 1.76e-08, 1.96, 0, 1e-08, 0
531403201, 10.58, 2.53e-08, 1.37e-08, 1.96, 0, 1e-08, 0
532008001, 11.2, 2.94e-08, 1.56e-08, 1.96, 0, 1e-08, 0
532612801, 24.69, 5.19e-08, 1.79e-08, 1.96, 0, 1e-08, 0
533217601, 37.56, 7.26e-08, 2.22e-08, 1.96, 0, 1e-08, 0
533822401, 14.34, 3e-08, 1.45e-08, 1.96, 0, 1e-08, 0
534427201, 19.02, 3.5e-08, 1.65e-08, 1.96, 0, 1e-08, 0
535032001, 5.09, 3.09e-08, 1.78e-08, 1.96, 0, 1e-08, 0
536241601, 4.68, 1.5e-08, 1.07e-08, 1.96, 0, 1e-08, 0
537451201, 13.92, 2.76e-08, 1.42e-08, 1.96, 0, 1e-08, 0
538056001, 16.9, 3.19e-08, 1.21e-08, 1.96, 0, 1e-08, 0
538660801, 4.62, 2.61e-08, 1.61e-08, 1.96, 0, 1e-08, 0
539265601, 12.81, 2.97e-08, 1.35e-08, 1.96, 0, 1e-08, 0
539870401, 1.2, 1.3e-08, 1.41e-08, 1.96, 0, 1e-08, 0
540475201, 10.59, 3.13e-08, 1.58e-08, 1.96, 0, 1e-08, 0
541080001, 6.5, 2.8e-08, 1.56e-08, 1.96, 0, 1e-08, 0
541684801, 18.75, 3.52e-08, 1.51e-08, 1.96, 0, 1e-08, 0
542289601, 12.96, 2.45e-08, 1.5e-08, 1.96, 0, 1e-08, 0
542894401, 6.88, 7.45e-08, 4.43e-08, 1.96, 0, 1e-08, 0
544708801, 27.92, 3.98e-08, 1.39e-08, 1.96, 0, 1e-08, 0
545313601, 28.25, 3.98e-08, 1.23e-08, 1.96, 0, 1e-08, 0
545918401, 28.59, 2.79e-08, 9.6e-09, 1.96, 0, 1e-08, 0
546523201, 29.24, 3.3e-08, 1.13e-08, 1.96, 0, 1e-08, 0
547732801, 12.64, 5.56e-08, 3.18e-08, 1.96, 0, 1e-08, 0
548337601, 3.27, 1.42e-08, 1.04e-08, 1.96, 0, 1e-08, 0
548942401, 15.02, 3.41e-08, 1.44e-08, 1.96, 0, 1e-08, 0
549547201, 15.55, 3.62e-08, 1.54e-08, 1.96, 0, 1e-08, 0
550152001, 9.83, 2.77e-08, 1.19e-08, 1.96, 0, 1e-08, 0
550756801, 30.09, 3.93e-08, 1.21e-08, 1.96, 0, 1e-08, 0
551966401, 37.48, 4.38e-08, 1.23e-08, 1.96, 0, 1e-08, 0
552571201, 26.17, 2.97e-08, 1.09e-08, 1.96, 0, 1e-08, 0
553176001, 43.34, 6.29e-08, 1.72e-08, 1.96, 0, 1e-08, 0
553780801, 9.04, 3.52e-08, 1.57e-08, 1.96, 0, 1e-08, 0
554385601, 14.83, 2.66e-08, 1.1e-08, 1.96, 0, 1e-08, 0
554990401, 10.43, 3.38e-08, 1.94e-08, 1.96, 0, 1e-08, 0
556200001, 12.23, 2.62e-08, 1.26e-08, 1.96, 0, 1e-08, 0
556804801, 16.16, 2.87e-08, 1.21e-08, 1.96, 0, 1e-08, 0
557409601, 8.19, 3.31e-08, 1.54e-08, 1.96, 0, 1e-08, 0
558014401, 6.34, 2.33e-08, 1.21e-08, 1.96, 0, 1e-08, 0
558619201, 15.46, 5.63e-08, 2.7e-08, 1.96, 0, 1e-08, 0
560433601, 22.06, 3.85e-08, 1.81e-08, 1.96, 0, 1e-08, 0
561038401, 25.76, 2.43e-08, 9.2e-09, 1.96, 0, 1e-08, 0
561643201, 8.33, 1.72e-08, 9.52e-09, 1.96, 0, 1e-08, 0
562248001, 2.42, 1.91e-08, 1.92e-08, 1.96, 0, 1e-08, 0
562852801, 9.0, 2.68e-08, 1.52e-08, 1.96, 0, 1e-08, 0
563457601, 30.13, 4.31e-08, 1.37e-08, 1.96, 0, 1e-08, 0
564062401, 19.52, 2.68e-08, 1.18e-08, 1.96, 0, 1e-08, 0
564667201, 9.29, 2.55e-07, 2.16e-07, 1.96, 0, 1e-08, 0
565272001, 6.31, 2.03e-08, 1.32e-08, 1.96, 0, 1e-08, 0
565876801, 1.71, 1.45e-08, 1.42e-08, 1.96, 0, 1e-08, 0
566481601, 10.39, 4.19e-08, 2.11e-08, 1.96, 0, 1e-08, 0
567086401, 10.47, 3.24e-08, 1.45e-08, 1.96, 0, 1e-08, 0
567691201, 3.64, 1.16e-08, 8.41e-09, 1.96, 0, 1e-08, 0
568296001, 6.18, 1.54e-08, 1.35e-08, 1.96, 0, 1e-08, 0
568900801, 17.12, 4.01e-08, 1.68e-08, 1.96, 0, 1e-08, 0
569505601, 7.83, 1.89e-08, 1.21e-08, 1.96, 0, 1e-08, 0
570715201, 19.68, 2.64e-08, 1.11e-08, 1.96, 0, 1e-08, 0
571320001, 2.54, 1.15e-08, 9.3e-09, 1.96, 0, 1e-08, 0
571924801, 15.21, 1.81e-08, 1.05e-08, 1.96, 0, 1e-08, 0
573739201, 2.93, 1.72e-08, 1.46e-08, 1.96, 0, 1e-08, 0
574344001, 10.1, 3.1e-08, 1.64e-08, 1.96, 0, 1e-08, 0
574948801, 8.41, 2.19e-08, 1.28e-08, 1.96, 0, 1e-08, 0
575553601, 6.65, 1.88e-08, 1.26e-08, 1.96, 0, 1e-08, 0
576158401, 2.16, 2.04e-08, 1.72e-08, 1.96, 0, 1e-08, 0
576763201, 9.45, 3.81e-08, 1.79e-08, 1.96, 0, 1e-08, 0
577368001, 5.85, 1.77e-08, 1.12e-08, 1.96, 0, 1e-08, 0
577972801, 10.73, 2.35e-08, 1.37e-08, 1.96, 0, 1e-08, 0
578577601, 25.04, 5.69e-08, 1.99e-08, 1.96, 0, 1e-08, 0
579182401, 16.84, 3.95e-08, 1.58e-08, 1.96, 0, 1e-08, 0
579787201, 5.92, 3.34e-08, 1.78e-08, 1.96, 0, 1e-08, 0
580392001, 14.76, 2.85e-08, 1.51e-08, 1.96, 0, 1e-08, 0
580996801, 9.22, 1.58e-08, 9.58e-09, 1.96, 0, 1e-08, 0
581601601, 10.75, 1.79e-08, 9.41e-09, 1.96, 0, 1e-08, 0
582811201, 1.71, 1.44e-08, 1.39e-08, 1.96, 0, 1e-08, 0
583416001, 21.0, 3.49e-08, 1.56e-08, 1.96, 0, 1e-08, 0
584020801, 7.6, 3.03e-08, 1.51e-08, 1.96, 0, 1e-08, 0
584625601, 25.14, 5.33e-08, 1.76e-08, 1.96, 0, 1e-08, 0
585230401, 4.5, 2.2e-08, 1.32e-08, 1.96, 0, 1e-08, 0
585835201, 3.1, 2.13e-08, 1.46e-08, 1.96, 0, 1e-08, 0
587044801, 2.3, 2.78e-08, 2.13e-08, 1.96, 0, 1e-08, 0
587649601, 1.98, 1.56e-08, 1.52e-08, 1.96, 0, 1e-08, 0
588254401, 11.93, 2.86e-08, 1.45e-08, 1.96, 0, 1e-08, 0
588859201, 2.22, 1.57e-08, 1.32e-08, 1.96, 0, 1e-08, 0
589464001, 5.12, 2.38e-08, 1.45e-08, 1.96, 0, 1e-08, 0
590068801, 7.6, 3.5e-08, 1.91e-08, 1.96, 0, 1e-08, 0
591278401, 8.22, 2.2e-08, 1.16e-08, 1.96, 0, 1e-08, 0
591883201, 3.39, 1.69e-08, 1.31e-08, 1.96, 0, 1e-08, 0
592488001, 2.86, 2.02e-08, 1.55e-08, 1.96, 0, 1e-08, 0
593092801, 20.6, 4.72e-08, 1.84e-08, 1.96, 0, 1e-08, 0
593697601, 4.98, 3.1e-08, 1.83e-08, 1.96, 0, 1e-08, 0
594907201, 8.1, 1.63e-08, 1.01e-08, 1.96, 0, 1e-08, 0
595512001, 19.99, 2.59e-08, 1.06e-08, 1.96, 0, 1e-08, 0
597326401, 13.78, 3.75e-08, 1.66e-08, 1.96, 0, 1e-08, 0
597931201, 11.43, 4.83e-08, 2.01e-08, 1.96, 0, 1e-08, 0
598536001, 4.13, 2.23e-08, 1.45e-08, 1.96, 0, 1e-08, 0
599140801, 13.11, 2.36e-08, 1.17e-08, 1.96, 0, 1e-08, 0
600350401, 15.49, 2.28e-08, 1.17e-08, 1.96, 0, 1e-08, 0
601560001, 4.92, 8.58e-09, 8.42e-09, 1.96, 0, 1e-08, 0
602164801, 9.12, 2.51e-08, 1.3e-08, 1.96, 0, 1e-08, 0
603374401, 6.29, 1.9e-08, 1.12e-08, 1.96, 0, 1e-08, 0
603979201, 10.5, 2.82e-08, 1.51e-08, 1.96, 0, 1e-08, 0
605188801, 1.63, 7.72e-09, 8.59e-09, 1.96, 0, 1e-08, 0
605793601, 1.73, 1.16e-08, 1.15e-08, 1.96, 0, 1e-08, 0
607003201, 14.1, 2.74e-08, 1.29e-08, 1.96, 0, 1e-08, 0
607608001, 1.88, 1.75e-08, 1.54e-08, 1.96, 0, 1e-08, 0
608212801, 4.42, 2.41e-08, 1.69e-08, 1.96, 0, 1e-08, 0
608817601, 10.92, 2e-08, 1.17e-08, 1.96, 0, 1e-08, 0
610632001, 4.17, 1.8e-08, 1.24e-08, 1.96, 0, 1e-08, 0
611236801, 1.12, 1.11e-08, 1.24e-08, 1.96, 0, 1e-08, 0
613051201, 1.08, 1.04e-08, 1.23e-08, 1.96, 0, 1e-08, 0
613656001, 9.76, 2.2e-08, 1.17e-08, 1.96, 0, 1e-08, 0
614260801, 8.09, 1.47e-08, 1.21e-08, 1.96, 0, 1e-08, 0
615470401, 3.48, 7.94e-09, 8.07e-09, 1.96, 0, 1e-08, 0
616075201, 6.25, 8.21e-09, 7.89e-09, 1.96, 0, 1e-08, 0
616680001, 8.72, 2.09e-08, 1.06e-08, 1.96, 0, 1e-08, 0
617284801, 2.72, 1.51e-08, 1.22e-08, 1.96, 0, 1e-08, 0
617889601, 1.99, 5.7e-09, 6.61e-09, 1.96, 0, 1e-08, 0
618494401, 12.04, 3.61e-08, 1.7e-08, 1.96, 0, 1e-08, 0
619704001, 4.24, 1.05e-08, 1.01e-08, 1.96, 0, 1e-08, 0
622123201, 5.26, 2.08e-08, 1.51e-08, 1.96, 0, 1e-08, 0
622728001, 1.05, 6.23e-09, 8.38e-09, 1.96, 0, 1e-08, 0
623332801, 5.53, 2.65e-08, 1.41e-08, 1.96, 0, 1e-08, 0
623937601, 3.61, 1.19e-08, 9.58e-09, 1.96, 0, 1e-08, 0
624542401, 24.43, 4.77e-08, 1.96e-08, 1.96, 0, 1e-08, 0
625752001, 3.66, 1.19e-08, 1.08e-08, 1.96, 0, 1e-08, 0
626356801, 1.7, 1.63e-08, 1.51e-08, 1.96, 0, 1e-08, 0
626961601, 1.86, 1.41e-08, 1.25e-08, 1.96, 0, 1e-08, 0
627566401, 8.2, 1.74e-08, 9.1e-09, 1.96, 0, 1e-08, 0
628171201, 5.09, 1.65e-08, 1.05e-08, 1.96, 0, 1e-08, 0
630590401, 13.26, 3.1e-08, 1.36e-08, 1.96, 0, 1e-08, 0
631195201, 21.56, 2.81e-08, 1.14e-08, 1.96, 0, 1e-08, 0
631800001, 3.26, 1.51e-08, 1.17e-08, 1.96, 0, 1e-08, 0
632404801, 5.88, 1.76e-08, 1.13e-08, 1.96, 0, 1e-08, 102
633009601, 2.63, 6.79e-09, 7.2e-09, 1.96, 0, 1e-08, 0
634219201, 2.37, 1.69e-08, 1.4e-08, 1.96, 0, 1e-08, 0
634824001, 14.51, 1.83e-08, 8.71e-09, 1.96, 0, 1e-08, 0
635428801, 2.63, 1.82e-08, 1.41e-08, 1.96, 0, 1e-08, 0
636033601, 6.68, 2.84e-08, 1.6e-08, 1.96, 0, 1e-08, 0
636638401, 26.87, 3.8e-08, 1.58e-08, 1.96, 0, 1e-08, 0
637848001, 8.41, 2.4e-08, 1.62e-08, 1.96, 0, 1e-08, 0
638452801, 5.4, 2.35e-08, 1.42e-08, 1.96, 0, 1e-08, 0
639057601, 8.92, 1.92e-08, 1.1e-08, 1.96, 0, 1e-08, 0
639662401, 1.69, 1.35e-08, 1.37e-08, 1.96, 0, 1e-08, 0
642686401, 11.36, 3.04e-08, 1.69e-08, 1.96, 0, 1e-08, 0
643291201, 6.81, 2.43e-08, 1.39e-08, 1.96, 0, 1e-08, 0
643896001, 5.33, 1.53e-08, 1.08e-08, 1.96, 0, 1e-08, 0
644500801, 16.06, 3.33e-08, 1.35e-08, 1.96, 0, 1e-08, 0
645710401, 4.19, 1.91e-08, 1.27e-08, 1.96, 0, 1e-08, 0
646920001, 11.99, 2.33e-08, 1.37e-08, 1.96, 0, 1e-08, 0
647524801, 4.84, 2.43e-08, 1.43e-08, 1.96, 0, 1e-08, 0
648734401, 4.01, 1.22e-08, 9.11e-09, 1.96, 0, 1e-08, 0
649339201, 11.43, 2.22e-08, 1.13e-08, 1.96, 0, 1e-08, 0
649944001, 5.76, 7.74e-09, 7.06e-09, 1.96, 0, 1e-08, 0
650548801, 4.92, 2.3e-08, 1.47e-08, 1.96, 0, 1e-08, 0
651758401, 4.86, 2.26e-08, 1.48e-08, 1.96, 0, 1e-08, 0
652968001, 2.3, 8.51e-09, 7.78e-09, 1.96, 0, 1e-08, 0
654177601, 7.59, 2.36e-08, 1.48e-08, 1.96, 0, 1e-08, 0
654782401, 3.42, 1.41e-08, 1.16e-08, 1.96, 0, 1e-08, 0
655387201, 12.72, 2.84e-08, 1.25e-08, 1.96, 0, 1e-08, 0
655992001, 21.85, 2.74e-08, 1.39e-08, 1.96, 0, 1e-08, 0
656596801, 23.72, 3.95e-08, 1.69e-08, 1.96, 0, 1e-08, 0
657201601, 6.47, 3.57e-08, 1.9e-08, 1.96, 0, 1e-08, 0
657806401, 1.6, 1.84e-08, 1.71e-08, 1.96, 0, 1e-08, 0
658411201, 4.55, 1.44e-08, 1.22e-08, 1.96, 0, 1e-08, 0
659016001, 27.14, 4.44e-08, 1.49e-08, 1.96, 0, 1e-08, 0
660830401, 8.18, 3.07e-08, 1.78e-08, 1.96, 0, 1e-08, 0
662040001, 11.51, 3.15e-08, 1.47e-08, 1.96, 0, 1e-08, 0
663249601, 3.51, 1.51e-08, 1.02e-08, 1.96, 0, 1e-08, 0
663854401, 9.34, 2.86e-08, 1.42e-08, 1.96, 0, 1e-08, 0
664459201, 6.19, 2.33e-08, 1.36e-08, 1.96, 0, 1e-08, 0
665064001, 23.28, 3.76e-08, 1.58e-08, 1.96, 0, 1e-08, 0
666273601, 3.69, 9.88e-09, 8.5e-09, 1.96, 0, 1e-08, 0
668692801, 5.83, 1.95e-08, 1.31e-08, 1.96, 0, 1e-08, 0
669297601, 3.82, 1.7e-08, 1.26e-08, 1.96, 0, 1e-08, 0
669902401, 6.23, 2.73e-08, 1.67e-08, 1.96, 0, 1e-08, 0
671112001, 2.95, 1.18e-08, 1.11e-08, 1.96, 0, 1e-08, 0
672926401, 3.06, 1.33e-08, 1.03e-08, 1.96, 0, 1e-08, 0
674136001, 17.11, 3.49e-08, 1.47e-08, 1.96, 0, 1e-08, 0
675345601, 1.27, 1.14e-08, 1.2e-08, 1.96, 0, 1e-08, 0
676555201, 10.29, 2.5e-08, 1.27e-08, 1.96, 0, 1e-08, 0
677160001, 6.55, 1.65e-08, 1.05e-08, 1.96, 0, 1e-08, 0
677764801, 2.2, 9.22e-09, 9.5e-09, 1.96, 0, 1e-08, 0
678369601, 9.0, 2.33e-08, 1.32e-08, 1.96, 0, 1e-08, 0
679579201, 15.83, 3.97e-08, 1.84e-08, 1.96, 0, 1e-08, 0
680184001, 15.76, 3.19e-08, 1.31e-08, 1.96, 0, 1e-08, 0
680788801, 8.54, 2.12e-08, 1.11e-08, 1.96, 0, 1e-08, 0
681393601, 1.91, 1.39e-08, 1.27e-08, 1.96, 0, 1e-08, 0
683208001, 1.71, 7.9e-09, 8.81e-09, 1.96, 0, 1e-08, 0
684417601, 4.13, 1.83e-08, 1.34e-08, 1.96, 0, 1e-08, 0
685022401, 2.01, 1.16e-08, 1.1e-08, 1.96, 0, 1e-08, 0
685627201, 4.41, 2.3e-08, 1.51e-08, 1.96, 0, 1e-08, 0
686232001, 1.71, 1.34e-08, 1.29e-08, 1.96, 0, 1e-08, 0
686836801, 2.27, 1.43e-08, 1.22e-08, 1.96, 0, 1e-08, 0
687441601, 7.4, 1.11e-08, 7.52e-09, 1.96, 0, 1e-08, 0
688046401, 1.36, 1.35e-08, 1.39e-08, 1.96, 0, 1e-08, 0
689256001, 5.97, 1.51e-08, 1.15e-08, 1.96, 0, 1e-08, 0
689860801, 10.08, 2.11e-08, 1.22e-08, 1.96, 0, 1e-08, 0
690465601, 4.57, 1.65e-08, 1.14e-08, 1.96, 0, 1e-08, 0
691675201, 5.71, 1.38e-08, 9.59e-09, 1.96, 0, 1e-08, 0
692280001, 27.17, 4.58e-08, 1.65e-08, 1.96, 0, 1e-08, 0
693489601, 1.72, 1.47e-08, 1.46e-08, 1.96, 0, 1e-08, 0
694094401, 7.73, 1.36e-08, 9.09e-09, 1.96, 0, 1e-08, 0
695908801, 1.27, 6.16e-09, 7.66e-09, 1.96, 0, 1e-08, 0
696513601, 5.83, 1.89e-08, 1.3e-08, 1.96, 0, 1e-08, 0
697118401, 8.43, 2.5e-08, 1.41e-08, 1.96, 0, 1e-08, 0
697723201, 2.93, 2.01e-08, 1.49e-08, 1.96, 0, 1e-08, 0
698328001, 8.19, 1.19e-08, 8.49e-09, 1.96, 0, 1e-08, 0
698932801, 10.3, 2.41e-08, 1.13e-08, 1.96, 0, 1e-08, 0
700142401, 1.26, 6.92e-09, 8.96e-09, 1.96, 0, 1e-08, 0
700747201, 1.74, 5.89e-09, 6.51e-09, 1.96, 0, 1e-08, 0
701352001, 3.84, 1.32e-08, 1.02e-08, 1.96, 0, 1e-08, 0
701956801, 1.63, 6.75e-09, 8.12e-09, 1.96, 0, 1e-08, 0
702561601, 1.82, 1.3e-08, 1.26e-08, 1.96, 0, 1e-08, 0
703166401, 14.93, 3.42e-08, 1.49e-08, 1.96, 0, 1e-08, 0
703771201, 2.64, 1.88e-08, 1.56e-08, 1.96, 0, 1e-08, 0
704376001, 12.76, 2.94e-08, 1.49e-08, 1.96, 0, 1e-08, 0
704980801, 16.91, 2.46e-08, 1.11e-08, 1.96, 0, 1e-08, 0
705585601, 2.6, 1.21e-08, 9.88e-09, 1.96, 0, 1e-08, 0
707400001, 3.91, 1.61e-08, 1.18e-08, 1.96, 0, 1e-08, 0
708609601, 13.57, 3.54e-08, 1.53e-08, 1.96, 0, 1e-08, 0
709819201, 17.78, 3.1e-08, 1.38e-08, 1.96, 0, 1e-08, 0
711028801, 6.08, 3.03e-08, 1.83e-08, 1.96, 0, 1e-08, 0
711633601, 7.33, 1.6e-08, 1.37e-08, 1.96, 0, 1e-08, 0
712238401, 12.22, 2.59e-08, 1.28e-08, 1.96, 0, 1e-08, 0
712843201, 8.88, 1.63e-08, 1.06e-08, 1.96, 0, 1e-08, 0
713448001, 5.87, 3.46e-08, 1.81e-08, 1.96, 0, 1e-08, 0
714052801, 1.23, 6.78e-09, 8.24e-09, 1.96, 0, 1e-08, 0
715867201, 13.12, 3.1e-08, 1.54e-08, 1.96, 0, 1e-08, 0
716472001, 17.51, 2.23e-08, 1.05e-08, 1.96, 0, 1e-08, 0
717076801, 27.21, 3.57e-08, 1.46e-08, 1.96, 0, 1e-08, 0
717681601, 3.05, 2.17e-08, 1.59e-08, 1.96, 0, 1e-08, 0
718286401, 3.76, 2.23e-08, 1.49e-08, 1.96, 0, 1e-08, 0
718891201, 9.72, 2.74e-08, 1.38e-08, 1.96, 0, 1e-08, 0
720100801, 15.24, 4.5e-08, 1.91e-08, 1.96, 0, 1e-08, 0
721310401, 1.74, 1.28e-08, 1.28e-08, 1.96, 0, 1e-08, 0
722520001, 13.18, 4.68e-08, 1.67e-08, 1.96, 0, 1e-08, 0
723124801, 2.08, 1.16e-08, 1.03e-08, 1.96, 0, 1e-08, 0
723729601, 10.62, 1.72e-08, 8.89e-09, 1.96, 0, 1e-08, 0
724334401, 5.55, 1.72e-08, 1.33e-08, 1.96, 0, 1e-08, 0
724939201, 11.3, 2.86e-08, 1.51e-08, 1.96, 0, 1e-08, 0
725544001, 18.67, 3.96e-08, 1.59e-08, 1.96, 0, 1e-08, 0
726148801, 12.15, 1.48e-08, 9.39e-09, 1.96, 0, 1e-08, 0
728568001, 4.27, 1.75e-08, 1.22e-08, 1.96, 0, 1e-08, 0
729777601, 1.35, 1.32e-08, 1.4e-08, 1.96, 0, 1e-08, 0
730382401, 6.59, 1.96e-08, 1.09e-08, 1.96, 0, 1e-08, 0
730987201, 8.49, 3.04e-08, 1.47e-08, 1.96, 0, 1e-08, 0
732196801, 4.16, 2e-08, 1.48e-08, 1.96, 0, 1e-08, 0
733406401, 25.21, 3.93e-08, 1.8e-08, 1.96, 0, 1e-08, 0
734011201, 5.98, 1.04e-08, 9.19e-09, 1.96, 0, 1e-08, 0
734616001, 3.81, 2.21e-08, 1.46e-08, 1.96, 0, 1e-08, 0
735220801, 13.31, 3.54e-08, 1.52e-08, 1.96, 0, 1e-08, 0
735825601, 3.95, 2.7e-08, 1.79e-08, 1.96, 0, 1e-08, 0
736430401, 7.57, 1.02e-08, 8.19e-09, 1.96, 0, 1e-08, 0
737035201, 12.97, 1.93e-08, 9.99e-09, 1.96, 0, 1e-08, 0
737640001, 3.42, 2.15e-08, 1.48e-08, 1.96, 0, 1e-08, 0
738244801, 28.22, 5.87e-08, 1.97e-08, 1.96, 0, 1e-08, 0
738849601, 4.89, 2.29e-08, 1.39e-08, 1.96, 0, 1e-08, 0
741268801, 6.57, 2.03e-08, 1.23e-08, 1.96, 0, 1e-08, 0
741873601, 4.48, 1.91e-08, 1.35e-08, 1.96, 0, 1e-08, 0
