timestamp, ts, flux, flux_error, photon_index, photon_index_interval, fit_tolerance, fit_convergence
239889601, 2.54, 2.94e-08, 2.23e-08, 2.38, 0, 1e-08, 0
240494401, 6.89, 3.55e-08, 1.96e-08, 2.38, 0, 1e-08, 0
241704001, 13.07, 4.34e-08, 1.81e-08, 2.38, 0, 1e-08, 0
242308801, 1.14, 1.28e-08, 1.45e-08, 2.38, 0, 1e-08, 0
242913601, 7.01, 4.15e-08, 2.12e-08, 2.38, 0, 1e-08, 0
244123201, 9.34, 5.66e-08, 2.53e-08, 2.38, 0, 1e-08, 0
244728001, 1.73, 2.37e-08, 2.16e-08, 2.38, 0, 1e-08, 0
245332801, 18.22, 6.22e-08, 2.23e-08, 2.38, 0, 1e-08, 0
246542401, 5.21, 2.61e-08, 1.56e-08, 2.38, 0, 1e-08, 0
247147201, 1.24, 1.52e-08, 1.52e-08, 2.38, 0, 1e-08, 0
247752001, 3.42, 2.07e-08, 1.57e-08, 2.38, 0, 1e-08, 0
248356801, 3.93, 2.77e-08, 1.87e-08, 2.38, 0, 1e-08, 0
248961601, 3.03, 3.76e-08, 2.54e-08, 2.38, 0, 1e-08, 0
249566401, 8.55, 3.97e-08, 1.95e-08, 2.38, 0, 1e-08, 0
250776001, 10.13, 3.34e-08, 1.64e-08, 2.38, 0, 1e-08, 0
251380801, 5.69, 2.53e-08, 1.46e-08, 2.38, 0, 1e-08, 0
251985601, 15.84, 4.88e-08, 1.99e-08, 2.38, 0, 1e-08, 0
252590401, 5.45, 4.31e-08, 2.38e-08, 2.38, 0, 1e-08, 0
253195201, 80.04, 1.61e-07, 3.1e-08, 2.38, 0, 1e-08, 0
253800001, 19.71, 6.67e-08, 2.53e-08, 2.38, 0, 1e-08, 0
254404801, 21.05, 7.91e-08, 2.6e-08, 2.38, 0, 1e-08, 0
255009601, 56.05, 1.22e-07, 2.69e-08, 2.38, 0, 1e-08, 0
255614401, 66.97, 1.44e-07, 2.7e-08, 2.38, 0, 1e-08, 0
256219201, 49.37, 9.91e-08, 2.21e-08, 2.38, 0, 1e-08, 0
256824001, 24.53, 8.52e-08, 2.61e-08, 2.38, 0, 1e-08, 0
257428801, 29.97, 9.02e-08, 2.5e-08, 2.38, 0, 1e-08, 0
258033601, 12.89, 6.26e-08, 2.58e-08, 2.38, 0, 1e-08, 0
259243201, 108.94, 1.95e-07, 3.3e-08, 2.38, 0, 1e-08, 0
259848001, 38.09, 1.14e-07, 2.82e-08, 2.38, 0, 1e-08, 0
260452801, 22.98, 5.29e-08, 1.96e-08, 2.38, 0, 1e-08, 0
261662401, 5.49, 4.17e-08, 2.27e-08, 2.38, 0, 1e-08, 0
262267201, 9.63, 4.62e-08, 2.19e-08, 2.38, 0, 1e-08, 0
262872001, 2.79, 3.53e-08, 2.57e-08, 2.38, 0, 1e-08, 0
263476801, 4.55, 3.5e-08, 2.27e-08, 2.38, 0, 1e-08, 0
264686401, 3.08, 2.06e-08, 1.71e-08, 2.38, 0, 1e-08, 0
265291201, 7.1, 2.86e-08, 1.75e-08, 2.38, 0, 1e-08, 0
265896001, 10.28, 3.46e-08, 1.78e-08, 2.38, 0, 1e-08, 0
266500801, 49.48, 1.21e-07, 2.99e-08, 2.38, 0, 1e-08, 0
267105601, 20.7, 9.52e-08, 3.17e-08, 2.38, 0, 1e-08, 0
267710401, 17.33, 7.53e-08, 3.04e-08, 2.38, 0, 1e-08, 0
268315201, 12.23, 6.37e-08, 2.66e-08, 2.38, 0, 1e-08, 0
268920001, 2.65, 3.23e-08, 2.47e-08, 2.38, 0, 1e-08, 0
269524801, 1.79, 7.42e-09, 8.77e-09, 2.38, 0, 1e-08, 0
270734401, 3.61, 3.11e-08, 2.17e-08, 2.38, 0, 1e-08, 0
271944001, 5.15, 2.93e-08, 2.03e-08, 2.38, 0, 1e-08, 0
272548801, 1.46, 2.43e-08, 2.56e-08, 2.38, 0, 1e-08, 0
273153601, 8.85, 5.49e-08, 2.74e-08, 2.38, 0, 1e-08, 0
273758401, 2.9, 2.44e-08, 2e-08, 2.38, 0, 1e-08, 0
274363201, 8.47, 4.23e-08, 2.58e-08, 2.38, 0, 1e-08, 0
275572801, 2.42, 2.26e-08, 1.93e-08, 2.38, 0, 1e-08, 0
276177601, 1.88, 2.33e-08, 2.28e-08, 2.38, 0, 1e-08, 0
277387201, 10.93, 4.1e-08, 2.19e-08, 2.38, 0, 1e-08, 0
278596801, 4.9, 4.56e-08, 2.89e-08, 2.38, 0, 1e-08, 0
279201601, 3.7, 3.25e-08, 2.47e-08, 2.38, 0, 1e-08, 0
279806401, 10.61, 6.08e-08, 3e-08, 2.38, 0, 1e-08, 0
280411201, 12.37, 5.74e-08, 2.47e-08, 2.38, 0, 1e-08, 0
281016001, 11.9, 6.38e-08, 2.84e-08, 2.38, 0, 1e-08, 0
281620801, 30.22, 1.02e-07, 2.79e-08, 2.38, 0, 1e-08, 0
282225601, 13.84, 7.45e-08, 2.87e-08, 2.38, 0, 1e-08, 0
282830401, 41.78, 1.49e-07, 3.5e-08, 2.38, 0, 1e-08, 0
283435201, 52.66, 1.38e-07, 3.3e-08, 2.38, 0, 1e-08, 0
284040001, 5.32, 3.8e-08, 2.55e-08, 2.38, 0, 1e-08, 0
284644801, 1.3, 2.2e-08, 2.42e-08, 2.38, 0, 1e-08, 0
285249601, 7.25, 5.24e-08, 2.54e-08, 2.38, 0, 1e-08, 0
285854401, 16.99, 8.17e-08, 2.84e-08, 2.38, 0, 1e-08, 0
286459201, 41.67, 1.34e-07, 3.05e-08, 2.38, 0, 1e-08, 0
287064001, 20.96, 8.86e-08, 3.06e-08, 2.38, 0, 1e-08, 0
287668801, 13.81, 6.88e-08, 2.68e-08, 2.38, 0, 1e-08, 0
288273601, 2.75, 3.31e-08, 2.4e-08, 2.38, 0, 1e-08, 0
288878401, 28.22, 1.22e-07, 3.58e-08, 2.38, 0, 1e-08, 0
289483201, 4.69, 3.79e-08, 2.53e-08, 2.38, 0, 1e-08, 0
290088001, 1.41, 2.02e-08, 2.16e-08, 2.38, 0, 1e-08, 0
290692801, 4.13, 3.19e-08, 2.01e-08, 2.38, 0, 1e-08, 0
291297601, 1.22, 2.2e-08, 2.43e-08, 2.38, 0, 1e-08, 0
291902401, 1.72, 2.49e-08, 2.49e-08, 2.38, 0, 1e-08, 0
292507201, 3.56, 2.74e-08, 2.7e-08, 2.38, 0, 1e-08, 0
293112001, 36.87, 1.24e-07, 3.31e-08, 2.38, 0, 1e-08, 0
293716801, 1.78, 2.3e-08, 2.26e-08, 2.38, 0, 1e-08, 0
295531201, 18.92, 7.94e-08, 2.65e-08, 2.38, 0, 1e-08, 0
296136001, 19.84, 7.54e-08, 2.56e-08, 2.38, 0, 1e-08, 0
296740801, 1.49, 1.48e-08, 1.63e-08, 2.38, 0, 1e-08, 0
297345601, 8.89, 4.7e-08, 2.41e-08, 2.38, 0, 1e-08, 0
298555201, 7.67, 4.47e-08, 2.19e-08, 2.38, 0, 1e-08, 0
299160001, 2.64, 1.67e-08, 1.59e-08, 2.38, 0, 1e-08, 0
299764801, 1.61, 2.64e-08, 2.56e-08, 2.38, 0, 1e-08, 0
300369601, 2.56, 1.78e-08, 1.61e-08, 2.38, 0, 1e-08, 0
300974401, 4.59, 3.66e-08, 2.38e-08, 2.38, 0, 1e-08, 0
301579201, 4.58, 1.9e-08, 1.55e-08, 2.38, 0, 1e-08, 0
303998401, 26.84, 1.04e-07, 3.19e-08, 2.38, 0, 1e-08, 0
304603201, 3.54, 3.2e-08, 2.25e-08, 2.38, 0, 1e-08, 0
305208001, 4.94, 3.82e-08, 2.24e-08, 2.38, 0, 1e-08, 0
306417601, 7.86, 3.72e-08, 2.12e-08, 2.38, 0, 1e-08, 0
307022401, 2.39, 4.09e-08, 3.54e-08, 2.38, 0, 1e-08, 0
312465601, 11.76, 6.98e-08, 2.84e-08, 2.38, 0, 1e-08, 0
313070401, 16.87, 8.71e-08, 2.87e-08, 2.38, 0, 1e-08, 0
314280001, 23.07, 6.3e-08, 2.21e-08, 2.38, 0, 1e-08, 0
314884801, 4.07, 2.5e-08, 1.95e-08, 2.38, 0, 1e-08, 0
315489601, 2.71, 3.05e-08, 2.37e-08, 2.38, 0, 1e-08, 0
316094401, 3.85, 3.13e-08, 2.29e-08, 2.38, 0, 1e-08, 0
316699201, 3.56, 3.26e-08, 2.32e-08, 2.38, 0, 1e-08, 0
317304001, 13.46, 5.81e-08, 2.59e-08, 2.38, 0, 1e-08, 0
317908801, 22.43, 7.49e-08, 2.72e-08, 2.38, 0, 1e-08, 0
318513601, 22.37, 8.75e-08, 2.75e-08, 2.38, 0, 1e-08, 0
319118401, 23.99, 8.67e-08, 3.11e-08, 2.38, 0, 1e-08, 0
319723201, 32.05, 9.48e-08, 2.8e-08, 2.38, 0, 1e-08, 0
320328001, 20.07, 7.96e-08, 2.84e-08, 2.38, 0, 1e-08, 0
320932801, 3.25, 4.2e-08, 3.39e-08, 2.38, 0, 1e-08, 0
321537601, 25.28, 6.73e-08, 2.45e-08, 2.38, 0, 1e-08, 0
322142401, 21.8, 7.34e-08, 2.52e-08, 2.38, 0, 1e-08, 0
322747201, 18.97, 6.95e-08, 2.74e-08, 2.38, 0, 1e-08, 0
323352001, 18.09, 6.69e-08, 2.57e-08, 2.38, 0, 1e-08, 0
323956801, 6.53, 2.82e-08, 1.79e-08, 2.38, 0, 1e-08, 0
325166401, 4.81, 3.44e-08, 2.4e-08, 2.38, 0, 1e-08, 0
325771201, 6.12, 4e-08, 2.7e-08, 2.38, 0, 1e-08, 0
326376001, 13.33, 5.97e-08, 2.71e-08, 2.38, 0, 1e-08, 0
327585601, 2.78, 3.58e-08, 2.81e-08, 2.38, 0, 1e-08, 0
328190401, 15.74, 5.05e-08, 2.24e-08, 2.38, 0, 1e-08, 0
329400001, 19.36, 8.23e-08, 2.97e-08, 2.38, 0, 1e-08, 0
330004801, 17.1, 6.62e-08, 2.64e-08, 2.38, 0, 1e-08, 0
330609601, 4.08, 2.86e-08, 2.14e-08, 2.38, 0, 1e-08, 0
331214401, 2.56, 3.15e-08, 2.56e-08, 2.38, 0, 1e-08, 0
331819201, 53.18, 1.21e-07, 2.79e-08, 2.38, 0, 1e-08, 0
332424001, 47.31, 1.25e-07, 2.9e-08, 2.38, 0, 1e-08, 0
333028801, 8.6, 5.44e-08, 2.44e-08, 2.38, 0, 1e-08, 0
334238401, 2.74, 2.78e-08, 2.21e-08, 2.38, 0, 1e-08, 0
334843201, 4.25, 3.78e-08, 2.53e-08, 2.38, 0, 1e-08, 0
335448001, 10.54, 6.01e-08, 2.58e-08, 2.38, 0, 1e-08, 0
336052801, 5.22, 3.53e-08, 2.38e-08, 2.38, 0, 1e-08, 0
337262401, 15.65, 5.98e-08, 2.08e-08, 2.38, 0, 1e-08, 0
339681601, 2.54, 2.6e-08, 2.29e-08, 2.38, 0, 1e-08, 0
340286401, 11.7, 5.65e-08, 3.13e-08, 2.38, 0, 1e-08, 0
342100801, 1.84, 2.89e-08, 2.65e-08, 2.38, 0, 1e-08, 0
343310401, 2.37, 2.79e-08, 2.34e-08, 2.38, 0, 1e-08, 0
343915201, 11.27, 5.47e-08, 2.54e-08, 2.38, 0, 1e-08, 0
344520001, 1.16, 1.69e-08, 1.94e-08, 2.38, 0, 1e-08, 0
345124801, 1.19, 1.51e-08, 1.81e-08, 2.38, 0, 1e-08, 0
346334401, 16.57, 4.77e-08, 1.97e-08, 2.38, 0, 1e-08, 0
346939201, 5.61, 3.67e-08, 2.24e-08, 2.38, 0, 1e-08, 0
347544001, 14.8, 6.36e-08, 2.65e-08, 2.38, 0, 1e-08, 0
348148801, 1.04, 9.9e-09, 1.36e-08, 2.38, 0, 1e-08, 0
348753601, 4.1, 3.14e-08, 2.01e-08, 2.38, 0, 1e-08, 0
349963201, 1.38, 1.74e-08, 1.8e-08, 2.38, 0, 1e-08, 0
350568001, 4.76, 3.79e-08, 2.43e-08, 2.38, 0, 1e-08, 0
351172801, 5.38, 5.03e-08, 3.11e-08, 2.38, 0, 1e-08, 0
351777601, 4.0, 3.4e-08, 2.39e-08, 2.38, 0, 1e-08, 0
352382401, 3.17, 3.04e-08, 2.18e-08, 2.38, 0, 1e-08, 0
353592001, 14.42, 5.54e-08, 2.41e-08, 2.38, 0, 1e-08, 0
354196801, 2.65, 2.9e-08, 2.3e-08, 2.38, 0, 1e-08, 0
354801601, 4.21, 4.24e-08, 2.66e-08, 2.38, 0, 1e-08, 0
355406401, 3.21, 2.27e-08, 1.86e-08, 2.38, 0, 1e-08, 0
356616001, 12.22, 7.44e-08, 3.04e-08, 2.38, 0, 1e-08, 0
357220801, 1.97, 2.88e-08, 2.57e-08, 2.38, 0, 1e-08, 0
359035201, 2.92, 3.12e-08, 2.17e-08, 2.38, 0, 1e-08, 0
359640001, 13.56, 5.31e-08, 2.4e-08, 2.38, 0, 1e-08, 0
360244801, 1.97, 1.51e-08, 1.63e-08, 2.38, 0, 1e-08, 0
361454401, 1.75, 2.47e-08, 2.31e-08, 2.38, 0, 1e-08, 0
362664001, 1.82, 2.73e-08, 2.6e-08, 2.38, 0, 1e-08, 0
363873601, 1.56, 1.78e-08, 1.81e-08, 2.38, 0, 1e-08, 0
364478401, 2.26, 2.84e-08, 2.49e-08, 2.38, 0, 1e-08, 0
365083201, 9.55, 5.58e-08, 2.4e-08, 2.38, 0, 1e-08, 0
365688001, 3.09, 2.54e-08, 2.14e-08, 2.38, 0, 1e-08, 0
366292801, 5.21, 5.03e-08, 2.68e-08, 2.38, 0, 1e-08, 0
367502401, 7.13, 5.73e-08, 2.88e-08, 2.38, 0, 1e-08, 0
368107201, 6.32, 5.83e-08, 3.08e-08, 2.38, 0, 1e-08, 0
368712001, 13.46, 6.18e-08, 2.62e-08, 2.38, 0, 1e-08, 0
369316801, 6.76, 5.12e-08, 2.76e-08, 2.38, 0, 1e-08, 0
369921601, 3.59, 2.93e-08, 2.26e-08, 2.38, 0, 1e-08, 0
370526401, 4.08, 7.67e-08, 5.4e-08, 2.38, 0, 1e-08, 0
371131201, 16.5, 8.83e-08, 3.88e-08, 2.38, 0, 1e-08, 0
371736001, 18.29, 9.82e-08, 3.69e-08, 2.38, 0, 1e-08, 0
372340801, 16.19, 7.06e-08, 3.25e-08, 2.38, 0, 1e-08, 0
372945601, 19.41, 9.55e-08, 3.33e-08, 2.38, 0, 1e-08, 0
373550401, 30.52, 1.21e-07, 3.5e-08, 2.38, 0, 1e-08, 0
374155201, 20.18, 9.21e-08, 3.11e-08, 2.38, 0, 1e-08, 0
374760001, 15.63, 8.3e-08, 3.49e-08, 2.38, 0, 1e-08, 0
375364801, 1.84, 3.8e-08, 3.46e-08, 2.38, 0, 1e-08, 0
376574401, 13.86, 8.37e-08, 3.31e-08, 2.38, 0, 1e-08, 0
377179201, 34.94, 1.39e-07, 3.6e-08, 2.38, 0, 1e-08, 0
377784001, 11.28, 7.05e-08, 3.25e-08, 2.38, 0, 1e-08, 0
378388801, 18.64, 7.28e-08, 2.53e-08, 2.38, 0, 1e-08, 0
378993601, 28.32, 1.14e-07, 3.23e-08, 2.38, 0, 1e-08, 0
379598401, 10.0, 4.38e-08, 2.18e-08, 2.38, 0, 1e-08, 0
380203201, 12.59, 4.15e-08, 2.14e-08, 2.38, 0, 1e-08, 0
380808001, 6.33, 4.26e-08, 2.42e-08, 2.38, 0, 1e-08, 0
382622401, 1.96, 1.94e-08, 1.86e-08, 2.38, 0, 1e-08, 0
383227201, 4.67, 3.57e-08, 2.5e-08, 2.38, 0, 1e-08, 0
384436801, 11.76, 8.36e-08, 3.74e-08, 2.38, 0, 1e-08, 0
385041601, 12.11, 6.67e-08, 2.86e-08, 2.38, 0, 1e-08, 0
385646401, 26.79, 1.06e-07, 3.32e-08, 2.38, 0, 1e-08, 0
386251201, 2.58, 4.24e-08, 3.3e-08, 2.38, 0, 1e-08, 0
387460801, 13.92, 5.5e-08, 2.06e-08, 2.38, 0, 1e-08, 0
388065601, 1.5, 1.25e-08, 1.56e-08, 2.38, 0, 1e-08, 0
388670401, 3.11, 3.87e-08, 3.01e-08, 2.38, 0, 1e-08, 0
389275201, 40.35, 1.47e-07, 3.7e-08, 2.38, 0, 1e-08, 0
391089601, 6.32, 5.03e-08, 2.79e-08, 2.38, 0, 1e-08, 0
391694401, 2.51, 3.11e-08, 2.61e-08, 2.38, 0, 1e-08, 0
394718401, 4.63, 4.98e-08, 2.74e-08, 2.38, 0, 1e-08, 0
395323201, 1.93, 3.12e-08, 2.66e-08, 2.38, 0, 1e-08, 0
395928001, 8.81, 4.19e-08, 2.54e-08, 2.38, 0, 1e-08, 0
397137601, 3.56, 3.7e-08, 2.6e-08, 2.38, 0, 1e-08, 0
398952001, 2.92, 3.86e-08, 3.15e-08, 2.38, 0, 1e-08, 0
399556801, 6.62, 3.16e-08, 2.09e-08, 2.38, 0, 1e-08, 0
400766401, 1.33, 1.75e-08, 1.83e-08, 2.38, 0, 1e-08, 0
401371201, 5.19, 3.06e-08, 1.93e-08, 2.38, 0, 1e-08, 0
401976001, 2.23, 2.16e-08, 1.94e-08, 2.38, 0, 1e-08, 0
403790401, 4.94, 5.78e-08, 3.27e-08, 2.38, 0, 1e-08, 0
405000001, 15.97, 4.04e-08, 1.79e-08, 2.38, 0, 1e-08, 0
406209601, 4.02, 3.37e-08, 2.46e-08, 2.38, 0, 1e-08, 0
406814401, 5.16, 2.38e-08, 1.82e-08, 2.38, 0, 1e-08, 0
408024001, 6.81, 1.98e-08, 1.43e-08, 2.38, 0, 1e-08, 0
408628801, 2.12, 3.61e-08, 3.35e-08, 2.38, 0, 1e-08, 0
411048001, 3.32, 1.55e-08, 1.27e-08, 2.38, 0, 1e-08, 0
414676801, 3.01, 4.37e-08, 3.32e-08, 2.38, 0, 1e-08, 0
415886401, 2.56, 1.95e-08, 1.71e-08, 2.38, 0, 1e-08, 0
416491201, 7.28, 5.21e-08, 2.59e-08, 2.38, 0, 1e-08, 0
417096001, 5.56, 4.27e-08, 3e-08, 2.38, 0, 1e-08, 0
418305601, 7.44, 3.24e-08, 1.76e-08, 2.38, 0, 1e-08, 0
418910401, 14.44, 5.7e-08, 2.75e-08, 2.38, 0, 1e-08, 0
419515201, 5.05, 5.56e-08, 3.11e-08, 2.38, 0, 1e-08, 0
420724801, 3.78, 2.21e-08, 1.78e-08, 2.38, 0, 1e-08, 0
423748801, 1.28, 4.19e-08, 4.87e-08, 2.38, 0, 1e-08, 0
427982401, 1.48, 2.08e-08, 2.36e-08, 2.38, 0, 1e-08, 0
428587201, 1.39, 1.82e-08, 2.02e-08, 2.38, 0, 1e-08, 0
429796801, 13.18, 4.8e-08, 1.85e-08, 2.38, 0, 1e-08, 0
431006401, 2.02, 2.25e-08, 2.15e-08, 2.38, 0, 1e-08, 0
431611201, 6.88, 5.21e-08, 2.81e-08, 2.38, 0, 1e-08, 0
434030401, 2.94, 2.34e-08, 1.84e-08, 2.38, 0, 1e-08, 0
434635201, 1.39, 8.64e-09, 9.73e-09, 2.38, 0, 1e-08, 0
439473601, 4.46, 2.9e-08, 2.05e-08, 2.38, 0, 1e-08, 0
440683201, 11.2, 4.19e-08, 1.97e-08, 2.38, 0, 1e-08, 0
442497601, 4.48, 3.23e-08, 1.95e-08, 2.38, 0, 1e-08, 0
443102401, 3.15, 2.89e-08, 2.19e-08, 2.38, 0, 1e-08, 0
443707201, 11.57, 5.94e-08, 2.24e-08, 2.38, 0, 1e-08, 0
444312001, 5.41, 2.37e-08, 1.87e-08, 2.38, 0, 1e-08, 0
444916801, 2.77, 2.09e-08, 1.82e-08, 2.38, 0, 1e-08, 0
446126401, 1.82, 2.08e-08, 2.03e-08, 2.38, 0, 1e-08, 0
448545601, 2.08, 3.59e-08, 3.41e-08, 2.38, 0, 1e-08, 0
449150401, 1.78, 3.13e-08, 2.82e-08, 2.38, 0, 1e-08, 0
449755201, 1.27, 2.84e-08, 3.12e-08, 2.38, 0, 1e-08, 0
450964801, 1.34, 2.22e-08, 3.29e-08, 2.38, 0, 1e-08, 0
451569601, 3.03, 2.49e-08, 1.93e-08, 2.38, 0, 1e-08, 0
455198401, 4.89, 3.97e-08, 2.68e-08, 2.38, 0, 1e-08, 0
455803201, 14.44, 6.01e-08, 2.46e-08, 2.38, 0, 1e-08, 0
456408001, 32.43, 7.22e-08, 1.96e-08, 2.38, 0, 1e-08, 0
457617601, 10.06, 5.78e-08, 2.85e-08, 2.38, 0, 1e-08, 0
458827201, 4.27, 3.7e-08, 2.43e-08, 2.38, 0, 1e-08, 0
461246401, 3.07, 3.37e-08, 2.49e-08, 2.38, 0, 1e-08, 0
462456001, 8.62, 5.25e-08, 2.94e-08, 2.38, 0, 1e-08, 0
463060801, 1.43, 2.88e-08, 3.05e-08, 2.38, 0, 1e-08, 0
466084801, 8.21, 3.1e-08, 1.78e-08, 2.38, 0, 1e-08, 0
467899201, 3.84, 3.88e-08, 2.62e-08, 2.38, 0, 1e-08, 0
468504001, 9.48, 4.69e-08, 2.54e-08, 2.38, 0, 1e-08, 0
469108801, 4.1, 2.48e-08, 1.96e-08, 2.38, 0, 1e-08, 0
471528001, 1.67, 1.29e-08, 1.51e-08, 2.38, 0, 1e-08, 0
472132801, 5.57, 3.33e-08, 1.92e-08, 2.38, 0, 1e-08, 0
472737601, 3.81, 3.76e-08, 2.51e-08, 2.38, 0, 1e-08, 0
473342401, 5.47, 3.78e-08, 2.42e-08, 2.38, 0, 1e-08, 0
475761601, 2.8, 3.03e-08, 2.35e-08, 2.38, 0, 1e-08, 0
476366401, 4.24, 3.02e-08, 2.03e-08, 2.38, 0, 1e-08, 0
476971201, 11.05, 4.71e-08, 2.27e-08, 2.38, 0, 1e-08, 0
478180801, 1.41, 1.53e-08, 1.7e-08, 2.38, 0, 1e-08, 0
479390401, 9.51, 5.53e-08, 2.44e-08, 2.38, 0, 1e-08, 0
479995201, 3.52, 1.93e-08, 1.61e-08, 2.38, 0, 1e-08, 0
480600001, 4.34, 4.05e-08, 2.39e-08, 2.38, 0, 1e-08, 0
481204801, 21.13, 5.57e-08, 2.35e-08, 2.38, 0, 1e-08, 0
481809601, 27.67, 1.16e-07, 3.49e-08, 2.38, 0, 1e-08, 0
482414401, 4.1, 3.12e-08, 2.18e-08, 2.38, 0, 1e-08, 0
483019201, 24.08, 9.7e-08, 3.2e-08, 2.38, 0, 1e-08, 0
483624001, 23.9, 7.68e-08, 2.73e-08, 2.38, 0, 1e-08, 0
484228801, 5.98, 4.8e-08, 3.04e-08, 2.38, 0, 1e-08, 0
484833601, 1.05, 2.14e-08, 2.54e-08, 2.38, 0, 1e-08, 0
485438401, 11.64, 9.25e-08, 3.44e-08, 2.38, 0, 1e-08, 0
486043201, 6.43, 4.84e-08, 2.66e-08, 2.38, 0, 1e-08, 0
486648001, 7.05, 4.61e-08, 2.75e-08, 2.38, 0, 1e-08, 0
487857601, 1.31, 1.82e-08, 2.11e-08, 2.38, 0, 1e-08, 0
489067201, 8.8, 5.81e-08, 2.87e-08, 2.38, 0, 1e-08, 0
490881601, 4.53, 5.6e-08, 3.87e-08, 2.38, 0, 1e-08, 0
493300801, 6.86, 5.34e-08, 2.78e-08, 2.38, 0, 1e-08, 0
495720001, 5.21, 5.09e-08, 2.93e-08, 2.38, 0, 1e-08, 0
496324801, 2.99, 2.73e-08, 2.24e-08, 2.38, 0, 1e-08, 0
497534401, 5.09, 5.09e-08, 3.56e-08, 2.38, 0, 1e-08, 0
499348801, 1.42, 2.95e-08, 2.98e-08, 2.38, 0, 1e-08, 0
501163201, 4.27, 4.49e-08, 2.86e-08, 2.38, 0, 1e-08, 0
501768001, 3.19, 2.86e-08, 2.1e-08, 2.38, 0, 1e-08, 0
502372801, 5.38, 3.6e-08, 2.36e-08, 2.38, 0, 1e-08, 0
502977601, 12.42, 6.91e-08, 2.84e-08, 2.38, 0, 1e-08, 0
503582401, 6.08, 5.15e-08, 3.43e-08, 2.38, 0, 1e-08, 0
504187201, 3.56, 2.52e-08, 2.11e-08, 2.38, 0, 1e-08, 0
504792001, 6.61, 7.59e-08, 3.5e-08, 2.38, 0, 1e-08, 0
505396801, 1.02, 1.79e-08, 2.22e-08, 2.38, 0, 1e-08, 0
507211201, 1.52, 2.28e-08, 2.3e-08, 2.38, 0, 1e-08, 0
507816001, 1.65, 2.85e-08, 2.87e-08, 2.38, 0, 1e-08, 0
510235201, 1.26, 1.79e-08, 1.93e-08, 2.38, 0, 1e-08, 0
510840001, 7.02, 3.86e-08, 2.02e-08, 2.38, 0, 1e-08, 0
511444801, 5.13, 3.13e-08, 2.04e-08, 2.38, 0, 1e-08, 0
512049601, 28.04, 7.68e-08, 2.44e-08, 2.38, 0, 1e-08, 0
512654401, 1.44, 9.19e-09, 1.13e-08, 2.38, 0, 1e-08, 0
513864001, 1.66, 2.72e-08, 2.39e-08, 2.38, 0, 1e-08, 0
515678401, 12.12, 4.95e-08, 2.18e-08, 2.38, 0, 1e-08, 0
519307201, 1.35, 2.01e-08, 2.03e-08, 2.38, 0, 1e-08, 0
522331201, 1.62, 1.5e-08, 1.61e-08, 2.38, 0, 1e-08, 0
524145601, 1.47, 1.85e-08, 2.15e-08, 2.38, 0, 1e-08, 0
525355201, 10.2, 4.91e-08, 2.38e-08, 2.38, 0, 1e-08, 0
525960001, 1.39, 1.99e-08, 2.22e-08, 2.38, 0, 1e-08, 0
527774401, 1.57, 2.36e-08, 2.31e-08, 2.38, 0, 1e-08, 0
528379201, 13.43, 7.37e-08, 3.2e-08, 2.38, 0, 1e-08, 0
528984001, 6.13, 5.89e-08, 3.08e-08, 2.38, 0, 1e-08, 0
529588801, 1.69, 2.46e-08, 2.42e-08, 2.38, 0, 1e-08, 0
530193601, 1.37, 1.46e-08, 1.74e-08, 2.38, 0, 1e-08, 0
530798401, 5.0, 4.54e-08, 2.77e-08, 2.38, 0, 1e-08, 0
533217601, 5.77, 2.52e-08, 1.8e-08, 2.38, 0, 1e-08, 0
535636801, 3.54, 3.05e-08, 2.08e-08, 2.38, 0, 1e-08, 0
536241601, 14.24, 4.93e-08, 2.04e-08, 2.38, 0, 1e-08, 0
536846401, 6.28, 3.29e-08, 1.83e-08, 2.38, 0, 1e-08, 0
538660801, 6.2, 3.76e-08, 2.34e-08, 2.38, 0, 1e-08, 0
539870401, 12.27, 5.13e-08, 2.47e-08, 2.38, 0, 1e-08, 0
540475201, 4.84, 2.89e-08, 2.1e-08, 2.38, 0, 1e-08, 0
541080001, 6.6, 4.58e-08, 2.29e-08, 2.38, 0, 1e-08, 0
541684801, 2.11, 2.54e-08, 2.23e-08, 2.38, 0, 1e-08, 0
545918401, 1.55, 1.8e-08, 1.93e-08, 2.38, 0, 1e-08, 0
547128001, 16.39, 3.94e-08, 1.47e-08, 2.38, 0, 1e-08, 0
547732801, 7.1, 1.93e-08, 1.19e-08, 2.38, 0, 1e-08, 0
549547201, 5.86, 4.18e-08, 2.22e-08, 2.38, 0, 1e-08, 0
550152001, 2.37, 2e-08, 1.76e-08, 2.38, 0, 1e-08, 0
550756801, 1.84, 4.51e-08, 3.81e-08, 2.38, 0, 1e-08, 0
551361601, 1.47, 1.42e-08, 1.38e-08, 2.38, 0, 1e-08, 0
552571201, 2.94, 3.06e-08, 2.2e-08, 2.38, 0, 1e-08, 0
554385601, 1.55, 9.87e-09, 1.13e-08, 2.38, 0, 1e-08, 0
554990401, 4.61, 4.03e-08, 2.36e-08, 2.38, 0, 1e-08, 0
556200001, 4.21, 3.05e-08, 2.39e-08, 2.38, 0, 1e-08, 0
557409601, 4.59, 6.1e-08, 3.4e-08, 2.38, 0, 1e-08, 0
559828801, 2.52, 2.79e-08, 2.26e-08, 2.38, 0, 1e-08, 0
560433601, 6.79, 3.44e-08, 1.89e-08, 2.38, 0, 1e-08, 0
562248001, 3.93, 1.72e-08, 1.19e-08, 2.38, 0, 1e-08, 0
562852801, 2.13, 1.9e-08, 1.78e-08, 2.38, 0, 1e-08, 0
567086401, 4.19, 2.27e-08, 1.52e-08, 2.38, 0, 1e-08, 0
569505601, 14.92, 5.41e-08, 2.2e-08, 2.38, 0, 1e-08, 0
570110401, 7.19, 4.27e-08, 2.12e-08, 2.38, 0, 1e-08, 0
571320001, 1.74, 2.19e-08, 2.33e-08, 2.38, 0, 1e-08, 0
571924801, 4.2, 5.67e-08, 3.73e-08, 2.38, 0, 1e-08, 0
574948801, 1.07, 1.82e-08, 2.16e-08, 2.38, 0, 1e-08, 0
575553601, 3.91, 1.98e-08, 1.7e-08, 2.38, 0, 1e-08, 0
577368001, 12.6, 8.26e-08, 3.13e-08, 2.38, 0, 1e-08, 0
577972801, 5.59, 6.76e-08, 3.72e-08, 2.38, 0, 1e-08, 0
579182401, 4.01, 2.5e-08, 1.69e-08, 2.38, 0, 1e-08, 0
580392001, 3.59, 2.21e-08, 1.9e-08, 2.38, 0, 1e-08, 0
580996801, 4.87, 2.73e-08, 1.7e-08, 2.38, 0, 1e-08, 0
581601601, 3.5, 2.69e-08, 2.03e-08, 2.38, 0, 1e-08, 0
582206401, 1.24, 2.6e-08, 2.86e-08, 2.38, 0, 1e-08, 0
582811201, 2.64, 2.64e-08, 2.08e-08, 2.38, 0, 1e-08, 0
584020801, 8.46, 4.84e-08, 2.32e-08, 2.38, 0, 1e-08, 0
585230401, 14.93, 3.78e-08, 1.49e-08, 2.38, 0, 1e-08, 0
585835201, 2.77, 1.96e-08, 1.64e-08, 2.38, 0, 1e-08, 0
586440001, 3.5, 2.86e-08, 2.37e-08, 2.38, 0, 1e-08, 0
587044801, 8.73, 4.74e-08, 2.51e-08, 2.38, 0, 1e-08, 0
587649601, 4.32, 4.57e-08, 2.6e-08, 2.38, 0, 1e-08, 0
588254401, 6.76, 3.2e-08, 1.83e-08, 2.38, 0, 1e-08, 0
588859201, 5.07, 3.7e-08, 2.57e-08, 2.38, 0, 1e-08, 0
590673601, 3.33, 3.28e-08, 2.42e-08, 2.38, 0, 1e-08, 0
591278401, 6.79, 3.06e-08, 1.89e-08, 2.38, 0, 1e-08, 0
596721601, 1.59, 1.89e-08, 1.89e-08, 2.38, 0, 1e-08, 0
597326401, 4.93, 3.27e-08, 1.99e-08, 2.38, 0, 1e-08, 0
600955201, 2.95, 3.23e-08, 2.34e-08, 2.38, 0, 1e-08, 0
601560001, 10.13, 4.76e-08, 2.53e-08, 2.38, 0, 1e-08, 0
602164801, 5.32, 3.96e-08, 2.49e-08, 2.38, 0, 1e-08, 0
603374401, 18.44, 7.88e-08, 2.83e-08, 2.38, 0, 1e-08, 0
603979201, 2.56, 2.72e-08, 2.16e-08, 2.38, 0, 1e-08, 0
604584001, 17.75, 7.86e-08, 2.83e-08, 2.38, 0, 1e-08, 0
605188801, 3.9, 3.56e-08, 2.51e-08, 2.38, 0, 1e-08, 0
605793601, 3.68, 3.96e-08, 2.54e-08, 2.38, 0, 1e-08, 0
606398401, 1.95, 1.27e-08, 1.37e-08, 2.38, 0, 1e-08, 0
607003201, 1.91, 2.15e-08, 1.88e-08, 2.38, 0, 1e-08, 0
607608001, 5.11, 3.47e-08, 2.21e-08, 2.38, 0, 1e-08, 0
609422401, 12.21, 8.07e-08, 4.44e-08, 2.38, 0, 1e-08, 0
610027201, 8.95, 5.66e-08, 2.7e-08, 2.38, 0, 1e-08, 0
610632001, 2.95, 2.24e-08, 1.85e-08, 2.38, 0, 1e-08, 0
611236801, 3.44, 2.19e-08, 1.73e-08, 2.38, 0, 1e-08, 0
612446401, 1.49, 1.26e-08, 1.41e-08, 2.38, 0, 1e-08, 0
613656001, 3.37, 1.99e-08, 1.78e-08, 2.38, 0, 1e-08, 0
616680001, 1.49, 1.12e-08, 1.28e-08, 2.38, 0, 1e-08, 0
617889601, 2.0, 1.91e-08, 1.8e-08, 2.38, 0, 1e-08, 0
620308801, 3.94, 3.42e-08, 2.27e-08, 2.38, 0, 1e-08, 0
623332801, 4.68, 2.13e-08, 1.65e-08, 2.38, 0, 1e-08, 0
623937601, 1.25, 1.38e-08, 1.7e-08, 2.38, 0, 1e-08, 0
626961601, 5.33, 2.48e-08, 1.63e-08, 2.38, 0, 1e-08, 0
631195201, 4.22, 1.79e-08, 1.33e-08, 2.38, 0, 1e-08, 0
633009601, 2.28, 2.45e-08, 2.15e-08, 2.38, 0, 1e-08, 0
633614401, 7.0, 5.53e-08, 2.65e-08, 2.38, 0, 1e-08, 0
636638401, 1.51, 1.61e-08, 1.9e-08, 2.38, 0, 1e-08, 0
637243201, 9.31, 6.57e-08, 2.93e-08, 2.38, 0, 1e-08, 0
639662401, 1.43, 2.47e-08, 2.73e-08, 2.38, 0, 1e-08, 0
640267201, 1.19, 1.84e-08, 2.13e-08, 2.38, 0, 1e-08, 0
640872001, 1.47, 2.48e-08, 3.03e-08, 2.38, 0, 1e-08, 0
642081601, 2.05, 1.93e-08, 1.92e-08, 2.38, 0, 1e-08, 0
643896001, 10.16, 3.85e-08, 1.89e-08, 2.38, 0, 1e-08, 0
644500801, 1.85, 1.56e-08, 1.42e-08, 2.38, 0, 1e-08, 0
647524801, 5.71, 2.72e-08, 1.85e-08, 2.38, 0, 1e-08, 0
649339201, 1.15, 1.48e-08, 1.74e-08, 2.38, 0, 1e-08, 0
652968001, 1.46, 3.67e-08, 3.59e-08, 2.38, 0, 1e-08, 0
658411201, 2.31, 1.66e-08, 1.44e-08, 2.38, 0, 1e-08, 0
664459201, 3.28, 2.32e-08, 1.85e-08, 2.38, 0, 1e-08, 0
668692801, 1.95, 2.21e-08, 2.09e-08, 2.38, 0, 1e-08, 0
669902401, 4.02, 2.68e-08, 2.02e-08, 2.38, 0, 1e-08, 0
670507201, 3.21, 2.51e-08, 1.8e-08, 2.38, 0, 1e-08, 0
671112001, 3.98, 1.96e-08, 1.56e-08, 2.38, 0, 1e-08, 0
672321601, 5.13, 4.37e-08, 2.88e-08, 2.38, 0, 1e-08, 0
674740801, 4.68, 3.9e-08, 2.48e-08, 2.38, 0, 1e-08, 0
676555201, 1.91, 6.54e-09, 7.48e-09, 2.38, 0, 1e-08, 0
680788801, 5.5, 2.8e-08, 1.66e-08, 2.38, 0, 1e-08, 0
685022401, 5.37, 6e-08, 3.64e-08, 2.38, 0, 1e-08, 0
685627201, 2.97, 3.22e-08, 2.45e-08, 2.38, 0, 1e-08, 0
686836801, 2.48, 2.59e-08, 2.35e-08, 2.38, 0, 1e-08, 0
687441601, 1.85, 3.22e-08, 2.97e-08, 2.38, 0, 1e-08, 0
688046401, 2.07, 2.32e-08, 2.13e-08, 2.38, 0, 1e-08, 0
691070401, 2.48, 1.66e-08, 1.51e-08, 2.38, 0, 1e-08, 0
691675201, 2.04, 1.93e-08, 1.76e-08, 2.38, 0, 1e-08, 0
694094401, 3.2, 1.55e-08, 1.43e-08, 2.38, 0, 1e-08, 0
701956801, 5.48, 4.4e-08, 2.6e-08, 2.38, 0, 1e-08, 0
703166401, 1.37, 1.94e-08, 2.03e-08, 2.38, 0, 1e-08, 0
704980801, 2.44, 2.82e-08, 2.66e-08, 2.38, 0, 1e-08, 0
705585601, 5.4, 3.96e-08, 2.68e-08, 2.38, 0, 1e-08, 0
707400001, 1.56, 2.02e-08, 2.07e-08, 2.38, 0, 1e-08, 0
708609601, 4.93, 1.59e-08, 1.05e-08, 2.38, 0, 1e-08, 0
712238401, 13.54, 4.78e-08, 2.11e-08, 2.38, 0, 1e-08, 0
714052801, 11.86, 6.54e-08, 2.87e-08, 2.38, 0, 1e-08, 0
714657601, 4.09, 4.06e-08, 2.73e-08, 2.38, 0, 1e-08, 0
720705601, 6.37, 2.69e-08, 1.72e-08, 2.38, 0, 1e-08, 0
723124801, 1.25, 1.27e-08, 1.44e-08, 2.38, 0, 1e-08, 0
724334401, 14.14, 4.64e-08, 2.04e-08, 2.38, 0, 1e-08, 0
725544001, 4.37, 3.04e-08, 2.23e-08, 2.38, 0, 1e-08, 0
726148801, 1.16, 5.75e-09, 7.76e-09, 2.38, 0, 1e-08, 0
727963201, 6.34, 3.61e-08, 2.34e-08, 2.38, 0, 1e-08, 0
730987201, 3.94, 6.98e-08, 4.72e-08, 2.38, 0, 1e-08, 0
740059201, 5.97, 1.95e-08, 1.33e-08, 2.38, 0, 1e-08, 0
740664001, 6.05, 3.97e-08, 2.21e-08, 2.38, 0, 1e-08, 0
