timestamp, ts, flux, flux_error, photon_index, photon_index_interval, fit_tolerance, fit_convergence
239889601, 1.96, 3.95e-08, 3.14e-08, 2.88, 0, 1e-08, 0
240494401, 3.12, 3.32e-08, 2.33e-08, 2.88, 0, 1e-08, 0
242913601, 2.89, 5.57e-08, 3.74e-08, 2.88, 0, 1e-08, 0
245332801, 3.18, 4.42e-08, 2.83e-08, 2.88, 0, 1e-08, 0
254404801, 1.47, 2.65e-08, 2.44e-08, 2.88, 0, 1e-08, 0
255009601, 1.07, 2.74e-08, 2.88e-08, 2.88, 0, 1e-08, 0
261057601, 2.75, 4.6e-08, 3.22e-08, 2.88, 0, 1e-08, 0
262267201, 2.49, 4.39e-08, 3.16e-08, 2.88, 0, 1e-08, 0
263476801, 1.74, 3.57e-08, 3e-08, 2.88, 0, 1e-08, 0
265896001, 1.75, 4.18e-08, 3.67e-08, 2.88, 0, 1e-08, 0
266500801, 1.37, 3.74e-08, 3.54e-08, 2.88, 0, 1e-08, 0
269524801, 2.07, 2.27e-08, 2.27e-08, 2.88, 0, 1e-08, 0
270129601, 2.93, 4.9e-08, 3.47e-08, 2.88, 0, 1e-08, 0
274363201, 1.06, 2.71e-08, 3.07e-08, 2.88, 0, 1e-08, 0
277992001, 2.48, 3.29e-08, 2.54e-08, 2.88, 0, 1e-08, 0
286459201, 1.56, 3.81e-08, 3.4e-08, 2.88, 0, 1e-08, 0
287064001, 1.04, 2.82e-08, 3.11e-08, 2.88, 0, 1e-08, 0
288273601, 1.28, 4.61e-08, 4.46e-08, 2.88, 0, 1e-08, 0
291902401, 2.45, 3.27e-08, 2.61e-08, 2.88, 0, 1e-08, 0
292507201, 1.28, 2.95e-08, 2.84e-08, 2.88, 0, 1e-08, 0
299160001, 1.63, 4.94e-08, 4.42e-08, 2.88, 0, 1e-08, 0
303393601, 1.66, 5.2e-08, 4.63e-08, 2.88, 0, 1e-08, 0
303998401, 2.18, 4.97e-08, 3.99e-08, 2.88, 0, 1e-08, 0
308836801, 2.19, 4.23e-08, 3.25e-08, 2.88, 0, 1e-08, 0
314884801, 1.57, 3.6e-08, 3.19e-08, 2.88, 0, 1e-08, 0
317908801, 1.13, 4.09e-08, 4.3e-08, 2.88, 0, 1e-08, 0
323352001, 2.31, 2.94e-08, 2.4e-08, 2.88, 0, 1e-08, 0
325166401, 1.52, 3.92e-08, 3.63e-08, 2.88, 0, 1e-08, 0
330004801, 1.06, 3.59e-08, 3.85e-08, 2.88, 0, 1e-08, 0
340891201, 2.45, 6.67e-08, 4.94e-08, 2.88, 0, 1e-08, 0
353592001, 2.33, 3.96e-08, 3.25e-08, 2.88, 0, 1e-08, 0
362059201, 2.03, 4.42e-08, 3.54e-08, 2.88, 0, 1e-08, 0
365083201, 2.78, 4.91e-08, 3.39e-08, 2.88, 0, 1e-08, 0
368107201, 1.01, 2.75e-08, 3.15e-08, 2.88, 0, 1e-08, 0
383832001, 3.5, 3.84e-08, 2.55e-08, 2.88, 0, 1e-08, 0
392299201, 2.35, 4.24e-08, 3.22e-08, 2.88, 0, 1e-08, 0
392904001, 1.03, 2.83e-08, 3.16e-08, 2.88, 0, 1e-08, 0
394718401, 4.64, 7.33e-08, 4.06e-08, 2.88, 0, 1e-08, 0
397742401, 1.05, 2.47e-08, 2.84e-08, 2.88, 0, 1e-08, 0
399556801, 1.14, 2.12e-08, 2.18e-08, 2.88, 0, 1e-08, 0
400161601, 3.03, 4.76e-08, 3.2e-08, 2.88, 0, 1e-08, 0
405000001, 4.07, 6e-08, 3.9e-08, 2.88, 0, 1e-08, 0
405604801, 7.75, 8.37e-08, 4.21e-08, 2.88, 0, 1e-08, 0
406209601, 1.2, 2.71e-08, 2.8e-08, 2.88, 0, 1e-08, 0
410443201, 1.13, 2.35e-08, 2.9e-08, 2.88, 0, 1e-08, 0
412862401, 19.75, 1.09e-07, 3.19e-08, 2.88, 0, 1e-08, 0
414072001, 5.7, 1.04e-07, 5.3e-08, 2.88, 0, 1e-08, 0
416491201, 2.56, 6.44e-08, 4.58e-08, 2.88, 0, 1e-08, 0
418305601, 2.06, 3.64e-08, 3.34e-08, 2.88, 0, 1e-08, 0
423144001, 1.71, 4.78e-08, 4.14e-08, 2.88, 0, 1e-08, 0
424958401, 2.08, 3.51e-08, 2.76e-08, 2.88, 0, 1e-08, 0
426168001, 4.56, 6.17e-08, 3.62e-08, 2.88, 0, 1e-08, 0
426772801, 5.22, 6.52e-08, 3.36e-08, 2.88, 0, 1e-08, 0
427377601, 4.11, 6.2e-08, 3.77e-08, 2.88, 0, 1e-08, 0
427982401, 1.55, 4.74e-08, 4.42e-08, 2.88, 0, 1e-08, 0
429796801, 6.92, 1.25e-07, 6.48e-08, 2.88, 0, 1e-08, 0
430401601, 1.29, 3.82e-08, 3.8e-08, 2.88, 0, 1e-08, 0
434030401, 2.55, 6.31e-08, 5.17e-08, 2.88, 0, 1e-08, 0
435240001, 2.05, 3.7e-08, 3e-08, 2.88, 0, 1e-08, 0
435844801, 7.43, 5.35e-08, 2.65e-08, 2.88, 0, 1e-08, 0
438264001, 2.31, 4.21e-08, 3.96e-08, 2.88, 0, 1e-08, 0
438868801, 2.29, 6.25e-08, 5.23e-08, 2.88, 0, 1e-08, 0
439473601, 4.75, 7.41e-08, 4.41e-08, 2.88, 0, 1e-08, 0
440683201, 2.08, 5.2e-08, 4.17e-08, 2.88, 0, 1e-08, 0
441288001, 2.65, 4.66e-08, 3.39e-08, 2.88, 0, 1e-08, 0
442497601, 2.42, 3.91e-08, 2.98e-08, 2.88, 0, 1e-08, 0
444916801, 2.99, 6.59e-08, 4.42e-08, 2.88, 0, 1e-08, 0
446731201, 3.72, 6.5e-08, 4.09e-08, 2.88, 0, 1e-08, 0
447336001, 2.94, 5.69e-08, 3.77e-08, 2.88, 0, 1e-08, 0
448545601, 2.05, 2.68e-08, 2.33e-08, 2.88, 0, 1e-08, 0
450360001, 5.65, 7.38e-08, 3.8e-08, 2.88, 0, 1e-08, 0
453988801, 1.33, 3.23e-08, 3.2e-08, 2.88, 0, 1e-08, 0
457012801, 4.3, 4.44e-08, 2.73e-08, 2.88, 0, 1e-08, 0
458222401, 4.62, 9.13e-08, 5.07e-08, 2.88, 0, 1e-08, 0
461851201, 1.04, 3.09e-08, 3.35e-08, 2.88, 0, 1e-08, 0
464875201, 1.07, 2.65e-08, 3.1e-08, 2.88, 0, 1e-08, 0
468504001, 3.95, 5.78e-08, 3.58e-08, 2.88, 0, 1e-08, 0
470318401, 1.45, 3.73e-08, 3.54e-08, 2.88, 0, 1e-08, 0
470923201, 1.53, 3.03e-08, 2.83e-08, 2.88, 0, 1e-08, 0
472132801, 2.93, 5.55e-08, 3.91e-08, 2.88, 0, 1e-08, 0
473947201, 4.3, 6.4e-08, 3.8e-08, 2.88, 0, 1e-08, 0
478180801, 2.87, 6.23e-08, 4.35e-08, 2.88, 0, 1e-08, 0
478785601, 3.17, 4.4e-08, 3.14e-08, 2.88, 0, 1e-08, 0
479390401, 2.58, 4.93e-08, 3.49e-08, 2.88, 0, 1e-08, 0
485438401, 3.2, 4.82e-08, 3.22e-08, 2.88, 0, 1e-08, 0
486043201, 3.34, 4.49e-08, 3.05e-08, 2.88, 0, 1e-08, 0
486648001, 4.92, 6.59e-08, 3.62e-08, 2.88, 0, 1e-08, 0
489672001, 1.26, 2.92e-08, 2.96e-08, 2.88, 0, 1e-08, 0
491486401, 4.67, 6.82e-08, 3.97e-08, 2.88, 0, 1e-08, 0
492091201, 2.07, 8.98e-08, 7.42e-08, 2.88, 0, 1e-08, 0
492696001, 9.21, 8.93e-08, 4.17e-08, 2.88, 0, 1e-08, 0
497534401, 1.71, 5.07e-08, 4.45e-08, 2.88, 0, 1e-08, 0
502372801, 2.05, 3.33e-08, 2.8e-08, 2.88, 0, 1e-08, 0
502977601, 6.25, 7.5e-08, 3.59e-08, 2.88, 0, 1e-08, 0
504187201, 8.24, 7.32e-08, 3.17e-08, 2.88, 0, 1e-08, 0
506001601, 2.19, 3.89e-08, 3.31e-08, 2.88, 0, 1e-08, 0
508420801, 3.37, 7.09e-08, 4.52e-08, 2.88, 0, 1e-08, 0
511444801, 2.63, 3.8e-08, 2.82e-08, 2.88, 0, 1e-08, 0
513259201, 2.4, 5.85e-08, 4.44e-08, 2.88, 0, 1e-08, 0
515073601, 1.9, 4.45e-08, 3.63e-08, 2.88, 0, 1e-08, 0
515678401, 1.51, 2.95e-08, 2.71e-08, 2.88, 0, 1e-08, 0
516283201, 8.82, 7.6e-08, 3.09e-08, 2.88, 0, 1e-08, 0
516888001, 3.2, 4.7e-08, 3.06e-08, 2.88, 0, 1e-08, 0
519912001, 5.18, 7.29e-08, 3.83e-08, 2.88, 0, 1e-08, 0
521121601, 2.09, 3.62e-08, 2.85e-08, 2.88, 0, 1e-08, 0
522331201, 1.11, 3.71e-08, 3.97e-08, 2.88, 0, 1e-08, 0
527774401, 1.63, 3.51e-08, 3.21e-08, 2.88, 0, 1e-08, 0
529588801, 1.43, 3.19e-08, 3.09e-08, 2.88, 0, 1e-08, 0
531403201, 1.08, 3.17e-08, 3.45e-08, 2.88, 0, 1e-08, 0
532008001, 3.0, 4.14e-08, 3.23e-08, 2.88, 0, 1e-08, 0
533217601, 1.79, 5.35e-08, 4.66e-08, 2.88, 0, 1e-08, 0
534427201, 1.54, 3.47e-08, 3.18e-08, 2.88, 0, 1e-08, 0
536241601, 4.64, 8.48e-08, 4.73e-08, 2.88, 0, 1e-08, 0
536846401, 2.2, 5.51e-08, 4.34e-08, 2.88, 0, 1e-08, 0
537451201, 9.8, 1.08e-07, 4.51e-08, 2.88, 0, 1e-08, 0
538660801, 1.15, 3.37e-08, 3.53e-08, 2.88, 0, 1e-08, 0
539265601, 9.3, 8.69e-08, 3.62e-08, 2.88, 0, 1e-08, 0
539870401, 2.08, 4.36e-08, 3.46e-08, 2.88, 0, 1e-08, 0
541684801, 11.09, 1.12e-07, 4.38e-08, 2.88, 0, 1e-08, 0
542289601, 1.54, 4.43e-08, 4.06e-08, 2.88, 0, 1e-08, 0
544708801, 3.1, 6.13e-08, 3.99e-08, 2.88, 0, 1e-08, 0
545313601, 1.21, 4.45e-08, 5.01e-08, 2.88, 0, 1e-08, 0
547128001, 19.16, 1.35e-07, 4.07e-08, 2.88, 0, 1e-08, 0
547732801, 35.62, 2.49e-07, 5.7e-08, 2.88, 0, 1e-08, 0
548337601, 113.03, 2.36e-07, 3.2e-08, 2.88, 0, 1e-08, 0
548942401, 30.76, 1.56e-07, 3.8e-08, 2.88, 0, 1e-08, 0
549547201, 28.01, 1.51e-07, 3.8e-08, 2.88, 0, 1e-08, 0
550152001, 15.29, 1.27e-07, 4.2e-08, 2.88, 0, 1e-08, 0
553780801, 1.14, 6.02e-08, 6.58e-08, 2.88, 0, 1e-08, 0
554385601, 3.49, 8.59e-08, 5.72e-08, 2.88, 0, 1e-08, 0
555595201, 6.53, 5.83e-08, 2.74e-08, 2.88, 0, 1e-08, 0
556200001, 4.72, 1e-07, 5.48e-08, 2.88, 0, 1e-08, 0
556804801, 1.33, 5.05e-08, 5.05e-08, 2.88, 0, 1e-08, 0
558014401, 1.33, 2.21e-08, 2.22e-08, 2.88, 0, 1e-08, 0
559828801, 5.84, 5.78e-08, 2.87e-08, 2.88, 0, 1e-08, 0
561038401, 3.12, 6.5e-08, 4.28e-08, 2.88, 0, 1e-08, 0
561643201, 10.89, 6.84e-08, 2.53e-08, 2.88, 0, 1e-08, 0
562248001, 5.17, 5.64e-08, 3.5e-08, 2.88, 0, 1e-08, 0
564062401, 1.59, 2.63e-08, 2.46e-08, 2.88, 0, 1e-08, 0
564667201, 13.57, 9.67e-08, 3.21e-08, 2.88, 0, 1e-08, 0
565272001, 194.6, 6.61e-07, 7.4e-08, 2.88, 0, 1e-08, 0
565876801, 325.19, 9.82e-07, 8.85e-08, 2.88, 0, 1e-08, 0
566481601, 6.09, 6.65e-08, 3.75e-08, 2.88, 0, 1e-08, 0
567691201, 2.42, 3.44e-08, 2.63e-08, 2.88, 0, 1e-08, 0
568296001, 4.48, 5.59e-08, 3.05e-08, 2.88, 0, 1e-08, 0
568900801, 3.34, 5.51e-08, 3.64e-08, 2.88, 0, 1e-08, 0
570110401, 5.09, 9.4e-08, 4.92e-08, 2.88, 0, 1e-08, 0
573739201, 3.2, 5.27e-08, 3.67e-08, 2.88, 0, 1e-08, 0
574344001, 1.72, 4.53e-08, 4.08e-08, 2.88, 0, 1e-08, 0
574948801, 5.51, 9.06e-08, 4.71e-08, 2.88, 0, 1e-08, 0
577368001, 3.52, 4.15e-08, 2.72e-08, 2.88, 0, 1e-08, 0
577972801, 13.73, 9.95e-08, 3.68e-08, 2.88, 0, 1e-08, 0
578577601, 4.36, 6.45e-08, 3.78e-08, 2.88, 0, 1e-08, 0
579787201, 2.28, 3.48e-08, 2.69e-08, 2.88, 0, 1e-08, 0
580392001, 4.21, 4.47e-08, 2.83e-08, 2.88, 0, 1e-08, 0
581601601, 2.0, 3.52e-08, 2.85e-08, 2.88, 0, 1e-08, 0
582206401, 6.52, 7.04e-08, 3.38e-08, 2.88, 0, 1e-08, 0
584020801, 4.73, 6.52e-08, 3.65e-08, 2.88, 0, 1e-08, 0
585835201, 2.41, 9.81e-08, 7.5e-08, 2.88, 0, 1e-08, 0
588859201, 1.49, 7.31e-08, 6.97e-08, 2.88, 0, 1e-08, 0
590068801, 5.51, 6.54e-08, 3.37e-08, 2.88, 0, 1e-08, 0
591883201, 1.79, 4.58e-08, 3.98e-08, 2.88, 0, 1e-08, 0
593092801, 1.59, 4.68e-08, 4.33e-08, 2.88, 0, 1e-08, 0
593697601, 6.15, 6.24e-08, 3.14e-08, 2.88, 0, 1e-08, 0
596116801, 1.14, 2.47e-08, 2.65e-08, 2.88, 0, 1e-08, 0
596721601, 3.01, 4.18e-08, 3.13e-08, 2.88, 0, 1e-08, 0
597931201, 3.21, 4.9e-08, 3.63e-08, 2.88, 0, 1e-08, 0
599140801, 2.2, 4.25e-08, 3.24e-08, 2.88, 0, 1e-08, 0
599745601, 1.61, 2.53e-08, 2.42e-08, 2.88, 0, 1e-08, 0
608212801, 1.74, 3.33e-08, 2.84e-08, 2.88, 0, 1e-08, 0
611841601, 5.44, 4.45e-08, 2.47e-08, 2.88, 0, 1e-08, 0
614865601, 2.24, 4.37e-08, 3.45e-08, 2.88, 0, 1e-08, 0
616075201, 2.65, 5.44e-08, 4.03e-08, 2.88, 0, 1e-08, 0
618494401, 1.45, 4.68e-08, 4.54e-08, 2.88, 0, 1e-08, 0
620308801, 2.69, 5.66e-08, 4.05e-08, 2.88, 0, 1e-08, 0
622728001, 7.34, 8.93e-08, 4.35e-08, 2.88, 0, 1e-08, 0
623937601, 1.43, 3.99e-08, 3.79e-08, 2.88, 0, 1e-08, 0
625752001, 3.04, 5.06e-08, 3.36e-08, 2.88, 0, 1e-08, 0
626356801, 1.81, 3.55e-08, 3.04e-08, 2.88, 0, 1e-08, 0
627566401, 4.18, 5.48e-08, 3.14e-08, 2.88, 0, 1e-08, 0
631195201, 1.21, 3.66e-08, 3.7e-08, 2.88, 0, 1e-08, 0
631800001, 1.1, 2.41e-08, 2.7e-08, 2.88, 0, 1e-08, 0
634219201, 1.3, 5.17e-08, 5.03e-08, 2.88, 0, 1e-08, 0
636033601, 1.66, 4.09e-08, 3.73e-08, 2.88, 0, 1e-08, 0
637243201, 9.46, 1.1e-07, 4.68e-08, 2.88, 0, 1e-08, 0
638452801, 1.68, 3.83e-08, 3.48e-08, 2.88, 0, 1e-08, 0
640267201, 4.17, 4.77e-08, 2.82e-08, 2.88, 0, 1e-08, 0
640872001, 12.05, 9.54e-08, 3.37e-08, 2.88, 0, 1e-08, 0
642081601, 5.64, 6.17e-08, 3.37e-08, 2.88, 0, 1e-08, 0
642686401, 9.88, 8.76e-08, 3.95e-08, 2.88, 0, 1e-08, 0
643291201, 3.3, 4.98e-08, 3.26e-08, 2.88, 0, 1e-08, 0
644500801, 18.41, 1.17e-07, 3.59e-08, 2.88, 0, 1e-08, 0
645105601, 9.6, 1.03e-07, 4.1e-08, 2.88, 0, 1e-08, 0
646315201, 2.97, 5.62e-08, 3.81e-08, 2.88, 0, 1e-08, 0
646920001, 1.24, 3.43e-08, 3.47e-08, 2.88, 0, 1e-08, 0
647524801, 6.18, 7.77e-08, 3.83e-08, 2.88, 0, 1e-08, 0
649339201, 2.19, 1.26e-07, 1.27e-07, 2.88, 0, 1e-08, 0
649944001, 7.23, 1.42e-07, 6.71e-08, 2.88, 0, 1e-08, 0
650548801, 14.01, 1.38e-07, 4.72e-08, 2.88, 0, 1e-08, 0
651153601, 2.12, 4.14e-08, 3.52e-08, 2.88, 0, 1e-08, 0
652363201, 5.12, 7.13e-08, 3.98e-08, 2.88, 0, 1e-08, 0
653572801, 3.37, 5.25e-08, 3.65e-08, 2.88, 0, 1e-08, 0
654177601, 19.13, 1.33e-07, 3.99e-08, 2.88, 0, 1e-08, 0
654782401, 13.06, 1.41e-07, 5.28e-08, 2.88, 0, 1e-08, 0
655387201, 5.02, 1.13e-07, 6.17e-08, 2.88, 0, 1e-08, 0
655992001, 4.26, 7.84e-08, 4.45e-08, 2.88, 0, 1e-08, 0
656596801, 1.89, 4.45e-08, 3.67e-08, 2.88, 0, 1e-08, 0
657806401, 1.44, 2.9e-08, 2.81e-08, 2.88, 0, 1e-08, 0
658411201, 10.75, 7.97e-08, 3.04e-08, 2.88, 0, 1e-08, 0
659016001, 18.56, 9.55e-08, 2.93e-08, 2.88, 0, 1e-08, 0
659620801, 30.56, 1.46e-07, 3.5e-08, 2.88, 0, 1e-08, 0
660225601, 19.9, 1.41e-07, 4.21e-08, 2.88, 0, 1e-08, 0
660830401, 11.86, 1.07e-07, 4.31e-08, 2.88, 0, 1e-08, 0
661435201, 7.63, 9.52e-08, 4.28e-08, 2.88, 0, 1e-08, 0
662040001, 19.21, 1.5e-07, 4.5e-08, 2.88, 0, 1e-08, 0
662644801, 2.48, 5.06e-08, 3.76e-08, 2.88, 0, 1e-08, 0
663854401, 1.36, 2.68e-08, 2.73e-08, 2.88, 0, 1e-08, 0
664459201, 3.12, 5.81e-08, 3.9e-08, 2.88, 0, 1e-08, 0
665064001, 7.99, 9.32e-08, 4.09e-08, 2.88, 0, 1e-08, 0
668088001, 9.11, 9.82e-08, 4.26e-08, 2.88, 0, 1e-08, 0
669297601, 4.26, 7.5e-08, 4.39e-08, 2.88, 0, 1e-08, 0
669902401, 1.39, 2.19e-08, 2.38e-08, 2.88, 0, 1e-08, 0
670507201, 2.29, 4.68e-08, 3.54e-08, 2.88, 0, 1e-08, 0
671112001, 3.3, 5.58e-08, 3.56e-08, 2.88, 0, 1e-08, 0
672321601, 1.13, 2.18e-08, 2.37e-08, 2.88, 0, 1e-08, 0
672926401, 4.03, 4.03e-08, 2.48e-08, 2.88, 0, 1e-08, 0
674136001, 2.5, 5.2e-08, 3.8e-08, 2.88, 0, 1e-08, 0
674740801, 5.18, 6.79e-08, 3.6e-08, 2.88, 0, 1e-08, 0
675950401, 3.87, 5.13e-08, 3.04e-08, 2.88, 0, 1e-08, 0
676555201, 10.82, 8.61e-08, 3.57e-08, 2.88, 0, 1e-08, 0
677764801, 6.76, 5.51e-08, 2.91e-08, 2.88, 0, 1e-08, 0
681998401, 1.72, 4.2e-08, 3.91e-08, 2.88, 0, 1e-08, 0
689256001, 1.75, 3.9e-08, 3.36e-08, 2.88, 0, 1e-08, 0
692884801, 1.57, 4.01e-08, 3.71e-08, 2.88, 0, 1e-08, 0
708609601, 1.79, 3.87e-08, 3.32e-08, 2.88, 0, 1e-08, 0
717681601, 2.26, 3.95e-08, 3.07e-08, 2.88, 0, 1e-08, 0
718286401, 7.18, 9.65e-08, 4.45e-08, 2.88, 0, 1e-08, 0
718891201, 1.28, 2.6e-08, 2.73e-08, 2.88, 0, 1e-08, 0
722520001, 1.77, 2.06e-08, 1.97e-08, 2.88, 0, 1e-08, 0
730987201, 2.44, 7.15e-08, 5.34e-08, 2.88, 0, 1e-08, 0
732196801, 4.11, 7.26e-08, 4.36e-08, 2.88, 0, 1e-08, 0
734616001, 1.18, 3.22e-08, 3.29e-08, 2.88, 0, 1e-08, 0
735220801, 3.08, 4.66e-08, 3.18e-08, 2.88, 0, 1e-08, 0
735825601, 6.74, 4.99e-08, 2.48e-08, 2.88, 0, 1e-08, 0
736430401, 4.23, 4.17e-08, 2.49e-08, 2.88, 0, 1e-08, 0
737035201, 20.57, 1.23e-07, 3.48e-08, 2.88, 0, 1e-08, 0
738244801, 4.55, 6.04e-08, 3.43e-08, 2.88, 0, 1e-08, 0
739454401, 7.51, 6.52e-08, 2.95e-08, 2.88, 0, 1e-08, 0
741873601, 1.19, 3.98e-08, 4.16e-08, 2.88, 0, 1e-08, 0
