timestamp, ts, flux, flux_error, photon_index, photon_index_interval, fit_tolerance, fit_convergence
240235201, 1.19, 3.74e-08, 4.08e-08, 2.62, 0, 1e-08, 0
241012801, 1.45, 4.05e-08, 3.84e-08, 2.62, 0, 1e-08, 0
241272001, 4.55, 5.47e-08, 3.66e-08, 2.62, 0, 1e-08, 0
242568001, 2.21, 5.39e-08, 4.61e-08, 2.62, 0, 1e-08, 0
242827201, 1.99, 6.19e-08, 5.2e-08, 2.62, 0, 1e-08, 0
243864001, 3.62, 4.39e-08, 3.36e-08, 2.62, 0, 1e-08, 0
244382401, 1.39, 3.8e-08, 3.88e-08, 2.62, 0, 1e-08, 0
247492801, 5.71, 1.2e-07, 6.1e-08, 2.62, 0, 1e-08, 0
248011201, 1.26, 3.21e-08, 3.81e-08, 2.62, 0, 1e-08, 0
249307201, 1.18, 1.76e-08, 2.31e-08, 2.62, 0, 1e-08, 0
251380801, 1.71, 6.04e-08, 5.56e-08, 2.62, 0, 1e-08, 0
251640001, 2.28, 6.11e-08, 5.1e-08, 2.62, 0, 1e-08, 0
252158401, 2.37, 3.76e-08, 3.66e-08, 2.62, 0, 1e-08, 0
254750401, 3.57, 5.97e-08, 4.11e-08, 2.62, 0, 1e-08, 0
255787201, 3.2, 5.07e-08, 3.96e-08, 2.62, 0, 1e-08, 0
256046401, 1.47, 4.4e-08, 4.25e-08, 2.62, 0, 1e-08, 0
256305601, 4.16, 7.95e-08, 5.03e-08, 2.62, 0, 1e-08, 0
256564801, 3.26, 7.88e-08, 5.52e-08, 2.62, 0, 1e-08, 0
256824001, 4.73, 1.12e-07, 6.31e-08, 2.62, 0, 1e-08, 0
258120001, 3.68, 7.6e-08, 4.8e-08, 2.62, 0, 1e-08, 0
258897601, 1.43, 3.64e-08, 3.87e-08, 2.62, 0, 1e-08, 0
259934401, 3.18, 6.43e-08, 4.39e-08, 2.62, 0, 1e-08, 0
264081601, 2.38, 3.82e-08, 3.43e-08, 2.62, 0, 1e-08, 0
265377601, 2.75, 6.73e-08, 4.98e-08, 2.62, 0, 1e-08, 0
266414401, 1.5, 4.07e-08, 4.31e-08, 2.62, 0, 1e-08, 0
266673601, 4.81, 6.19e-08, 4.22e-08, 2.62, 0, 1e-08, 0
267192001, 5.6, 6.6e-08, 4.2e-08, 2.62, 0, 1e-08, 0
268488001, 1.48, 2.89e-08, 3.16e-08, 2.62, 0, 1e-08, 0
269784001, 5.61, 8.62e-08, 4.99e-08, 2.62, 0, 1e-08, 0
270302401, 3.43, 3.39e-08, 3.34e-08, 2.62, 0, 1e-08, 0
271080001, 4.63, 1.05e-07, 6.02e-08, 2.62, 0, 1e-08, 0
271339201, 3.07, 8.26e-08, 5.64e-08, 2.62, 0, 1e-08, 0
272376001, 1.77, 2.39e-08, 2.34e-08, 2.62, 0, 1e-08, 0
272635201, 7.9, 9.16e-08, 4.45e-08, 2.62, 0, 1e-08, 0
273153601, 5.33, 5.89e-08, 3.44e-08, 2.62, 0, 1e-08, 0
273412801, 7.11, 9.24e-08, 4.36e-08, 2.62, 0, 1e-08, 0
274968001, 1.03, 6.25e-08, 7.16e-08, 2.62, 0, 1e-08, 0
277560001, 4.58, 4.01e-08, 2.77e-08, 2.62, 0, 1e-08, 0
277819201, 3.37, 6.67e-08, 4.23e-08, 2.62, 0, 1e-08, 0
278596801, 1.99, 5.83e-08, 4.69e-08, 2.62, 0, 1e-08, 0
282225601, 3.4, 4.51e-08, 3.15e-08, 2.62, 0, 1e-08, 0
282744001, 2.83, 4.11e-08, 3.23e-08, 2.62, 0, 1e-08, 0
285336001, 1.3, 5.25e-08, 5.84e-08, 2.62, 0, 1e-08, 0
285854401, 3.65, 7.42e-08, 4.69e-08, 2.62, 0, 1e-08, 0
286372801, 3.17, 4.33e-08, 3.13e-08, 2.62, 0, 1e-08, 0
286891201, 6.09, 6.48e-08, 3.42e-08, 2.62, 0, 1e-08, 0
289224001, 4.39, 1.23e-07, 7.32e-08, 2.62, 0, 1e-08, 0
289483201, 8.34, 1.05e-07, 5.71e-08, 2.62, 0, 1e-08, 0
290779201, 1.77, 3.44e-08, 3.2e-08, 2.62, 0, 1e-08, 0
291038401, 3.62, 4.53e-08, 3.16e-08, 2.62, 0, 1e-08, 0
291816001, 1.73, 4.38e-08, 4.06e-08, 2.62, 0, 1e-08, 0
292852801, 5.71, 1.3e-07, 6.7e-08, 2.62, 0, 1e-08, 0
294148801, 2.48, 8.02e-08, 6.5e-08, 2.62, 0, 1e-08, 0
295185601, 1.12, 4.17e-08, 4.53e-08, 2.62, 0, 1e-08, 0
296222401, 1.39, 1.88e-08, 2.24e-08, 2.62, 0, 1e-08, 0
300110401, 5.8, 7.07e-08, 3.82e-08, 2.62, 0, 1e-08, 0
301406401, 1.12, 3.24e-08, 3.9e-08, 2.62, 0, 1e-08, 0
303998401, 6.08, 7.25e-08, 4.23e-08, 2.62, 0, 1e-08, 0
306590401, 1.47, 5.59e-08, 5.3e-08, 2.62, 0, 1e-08, 0
307368001, 1.95, 9.69e-08, 8.3e-08, 2.62, 0, 1e-08, 0
307627201, 1.25, 6.16e-08, 6.55e-08, 2.62, 0, 1e-08, 0
308404801, 1.42, 3.69e-08, 3.72e-08, 2.62, 0, 1e-08, 0
309182401, 7.2, 9.16e-08, 4.24e-08, 2.62, 0, 1e-08, 0
309960001, 1.75, 3.85e-08, 3.44e-08, 2.62, 0, 1e-08, 0
310478401, 6.81, 6.94e-08, 3.59e-08, 2.62, 0, 1e-08, 0
310737601, 2.84, 6.83e-08, 4.69e-08, 2.62, 0, 1e-08, 0
310996801, 3.1, 5.94e-08, 4.26e-08, 2.62, 0, 1e-08, 0
313848001, 2.53, 5.13e-08, 3.85e-08, 2.62, 0, 1e-08, 0
314107201, 4.81, 6.53e-08, 3.68e-08, 2.62, 0, 1e-08, 0
314366401, 6.99, 8.92e-08, 4.49e-08, 2.62, 0, 1e-08, 0
314625601, 5.75, 5.32e-08, 3e-08, 2.62, 0, 1e-08, 0
314884801, 18.36, 1.65e-07, 5.1e-08, 2.62, 0, 1e-08, 0
315144001, 29.41, 1.49e-07, 4.4e-08, 2.62, 0, 1e-08, 0
315403201, 5.39, 6.15e-08, 3.45e-08, 2.62, 0, 1e-08, 0
315662401, 17.03, 1.41e-07, 4.82e-08, 2.62, 0, 1e-08, 0
315921601, 8.78, 1.08e-07, 4.99e-08, 2.62, 0, 1e-08, 0
316180801, 1.89, 5.09e-08, 5.09e-08, 2.62, 0, 1e-08, 0
316699201, 9.68, 1.63e-07, 7.47e-08, 2.62, 0, 1e-08, 0
316958401, 2.12, 7.91e-08, 6.7e-08, 2.62, 0, 1e-08, 0
319032001, 2.44, 4.78e-08, 3.7e-08, 2.62, 0, 1e-08, 0
319291201, 9.12, 9.9e-08, 4.62e-08, 2.62, 0, 1e-08, 0
319550401, 2.26, 5.02e-08, 3.86e-08, 2.62, 0, 1e-08, 0
320068801, 1.76, 5.15e-08, 4.65e-08, 2.62, 0, 1e-08, 0
321364801, 2.13, 9.2e-08, 7.39e-08, 2.62, 0, 1e-08, 0
322401601, 1.1, 3.65e-08, 4.29e-08, 2.62, 0, 1e-08, 0
323438401, 4.03, 5.81e-08, 3.79e-08, 2.62, 0, 1e-08, 0
325252801, 4.6, 5.75e-08, 4e-08, 2.62, 0, 1e-08, 0
326548801, 2.9, 7.16e-08, 5.42e-08, 2.62, 0, 1e-08, 0
326808001, 1.05, 3.73e-08, 4.37e-08, 2.62, 0, 1e-08, 0
328363201, 4.44, 3.05e-08, 2.24e-08, 2.62, 0, 1e-08, 0
328622401, 6.43, 7.21e-08, 3.87e-08, 2.62, 0, 1e-08, 0
329140801, 2.28, 3.36e-08, 2.85e-08, 2.62, 0, 1e-08, 0
329400001, 1.06, 2.99e-08, 3.42e-08, 2.62, 0, 1e-08, 0
331992001, 1.41, 4.67e-08, 4.61e-08, 2.62, 0, 1e-08, 0
333806401, 1.43, 3.4e-08, 3.6e-08, 2.62, 0, 1e-08, 0
336657601, 1.15, 2.37e-08, 2.83e-08, 2.62, 0, 1e-08, 0
340804801, 1.46, 5.44e-08, 5.47e-08, 2.62, 0, 1e-08, 0
343137601, 1.49, 4.56e-08, 4.31e-08, 2.62, 0, 1e-08, 0
345729601, 3.24, 5.36e-08, 3.82e-08, 2.62, 0, 1e-08, 0
347544001, 1.4, 4.04e-08, 4.01e-08, 2.62, 0, 1e-08, 0
348321601, 4.57, 1.05e-07, 6.11e-08, 2.62, 0, 1e-08, 0
352209601, 1.2, 2.85e-08, 3.12e-08, 2.62, 0, 1e-08, 0
352468801, 1.79, 4.78e-08, 4.24e-08, 2.62, 0, 1e-08, 0
353505601, 1.51, 6.41e-08, 6.29e-08, 2.62, 0, 1e-08, 0
360244801, 4.54, 7.18e-08, 4.03e-08, 2.62, 0, 1e-08, 0
360504001, 1.46, 1.92e-08, 2.12e-08, 2.62, 0, 1e-08, 0
361022401, 2.03, 3.17e-08, 2.87e-08, 2.62, 0, 1e-08, 0
361281601, 2.31, 3.54e-08, 3.11e-08, 2.62, 0, 1e-08, 0
361540801, 1.9, 4.39e-08, 3.88e-08, 2.62, 0, 1e-08, 0
361800001, 1.54, 5.41e-08, 5.08e-08, 2.62, 0, 1e-08, 0
366465601, 1.75, 5.67e-08, 5.24e-08, 2.62, 0, 1e-08, 0
367502401, 1.16, 4.33e-08, 5.55e-08, 2.62, 0, 1e-08, 0
367761601, 1.82, 5.12e-08, 4.72e-08, 2.62, 0, 1e-08, 0
368020801, 3.72, 9.45e-08, 6.16e-08, 2.62, 0, 1e-08, 0
368280001, 7.44, 1.04e-07, 5.21e-08, 2.62, 0, 1e-08, 0
369057601, 2.59, 4.58e-08, 3.46e-08, 2.62, 0, 1e-08, 0
369316801, 2.12, 4.66e-08, 3.7e-08, 2.62, 0, 1e-08, 0
370872001, 10.69, 1.24e-07, 5.31e-08, 2.62, 0, 1e-08, 0
371390401, 5.52, 9.62e-08, 5.6e-08, 2.62, 0, 1e-08, 0
372945601, 1.5, 5.71e-08, 5.5e-08, 2.62, 0, 1e-08, 0
375278401, 1.01, 3.34e-08, 3.71e-08, 2.62, 0, 1e-08, 0
375537601, 1.69, 3.85e-08, 3.91e-08, 2.62, 0, 1e-08, 0
377870401, 1.59, 4.21e-08, 3.91e-08, 2.62, 0, 1e-08, 0
383572801, 6.04, 4.39e-08, 3.04e-08, 2.62, 0, 1e-08, 0
385646401, 2.67, 4.81e-08, 4.21e-08, 2.62, 0, 1e-08, 0
388238401, 1.03, 2.99e-08, 3.37e-08, 2.62, 0, 1e-08, 0
389275201, 5.74, 9.67e-08, 5.05e-08, 2.62, 0, 1e-08, 0
389534401, 1.04, 3.92e-08, 4.44e-08, 2.62, 0, 1e-08, 0
389793601, 2.7, 6.3e-08, 5.42e-08, 2.62, 0, 1e-08, 0
391089601, 1.81, 5.77e-08, 5.22e-08, 2.62, 0, 1e-08, 0
391608001, 2.52, 4.07e-08, 3.55e-08, 2.62, 0, 1e-08, 0
392644801, 6.51, 7.46e-08, 3.82e-08, 2.62, 0, 1e-08, 0
392904001, 3.01, 4.6e-08, 3.23e-08, 2.62, 0, 1e-08, 0
393163201, 3.03, 4.67e-08, 3.29e-08, 2.62, 0, 1e-08, 0
395755201, 1.34, 7.54e-08, 7.67e-08, 2.62, 0, 1e-08, 0
396273601, 2.57, 5.5e-08, 4.41e-08, 2.62, 0, 1e-08, 0
397051201, 7.15, 7.98e-08, 3.92e-08, 2.62, 0, 1e-08, 0
397310401, 3.0, 5.37e-08, 3.77e-08, 2.62, 0, 1e-08, 0
397828801, 4.73, 7.18e-08, 4e-08, 2.62, 0, 1e-08, 0
398865601, 6.79, 7.38e-08, 3.82e-08, 2.62, 0, 1e-08, 0
399384001, 21.28, 1.54e-07, 4.6e-08, 2.62, 0, 1e-08, 0
399643201, 14.14, 7.81e-08, 3.09e-08, 2.62, 0, 1e-08, 0
399902401, 1.49, 3.79e-08, 3.54e-08, 2.62, 0, 1e-08, 0
400161601, 9.38, 1.8e-07, 8.01e-08, 2.62, 0, 1e-08, 0
401716801, 5.11, 4.39e-08, 2.99e-08, 2.62, 0, 1e-08, 0
401976001, 8.6, 8.42e-08, 3.79e-08, 2.62, 0, 1e-08, 102
402494401, 1.13, 2.73e-08, 3.21e-08, 2.62, 0, 1e-08, 0
403531201, 2.47, 7.45e-08, 6.05e-08, 2.62, 0, 1e-08, 0
405086401, 2.5, 5.14e-08, 4.28e-08, 2.62, 0, 1e-08, 0
405345601, 3.01, 6.4e-08, 4.59e-08, 2.62, 0, 1e-08, 0
405604801, 3.67, 5.64e-08, 4.33e-08, 2.62, 0, 1e-08, 0
406123201, 1.76, 3.97e-08, 3.55e-08, 2.62, 0, 1e-08, 0
406382401, 1.61, 4.12e-08, 3.83e-08, 2.62, 0, 1e-08, 0
406641601, 7.76, 6.39e-08, 3.37e-08, 2.62, 0, 1e-08, 0
406900801, 1.37, 2.19e-08, 2.29e-08, 2.62, 0, 1e-08, 0
407937601, 3.03, 8.4e-08, 5.58e-08, 2.62, 0, 1e-08, 0
408196801, 1.81, 3.35e-08, 3.37e-08, 2.62, 0, 1e-08, 0
408456001, 7.28, 1.05e-07, 6.01e-08, 2.62, 0, 1e-08, 0
408974401, 1.6, 4.93e-08, 4.56e-08, 2.62, 0, 1e-08, 0
410011201, 3.23, 7.59e-08, 5.13e-08, 2.62, 0, 1e-08, 0
410529601, 1.83, 6.35e-08, 5.63e-08, 2.62, 0, 1e-08, 0
410788801, 1.12, 5.89e-08, 6.79e-08, 2.62, 0, 1e-08, 0
411048001, 2.48, 1.09e-07, 9.08e-08, 2.62, 0, 1e-08, 0
412603201, 4.24, 9.05e-07, 5e-09, 2.62, 0, 1e-08, 101
415195201, 2.06, 3.24e-08, 2.72e-08, 2.62, 0, 1e-08, 0
415713601, 9.61, 1.53e-07, 7.1e-08, 2.62, 0, 1e-08, 0
416232001, 3.1, 8.94e-08, 6.16e-08, 2.62, 0, 1e-08, 0
417528001, 3.22, 6.36e-08, 4.75e-08, 2.62, 0, 1e-08, 0
417787201, 1.08, 6.01e-08, 6.4e-08, 2.62, 0, 1e-08, 0
418046401, 1.06, 6.13e-08, 7.46e-08, 2.62, 0, 1e-08, 0
418824001, 1.66, 4.78e-08, 4.44e-08, 2.62, 0, 1e-08, 0
419083201, 9.78, 1.5e-07, 6.21e-08, 2.62, 0, 1e-08, 0
420379201, 2.05, 2.75e-08, 2.68e-08, 2.62, 0, 1e-08, 0
421675201, 9.22, 1.06e-07, 5.18e-08, 2.62, 0, 1e-08, 0
421934401, 1.7, 4.94e-08, 4.65e-08, 2.62, 0, 1e-08, 0
422193601, 1.17, 3.42e-08, 4.01e-08, 2.62, 0, 1e-08, 0
422452801, 5.35, 5.97e-08, 4.32e-08, 2.62, 0, 1e-08, 0
422712001, 1.24, 5.56e-08, 5.94e-08, 2.62, 0, 1e-08, 0
423230401, 5.08, 1.07e-07, 6.29e-08, 2.62, 0, 1e-08, 0
423489601, 6.52, 1.18e-07, 6.53e-08, 2.62, 0, 1e-08, 0
424267201, 5.54, 7.57e-08, 5.12e-08, 2.62, 0, 1e-08, 0
424526401, 2.93, 3.65e-08, 3.01e-08, 2.62, 0, 1e-08, 0
424785601, 12.3, 1.07e-07, 4.2e-08, 2.62, 0, 1e-08, 0
425044801, 2.57, 3.7e-08, 3.18e-08, 2.62, 0, 1e-08, 0
425304001, 5.47, 4.55e-08, 2.96e-08, 2.62, 0, 1e-08, 0
425822401, 11.14, 1.09e-07, 4.92e-08, 2.62, 0, 1e-08, 0
426340801, 6.31, 1.33e-07, 6.51e-08, 2.62, 0, 1e-08, 0
427118401, 3.13, 4.69e-08, 4.32e-08, 2.62, 0, 1e-08, 0
427896001, 7.08, 1.65e-07, 8.51e-08, 2.62, 0, 1e-08, 0
429192001, 1.41, 6.02e-08, 6.09e-08, 2.62, 0, 1e-08, 0
429451201, 1.56, 8.37e-08, 7.64e-08, 2.62, 0, 1e-08, 0
434635201, 2.46, 6.94e-08, 5.55e-08, 2.62, 0, 1e-08, 0
435672001, 7.04, 1.1e-07, 6.32e-08, 2.62, 0, 1e-08, 0
435931201, 1.4, 5.37e-08, 5.23e-08, 2.62, 0, 1e-08, 0
436190401, 2.91, 6.23e-08, 5.3e-08, 2.62, 0, 1e-08, 0
436708801, 3.16, 9.67e-08, 6.42e-08, 2.62, 0, 1e-08, 0
438264001, 4.64, 9.5e-08, 5.98e-08, 2.62, 0, 1e-08, 0
439041601, 5.79, 8.05e-08, 5.03e-08, 2.62, 0, 1e-08, 0
439819201, 2.26, 7.32e-08, 5.59e-08, 2.62, 0, 1e-08, 0
440337601, 1.09, 4.17e-08, 4.79e-08, 2.62, 0, 1e-08, 0
440596801, 2.69, 5.53e-08, 5.06e-08, 2.62, 0, 1e-08, 0
441374401, 1.91, 8.68e-08, 7.32e-08, 2.62, 0, 1e-08, 0
441892801, 2.63, 5.99e-08, 4.83e-08, 2.62, 0, 1e-08, 0
442411201, 11.26, 1.22e-07, 4.71e-08, 2.62, 0, 1e-08, 0
443707201, 1.53, 3.67e-08, 3.4e-08, 2.62, 0, 1e-08, 0
444484801, 1.88, 3.85e-08, 3.39e-08, 2.62, 0, 1e-08, 0
444744001, 3.47, 9.45e-08, 6.34e-08, 2.62, 0, 1e-08, 0
445003201, 1.8, 6.77e-08, 6.16e-08, 2.62, 0, 1e-08, 0
445521601, 3.85, 1.2e-07, 7.53e-08, 2.62, 0, 1e-08, 0
445780801, 8.2, 1.4e-07, 6.71e-08, 2.62, 0, 1e-08, 0
446040001, 4.15, 1.22e-07, 7.43e-08, 2.62, 0, 1e-08, 0
446299201, 1.08, 3.27e-08, 3.89e-08, 2.62, 0, 1e-08, 0
447336001, 5.5, 6.25e-08, 3.72e-08, 2.62, 0, 1e-08, 0
447595201, 3.65, 5.8e-08, 3.76e-08, 2.62, 0, 1e-08, 0
451224001, 4.23, 5.22e-08, 4.14e-08, 2.62, 0, 1e-08, 0
451742401, 3.55, 4.19e-08, 3.31e-08, 2.62, 0, 1e-08, 0
452001601, 4.12, 5.1e-08, 3.31e-08, 2.62, 0, 1e-08, 0
453038401, 2.51, 5.46e-08, 4.21e-08, 2.62, 0, 1e-08, 0
454075201, 6.05, 1.04e-07, 5.39e-08, 2.62, 0, 1e-08, 0
455371201, 2.7, 5.43e-08, 4.08e-08, 2.62, 0, 1e-08, 0
458481601, 1.07, 3.97e-08, 4.52e-08, 2.62, 0, 1e-08, 0
459777601, 2.03, 5.78e-08, 5.11e-08, 2.62, 0, 1e-08, 0
462369601, 3.51, 4.51e-08, 3.23e-08, 2.62, 0, 1e-08, 0
466257601, 2.58, 3.62e-08, 3.24e-08, 2.62, 0, 1e-08, 0
466516801, 2.23, 4.33e-08, 3.45e-08, 2.62, 0, 1e-08, 0
468590401, 1.46, 8.47e-08, 8.13e-08, 2.62, 0, 1e-08, 0
473515201, 2.65, 6.29e-08, 5.23e-08, 2.62, 0, 1e-08, 0
475329601, 1.97, 3.75e-08, 3.15e-08, 2.62, 0, 1e-08, 0
475848001, 2.1, 2.58e-08, 2.59e-08, 2.62, 0, 1e-08, 0
476107201, 2.65, 4.42e-08, 3.54e-08, 2.62, 0, 1e-08, 0
481032001, 1.2, 3.24e-08, 3.63e-08, 2.62, 0, 1e-08, 0
481550401, 2.03, 5.84e-08, 5.07e-08, 2.62, 0, 1e-08, 0
483624001, 2.4, 8.18e-08, 6.32e-08, 2.62, 0, 1e-08, 0
484142401, 2.37, 4.62e-08, 3.56e-08, 2.62, 0, 1e-08, 0
484660801, 2.37, 6.71e-08, 5.11e-08, 2.62, 0, 1e-08, 0
486734401, 2.49, 7.33e-08, 5.96e-08, 2.62, 0, 1e-08, 0
487512001, 3.22, 7.38e-08, 4.94e-08, 2.62, 0, 1e-08, 0
487771201, 1.86, 5.41e-08, 4.61e-08, 2.62, 0, 1e-08, 0
488548801, 5.94, 7.4e-08, 3.88e-08, 2.62, 0, 1e-08, 0
489844801, 3.96, 5.32e-08, 3.48e-08, 2.62, 0, 1e-08, 0
490622401, 2.39, 4.86e-08, 4.17e-08, 2.62, 0, 1e-08, 0
490881601, 3.1, 8.88e-08, 6.24e-08, 2.62, 0, 1e-08, 0
491400001, 4.78, 1.21e-07, 7.29e-08, 2.62, 0, 1e-08, 0
493214401, 1.64, 3.3e-08, 3.18e-08, 2.62, 0, 1e-08, 0
493732801, 2.33, 4.93e-08, 3.8e-08, 2.62, 0, 1e-08, 0
493992001, 1.03, 3.29e-08, 3.6e-08, 2.62, 0, 1e-08, 0
494251201, 2.54, 4.12e-08, 3.25e-08, 2.62, 0, 1e-08, 0
494510401, 5.14, 8.61e-08, 4.88e-08, 2.62, 0, 1e-08, 0
495028801, 1.39, 3.4e-08, 3.84e-08, 2.62, 0, 1e-08, 0
495288001, 1.23, 6.79e-08, 6.9e-08, 2.62, 0, 1e-08, 0
495806401, 7.26, 1.15e-07, 6.91e-08, 2.62, 0, 1e-08, 0
497880001, 5.78, 7.13e-08, 3.88e-08, 2.62, 0, 1e-08, 0
499694401, 1.36, 4.47e-08, 4.93e-08, 2.62, 0, 1e-08, 0
501768001, 1.66, 5.08e-08, 4.55e-08, 2.62, 0, 1e-08, 0
503323201, 8.56, 8.85e-08, 4.25e-08, 2.62, 0, 1e-08, 0
509544001, 5.53, 1.51e-07, 8.12e-08, 2.62, 0, 1e-08, 0
510062401, 2.59, 7.08e-08, 5.73e-08, 2.62, 0, 1e-08, 0
510321601, 3.03, 6.1e-08, 4.88e-08, 2.62, 0, 1e-08, 0
510580801, 1.87, 5.96e-08, 5.35e-08, 2.62, 0, 1e-08, 0
511358401, 1.75, 4.47e-08, 3.88e-08, 2.62, 0, 1e-08, 0
511617601, 3.7, 5.13e-08, 3.48e-08, 2.62, 0, 1e-08, 0
511876801, 2.19, 3.62e-08, 2.94e-08, 2.62, 0, 1e-08, 0
514728001, 2.31, 7.27e-08, 5.93e-08, 2.62, 0, 1e-08, 0
515246401, 1.46, 4.11e-08, 4.03e-08, 2.62, 0, 1e-08, 0
516542401, 1.43, 1.49e-08, 1.64e-08, 2.62, 0, 1e-08, 0
517060801, 5.33, 5.91e-08, 3.7e-08, 2.62, 0, 1e-08, 0
518097601, 1.01, 3.35e-08, 3.97e-08, 2.62, 0, 1e-08, 0
518616001, 1.06, 4.68e-08, 6.01e-08, 2.62, 0, 1e-08, 0
519134401, 2.02, 6.96e-08, 5.96e-08, 2.62, 0, 1e-08, 0
519393601, 3.45, 6.9e-08, 4.68e-08, 2.62, 0, 1e-08, 0
519912001, 3.9, 7.99e-08, 5.19e-08, 2.62, 0, 1e-08, 0
520171201, 1.34, 3.37e-08, 3.54e-08, 2.62, 0, 1e-08, 0
521208001, 9.01, 8.48e-08, 3.74e-08, 2.62, 0, 1e-08, 0
521467201, 1.23, 3.5e-08, 3.55e-08, 2.62, 0, 1e-08, 0
521985601, 4.68, 7.62e-08, 4.47e-08, 2.62, 0, 1e-08, 0
522504001, 1.7, 5.52e-08, 5.06e-08, 2.62, 0, 1e-08, 0
523281601, 1.07, 5.22e-08, 5.98e-08, 2.62, 0, 1e-08, 0
524059201, 1.87, 6.19e-08, 5.48e-08, 2.62, 0, 1e-08, 0
524836801, 1.64, 4.38e-08, 3.93e-08, 2.62, 0, 1e-08, 0
525096001, 2.58, 2.32e-08, 2.03e-08, 2.62, 0, 1e-08, 0
526132801, 1.17, 3.72e-08, 4.16e-08, 2.62, 0, 1e-08, 0
526392001, 1.1, 2.59e-08, 3e-08, 2.62, 0, 1e-08, 0
526651201, 4.01, 7.66e-08, 4.84e-08, 2.62, 0, 1e-08, 0
526910401, 1.13, 3.08e-08, 3.7e-08, 2.62, 0, 1e-08, 0
527169601, 5.69, 1.02e-07, 5.49e-08, 2.62, 0, 1e-08, 0
528465601, 4.91, 1.13e-07, 6.41e-08, 2.62, 0, 1e-08, 0
528724801, 3.81, 1.12e-07, 6.71e-08, 2.62, 0, 1e-08, 0
529243201, 4.57, 6.99e-08, 4.13e-08, 2.62, 0, 1e-08, 0
529502401, 11.69, 8.74e-08, 3.76e-08, 2.62, 0, 1e-08, 0
531316801, 8.63, 1.39e-07, 6.07e-08, 2.62, 0, 1e-08, 0
532353601, 1.86, 7.84e-08, 6.87e-08, 2.62, 0, 1e-08, 0
532612801, 4.61, 1.47e-07, 8.22e-08, 2.62, 0, 1e-08, 0
533131201, 2.56, 5.02e-08, 4.34e-08, 2.62, 0, 1e-08, 0
533390401, 60.16, 3.05e-07, 7e-08, 2.62, 0, 1e-08, 0
533649601, 6.51, 1.04e-07, 5.2e-08, 2.62, 0, 1e-08, 0
533908801, 1.21, 4.06e-08, 4.25e-08, 2.62, 0, 1e-08, 0
534168001, 14.6, 1.09e-07, 4e-08, 2.62, 0, 1e-08, 0
534686401, 4.11, 4.69e-08, 3.15e-08, 2.62, 0, 1e-08, 0
535204801, 7.34, 7.79e-08, 4.01e-08, 2.62, 0, 1e-08, 0
535723201, 2.96, 4.11e-08, 3.32e-08, 2.62, 0, 1e-08, 0
536241601, 2.86, 6.97e-08, 5.65e-08, 2.62, 0, 1e-08, 0
536500801, 1.96, 6.61e-08, 5.88e-08, 2.62, 0, 1e-08, 0
537796801, 2.92, 7.51e-08, 6e-08, 2.62, 0, 1e-08, 0
538315201, 2.79, 5.8e-08, 4.3e-08, 2.62, 0, 1e-08, 0
538574401, 1.37, 2.83e-08, 2.99e-08, 2.62, 0, 1e-08, 0
539092801, 7.26, 6.95e-08, 3.67e-08, 2.62, 0, 1e-08, 0
539611201, 2.82, 4.6e-08, 3.69e-08, 2.62, 0, 1e-08, 0
540129601, 4.02, 3.05e-08, 2.68e-08, 2.62, 0, 1e-08, 0
540388801, 17.4, 1.96e-07, 6.7e-08, 2.62, 0, 1e-08, 0
541166401, 4.63, 1.17e-07, 6.98e-08, 2.62, 0, 1e-08, 0
542203201, 3.99, 7.45e-08, 4.86e-08, 2.62, 0, 1e-08, 0
542462401, 1.71, 5.78e-08, 5.11e-08, 2.62, 0, 1e-08, 0
544536001, 5.39, 6.38e-08, 3.57e-08, 2.62, 0, 1e-08, 0
544795201, 3.31, 3.4e-08, 2.5e-08, 2.62, 0, 1e-08, 0
545313601, 1.98, 3.41e-08, 3.06e-08, 2.62, 0, 1e-08, 0
547905601, 5.14, 6.37e-08, 3.82e-08, 2.62, 0, 1e-08, 0
548424001, 10.6, 6.24e-08, 2.43e-08, 2.62, 0, 1e-08, 0
548683201, 1.4, 2.85e-08, 3.01e-08, 2.62, 0, 1e-08, 0
549201601, 2.5, 5.49e-08, 4.29e-08, 2.62, 0, 1e-08, 0
550497601, 1.4, 4.16e-08, 4.23e-08, 2.62, 0, 1e-08, 0
552830401, 4.0, 3.1e-07, 2.28e-07, 2.62, 0, 1e-08, 0
558014401, 5.53, 3.88e-08, 2.13e-08, 2.62, 0, 1e-08, 0
561643201, 1.47, 1.65e-08, 1.62e-08, 2.62, 0, 1e-08, 0
563198401, 11.5, 1.02e-07, 4.01e-08, 2.62, 0, 1e-08, 0
564235201, 1.89, 6.22e-08, 6.35e-08, 2.62, 0, 1e-08, 0
566568001, 2.67, 1.05e-07, 8.2e-08, 2.62, 0, 1e-08, 0
568123201, 3.39, 1.07e-07, 7.11e-08, 2.62, 0, 1e-08, 0
568900801, 1.55, 6.48e-08, 6.03e-08, 2.62, 0, 1e-08, 0
570715201, 5.07, 5.34e-05, 0, 2.62, 0, 1e-08, 0
570974401, 13.94, 5.34e-05, 0, 2.62, 0, 1e-08, 0
571233601, 2.34, 5.42e-06, 5.37e-06, 2.62, 0, 1e-08, 0
572011201, 2.08, 9.95e-07, 1.15e-06, 2.62, 0, 1e-08, 0
572529601, 3.19, 6.33e-08, 4.66e-08, 2.62, 0, 1e-08, 0
573048001, 1.92, 7.38e-08, 6.9e-08, 2.62, 0, 1e-08, 0
573307201, 5.53, 1.2e-07, 7.1e-08, 2.62, 0, 1e-08, 0
573566401, 1.39, 8.24e-08, 8.45e-08, 2.62, 0, 1e-08, 0
574344001, 3.23, 5.63e-08, 4.89e-08, 2.62, 0, 1e-08, 0
574862401, 2.42, 4.6e-08, 3.86e-08, 2.62, 0, 1e-08, 0
575380801, 3.68, 5.04e-08, 3.37e-08, 2.62, 0, 1e-08, 0
576158401, 4.33, 6e-08, 3.73e-08, 2.62, 0, 1e-08, 0
576417601, 12.91, 1.41e-07, 5.22e-08, 2.62, 0, 1e-08, 0
576676801, 2.17, 6.08e-08, 4.73e-08, 2.62, 0, 1e-08, 0
576936001, 1.26, 1.32e-08, 1.63e-08, 2.62, 0, 1e-08, 0
577972801, 3.01, 7.29e-08, 5.22e-08, 2.62, 0, 1e-08, 0
578491201, 2.44, 7.27e-08, 5.65e-08, 2.62, 0, 1e-08, 0
579268801, 2.79, 2.11e-08, 2.22e-08, 2.62, 0, 1e-08, 0
579787201, 1.42, 3.94e-08, 3.8e-08, 2.62, 0, 1e-08, 0
580046401, 1.0, 2.49e-08, 2.89e-08, 2.62, 0, 1e-08, 0
580564801, 1.31, 3.82e-08, 3.8e-08, 2.62, 0, 1e-08, 0
580824001, 1.12, 3.51e-08, 3.68e-08, 2.62, 0, 1e-08, 0
581601601, 2.9, 9.57e-08, 6.82e-08, 2.62, 0, 1e-08, 0
583156801, 3.75, 9.9e-08, 6.52e-08, 2.62, 0, 1e-08, 0
583675201, 1.6, 5.69e-08, 5.73e-08, 2.62, 0, 1e-08, 0
584971201, 4.26, 2.26e-07, 1.55e-07, 2.62, 0, 1e-08, 0
585489601, 3.52, 2.87e-07, 4.36e-07, 2.62, 0, 1e-08, 102
586526401, 2.24, 6.94e-08, 6.08e-08, 2.62, 0, 1e-08, 0
587044801, 10.32, 1.65e-07, 7.32e-08, 2.62, 0, 1e-08, 0
587304001, 1.37, 6.34e-08, 6.55e-08, 2.62, 0, 1e-08, 0
587563201, 1.49, 6.72e-08, 6.38e-08, 2.62, 0, 1e-08, 0
587822401, 2.16, 6.23e-08, 5.26e-08, 2.62, 0, 1e-08, 0
588081601, 6.71, 1.5e-07, 7.18e-08, 2.62, 0, 1e-08, 0
588340801, 6.23, 8.41e-08, 4.67e-08, 2.62, 0, 1e-08, 0
590414401, 4.57, 4.59e-08, 3.24e-08, 2.62, 0, 1e-08, 0
591192001, 1.56, 1.96e-08, 2.27e-08, 2.62, 0, 1e-08, 0
591451201, 1.31, 3.17e-08, 3.27e-08, 2.62, 0, 1e-08, 0
591710401, 5.28, 9.32e-08, 5.9e-08, 2.62, 0, 1e-08, 0
591969601, 2.49, 1.03e-07, 8.11e-08, 2.62, 0, 1e-08, 0
593006401, 2.91, 5.97e-08, 4.42e-08, 2.62, 0, 1e-08, 0
595080001, 3.75, 5.48e-08, 3.65e-08, 2.62, 0, 1e-08, 0
595339201, 4.56, 6.57e-08, 3.82e-08, 2.62, 0, 1e-08, 0
595598401, 1.73, 4.69e-08, 4.18e-08, 2.62, 0, 1e-08, 0
600004801, 1.7, 7.39e-08, 7e-08, 2.62, 0, 1e-08, 0
600264001, 1.17, 6.11e-08, 6.72e-08, 2.62, 0, 1e-08, 0
600782401, 2.71, 6.48e-08, 5.64e-08, 2.62, 0, 1e-08, 0
603115201, 7.06, 5.34e-05, 0, 2.62, 0, 1e-08, 0
605707201, 4.24, 9.48e-08, 6.2e-08, 2.62, 0, 1e-08, 0
607003201, 1.23, 3.42e-08, 3.59e-08, 2.62, 0, 1e-08, 0
608299201, 1.24, 2.19e-08, 2.65e-08, 2.62, 0, 1e-08, 0
611150401, 5.02, 5.82e-08, 3.71e-08, 2.62, 0, 1e-08, 0
611409601, 5.12, 3.25e-08, 2.56e-08, 2.62, 0, 1e-08, 0
611928001, 1.01, 2.88e-08, 3.32e-08, 2.62, 0, 1e-08, 0
612187201, 2.66, 6.09e-08, 4.23e-08, 2.62, 0, 1e-08, 0
612964801, 1.19, 3.94e-08, 4.2e-08, 2.62, 0, 1e-08, 0
613483201, 3.31, 7.29e-08, 5.39e-08, 2.62, 0, 1e-08, 0
614260801, 1.01, 4.94e-08, 5.87e-08, 2.62, 0, 1e-08, 0
615297601, 1.5, 6.9e-08, 6.58e-08, 2.62, 0, 1e-08, 0
617889601, 1.1, 2e-07, 2.32e-07, 2.62, 0, 1e-08, 0
618408001, 3.91, 7.51e-08, 5.18e-08, 2.62, 0, 1e-08, 0
619444801, 2.93, 8.47e-08, 6.53e-08, 2.62, 0, 1e-08, 0
623332801, 3.79, 8.16e-08, 5.02e-08, 2.62, 0, 1e-08, 0
624888001, 6.91, 1.19e-07, 5.89e-08, 2.62, 0, 1e-08, 0
625406401, 4.51, 7.58e-08, 4.24e-08, 2.62, 0, 1e-08, 0
626184001, 2.36, 2.89e-08, 2.5e-08, 2.62, 0, 1e-08, 0
628776001, 2.6, 5.42e-08, 4.97e-08, 2.62, 0, 1e-08, 0
630331201, 1.38, 4.58e-08, 4.52e-08, 2.62, 0, 1e-08, 0
630590401, 1.37, 3.16e-08, 3.78e-08, 2.62, 0, 1e-08, 0
631108801, 2.46, 5.14e-08, 4.44e-08, 2.62, 0, 1e-08, 0
631886401, 11.77, 1.41e-07, 7.79e-08, 2.62, 0, 1e-08, 0
633441601, 2.35, 6.85e-08, 5.84e-08, 2.62, 0, 1e-08, 0
635256001, 7.9, 5.34e-05, 0, 2.62, 0, 1e-08, 0
635515201, 5.88, 5.34e-05, 0, 2.62, 0, 1e-08, 0
636292801, 1.51, 4.61e-08, 4.39e-08, 2.62, 0, 1e-08, 0
637329601, 4.56, 1.35e-07, 8.71e-08, 2.62, 0, 1e-08, 0
637588801, 5.91, 1.36e-07, 7.58e-08, 2.62, 0, 1e-08, 0
644068801, 1.68, 2.13e-08, 2.3e-08, 2.62, 0, 1e-08, 0
644846401, 2.8, 5.78e-08, 4.1e-08, 2.62, 0, 1e-08, 0
646920001, 16.91, 1.74e-07, 7.2e-08, 2.62, 0, 1e-08, 0
648993601, 4.98, 7.07e-07, 4.82e-07, 2.62, 0, 1e-08, 0
650030401, 1.33, 3.82e-08, 4.15e-08, 2.62, 0, 1e-08, 0
651585601, 1.72, 6.91e-08, 6.11e-08, 2.62, 0, 1e-08, 0
652622401, 4.24, 9.14e-08, 5.74e-08, 2.62, 0, 1e-08, 0
652881601, 2.07, 2.2e-07, 2.06e-07, 2.62, 0, 1e-08, 0
653659201, 1.99, 3.13e-08, 3e-08, 2.62, 0, 1e-08, 0
654177601, 1.86, 5.21e-08, 4.36e-08, 2.62, 0, 1e-08, 0
654436801, 1.7, 5.47e-08, 4.92e-08, 2.62, 0, 1e-08, 0
654955201, 3.75, 4.79e-08, 3.27e-08, 2.62, 0, 1e-08, 0
655473601, 3.22, 7.99e-08, 5.33e-08, 2.62, 0, 1e-08, 0
656769601, 2.17, 3e-08, 3.24e-08, 2.62, 0, 1e-08, 0
657806401, 6.8, 7.99e-08, 3.89e-08, 2.62, 0, 1e-08, 0
658324801, 4.04, 3.26e-08, 2.4e-08, 2.62, 0, 1e-08, 0
659102401, 2.33, 4.27e-08, 3.37e-08, 2.62, 0, 1e-08, 0
662731201, 8.33, 1.29e-07, 5.8e-08, 2.62, 0, 1e-08, 0
664286401, 4.09, 8.1e-08, 6.1e-08, 2.62, 0, 1e-08, 0
664804801, 1.18, 5.86e-08, 6.43e-08, 2.62, 0, 1e-08, 0
665582401, 1.95, 3.67e-08, 3.94e-08, 2.62, 0, 1e-08, 0
665841601, 2.26, 6.71e-08, 5.5e-08, 2.62, 0, 1e-08, 0
667656001, 1.21, 5.1e-08, 5.22e-08, 2.62, 0, 1e-08, 0
672580801, 2.0, 4.49e-08, 3.62e-08, 2.62, 0, 1e-08, 0
673099201, 1.22, 2.06e-08, 2.44e-08, 2.62, 0, 1e-08, 0
673876801, 1.59, 4.81e-08, 4.75e-08, 2.62, 0, 1e-08, 0
674654401, 1.13, 4.61e-08, 4.94e-08, 2.62, 0, 1e-08, 0
675432001, 1.23, 3.19e-08, 3.34e-08, 2.62, 0, 1e-08, 0
682948801, 1.42, 6.17e-08, 6.23e-08, 2.62, 0, 1e-08, 0
683467201, 5.8, 1.37e-07, 7.31e-08, 2.62, 0, 1e-08, 0
686318401, 6.94, 6.07e-08, 3.64e-08, 2.62, 0, 1e-08, 0
687873601, 1.89, 9.05e-08, 7.76e-08, 2.62, 0, 1e-08, 0
688132801, 5.51, 1.05e-07, 5.98e-08, 2.62, 0, 1e-08, 0
688392001, 1.3, 4.29e-08, 4.52e-08, 2.62, 0, 1e-08, 0
688651201, 4.17, 8.57e-08, 5.55e-08, 2.62, 0, 1e-08, 0
688910401, 4.14, 6.99e-08, 4.23e-08, 2.62, 0, 1e-08, 0
690724801, 2.65, 3.87e-08, 2.98e-08, 2.62, 0, 1e-08, 0
691243201, 2.65, 5.73e-08, 4.22e-08, 2.62, 0, 1e-08, 0
693835201, 2.03, 3.88e-08, 3.27e-08, 2.62, 0, 1e-08, 0
694094401, 3.08, 7.17e-08, 5.03e-08, 2.62, 0, 1e-08, 0
695131201, 1.26, 3.79e-08, 4.81e-08, 2.62, 0, 1e-08, 0
697723201, 2.44, 6.77e-08, 5.54e-08, 2.62, 0, 1e-08, 0
701870401, 7.44, 8.69e-08, 5.21e-08, 2.62, 0, 1e-08, 0
704980801, 1.17, 3.64e-08, 3.85e-08, 2.62, 0, 1e-08, 0
706795201, 1.74, 3.9e-08, 3.76e-08, 2.62, 0, 1e-08, 0
707054401, 2.66, 6.38e-08, 4.73e-08, 2.62, 0, 1e-08, 0
708350401, 3.07, 4.42e-08, 4.13e-08, 2.62, 0, 1e-08, 0
708609601, 1.03, 3.51e-08, 3.93e-08, 2.62, 0, 1e-08, 0
708868801, 1.69, 6.13e-08, 5.45e-08, 2.62, 0, 1e-08, 0
709128001, 1.89, 8.92e-08, 7.37e-08, 2.62, 0, 1e-08, 0
710164801, 1.27, 4.36e-08, 4.8e-08, 2.62, 0, 1e-08, 0
711979201, 2.39, 6.75e-08, 5.35e-08, 2.62, 0, 1e-08, 0
714052801, 1.74, 6.04e-08, 5.26e-08, 2.62, 0, 1e-08, 0
714571201, 1.59, 7.52e-08, 6.77e-08, 2.62, 0, 1e-08, 0
715867201, 1.27, 4.38e-08, 4.6e-08, 2.62, 0, 1e-08, 0
716385601, 1.59, 5.1e-08, 4.64e-08, 2.62, 0, 1e-08, 0
716644801, 1.79, 1.61e-07, 1.58e-07, 2.62, 0, 1e-08, 0
717940801, 2.19, 5.06e-08, 4.1e-08, 2.62, 0, 1e-08, 0
718200001, 1.07, 3.39e-08, 3.77e-08, 2.62, 0, 1e-08, 0
721051201, 1.12, 2.07e-08, 2.59e-08, 2.62, 0, 1e-08, 0
721828801, 1.43, 3.59e-08, 3.34e-08, 2.62, 0, 1e-08, 0
722606401, 1.1, 2.12e-08, 2.56e-08, 2.62, 0, 1e-08, 0
722865601, 1.63, 2.21e-08, 2.46e-08, 2.62, 0, 1e-08, 0
724939201, 1.24, 4.66e-08, 4.76e-08, 2.62, 0, 1e-08, 0
726494401, 1.28, 6.03e-08, 6.56e-08, 2.62, 0, 1e-08, 0
727531201, 1.54, 7.58e-08, 7.75e-08, 2.62, 0, 1e-08, 0
728049601, 1.63, 6.96e-08, 6.43e-08, 2.62, 0, 1e-08, 0
728827201, 1.1, 6.79e-08, 8.18e-08, 2.62, 0, 1e-08, 0
729086401, 2.02, 7.61e-08, 7.07e-08, 2.62, 0, 1e-08, 0
729345601, 2.05, 6.08e-08, 5.04e-08, 2.62, 0, 1e-08, 0
731419201, 1.75, 3.25e-08, 2.99e-08, 2.62, 0, 1e-08, 0
731937601, 1.78, 4.92e-08, 4.32e-08, 2.62, 0, 1e-08, 0
732456001, 3.5, 8.2e-08, 5.79e-08, 2.62, 0, 1e-08, 0
733233601, 3.03, 1.01e-07, 8e-08, 2.62, 0, 1e-08, 0
739972801, 1.04, 4.45e-08, 4.92e-08, 2.62, 0, 1e-08, 0
740491201, 2.19, 4.41e-08, 4.08e-08, 2.62, 0, 1e-08, 0
742046401, 1.11, 5.01e-08, 5.49e-08, 2.62, 0, 1e-08, 0
