timestamp, ts, flux, flux_error, photon_index, photon_index_interval, fit_tolerance, fit_convergence
242308801, 1.81, 9.73e-08, 7.69e-08, 8.27, 5.77, 1e-08, 102
243345601, 3.37, 1.51e-07, 9.51e-08, 4.83, 4.58, 1e-08, 102
244900801, 5.55, 1.41e-07, 8.8e-07, 9.58, 3.13, 1e-08, 102
247492801, 2.44, 3.48e-08, 3.94e-08, 2.08, 0.57, 1e-08, 0
248529601, 8.08, 2.27e-07, 9.8e-08, 3.56, 0.7, 1e-08, 0
250084801, 1.39, 8.58e-08, 8.21e-08, 3.91, 1.67, 1e-08, 0
250344001, 3.59, 1.44e-07, 8.62e-08, 4.28, 4.33, 1e-08, 102
250603201, 6.68, 1.77e-07, 8.29e-08, 3.24, 0.67, 1e-08, 0
252417601, 1.43, 1.01e-07, 1.02e-07, 3.29, 1.16, 1e-08, 0
252936001, 6.14, 2.02e-08, 4.39e-08, 1.68, 0.92, 1e-08, 0
255268801, 3.67, 1.37e-07, 8.4e-08, 3.63, 1.07, 1e-08, 0
256046401, 2.47, 1.27e-07, 9e-08, 4.59, 5.1, 1e-08, 102
256564801, 7.79, 4.43e-09, 5.76e-09, 1.03, 0.68, 1e-08, 0
257083201, 2.17, 7.08e-08, 1.02e-07, 2.61, 1.1, 1e-08, 0
259416001, 2.93, 1.62e-08, 2.24e-08, 1.65, 0.65, 1e-08, 0
260971201, 2.12, 1.12e-07, 8.72e-08, 4.69, 2.03, 1e-08, 0
261748801, 2.05, 1.2e-07, 9.7e-08, 3.79, 1.4, 1e-08, 0
262785601, 2.89, 1.2e-07, 9.7e-07, 9.5, 4.04, 1e-08, 102
263304001, 1.75, 1.07e-07, 9.11e-08, 3.94, 1.59, 1e-08, 0
267192001, 1.99, 1.22e-07, 9.78e-08, 5.5, 5.44, 1e-08, 102
267969601, 2.39, 1.08e-07, 7.71e-08, 4.04, 5.48, 1e-08, 102
268488001, 1.87, 8.42e-08, 6.77e-08, 7.48, 5.62, 1e-08, 102
269524801, 1.27, 7.24e-08, 6.44e-08, 8.57, 6.63, 1e-08, 102
269784001, 1.14, 8.16e-08, 8.72e-08, 3.42, 1.07, 1e-08, 0
270820801, 1.14, 1.1e-07, 1.17e-07, 5.12, 2.64, 1e-08, 0
271598401, 1.87, 1.14e-07, 9.9e-08, 3.69, 1.39, 1e-08, 0
272376001, 8.61, 2.69e-07, 1.06e-07, 5.49, 2.8, 1e-08, 102
273412801, 1.54, 8.16e-08, 6.83e-08, 7.05, 6.16, 1e-08, 102
277300801, 5.95, 1.53e-07, 7.98e-08, 3.19, 0.67, 1e-08, 0
279115201, 2.55, 1.38e-07, 9.91e-08, 5.07, 5.08, 1e-08, 102
279374401, 2.94, 1.86e-07, 1.18e-07, 5.25, 4.64, 1e-08, 102
279633601, 8.18, 3.38e-07, 1.46e-07, 4.63, 1.11, 1e-08, 0
280411201, 2.75, 2.06e-07, 1.44e-07, 3.9, 1.18, 1e-08, 0
280670401, 1.83, 1.82e-07, 1.53e-07, 3.88, 6.18, 1e-08, 102
280929601, 5.16, 2.83e-07, 1.44e-07, 5.47, 3.67, 1e-08, 102
284040001, 3.03, 2.39e-07, 1.49e-07, 6.09, 4.48, 1e-08, 102
286372801, 1.95, 1.17e-07, 9.49e-08, 4.07, 2.07, 1e-08, 0
286632001, 1.11, 7.34e-08, 9.38e-08, 3.11, 1.94, 1e-08, 0
288964801, 4.05, 4.15e-08, 7.86e-08, 2.04, 0.89, 1e-08, 0
289224001, 3.6, 2.43e-07, 1.51e-07, 4.3, 1.25, 1e-08, 0
290260801, 1.23, 1.42e-07, 1.71e-07, 3.67, 2.02, 1e-08, 0
291556801, 4.07, 1.42e-07, 7.41e-08, 5.34, 3.93, 1e-08, 102
291816001, 1.33, 7.62e-08, 7.49e-08, 4.67, 5.41, 1e-08, 0
292075201, 1.7, 8.57e-08, 7.44e-08, 5.56, 4.6, 1e-08, 0
293889601, 1.04, 1.45e-07, 1.6e-07, 4.01, 2.46, 1e-08, 0
294408001, 1.6, 3.36e-08, 6.82e-08, 2.2, 1.21, 1e-08, 0
294667201, 7.07, 2.87e-07, 1.26e-07, 6.4, 3.22, 1e-08, 102
295963201, 5.07, 2.22e-08, 2.44e-08, 1.8, 0.53, 1e-08, 0
296222401, 6.3, 1.57e-07, 6.98e-08, 8.13, 3.28, 1e-08, 102
299073601, 5.41, 2.87e-07, 1.54e-07, 3.56, 0.75, 1e-08, 0
299332801, 1.21, 1.38e-07, 1.35e-07, 4.04, 7.57, 1e-08, 102
301147201, 2.06, 1.05e-07, 8.13e-08, 5.0, 3.27, 1e-08, 0
301406401, 3.83, 1.23e-07, 7.22e-08, 4.93, 4.28, 1e-08, 102
303739201, 5.33, 1.37e-07, 8.4e-08, 2.34, 0.41, 1e-08, 0
309182401, 3.91, 2.2e-08, 2.31e-08, 1.69, 0.46, 1e-08, 0
309700801, 1.25, 7.79e-08, 7.72e-08, 4.89, 2.14, 1e-08, 0
310478401, 1.39, 7.87e-08, 7.53e-08, 3.45, 1.43, 1e-08, 0
313070401, 2.62, 4.87e-08, 5.23e-08, 1.96, 0.5, 1e-08, 0
315144001, 1.45, 8.36e-08, 7.83e-08, 5.36, 5.08, 1e-08, 0
315403201, 7.51, 1.8e-08, 2.43e-08, 1.73, 0.56, 1e-08, 0
316180801, 1.65, 1.72e-07, 1.51e-07, 4.78, 2.87, 1e-08, 0
319809601, 6.22, 1.26e-07, 7.71e-07, 9.53, 3.05, 1e-08, 102
320068801, 4.74, 1.37e-07, 9.04e-07, 9.57, 3.3, 1e-08, 102
320587201, 3.65, 1.16e-07, 1.01e-07, 2.67, 0.69, 1e-08, 0
323956801, 1.91, 2.52e-08, 3.01e-08, 2.01, 0.63, 1e-08, 0
324734401, 3.47, 1.29e-08, 1.29e-08, 1.34, 0.44, 1e-08, 0
325771201, 6.39, 2.78e-07, 1.3e-07, 5.03, 3.36, 1e-08, 102
326030401, 2.59, 1.76e-07, 1.28e-07, 3.51, 0.85, 1e-08, 0
326548801, 1.2, 1.38e-07, 1.3e-07, 5.25, 6.95, 1e-08, 102
326808001, 1.09, 1.16e-07, 1.29e-07, 3.33, 1.18, 1e-08, 0
327067201, 4.93, 2.42e-07, 1.3e-07, 4.51, 3.81, 1e-08, 102
328881601, 13.21, 1.56e-07, 6.9e-08, 2.51, 0.37, 1e-08, 0
329659201, 10.46, 1.29e-07, 7.11e-08, 2.29, 0.38, 1e-08, 0
329918401, 1.58, 1.17e-07, 1.08e-07, 3.52, 1.19, 1e-08, 0
330177601, 1.8, 3.48e-08, 5.19e-08, 1.95, 0.67, 1e-08, 0
330955201, 3.34, 1.19e-07, 9.61e-08, 2.2, 0.46, 1e-08, 0
331214401, 5.21, 3.28e-07, 1.71e-07, 4.01, 1.07, 1e-08, 0
331992001, 5.91, 3.28e-07, 1.62e-07, 4.0, 0.89, 1e-08, 0
332510401, 4.44, 1.51e-08, 2.12e-08, 1.35, 0.64, 1e-08, 0
332769601, 4.41, 1.43e-07, 8.57e-08, 3.25, 0.77, 1e-08, 0
334843201, 2.71, 1.82e-07, 1.32e-07, 3.33, 0.84, 1e-08, 0
335361601, 1.62, 1.62e-07, 1.45e-07, 3.8, 6.69, 1e-08, 102
337435201, 1.29, 8.97e-08, 8.83e-08, 4.59, 3.82, 1e-08, 0
337694401, 1.82, 9.35e-08, 7.77e-08, 4.86, 3.39, 1e-08, 0
338472001, 5.04, 1.57e-07, 7.99e-08, 4.93, 3.76, 1e-08, 102
338731201, 3.3, 8.81e-08, 6.77e-08, 2.45, 0.54, 1e-08, 0
338990401, 2.92, 2.24e-08, 2.6e-08, 1.5, 0.46, 1e-08, 0
340286401, 2.33, 1.84e-07, 1.39e-07, 3.43, 0.98, 1e-08, 0
340804801, 9.4, 4.69e-07, 1.98e-07, 4.16, 1.14, 1e-08, 0
341582401, 2.11, 8.39e-08, 8.19e-08, 2.36, 0.66, 1e-08, 0
341841601, 3.33, 1.3e-07, 9.18e-08, 3.12, 0.92, 1e-08, 0
342619201, 3.24, 1.17e-07, 7.42e-08, 4.05, 1.24, 1e-08, 0
342878401, 2.03, 9.71e-08, 7.6e-08, 3.89, 1.18, 1e-08, 0
343137601, 2.76, 8.99e-08, 7.52e-08, 2.67, 0.7, 1e-08, 0
344952001, 1.38, 1.28e-07, 1.4e-07, 3.78, 7.15, 1e-08, 102
345988801, 1.36, 9e-08, 1.02e-07, 2.85, 1.32, 1e-08, 0
347025601, 7.05, 6.88e-09, 6.3e-09, 1.08, 0.47, 1e-08, 0
347544001, 3.63, 9.3e-08, 6.81e-08, 2.69, 0.57, 1e-08, 0
349099201, 1.89, 9.32e-08, 1.05e-07, 2.24, 0.68, 1e-08, 0
349358401, 1.21, 1.2e-07, 1.44e-07, 2.51, 0.83, 1e-08, 0
349617601, 1.65, 1.21e-07, 1.2e-07, 2.9, 0.92, 1e-08, 0
350913601, 1.29, 7.09e-08, 6.51e-08, 8.61, 6.74, 1e-08, 102
351691201, 1.07, 6.03e-08, 7.76e-08, 3.13, 2.77, 1e-08, 0
352209601, 2.41, 8.75e-08, 6.83e-08, 2.74, 0.55, 1e-08, 0
352987201, 2.72, 2.23e-07, 1.7e-07, 3.88, 1.93, 1e-08, 0
353505601, 2.02, 1.43e-07, 1.18e-07, 6.64, 5.52, 1e-08, 102
353764801, 2.84, 1.77e-07, 1.21e-07, 3.72, 1.37, 1e-08, 0
356097601, 1.5, 5.96e-08, 5.92e-08, 2.86, 1.2, 1e-08, 0
356616001, 5.58, 1.61e-07, 7.99e-08, 3.64, 0.99, 1e-08, 0
357393601, 2.86, 1.21e-07, 1.83e-07, 6.52, 1.57, 1e-08, 102
357912001, 14.56, 3.5e-07, 1.28e-07, 10.0, 0, 1e-08, 0
358171201, 3.69, 4.83e-08, 8.96e-08, 2.0, 0.85, 1e-08, 0
358430401, 13.4, 4.36e-07, 1.56e-07, 3.28, 0.52, 1e-08, 0
359208001, 1.25, 1.11e-07, 1.24e-07, 3.75, 7.41, 1e-08, 102
360763201, 11.35, 2.33e-07, 9.3e-08, 3.54, 0.71, 1e-08, 0
361281601, 3.05, 6.4e-09, 8e-09, 1.2, 0.54, 1e-08, 0
361540801, 2.95, 8.17e-08, 6.61e-08, 2.75, 0.71, 1e-08, 0
361800001, 4.01, 1.03e-07, 7.09e-08, 2.47, 0.47, 1e-08, 0
362318401, 1.58, 1.15e-07, 1.15e-07, 3.02, 1.08, 1e-08, 0
362577601, 2.19, 1.28e-07, 1.16e-07, 2.67, 0.7, 1e-08, 0
363614401, 2.9, 6.51e-08, 7.18e-08, 2.18, 0.61, 1e-08, 0
363873601, 5.91, 3.27e-07, 1.63e-07, 7.5, 3.41, 1e-08, 102
364651201, 1.35, 1e-07, 1.21e-07, 3.6, 7.02, 1e-08, 102
367243201, 1.81, 1.42e-08, 2.21e-08, 1.71, 0.74, 1e-08, 0
367761601, 1.25, 1.54e-07, 1.56e-07, 3.91, 1.56, 1e-08, 0
368539201, 2.03, 1.79e-07, 1.51e-07, 3.57, 6.18, 1e-08, 102
368798401, 1.65, 1.39e-07, 1.41e-06, 9.58, 5.04, 1e-08, 102
371390401, 2.31, 1.2e-07, 1.01e-07, 2.92, 0.68, 1e-08, 0
371649601, 1.26, 1.03e-07, 1.14e-07, 3.01, 0.94, 1e-08, 0
372686401, 5.15, 2.88e-07, 1.44e-07, 6.32, 3.73, 1e-08, 102
373464001, 6.84, 3.28e-07, 1.53e-07, 5.39, 3.28, 1e-08, 102
373982401, 3.54, 5.59e-09, 7.02e-09, 1.3, 0.62, 1e-08, 0
374760001, 2.03, 9.84e-08, 7.85e-08, 5.05, 5.5, 1e-08, 102
375019201, 2.02, 2.17e-09, 2.58e-09, 0.44, 0.77, 1e-08, 0
375796801, 3.22, 1.63e-07, 1.06e-07, 6.22, 4.47, 1e-08, 102
376574401, 4.01, 1.51e-07, 1.76e-07, 2.38, 0.87, 1e-08, 0
377092801, 1.6, 7.9e-08, 9.71e-08, 2.7, 0.9, 1e-08, 0
377611201, 2.94, 2.59e-07, 1.76e-07, 4.62, 4.7, 1e-08, 102
377870401, 8.39, 5.94e-08, 5.08e-08, 1.75, 0.41, 1e-08, 0
378907201, 1.43, 8.41e-08, 8.06e-08, 3.5, 1.85, 1e-08, 0
379684801, 1.12, 8.16e-08, 8.45e-08, 5.38, 5.63, 1e-08, 0
380203201, 1.19, 4.93e-08, 5.84e-08, 2.46, 0.73, 1e-08, 0
381240001, 1.14, 1.18e-07, 1.19e-07, 6.13, 7.33, 1e-08, 102
382276801, 4.79, 2.04e-07, 3.28e-06, 9.45, 3.98, 1e-08, 102
382536001, 5.26, 1.76e-07, 1.09e-07, 2.7, 0.56, 1e-08, 0
382795201, 6.63, 2.75e-07, 1.28e-07, 4.03, 0.91, 1e-08, 0
383054401, 1.63, 4.44e-08, 5.22e-08, 2.36, 0.7, 1e-08, 0
383832001, 3.29, 9.53e-08, 5.97e-08, 7.99, 4.47, 1e-08, 102
384609601, 3.2, 7.76e-08, 6.63e-08, 2.58, 0.64, 1e-08, 0
384868801, 1.08, 3.18e-08, 4.27e-08, 2.03, 0.71, 1e-08, 0
385128001, 2.59, 2.66e-08, 3.06e-08, 1.82, 0.55, 1e-08, 0
385387201, 3.21, 8.25e-08, 6.37e-08, 2.19, 0.47, 1e-08, 0
387979201, 2.09, 4.02e-08, 4.19e-08, 2.12, 0.59, 1e-08, 0
388238401, 4.36, 1.33e-07, 7.88e-08, 3.46, 0.95, 1e-08, 0
388756801, 8.45, 1.29e-07, 7.29e-08, 2.52, 0.41, 1e-08, 0
389534401, 1.94, 8e-08, 7.51e-08, 2.64, 0.7, 1e-08, 0
390052801, 2.92, 1.86e-07, 1.15e-07, 5.28, 4.63, 1e-08, 102
390312001, 3.18, 1.51e-07, 1.24e-07, 2.84, 0.85, 1e-08, 0
390571201, 1.26, 1.21e-07, 1.15e-07, 7.25, 6.64, 1e-08, 102
390830401, 13.08, 1.43e-07, 1.18e-07, 2.05, 0.43, 1e-08, 0
391089601, 1.25, 1.48e-07, 1.42e-07, 4.99, 7.2, 1e-08, 102
391348801, 6.82, 3.79e-07, 1.71e-07, 4.58, 3.24, 1e-08, 102
391608001, 2.91, 1.73e-07, 1.24e-07, 3.13, 0.66, 1e-08, 0
391867201, 7.11, 2.89e-07, 1.32e-07, 7.36, 3.21, 1e-08, 102
392385601, 1.07, 7.58e-08, 8.64e-08, 3.56, 1.75, 1e-08, 0
392644801, 1.82, 7.88e-09, 1.37e-08, 1.69, 0.84, 1e-08, 0
392904001, 4.03, 1.31e-07, 7.02e-08, 5.62, 3.97, 1e-08, 102
393422401, 1.56, 4.54e-08, 5.64e-08, 2.36, 0.87, 1e-08, 0
393681601, 4.35, 2.32e-08, 3.29e-08, 1.77, 0.65, 1e-08, 0
394200001, 2.82, 9.54e-08, 8.78e-08, 2.44, 0.63, 1e-08, 0
394459201, 3.14, 2.01e-07, 1.32e-07, 4.21, 1.79, 1e-08, 0
394718401, 4.54, 3e-07, 1.68e-07, 4.33, 1.29, 1e-08, 0
395755201, 1.66, 1.39e-07, 1.6e-07, 2.93, 1.18, 1e-08, 0
396532801, 4.27, 2.47e-07, 1.42e-07, 3.97, 1.25, 1e-08, 0
397569601, 1.07, 4.33e-08, 4.87e-07, 9.01, 5.62, 1e-08, 102
398606401, 2.06, 8.26e-08, 6.46e-08, 4.49, 2.15, 1e-08, 0
399124801, 2.2, 5.28e-08, 4.04e-07, 9.11, 4.18, 1e-08, 1
400939201, 4.69, 9.85e-09, 1.15e-08, 1.25, 0.53, 1e-08, 0
401198401, 2.99, 1.51e-07, 1.08e-07, 9.27, 0.68, 1e-08, 0
401716801, 5.36, 4.64e-09, 6.07e-09, 1.06, 0.66, 1e-08, 0
402494401, 1.0, 6.24e-08, 7.06e-08, 5.04, 4.39, 1e-08, 0
403272001, 1.77, 1.06e-07, 9.01e-08, 4.76, 1.92, 1e-08, 0
404049601, 2.34, 6.81e-07, 5.77e-07, 4.55, 2.24, 1e-08, 0
404308801, 1.29, 1.37e-07, 1.39e-07, 3.2, 0.85, 1e-08, 0
404568001, 3.24, 3.18e-07, 2.2e-07, 4.24, 1.92, 1e-08, 0
404827201, 5.91, 2.64e-07, 1.72e-07, 3.1, 0.92, 1e-08, 0
405086401, 4.91, 1.06e-07, 1e-07, 2.31, 0.61, 1e-08, 0
405345601, 5.51, 1.03e-07, 9.58e-08, 2.17, 0.49, 1e-08, 0
406123201, 6.32, 1.27e-07, 9.1e-08, 2.52, 0.65, 1e-08, 0
407419201, 1.76, 8.26e-09, 1.17e-08, 1.63, 0.64, 1e-08, 0
407678401, 2.36, 2e-08, 3.46e-08, 1.76, 0.71, 1e-08, 0
407937601, 18.83, 1.37e-07, 5.78e-08, 2.3, 0.27, 1e-08, 0
408196801, 11.0, 1.48e-07, 7.51e-08, 2.41, 0.38, 1e-08, 0
408456001, 39.79, 2.02e-07, 5.95e-08, 2.36, 0.23, 1e-08, 0
408715201, 36.48, 3.56e-07, 1e-07, 2.67, 0.27, 1e-08, 0
408974401, 22.52, 2.54e-07, 1.12e-07, 2.14, 0.29, 1e-08, 0
409233601, 15.09, 1.81e-07, 6.6e-08, 2.96, 0.52, 1e-08, 0
409492801, 2.9, 9.59e-08, 6.01e-08, 3.94, 4.91, 1e-08, 102
409752001, 2.11, 4.11e-08, 3.7e-08, 2.36, 0.57, 1e-08, 0
410011201, 7.69, 6.36e-08, 3.47e-08, 2.18, 0.34, 1e-08, 0
410270401, 4.67, 1.22e-07, 6.58e-08, 3.37, 0.96, 1e-08, 0
410529601, 3.48, 4.83e-08, 4.66e-08, 2.41, 0.62, 1e-08, 0
411048001, 12.01, 1.31e-07, 5.98e-08, 2.4, 0.3, 1e-08, 0
411307201, 1.35, 7.19e-08, 6.93e-07, 9.26, 4.81, 1e-08, 102
411566401, 5.0, 1.78e-07, 8.78e-08, 5.7, 3.54, 1e-08, 102
411825601, 1.69, 9.66e-08, 9.94e-08, 3.72, 2.86, 1e-08, 0
412084801, 10.62, 5.99e-08, 4.63e-08, 2.15, 0.44, 1e-08, 0
412603201, 3.12, 3.39e-07, 3.09e-07, 2.25, 0.58, 1e-08, 0
412862401, 3.22, 1.24e-07, 1.25e-07, 2.15, 0.57, 1e-08, 0
413640001, 6.13, 1.37e-07, 6.21e-08, 4.54, 3.29, 1e-08, 102
413899201, 1.24, 6.07e-08, 5.83e-08, 3.97, 7.13, 1e-08, 102
414417601, 2.46, 6.32e-08, 5.1e-08, 3.0, 1.1, 1e-08, 0
414676801, 13.03, 7.21e-08, 3.78e-08, 2.11, 0.31, 1e-08, 0
414936001, 17.48, 1.65e-07, 5.8e-08, 2.59, 0.29, 1e-08, 0
415195201, 5.79, 1.31e-07, 8.58e-08, 3.0, 0.87, 1e-08, 0
415454401, 1.17, 2.71e-08, 3.52e-08, 2.13, 0.56, 1e-08, 0
415713601, 4.9, 1.49e-07, 7.92e-08, 4.34, 3.85, 1e-08, 102
416491201, 17.85, 1.44e-07, 6.82e-08, 2.26, 0.35, 1e-08, 0
417009601, 13.95, 1.82e-07, 6.1e-08, 3.39, 0.56, 1e-08, 0
417268801, 3.48, 6.09e-08, 4.61e-08, 2.7, 0.77, 1e-08, 0
417528001, 10.78, 4.25e-08, 3.14e-08, 2.07, 0.36, 1e-08, 0
417787201, 2.27, 4.84e-08, 4.17e-08, 2.66, 0.78, 1e-08, 0
418046401, 3.68, 5.59e-08, 5.01e-08, 2.09, 0.52, 1e-08, 0
418564801, 8.57, 5.24e-08, 3.82e-08, 2.18, 0.43, 1e-08, 0
419342401, 1.58, 2.47e-08, 5.73e-08, 2.34, 1.41, 1e-08, 0
419860801, 2.86, 2.07e-08, 2.57e-08, 1.94, 0.57, 1e-08, 0
420638401, 3.84, 1.11e-07, 6.7e-08, 7.39, 4.09, 1e-08, 102
420897601, 1.58, 7.83e-08, 7.17e-08, 3.76, 1.28, 1e-08, 0
421156801, 1.26, 4.88e-08, 5.4e-08, 2.56, 0.77, 1e-08, 0
421675201, 4.65, 1.3e-07, 8.29e-08, 2.84, 0.57, 1e-08, 0
422193601, 3.15, 2.21e-07, 1.36e-07, 6.35, 4.39, 1e-08, 102
422712001, 2.55, 1.31e-07, 1.16e-07, 2.73, 0.88, 1e-08, 0
422971201, 2.99, 3.88e-08, 5.02e-08, 1.86, 0.6, 1e-08, 0
423230401, 10.62, 3.62e-07, 1.69e-07, 2.59, 0.43, 1e-08, 0
424008001, 3.37, 3.67e-07, 2.42e-07, 3.84, 1.25, 1e-08, 0
424267201, 4.05, 2.4e-07, 1.53e-07, 3.0, 0.72, 1e-08, 0
426859201, 1.12, 4.11e-08, 3.99e-07, 8.99, 4.84, 1e-08, 102
427636801, 4.68, 1.43e-08, 1.86e-08, 1.7, 0.58, 1e-08, 0
429192001, 6.47, 1.69e-07, 7.68e-08, 4.13, 0.93, 1e-08, 0
429710401, 1.18, 4.02e-09, 1.13e-08, 1.18, 0.81, 1e-08, 0
430228801, 1.3, 9.06e-08, 9.45e-08, 2.86, 0.95, 1e-08, 0
430488001, 4.0, 4.21e-08, 3.24e-08, 1.98, 0.38, 1e-08, 0
430747201, 1.03, 5.43e-09, 1.08e-08, 1.76, 0.93, 1e-08, 0
431524801, 4.15, 9.5e-08, 5.4e-08, 3.52, 0.99, 1e-08, 0
434635201, 6.8, 2.17e-07, 9.5e-08, 4.91, 3.09, 1e-08, 102
436449601, 2.81, 6.68e-08, 4.9e-08, 2.77, 0.64, 1e-08, 0
436708801, 3.1, 9.69e-08, 6.19e-08, 3.94, 1.35, 1e-08, 0
437486401, 4.54, 9.6e-08, 4.81e-08, 7.94, 3.66, 1e-08, 102
437745601, 2.67, 8.82e-08, 6.7e-08, 5.25, 4.84, 1e-08, 102
438004801, 3.31, 7.53e-08, 5.26e-07, 9.28, 3.49, 1e-08, 102
438264001, 4.56, 1.24e-07, 6.32e-08, 5.6, 3.58, 1e-08, 102
438782401, 2.8, 9.92e-08, 7.68e-08, 3.09, 0.76, 1e-08, 0
439560001, 1.27, 3.29e-08, 4.44e-08, 2.19, 0.74, 1e-08, 0
443448001, 1.03, 4.72e-08, 7.46e-08, 2.68, 1.45, 1e-08, 0
444225601, 1.6, 2.44e-08, 3.48e-08, 1.98, 0.65, 1e-08, 0
445262401, 1.63, 1.38e-07, 1.21e-07, 5.05, 6.09, 1e-08, 102
445780801, 2.97, 1.02e-07, 9.59e-08, 2.51, 0.62, 1e-08, 0
446299201, 2.07, 4.23e-09, 5.73e-09, 0.78, 0.83, 1e-08, 0
448372801, 9.84, 4.09e-08, 2.58e-08, 2.0, 0.35, 1e-08, 0
448632001, 2.58, 5.22e-09, 9.99e-09, 1.72, 0.83, 1e-08, 0
449668801, 7.29, 1.2e-07, 4.82e-08, 5.12, 2.99, 1e-08, 102
449928001, 1.83, 9.2e-08, 7.62e-08, 4.62, 2.29, 1e-08, 0
450187201, 11.09, 3.79e-07, 1.43e-07, 7.26, 2.56, 1e-08, 102
450446401, 1.31, 5.96e-09, 7.52e-09, 0.82, 0.64, 1e-08, 0
450705601, 7.62, 2.34e-07, 1.28e-07, 2.8, 0.54, 1e-08, 0
451224001, 5.72, 2.67e-07, 1.33e-07, 3.46, 0.61, 1e-08, 0
451742401, 5.49, 1.55e-07, 8.6e-08, 2.55, 0.55, 1e-08, 0
452001601, 3.27, 1.22e-07, 8.71e-08, 3.04, 1.04, 1e-08, 0
454075201, 3.21, 1.75e-07, 1.13e-07, 4.37, 2.27, 1e-08, 0
454593601, 5.23, 2.86e-07, 1.43e-07, 7.3, 3.61, 1e-08, 102
455371201, 1.94, 1.7e-07, 1.4e-07, 3.3, 0.85, 1e-08, 0
455889601, 1.72, 8.44e-08, 1.35e-07, 2.83, 1.17, 1e-08, 0
456926401, 1.79, 7.65e-08, 6.63e-08, 3.28, 1, 1e-08, 0
457704001, 3.69, 1.4e-07, 8.08e-08, 4.43, 4.3, 1e-08, 102
458222401, 1.25, 7.79e-08, 8.11e-08, 3.21, 1.02, 1e-08, 0
459000001, 5.4, 2.78e-07, 1.46e-07, 3.22, 0.63, 1e-08, 0
459259201, 2.37, 2.07e-07, 1.45e-07, 6.66, 5.04, 1e-08, 102
460296001, 4.19, 2.74e-07, 1.53e-07, 4.73, 4.12, 1e-08, 102
460555201, 1.31, 1.28e-07, 1.26e-07, 3.58, 1.33, 1e-08, 0
461073601, 1.34, 9.92e-08, 9.6e-08, 4.57, 2.82, 1e-08, 0
462110401, 6.4, 3.16e-08, 3.61e-08, 1.85, 0.58, 1e-08, 0
462369601, 9.09, 2.17e-07, 8.3e-08, 5.72, 2.74, 1e-08, 102
463924801, 10.85, 4.35e-07, 1.67e-07, 8.94, 2.71, 1e-08, 102
464443201, 2.64, 1.96e-07, 1.43e-07, 3.68, 1.91, 1e-08, 0
464702401, 8.94, 4.49e-07, 1.83e-07, 5.16, 2.86, 1e-08, 102
464961601, 4.48, 2.98e-07, 1.66e-07, 4.97, 3.83, 1e-08, 102
465220801, 3.45, 2.23e-07, 1.44e-07, 3.97, 3.53, 1e-08, 0
465739201, 2.36, 8.85e-08, 1.07e-07, 2.79, 1.72, 1e-08, 0
466776001, 1.04, 6.16e-08, 5.95e-08, 7.02, 7.14, 1e-08, 102
467035201, 4.63, 1.45e-07, 8.08e-08, 4.5, 3.89, 1e-08, 102
468590401, 2.17, 1.87e-08, 3.41e-08, 1.54, 0.73, 1e-08, 0
469108801, 2.11, 1.56e-07, 1.19e-07, 7.19, 5.55, 1e-08, 102
470664001, 1.29, 7.16e-08, 6.73e-08, 7.69, 6.71, 1e-08, 102
470923201, 2.49, 1.01e-07, 7.28e-08, 4.66, 2.12, 1e-08, 0
472219201, 4.3, 1.8e-07, 1.27e-06, 9.7, 3.52, 1e-08, 102
472478401, 2.68, 7.07e-08, 6.71e-08, 2.13, 0.46, 1e-08, 0
473515201, 3.81, 2.72e-07, 1.85e-07, 3.8, 4.63, 1e-08, 102
474033601, 7.89, 3.83e-07, 1.58e-07, 8.73, 3, 1e-08, 102
474552001, 2.35, 1.58e-07, 1.19e-07, 3.61, 1.35, 1e-08, 0
475588801, 2.95, 2.8e-08, 3.14e-08, 1.84, 0.53, 1e-08, 0
476366401, 10.19, 2.29e-07, 9.6e-08, 3.15, 0.59, 1e-08, 0
476625601, 1.26, 2.67e-08, 4.72e-08, 2.03, 0.83, 1e-08, 0
477144001, 6.72, 2.52e-07, 1.52e-07, 3.02, 0.7, 1e-08, 0
477403201, 2.95, 1.46e-07, 1.19e-07, 3.05, 0.7, 1e-08, 0
478958401, 7.67, 2.89e-07, 1.27e-07, 4.04, 0.85, 1e-08, 0
479476801, 1.06, 2.11e-08, 2.91e-08, 1.9, 0.64, 1e-08, 0
479736001, 5.7, 1.17e-07, 6.39e-08, 2.55, 0.52, 1e-08, 0
479995201, 3.85, 8.16e-08, 6.46e-08, 2.55, 0.6, 1e-08, 0
481550401, 4.72, 2.1e-07, 1.13e-07, 3.94, 1.09, 1e-08, 0
482068801, 1.42, 1.34e-07, 1.27e-07, 6.01, 6.28, 1e-08, 102
482587201, 2.03, 5.37e-08, 6.46e-08, 2.23, 0.64, 1e-08, 0
482846401, 3.99, 1.67e-07, 1.11e-07, 3.22, 1.04, 1e-08, 0
483105601, 8.23, 3.16e-07, 1.41e-07, 3.71, 0.84, 1e-08, 0
483364801, 2.72, 8.3e-08, 7.9e-08, 2.22, 0.56, 1e-08, 0
484920001, 4.11, 1.17e-07, 6.19e-08, 8.73, 3.86, 1e-08, 102
485179201, 2.21, 9.98e-08, 7.54e-08, 4.23, 1.83, 1e-08, 0
485438401, 3.6, 1.22e-07, 1.42e-07, 3.38, 5.4, 1e-08, 102
485697601, 5.07, 1.94e-07, 9.3e-08, 5.33, 3.62, 1e-08, 102
487252801, 3.58, 2.49e-07, 1.57e-07, 4.69, 4.33, 1e-08, 102
488030401, 4.22, 9.22e-08, 4.98e-08, 7.07, 3.75, 1e-08, 102
489067201, 3.22, 3.11e-08, 3.69e-08, 1.95, 0.6, 1e-08, 0
490622401, 3.14, 2.46e-09, 3.98e-09, 0.88, 0.97, 1e-08, 0
491659201, 3.07, 1.5e-07, 1.26e-07, 2.86, 0.74, 1e-08, 0
492436801, 1.52, 1.57e-07, 1.35e-07, 8.59, 6.21, 1e-08, 102
492696001, 5.53, 2.55e-07, 1.64e-06, 9.87, 3.21, 1e-08, 102
494510401, 5.31, 1.52e-07, 7.81e-08, 6.09, 3.56, 1e-08, 102
495547201, 1.39, 1.61e-07, 1.47e-07, 7.17, 6.3, 1e-08, 102
498139201, 1.41, 6.5e-08, 7.81e-08, 2.63, 0.87, 1e-08, 0
498657601, 2.4, 4.65e-09, 6.56e-09, 1.3, 0.65, 1e-08, 0
499176001, 5.15, 1.35e-07, 6.58e-08, 6.18, 3.48, 1e-08, 102
499953601, 2.01, 6.42e-08, 5.08e-08, 5.0, 2.72, 1e-08, 0
502027201, 2.83, 1.8e-07, 1.38e-07, 3.65, 5.23, 1e-08, 102
502286401, 2.57, 7.12e-08, 6.36e-08, 2.45, 0.6, 1e-08, 0
503582401, 5.63, 1.8e-07, 8.87e-08, 3.98, 0.89, 1e-08, 0
504878401, 2.69, 5.16e-08, 5.05e-08, 2.14, 0.49, 1e-08, 0
505396801, 6.61, 3.27e-07, 1.55e-07, 6.57, 3.45, 1e-08, 102
506433601, 2.02, 1.22e-07, 1.12e-07, 2.81, 0.88, 1e-08, 0
506692801, 14.06, 2.11e-08, 2.39e-08, 1.25, 0.48, 1e-08, 0
507211201, 2.29, 5.65e-08, 1.01e-07, 2.29, 1.3, 1e-08, 0
509803201, 2.15, 6.59e-08, 7.41e-08, 2.16, 0.62, 1e-08, 0
510321601, 2.87, 1.42e-08, 2.32e-08, 1.39, 0.71, 1e-08, 0
510580801, 3.43, 2.56e-07, 1.58e-07, 4.76, 4.51, 1e-08, 102
510840001, 1.32, 6.5e-08, 8.89e-08, 2.32, 0.75, 1e-08, 0
511617601, 2.44, 1.19e-07, 8.58e-08, 5.57, 5.01, 1e-08, 102
511876801, 1.5, 2.12e-08, 3.12e-08, 2.13, 0.83, 1e-08, 0
513172801, 2.06, 1.86e-07, 1.39e-07, 6.49, 5.51, 1e-08, 102
514468801, 2.17, 3.62e-08, 5.44e-08, 2.02, 0.74, 1e-08, 0
515505601, 1.15, 5.74e-08, 8.16e-08, 2.58, 1.15, 1e-08, 0
515764801, 1.1, 9.01e-08, 9.57e-08, 4.02, 1.49, 1e-08, 0
516542401, 4.32, 1.57e-07, 8.6e-08, 4.71, 3.92, 1e-08, 102
516801601, 4.15, 8.15e-08, 6.15e-08, 2.62, 0.59, 1e-08, 0
517060801, 4.42, 1.54e-07, 8.02e-08, 5.19, 3.81, 1e-08, 102
517320001, 6.72, 1.84e-07, 8.62e-08, 4.55, 3.24, 1e-08, 102
517838401, 1.86, 1.26e-07, 1.04e-07, 4.05, 1.52, 1e-08, 0
518097601, 3.69, 2.01e-07, 1.15e-07, 6.34, 4.16, 1e-08, 102
518875201, 2.68, 2.33e-07, 1.65e-07, 4.53, 1.72, 1e-08, 0
519134401, 1.71, 1.6e-07, 1.41e-07, 4.03, 1.72, 1e-08, 0
519393601, 1.23, 1.28e-07, 1.21e-07, 8.05, 6.93, 1e-08, 102
519912001, 5.11, 2.06e-07, 1.25e-07, 2.66, 0.46, 1e-08, 0
521208001, 1.11, 6.22e-09, 9.16e-09, 1.31, 0.6, 1e-08, 0
521726401, 4.3, 1.35e-07, 7.89e-08, 3.5, 0.99, 1e-08, 0
524059201, 11.25, 1.58e-07, 1.06e-07, 2.24, 0.42, 1e-08, 0
524577601, 6.96, 2.93e-07, 1.34e-07, 7.98, 3.27, 1e-08, 102
526132801, 2.49, 3.95e-09, 5.38e-09, 1.22, 0.64, 1e-08, 0
527947201, 6.28, 1.69e-07, 1.22e-07, 2.35, 0.45, 1e-08, 0
528724801, 7.11, 3.78e-07, 1.67e-07, 5.25, 3.21, 1e-08, 102
530280001, 3.6, 6.6e-08, 5.89e-08, 2.21, 0.57, 1e-08, 0
530539201, 2.4, 2.16e-08, 2.36e-08, 1.81, 0.53, 1e-08, 0
530798401, 1.28, 6.61e-08, 6.87e-08, 3.29, 1.07, 1e-08, 0
531576001, 1.73, 1.29e-07, 1.11e-07, 4.25, 1.57, 1e-08, 0
533390401, 1.29, 2.93e-08, 4.82e-08, 1.84, 0.72, 1e-08, 0
533649601, 1.99, 1.32e-07, 1.4e-07, 2.95, 1.02, 1e-08, 0
534427201, 10.43, 2.78e-07, 1.07e-07, 5.27, 2.65, 1e-08, 102
536760001, 3.12, 2.64e-07, 1.74e-07, 4.0, 1.52, 1e-08, 0
537537601, 8.88, 3.62e-07, 1.58e-07, 2.91, 0.5, 1e-08, 0
537796801, 2.3, 1.48e-07, 1.64e-07, 2.88, 0.95, 1e-08, 0
538315201, 2.77, 2.52e-07, 1.72e-07, 5.71, 4.91, 1e-08, 102
539092801, 7.5, 2.14e-07, 1.08e-07, 3.24, 0.65, 1e-08, 0
539352001, 1.49, 1.09e-07, 8.88e-08, 7.77, 6.16, 1e-08, 102
540648001, 4.5, 1.79e-07, 9.92e-08, 4.85, 3.85, 1e-08, 102
541425601, 2.1, 1.33e-07, 1.15e-07, 3.62, 1.9, 1e-08, 0
542462401, 1.25, 8.33e-08, 9.08e-08, 2.73, 0.75, 1e-08, 0
545054401, 2.82, 8.42e-08, 5.7e-08, 3.33, 0.82, 1e-08, 0
546350401, 1.6, 2.28e-07, 2.17e-07, 2.99, 0.82, 1e-08, 0
547387201, 12.28, 1.35e-07, 1.3e-07, 2.05, 0.51, 1e-08, 0
547646401, 2.95, 2.62e-07, 2.47e-07, 2.53, 0.78, 1e-08, 0
548164801, 1.06, 5.4e-08, 5.91e-08, 3.26, 1.9, 1e-08, 0
549460801, 1.07, 3.42e-08, 4.84e-08, 1.47, 0.55, 1e-08, 0
550238401, 3.25, 2.75e-07, 1.64e-07, 6.01, 4.39, 1e-08, 102
552052801, 2.82, 1.4e-07, 1.82e-06, 9.58, 6.51, 1e-08, 1
552312001, 2.07, 1e-07, 7.73e-08, 3.8, 1.2, 1e-08, 0
552571201, 2.8, 1.99e-07, 1.48e-07, 3.17, 1.2, 1e-08, 0
554126401, 2.18, 1.41e-06, 1.43e-06, 2.72, 0.81, 1e-08, 0
554644801, 2.42, 1.21e-07, 9.01e-08, 4.91, 3.12, 1e-08, 0
555163201, 3.11, 1.33e-07, 1.07e-07, 2.64, 0.6, 1e-08, 0
559051201, 5.1, 2.12e-07, 2.05e-07, 2.01, 0.52, 1e-08, 0
559828801, 1.52, 1.32e-07, 1.23e-07, 3.69, 1.04, 1e-08, 0
560606401, 6.56, 3.83e-07, 1.85e-07, 3.77, 0.84, 1e-08, 0
561902401, 1.21, 4.01e-08, 5.21e-08, 2.82, 1.28, 1e-08, 0
562680001, 3.22, 2.08e-07, 1.41e-07, 5.76, 4.75, 1e-08, 102
563457601, 2.37, 1.25e-07, 9.18e-08, 3.83, 5.43, 1e-08, 102
564235201, 1.26, 1.21e-07, 1.23e-07, 3.96, 7.55, 1e-08, 102
565272001, 3.54, 2.41e-07, 1.4e-07, 6.53, 4.34, 1e-08, 102
566827201, 2.27, 3.22e-07, 3.47e-07, 2.08, 0.6, 1e-08, 0
567345601, 4.55, 1.57e-08, 1.91e-08, 1.02, 0.64, 1e-08, 0
567604801, 2.59, 6.8e-07, 8.81e-06, 6.62, 3.27, 1e-08, 0
567864001, 2.26, 5.18e-07, 3.99e-07, 4.87, 5.8, 1e-08, 102
568382401, 1.24, 1.58e-07, 1.9e-07, 2.49, 0.84, 1e-08, 0
569678401, 1.27, 1.88e-08, 3.55e-08, 1.69, 0.83, 1e-08, 0
570196801, 2.77, 2.63e-07, 1.75e-07, 5.58, 4.69, 1e-08, 102
570456001, 8.68, 5.24e-07, 2.29e-07, 4.33, 0.98, 1e-08, 0
572011201, 4.22, 2.83e-07, 1.57e-07, 6.3, 3.88, 1e-08, 102
573048001, 1.96, 9.52e-08, 1.04e-07, 2.81, 0.87, 1e-08, 0
573825601, 3.08, 2.19e-07, 1.45e-07, 4.1, 4.9, 1e-08, 102
575121601, 1.73, 9.57e-08, 1.16e-07, 3.05, 2.19, 1e-08, 0
576936001, 6.55, 1.65e-07, 7.61e-08, 4.03, 0.86, 1e-08, 0
577195201, 2.43, 1.07e-07, 7.6e-08, 3.69, 5.6, 1e-08, 102
577454401, 5.12, 1.05e-07, 7.92e-08, 2.44, 0.61, 1e-08, 0
578232001, 5.66, 3.3e-07, 1.66e-07, 4.96, 3.54, 1e-08, 102
579009601, 2.67, 5.2e-08, 4.88e-08, 2.05, 0.51, 1e-08, 0
579268801, 6.4, 2.81e-07, 1.29e-07, 4.67, 3.39, 1e-08, 102
579787201, 1.38, 8.21e-09, 1.37e-08, 1.73, 0.8, 1e-08, 0
582638401, 1.39, 1.17e-07, 1.26e-07, 2.78, 1.02, 1e-08, 0
583675201, 2.8, 1.96e-07, 1.5e-07, 3.21, 0.88, 1e-08, 0
584193601, 10.43, 3.5e-07, 1.34e-07, 7.68, 2.76, 1e-08, 102
584452801, 5.43, 4.5e-07, 2.49e-07, 3.65, 4.04, 1e-08, 102
586008001, 7.96, 6.87e-07, 1.01e-05, 8.37, 3.68, 1e-08, 102
586526401, 1.05, 9.68e-08, 1.23e-07, 3.12, 1.94, 1e-08, 0
587304001, 3.72, 2.63e-07, 1.49e-07, 5.59, 4.24, 1e-08, 102
587563201, 1.45, 1.01e-07, 1.17e-07, 2.99, 1.39, 1e-08, 0
588600001, 3.71, 2.27e-07, 1.77e-06, 9.81, 3.89, 1e-08, 102
589896001, 1.65, 7.56e-08, 6.85e-08, 5.34, 6.1, 1e-08, 102
590673601, 3.31, 4e-08, 4.35e-08, 2.07, 0.61, 1e-08, 0
591710401, 1.65, 6.25e-08, 6.37e-08, 2.43, 0.6, 1e-08, 0
592228801, 1.18, 2.56e-08, 4.53e-08, 1.77, 0.79, 1e-08, 0
592488001, 1.57, 1.56e-07, 1.35e-07, 4.72, 6.6, 1e-08, 102
592747201, 1.21, 1.47e-07, 1.47e-07, 5.23, 7.11, 1e-08, 102
594561601, 3.69, 1.27e-07, 6.82e-08, 7.64, 4.01, 1e-08, 102
595080001, 2.06, 7.15e-08, 6.3e-07, 9.25, 4.4, 1e-08, 102
595598401, 3.89, 1.72e-07, 9.71e-08, 4.59, 4.2, 1e-08, 102
596116801, 2.23, 1.19e-07, 8.62e-08, 7.94, 5.33, 1e-08, 102
597153601, 1.1, 2.73e-08, 4.4e-08, 1.98, 0.75, 1e-08, 0
598190401, 2.05, 9.69e-09, 1.23e-08, 1.28, 0.55, 1e-08, 0
598968001, 1.39, 2.99e-07, 2.96e-07, 2.72, 0.82, 1e-08, 0
600004801, 2.15, 7.54e-07, 5.85e-07, 5.41, 5.62, 1e-08, 102
601300801, 3.61, 2.69e-07, 1.5e-07, 5.72, 4.24, 1e-08, 102
601819201, 1.01, 1.18e-07, 1.54e-07, 3.47, 1.63, 1e-08, 0
602856001, 2.35, 2.21e-07, 1.7e-07, 4.44, 1.62, 1e-08, 0
603115201, 2.52, 2.06e-07, 1.53e-07, 4.36, 1.41, 1e-08, 0
603374401, 2.35, 1.65e-07, 1.34e-07, 3.22, 1.13, 1e-08, 0
603892801, 2.85, 1.36e-07, 8.79e-08, 4.79, 4.92, 1e-08, 102
605707201, 2.23, 6.85e-08, 8.26e-08, 2.3, 0.65, 1e-08, 0
607003201, 1.23, 1.14e-07, 1.15e-07, 3.96, 1.33, 1e-08, 0
607262401, 1.52, 1.03e-07, 9.52e-08, 3.32, 0.95, 1e-08, 0
607521601, 1.42, 5.21e-08, 5.51e-08, 2.25, 0.57, 1e-08, 0
608040001, 1.64, 8.9e-08, 7.78e-08, 5.24, 3.39, 1e-08, 0
609595201, 1.45, 6.32e-08, 7.38e-08, 2.29, 0.67, 1e-08, 0
610113601, 1.23, 8.78e-08, 1.02e-07, 2.61, 0.81, 1e-08, 0
610632001, 1.27, 1.14e-07, 1.19e-07, 3.26, 1.08, 1e-08, 0
611409601, 1.71, 1.16e-07, 9.69e-08, 8.54, 5.89, 1e-08, 102
612446401, 8.89, 3.02e-08, 2.29e-08, 1.19, 0.36, 1e-08, 0
612705601, 2.6, 3.15e-07, 2.38e-07, 9.07, 5.36, 1e-08, 102
614001601, 1.17, 2.57e-07, 2.82e-07, 3.39, 1.18, 1e-08, 0
615297601, 4.42, 3.21e-07, 1.75e-07, 4.9, 3.98, 1e-08, 102
615556801, 3.33, 2.08e-07, 1.69e-06, 9.77, 4.06, 1e-08, 102
616334401, 1.3, 1.55e-07, 1.55e-07, 5.11, 7.27, 1e-08, 102
618148801, 5.04, 1.48e-07, 9.84e-07, 9.61, 3.34, 1e-08, 102
618667201, 1.09, 1.03e-07, 1.12e-07, 3.51, 1.3, 1e-08, 0
618926401, 14.56, 1.3e-08, 1.17e-08, 1.08, 0.45, 1e-08, 0
620222401, 4.35, 9.7e-09, 9.33e-09, 0.93, 0.58, 1e-08, 0
622036801, 3.9, 1.21e-07, 8.68e-08, 3.27, 0.87, 1e-08, 0
624888001, 5.06, 2.98e-07, 1.67e-07, 5.46, 3.7, 1e-08, 102
625406401, 1.63, 1.11e-07, 1.02e-07, 3.05, 0.98, 1e-08, 0
626184001, 1.87, 1.02e-07, 8.29e-08, 4.92, 2.04, 1e-08, 0
628776001, 3.34, 4.69e-08, 6.03e-08, 2.01, 0.66, 1e-08, 0
629553601, 6.12, 3.12e-07, 1.55e-07, 4.2, 1.14, 1e-08, 0
630072001, 6.08, 2.69e-07, 1.33e-07, 3.87, 0.87, 1e-08, 0
630331201, 4.62, 8.58e-08, 8.13e-08, 1.96, 0.49, 1e-08, 0
632404801, 2.0, 1.65e-07, 1.21e-07, 6.79, 5.44, 1e-08, 102
632664001, 3.76, 1.94e-07, 1.28e-07, 2.82, 0.55, 1e-08, 0
633182401, 3.81, 2.58e-07, 1.57e-07, 3.81, 0.9, 1e-08, 0
634478401, 2.17, 1.76e-07, 1.38e-07, 3.95, 1.12, 1e-08, 0
634737601, 2.11, 1.91e-07, 1.44e-07, 6.55, 5.42, 1e-08, 102
634996801, 3.29, 2.07e-07, 1.5e-07, 3.18, 0.81, 1e-08, 0
635515201, 4.86, 2.31e-07, 1.24e-07, 5.66, 3.67, 1e-08, 102
636552001, 3.34, 1.41e-07, 8.5e-08, 6.25, 4.37, 1e-08, 102
638366401, 5.18, 1.9e-07, 1.14e-07, 2.48, 0.45, 1e-08, 0
638625601, 1.36, 1.19e-07, 1.27e-07, 5.77, 6.81, 1e-08, 102
641476801, 2.07, 1.2e-07, 8.99e-08, 8.15, 5.53, 1e-08, 102
641995201, 3.01, 2.11e-07, 1.62e-07, 3.78, 5.11, 1e-08, 102
642254401, 2.44, 1.38e-07, 1.18e-07, 2.71, 0.82, 1e-08, 0
644328001, 2.3, 2.83e-08, 5.63e-08, 1.66, 1, 1e-08, 0
644846401, 3.25, 4.53e-07, 3.48e-07, 3.85, 5.11, 1e-08, 0
645364801, 1.33, 4.58e-07, 4.85e-07, 2.74, 0.75, 1e-08, 0
645883201, 4.08, 6.86e-07, 4.36e-07, 3.93, 2.84, 1e-08, 0
646142401, 2.3, 1.85e-07, 1.72e-06, 9.71, 4.65, 1e-08, 102
647179201, 2.71, 2.37e-07, 1.65e-07, 5.47, 2.02, 1e-08, 0
647697601, 2.19, 1.02e-08, 1.3e-08, 1.25, 0.63, 1e-08, 0
647956801, 3.41, 2.14e-07, 1.45e-07, 3.1, 0.94, 1e-08, 0
650030401, 1.62, 8.83e-08, 7.58e-08, 3.99, 6.58, 1e-08, 102
650548801, 3.16, 1.7e-07, 1.11e-07, 3.03, 1.07, 1e-08, 0
653140801, 1.41, 6.16e-08, 6.77e-08, 2.57, 0.7, 1e-08, 0
653400001, 1.98, 1.88e-08, 3.26e-08, 1.87, 0.81, 1e-08, 0
656251201, 2.83, 1.54e-07, 1.33e-07, 3.05, 0.85, 1e-08, 0
657028801, 1.29, 1.07e-07, 1.12e-07, 2.83, 0.81, 1e-08, 0
657547201, 6.26, 2.23e-07, 1.05e-07, 4.38, 3.51, 1e-08, 102
658324801, 2.2, 4.56e-08, 4.54e-08, 2.26, 0.57, 1e-08, 0
658584001, 4.52, 1.71e-07, 9.38e-08, 4.19, 1.13, 1e-08, 0
660657601, 3.87, 2.12e-07, 1.45e-07, 2.89, 0.64, 1e-08, 0
660916801, 2.26, 1.96e-07, 1.52e-07, 4.0, 1.72, 1e-08, 0
661694401, 1.19, 1.22e-07, 1.42e-07, 3.73, 7.45, 1e-08, 102
661953601, 2.07, 1.58e-07, 1.2e-07, 4.96, 5.63, 1e-08, 102
662731201, 2.62, 3.98e-07, 5.18e-07, 1.58, 0.64, 1e-08, 0
663249601, 66.72, 33.4, 0, 10.0, 0, 1e-08, 0
664804801, 1.76, 1.71e-07, 1.47e-07, 4.19, 1.61, 1e-08, 0
665323201, 1.98, 5.46e-09, 3.07e-08, 0.37, 0.82, 1e-08, 0
665582401, 2.94, 1.03e-07, 8.9e-08, 2.61, 0.67, 1e-08, 0
665841601, 11.67, 3.74e-09, 4.41e-09, 0.0, 0, 1e-08, 0
666360001, 1.23, 1.16e-07, 1.49e-07, 3.16, 3.14, 1e-08, 0
667137601, 2.98, 1.61e-07, 1.11e-07, 3.58, 1.04, 1e-08, 0
668174401, 2.74, 9.32e-08, 6.19e-08, 8.83, 4.92, 1e-08, 102
668433601, 2.08, 7.35e-08, 5.93e-07, 8.81, 2, 1e-08, 0
669211201, 1.28, 3.18e-08, 6.35e-08, 2.23, 1.12, 1e-08, 0
669988801, 1.48, 1.41e-08, 2.18e-08, 1.76, 0.75, 1e-08, 0
670248001, 2.02, 1.37e-07, 1.16e-07, 3.0, 0.93, 1e-08, 0
670766401, 3.26, 7.18e-08, 7.32e-08, 2.1, 0.64, 1e-08, 0
674654401, 4.69, 2.22e-07, 1.31e-07, 3.3, 0.76, 1e-08, 0
675691201, 1.05, 7.89e-09, 1.52e-08, 1.53, 0.82, 1e-08, 0
675950401, 1.01, 8.17e-08, 9.15e-08, 3.36, 1.5, 1e-08, 0
676209601, 4.44, 2.73e-07, 1.55e-07, 4.34, 4.3, 1e-08, 102
676468801, 5.43, 1.22e-06, 6.58e-07, 6.1, 3.81, 1e-08, 102
676987201, 5.42, 2.26e-06, 1.37e-06, 3.66, 1.37, 1e-08, 0
677764801, 1.05, 2.85e-07, 3.5e-07, 2.53, 0.68, 1e-08, 0
678542401, 3.04, 7.5e-08, 7.18e-08, 2.1, 0.52, 1e-08, 0
679060801, 3.1, 2.29e-07, 1.42e-07, 8.3, 4.42, 1e-08, 102
679579201, 9.33, 2.1e-07, 1.2e-07, 2.4, 0.39, 1e-08, 0
681912001, 10.94, 2.97e-09, 3.42e-09, 0.0, 0, 1e-08, 0
682689601, 2.04, 1.48e-07, 1.19e-07, 3.4, 0.98, 1e-08, 0
683467201, 4.95, 2.81e-07, 1.48e-07, 4.41, 3.95, 1e-08, 102
683726401, 1.15, 1.26e-07, 1.36e-07, 3.47, 1.31, 1e-08, 0
684244801, 1.61, 1.41e-07, 1.76e-07, 10.0, 0, 1e-08, 1
684504001, 4.9, 2.33e-07, 1.31e-07, 3.68, 0.89, 1e-08, 0
684763201, 1.29, 5.88e-08, 7e-08, 2.46, 0.69, 1e-08, 0
685540801, 1.9, 4.33e-08, 6.46e-08, 2.45, 1.01, 1e-08, 0
686059201, 1.34, 6.2e-08, 6.69e-08, 6.04, 6.84, 1e-08, 102
687873601, 3.07, 1.33e-07, 1.18e-07, 2.32, 0.49, 1e-08, 0
688910401, 1.06, 1.39e-07, 1.49e-07, 4.97, 2.95, 1e-08, 0
689428801, 1.14, 9.89e-08, 1.04e-07, 5.8, 7.2, 1e-08, 102
690724801, 2.87, 1.67e-07, 1.08e-07, 4.52, 4.93, 1e-08, 102
691243201, 1.49, 1.49e-07, 1.38e-07, 4.29, 1.65, 1e-08, 0
691502401, 1.1, 1.1e-07, 1.23e-07, 3.2, 1.62, 1e-08, 0
691761601, 2.65, 8.91e-09, 1.31e-08, 1.41, 0.66, 1e-08, 0
692020801, 8.45, 4.13e-07, 1.8e-07, 3.62, 0.76, 1e-08, 0
692280001, 1.49, 8.87e-08, 1.08e-07, 2.46, 0.89, 1e-08, 0
692539201, 1.26, 1.56e-07, 1.57e-07, 5.06, 4.48, 1e-08, 0
692798401, 2.54, 1.84e-07, 1.39e-07, 4.4, 3.95, 1e-08, 0
693576001, 3.14, 2.37e-07, 1.51e-07, 5.22, 4.52, 1e-08, 102
694872001, 68.45, 3340.0, 0, 10.0, 0, 1e-08, 0
695649601, 1.4, 3.1e-07, 3.64e-07, 2.54, 0.88, 1e-08, 0
696427201, 5.54, 4.34e-09, 4.64e-09, 0.66, 0.64, 1e-08, 0
696686401, 3.73, 2.37e-07, 1.4e-07, 5.28, 4.28, 1e-08, 102
697204801, 1.46, 6.71e-08, 8.11e-08, 2.55, 0.82, 1e-08, 0
697723201, 1.27, 1.15e-07, 1.22e-07, 3.17, 1.08, 1e-08, 0
699537601, 3.33, 1.3e-07, 7.39e-08, 6.89, 4.21, 1e-08, 102
701352001, 4.62, 2.31e-07, 1.3e-07, 3.44, 0.92, 1e-08, 0
701611201, 1.21, 9.33e-08, 1.02e-07, 3.1, 1.13, 1e-08, 0
703425601, 5.01, 1.71e-07, 8.29e-08, 5.59, 3.56, 1e-08, 102
704462401, 1.27, 1.04e-08, 1.46e-08, 1.57, 0.58, 1e-08, 0
704980801, 1.56, 1.16e-07, 9.79e-08, 7.11, 6.01, 1e-08, 102
706536001, 2.62, 1.99e-07, 1.34e-07, 4.98, 4.96, 1e-08, 102
706795201, 1.39, 6.7e-08, 1.11e-07, 2.52, 1.06, 1e-08, 0
707313601, 2.6, 1.77e-07, 1.17e-07, 6.2, 4.72, 1e-08, 102
707572801, 2.17, 1.1e-07, 9.31e-08, 3.22, 0.89, 1e-08, 0
708609601, 1.12, 2.89e-07, 3.4e-07, 2.52, 0.71, 1e-08, 0
709128001, 3.97, 2.05e-06, 1.45e-06, 3.4, 0.87, 1e-08, 0
709387201, 3.13, 1.62e-07, 1.92e-07, 1.21, 0.64, 1e-08, 0
709905601, 5.21, 3.15e-07, 1.61e-07, 6.69, 3.58, 1e-08, 102
710164801, 2.01, 1.77e-07, 1.42e-07, 3.78, 2.35, 1e-08, 0
712756801, 9.21, 4.74e-07, 4e-07, 1.82, 0.46, 1e-08, 0
713275201, 1.86, 3.15e-07, 3.01e-07, 2.78, 0.73, 1e-08, 0
713534401, 1.94, 5.09e-08, 5.41e-08, 2.05, 0.58, 1e-08, 0
714830401, 2.41, 2.12e-07, 1.62e-07, 6.29, 5.32, 1e-08, 102
715089601, 1.95, 1.6e-07, 1.37e-07, 5.37, 6.08, 1e-08, 102
715348801, 4.01, 2.2e-07, 1.36e-07, 3.3, 0.78, 1e-08, 0
715608001, 4.45, 2.29e-07, 1.28e-07, 7.35, 4, 1e-08, 102
716126401, 4.06, 9.22e-08, 8.07e-08, 2.1, 0.48, 1e-08, 0
717163201, 4.52, 1.19e-07, 7.52e-08, 2.57, 0.49, 1e-08, 0
717681601, 2.17, 8.97e-08, 7.35e-08, 3.31, 1.41, 1e-08, 0
717940801, 10.66, 2.2e-07, 8.1e-08, 4.24, 1.64, 1e-08, 0
718718401, 1.76, 6.95e-08, 7.54e-08, 2.72, 0.93, 1e-08, 0
718977601, 1.62, 5.54e-08, 9.75e-08, 2.48, 1.25, 1e-08, 0
719236801, 2.14, 1.09e-07, 8.41e-08, 3.21, 1.32, 1e-08, 0
720273601, 1.71, 9.7e-08, 1.15e-07, 2.54, 0.8, 1e-08, 0
721828801, 4.29, 1.47e-07, 8.2e-08, 6.73, 3.76, 1e-08, 102
722606401, 6.24, 1.63e-07, 8.92e-08, 10.0, 0, 1e-08, 0
722865601, 3.64, 1.26e-07, 6.62e-07, 10.0, 0, 1e-08, 1
723384001, 1.45, 1.33e-07, 1.2e-07, 6.42, 6.28, 1e-08, 102
723643201, 3.98, 2.12e-07, 1.21e-07, 6.03, 4.05, 1e-08, 102
723902401, 3.38, 2.76e-07, 1.64e-07, 6.99, 4.38, 1e-08, 102
725198401, 1.41, 1.43e-07, 1.39e-07, 3.38, 1.36, 1e-08, 0
725457601, 4.57, 2.3e-07, 1.32e-07, 3.13, 0.64, 1e-08, 0
726494401, 42.19, 3330.0, 0, 10.0, 0, 1e-08, 0
726753601, 655.62, 3340.0, 0, 10.0, 0, 1e-08, 0
729345601, 4.67, 1.51e-07, 9.7e-08, 2.52, 0.47, 1e-08, 0
729604801, 1.23, 2.82e-08, 4.19e-08, 1.88, 0.68, 1e-08, 0
729864001, 4.59, 2.57e-07, 1.45e-07, 4.72, 4.1, 1e-08, 102
730641601, 3.66, 9.5e-08, 7.82e-08, 2.63, 0.66, 1e-08, 0
731937601, 1.79, 1.18e-08, 1.75e-08, 1.5, 0.64, 1e-08, 0
732715201, 1.38, 8.41e-08, 7.09e-08, 6.26, 6.34, 1e-08, 102
733233601, 2.29, 4.49e-09, 5.3e-09, 0.53, 0.69, 1e-08, 0
734529601, 2.75, 1.66e-07, 1.07e-07, 5.84, 4.78, 1e-08, 102
736344001, 1.25, 6.84e-08, 7.65e-08, 2.84, 0.93, 1e-08, 0
736603201, 1.58, 3.85e-08, 5.4e-08, 2.21, 0.73, 1e-08, 0
736862401, 3.58, 2.17e-07, 1.25e-07, 6.67, 4.26, 1e-08, 102
737121601, 1.32, 1.45e-07, 1.5e-07, 3.56, 1.45, 1e-08, 0
737640001, 1.39, 1.09e-07, 1.05e-07, 7.32, 6.69, 1e-08, 102
738158401, 1.57, 1.3e-07, 1.27e-07, 3.54, 1.5, 1e-08, 0
739195201, 1.88, 3.48e-08, 4.98e-08, 1.98, 0.72, 1e-08, 0
740750401, 3.61, 2.31e-06, 2.06e-06, 2.86, 0.89, 1e-08, 0
741528001, 4.2, 2.42e-07, 1.57e-07, 2.65, 0.6, 1e-08, 0
