timestamp, ts, flux_upper_limits, fit_tolerance, fit_convergence
249566401, 0.0, 4.87e-08, 1e-08, 0
272635201, 0.22, 7.73e-08, 1e-08, 0
275486401, 0.82, 1.05e-07, 1e-08, 0
278596801, 0.33, 4.94e-08, 1e-08, 0
280152001, 0.15, 8.1e-08, 1e-08, 0
280411201, 0.57, 6.18e-08, 1e-08, 0
280670401, 0.0, 7.46e-08, 1e-08, 0
280929601, 0.0, 8.3e-08, 1e-08, 0
281188801, 0.0, 9.58e-08, 1e-08, 102
282225601, 0.0, 6.59e-08, 1e-08, 0
282484801, 0.33, 7.28e-08, 1e-08, 102
284299201, 0.7, 7.39e-08, 1e-08, 0
285854401, 0.51, 1.26e-07, 1e-08, 102
286632001, 0.92, 1.17e-07, 1e-08, 0
287409601, 0.0, 6.27e-08, 1e-08, 102
290520001, 0.93, 9.54e-08, 1e-08, 0
291556801, 0.07, 6.45e-08, 1e-08, 0
292334401, 0.0, 8.52e-08, 1e-08, 0
293371201, 0.52, 5.59e-08, 1e-08, 0
295444801, 0.05, 8.84e-08, 1e-08, 102
295963201, 0.78, 8.88e-08, 1e-08, 0
299073601, 0.07, 8.03e-08, 1e-08, 0
305035201, 0.17, 8.86e-08, 1e-08, 0
308404801, 0.41, 1.16e-07, 1e-08, 0
309700801, 0.0, 7.74e-08, 1e-08, 0
309960001, 0.04, 6.82e-08, 1e-08, 0
310219201, 0.0, 4.19e-08, 1e-08, 0
310478401, 0.0, 3.57e-08, 1e-08, 0
310737601, 0.0, 5.6e-08, 1e-08, 0
310996801, 0.38, 7.11e-08, 1e-08, 0
311515201, 0.4, 6.65e-08, 1e-08, 102
311774401, 0.29, 5.68e-08, 1e-08, 0
312033601, 0.0, 4.46e-08, 1e-08, 0
312292801, 0.0, 4.78e-08, 1e-08, 0
312552001, 0.18, 9.23e-08, 1e-08, 0
312811201, 0.59, 1.19e-07, 1e-08, 0
313070401, 0.46, 9.51e-08, 1e-08, 0
313329601, 0.0, 6.92e-08, 1e-08, 0
313848001, 0.44, 1.17e-07, 1e-08, 0
314625601, 0.43, 8.56e-08, 1e-08, 0
315403201, 0.0, 4.1e-08, 1e-08, 0
315921601, 0.0, 4.27e-08, 1e-08, 102
316180801, 0.93, 7.44e-08, 1e-08, 0
316440001, 0.06, 4.01e-08, 1e-08, 0
316699201, 0.0, 4.84e-08, 1e-08, 0
317476801, 0.0, 7.93e-08, 1e-08, 0
317995201, 0.38, 1.16e-07, 1e-08, 0
318772801, 0.77, 9.84e-08, 1e-08, 0
319032001, 0.0, 7.3e-08, 1e-08, 0
319550401, 0.96, 6.75e-08, 1e-08, 0
319809601, 0.71, 5.35e-08, 1e-08, 0
320068801, 0.02, 5.47e-08, 1e-08, 0
320328001, 0.0, 4.78e-08, 1e-08, 102
321364801, 0.0, 3.59e-08, 1e-08, 0
321624001, 0.72, 5.14e-08, 1e-08, 0
322920001, 0.0, 2.07e-07, 1e-08, 0
323438401, 0.34, 1.25e-07, 1e-08, 0
323697601, 0.0, 7.4e-08, 1e-08, 0
324475201, 0.0, 6.69e-07, 1e-08, 0
326030401, 0.98, 1.12e-07, 1e-08, 0
327067201, 0.0, 8.95e-08, 1e-08, 0
327844801, 0.0, 6.86e-08, 1e-08, 0
328363201, 0.03, 9.3e-08, 1e-08, 102
329400001, 0.0, 3.53e-08, 1e-08, 0
329659201, 0.05, 4.9e-08, 1e-08, 0
330696001, 0.54, 7.64e-08, 1e-08, 0
330955201, 0.76, 8.97e-08, 1e-08, 0
331214401, 0.0, 9.12e-08, 1e-08, 0
331732801, 0.0, 7.58e-08, 1e-08, 0
331992001, 0.14, 8.54e-08, 1e-08, 0
332510401, 0.32, 9.46e-08, 1e-08, 0
333028801, 0.0, 6.17e-08, 1e-08, 0
333288001, 0.0, 6.91e-08, 1e-08, 0
333806401, 0.17, 4.2e-08, 1e-08, 0
334324801, 0.55, 6.69e-08, 1e-08, 0
334584001, 0.0, 3.96e-08, 1e-08, 102
334843201, 0.0, 5.14e-08, 1e-08, 0
335361601, 0.0, 6.61e-08, 1e-08, 102
335620801, 0.0, 6.91e-08, 1e-08, 0
335880001, 0.46, 8.43e-08, 1e-08, 0
336139201, 0.68, 1.37e-07, 1e-08, 0
336657601, 0.34, 5.92e-08, 1e-08, 0
337435201, 0.1, 6.55e-08, 1e-08, 0
338212801, 0.0, 6.09e-08, 1e-08, 0
338731201, 0.51, 5.34e-08, 1e-08, 0
339508801, 0.0, 5.2e-08, 1e-08, 102
339768001, 0.0, 5.18e-08, 1e-08, 0
340027201, 0.78, 9.58e-08, 1e-08, 102
340286401, 0.26, 1.19e-07, 1e-08, 0
340545601, 0.21, 8.72e-08, 1e-08, 0
340804801, 0.27, 1.41e-07, 1e-08, 0
341064001, 0.0, 7.58e-08, 1e-08, 0
341323201, 0.0, 7.39e-08, 1e-08, 0
341841601, 0.0, 8.14e-08, 1e-08, 0
342100801, 0.9, 9.98e-08, 1e-08, 0
342360001, 0.0, 4.81e-08, 1e-08, 0
342619201, 0.59, 4.03e-08, 1e-08, 0
343396801, 0.87, 6.35e-08, 1e-08, 0
343656001, 0.0, 4.84e-08, 1e-08, 0
343915201, 0.75, 5.01e-08, 1e-08, 0
344174401, 0.0, 5.17e-08, 1e-08, 0
344692801, 0.54, 8.42e-08, 1e-08, 0
345211201, 0.0, 7.66e-08, 1e-08, 0
345729601, 0.0, 8.1e-08, 1e-08, 0
345988801, 0.0, 5.71e-08, 1e-08, 0
346248001, 0.01, 8.74e-08, 1e-08, 0
347284801, 0.99, 8.23e-08, 1e-08, 0
349617601, 0.0, 8.13e-08, 1e-08, 102
352987201, 0.0, 1.1e-07, 1e-08, 0
353246401, 0.34, 6.01e-08, 1e-08, 0
354542401, 0.02, 7.31e-08, 1e-08, 0
354801601, 0.0, 9.02e-08, 1e-08, 102
355060801, 0.67, 9.41e-08, 1e-08, 0
355579201, 0.0, 6.6e-08, 1e-08, 0
357393601, 0.25, 5.94e-08, 1e-08, 0
358171201, 0.07, 6.61e-08, 1e-08, 102
358689601, 0.38, 8.92e-08, 1e-08, 0
359208001, 0.0, 8.44e-08, 1e-08, 0
359726401, 0.44, 9.95e-08, 1e-08, 0
360504001, 0.0, 6.05e-08, 1e-08, 0
360763201, 0.0, 4.45e-08, 1e-08, 0
361022401, 0.05, 6.56e-08, 1e-08, 0
362318401, 0.72, 7.03e-08, 1e-08, 0
363355201, 0.57, 1.58e-07, 1e-08, 0
363614401, 0.0, 6.62e-08, 1e-08, 0
364132801, 0.0, 6.34e-08, 1e-08, 0
364392001, 0.75, 9.44e-08, 1e-08, 0
364651201, 0.0, 7.27e-08, 1e-08, 0
365169601, 0.97, 8.36e-08, 1e-08, 0
365428801, 0.0, 5.16e-08, 1e-08, 0
365688001, 0.44, 7.6e-08, 1e-08, 0
365947201, 0.0, 4.85e-08, 1e-08, 0
366984001, 0.63, 4.88e-08, 1e-08, 0
367761601, 0.0, 5.09e-08, 1e-08, 0
368020801, 0.0, 7.86e-08, 1e-08, 0
368539201, 0.0, 5.21e-08, 1e-08, 0
368798401, 0.34, 1.02e-07, 1e-08, 0
369576001, 0.42, 6.48e-08, 1e-08, 0
370094401, 0.0, 7.34e-08, 1e-08, 102
371649601, 0.04, 6.48e-08, 1e-08, 0
371908801, 0.0, 6.13e-08, 1e-08, 0
372168001, 0.01, 9.02e-08, 1e-08, 0
372686401, 0.29, 9.22e-08, 1e-08, 0
372945601, 0.29, 1.03e-07, 1e-08, 0
373204801, 0.0, 8.76e-08, 1e-08, 102
373464001, 0.42, 1.41e-07, 1e-08, 0
374241601, 0.0, 4.97e-08, 1e-08, 0
374500801, 0.22, 9.34e-08, 1e-08, 0
375278401, 0.0, 6.77e-08, 1e-08, 102
375537601, 0.0, 4.34e-08, 1e-08, 102
375796801, 0.0, 4.73e-08, 1e-08, 0
376574401, 0.09, 6.46e-08, 1e-08, 0
377092801, 0.0, 6.1e-08, 1e-08, 0
377611201, 0.02, 1.06e-07, 1e-08, 0
378129601, 0.0, 7.24e-08, 1e-08, 0
378648001, 0.5, 9.83e-08, 1e-08, 0
378907201, 0.0, 7.72e-08, 1e-08, 102
380203201, 0.23, 5.13e-08, 1e-08, 0
381240001, 0.0, 5.6e-08, 1e-08, 102
382276801, 0.31, 9.37e-08, 1e-08, 0
382536001, 0.0, 9.08e-08, 1e-08, 0
382795201, 0.24, 9.3e-08, 1e-08, 0
383313601, 0.11, 8.07e-08, 1e-08, 1
383572801, 0.0, 7.64e-08, 1e-08, 102
384091201, 0.1, 1.09e-07, 1e-08, 0
384350401, 0.0, 3.21e-07, 1e-08, 0
384609601, 0.92, 7.21e-08, 1e-08, 102
384868801, 0.0, 5.25e-08, 1e-08, 0
385128001, 0.0, 4.15e-08, 1e-08, 0
385387201, 0.08, 5.61e-08, 1e-08, 0
385646401, 0.15, 7.55e-08, 1e-08, 0
385905601, 0.46, 7.42e-08, 1e-08, 102
386164801, 0.23, 8.92e-08, 1e-08, 102
387720001, 0.0, 9.51e-08, 1e-08, 0
387979201, 0.6, 9.99e-08, 1e-08, 0
388756801, 0.75, 7.23e-08, 1e-08, 102
389275201, 0.0, 4.02e-08, 1e-08, 0
389534401, 0.05, 3.77e-08, 1e-08, 0
389793601, 0.07, 4.86e-08, 1e-08, 1
390571201, 0.0, 2.17e-05, 1e-08, 0
390830401, 0.07, 8.78e-08, 1e-08, 0
391089601, 0.0, 7.39e-08, 1e-08, 102
391348801, 0.01, 9.23e-08, 1e-08, 0
391608001, 0.0, 6.43e-08, 1e-08, 0
391867201, 0.51, 1.06e-07, 1e-08, 102
392644801, 0.01, 7.43e-08, 1e-08, 0
392904001, 0.0, 5.15e-08, 1e-08, 0
393422401, 0.02, 6.37e-08, 1e-08, 1
393681601, 0.75, 7.19e-08, 1e-08, 0
394200001, 0.76, 5.29e-08, 1e-08, 0
394718401, 0.0, 5.93e-08, 1e-08, 0
395236801, 0.0, 6.24e-08, 1e-08, 0
395496001, 0.0, 7.72e-08, 1e-08, 102
395755201, 0.01, 1.04e-07, 1e-08, 0
396014401, 0.09, 8.63e-08, 1e-08, 0
396273601, 0.25, 1.32e-07, 1e-08, 0
396532801, 0.0, 8.27e-08, 1e-08, 0
396792001, 0.0, 7.76e-08, 1e-08, 0
397051201, 0.0, 6.65e-08, 1e-08, 0
398088001, 0.44, 5.01e-08, 1e-08, 0
398347201, 0.0, 4.9e-08, 1e-08, 0
398606401, 0.0, 8.61e-08, 1e-08, 102
398865601, 0.0, 8.66e-08, 1e-08, 0
399643201, 0.0, 8.97e-08, 1e-08, 0
400161601, 0.0, 9e-08, 1e-08, 0
400939201, 0.25, 1.13e-07, 1e-08, 0
401198401, 0.82, 7.78e-08, 1e-08, 0
401716801, 0.0, 7.8e-08, 1e-08, 0
405604801, 0.0, 1.09e-07, 1e-08, 0
405864001, 0.0, 9.89e-08, 1e-08, 0
413899201, 0.0, 3.24e-08, 1e-08, 0
414417601, 0.5, 6.76e-08, 1e-08, 0
414676801, 0.85, 7.5e-08, 1e-08, 0
415454401, 0.0, 4.94e-08, 1e-08, 102
417528001, 0.0, 7.84e-08, 1e-08, 102
420120001, 0.0, 5.25e-08, 1e-08, 0
420638401, 0.14, 7.58e-08, 1e-08, 0
420897601, 0.45, 7.17e-08, 1e-08, 0
422712001, 0.01, 6.29e-08, 1e-08, 0
425304001, 0.07, 2.87e-08, 1e-08, 0
425822401, 0.19, 4.45e-08, 1e-08, 0
427896001, 0.35, 9.81e-08, 1e-08, 0
428932801, 0.46, 3.65e-08, 1e-08, 1
429192001, 0.0, 2.79e-08, 1e-08, 0
429969601, 0.04, 8.04e-08, 1e-08, 0
430228801, 0.47, 9.09e-08, 1e-08, 0
430488001, 0.0, 6.7e-08, 1e-08, 0
431006401, 0.93, 8.15e-08, 1e-08, 0
431265601, 0.07, 7.98e-08, 1e-08, 0
432820801, 0.0, 3.03e-08, 1e-08, 0
433598401, 0.87, 4.88e-08, 1e-08, 0
434116801, 0.0, 4.77e-08, 1e-08, 0
434376001, 0.71, 5.84e-08, 1e-08, 0
435153601, 0.0, 6.87e-08, 1e-08, 102
436968001, 0.0, 5.12e-08, 1e-08, 102
437486401, 0.31, 5.64e-08, 1e-08, 0
437745601, 0.05, 5.32e-08, 1e-08, 0
438004801, 0.0, 3.21e-08, 1e-08, 0
438264001, 0.0, 3.42e-08, 1e-08, 0
438782401, 0.0, 5.09e-08, 1e-08, 102
439300801, 0.64, 8.23e-08, 1e-08, 0
439560001, 0.0, 4.38e-08, 1e-08, 102
440078401, 0.64, 7.43e-08, 1e-08, 0
440337601, 0.0, 4.29e-08, 1e-08, 0
440596801, 0.0, 5.39e-08, 1e-08, 0
440856001, 0.01, 6.36e-08, 1e-08, 0
441115201, 0.47, 4.52e-08, 1e-08, 102
441374401, 0.47, 9.18e-08, 1e-08, 0
441633601, 0.07, 7.99e-08, 1e-08, 102
441892801, 0.18, 8.35e-08, 1e-08, 0
442152001, 0.15, 7.91e-08, 1e-08, 0
442411201, 0.99, 1.09e-07, 1e-08, 102
442670401, 0.28, 9.17e-08, 1e-08, 0
442929601, 0.09, 9.71e-08, 1e-08, 0
443188801, 0.89, 9.81e-08, 1e-08, 0
445003201, 0.0, 3.61e-08, 1e-08, 0
445262401, 0.0, 5.63e-08, 1e-08, 0
446299201, 0.0, 8.05e-08, 1e-08, 0
446558401, 0.37, 9.95e-08, 1e-08, 0
447076801, 0.0, 9.81e-08, 1e-08, 0
447336001, 0.0, 7.55e-08, 1e-08, 102
447595201, 0.0, 7.39e-08, 1e-08, 0
448372801, 0.66, 4.71e-08, 1e-08, 0
448632001, 0.44, 6.18e-08, 1e-08, 102
449409601, 0.01, 5.49e-08, 1e-08, 1
449928001, 0.01, 5.89e-08, 1e-08, 102
450187201, 0.5, 7e-08, 1e-08, 0
450705601, 0.01, 9.29e-08, 1e-08, 1
450964801, 0.04, 9.06e-08, 1e-08, 0
451224001, 0.0, 8.29e-08, 1e-08, 102
452260801, 0.0, 7.32e-08, 1e-08, 0
453038401, 0.0, 5.73e-08, 1e-08, 0
453556801, 0.0, 3.65e-08, 1e-08, 0
453816001, 0.0, 3.86e-08, 1e-08, 0
454075201, 0.82, 7.69e-08, 1e-08, 102
454593601, 0.69, 4.5e-08, 1e-08, 0
454852801, 0.0, 4.16e-08, 1e-08, 0
455112001, 0.14, 7.8e-08, 1e-08, 0
455371201, 0.38, 8.16e-08, 1e-08, 0
455889601, 0.34, 9.53e-08, 1e-08, 0
456148801, 0.35, 5.07e-08, 1e-08, 0
456408001, 0.0, 3.01e-08, 1e-08, 0
456667201, 0.0, 3.69e-08, 1e-08, 102
456926401, 0.4, 6.29e-08, 1e-08, 0
457444801, 0.5, 5.46e-08, 1e-08, 0
457963201, 0.0, 3.97e-08, 1e-08, 0
458222401, 0.0, 3.45e-08, 1e-08, 0
458740801, 0.0, 3.61e-08, 1e-08, 0
459518401, 0.0, 6.27e-08, 1e-08, 0
459777601, 0.0, 7.39e-08, 1e-08, 0
460296001, 0.09, 1.05e-07, 1e-08, 0
460555201, 0.34, 7.84e-08, 1e-08, 0
461073601, 0.16, 9.56e-08, 1e-08, 0
461332801, 0.04, 8.11e-08, 1e-08, 0
461592001, 0.0, 4.52e-08, 1e-08, 0
462110401, 0.88, 5.97e-08, 1e-08, 0
462628801, 0.07, 5.71e-08, 1e-08, 0
463147201, 0.0, 4.5e-08, 1e-08, 102
463406401, 0.77, 5.96e-08, 1e-08, 0
463924801, 0.96, 1.01e-07, 1e-08, 0
464961601, 0.0, 8.5e-08, 1e-08, 0
465220801, 0.0, 9.28e-08, 1e-08, 0
465480001, 0.24, 9.64e-08, 1e-08, 0
465739201, 0.62, 8.07e-08, 1e-08, 0
465998401, 0.41, 1.15e-07, 1e-08, 0
466516801, 0.02, 6.1e-08, 1e-08, 0
467553601, 0.29, 6.93e-08, 1e-08, 0
468072001, 0.0, 4.93e-08, 1e-08, 102
468331201, 0.0, 7.2e-08, 1e-08, 102
468849601, 0.54, 1.16e-07, 1e-08, 0
469886401, 0.0, 6.97e-08, 1e-08, 0
470404801, 0.0, 6.86e-08, 1e-08, 102
470664001, 0.07, 8.22e-08, 1e-08, 0
470923201, 0.01, 6.08e-08, 1e-08, 1
471182401, 0.82, 4.43e-08, 1e-08, 0
471700801, 0.0, 3.68e-08, 1e-08, 0
472478401, 0.43, 6.31e-08, 1e-08, 102
472737601, 0.0, 4.31e-08, 1e-08, 0
472996801, 0.13, 7.8e-08, 1e-08, 0
473256001, 0.52, 1.09e-07, 1e-08, 0
473515201, 0.05, 7.97e-08, 1e-08, 0
473774401, 0.11, 9.57e-08, 1e-08, 0
474033601, 0.61, 8.14e-08, 1e-08, 0
474292801, 0.68, 1.74e-07, 1e-08, 0
474552001, 0.57, 9.48e-08, 1e-08, 102
474811201, 0.53, 1.02e-07, 1e-08, 0
475070401, 0.0, 4.8e-08, 1e-08, 0
475588801, 0.0, 4.39e-08, 1e-08, 0
475848001, 0.0, 4.63e-08, 1e-08, 102
476107201, 0.9, 7.42e-08, 1e-08, 0
476366401, 0.0, 3.04e-08, 1e-08, 0
476625601, 0.0, 4.03e-08, 1e-08, 0
477144001, 0.0, 3.68e-08, 1e-08, 0
477662401, 0.0, 5.59e-08, 1e-08, 0
477921601, 0.53, 8.69e-08, 1e-08, 0
478180801, 0.17, 5.58e-08, 1e-08, 0
478440001, 0.57, 8.46e-08, 1e-08, 0
478699201, 0.01, 6.71e-08, 1e-08, 0
479736001, 0.0, 5.12e-08, 1e-08, 0
479995201, 0.0, 3.99e-08, 1e-08, 0
480254401, 0.0, 4.32e-08, 1e-08, 0
480513601, 0.0, 5.17e-08, 1e-08, 102
481291201, 0.0, 3.46e-08, 1e-08, 0
481550401, 0.03, 5.8e-08, 1e-08, 1
481809601, 0.0, 4.98e-08, 1e-08, 0
482068801, 0.07, 7.53e-08, 1e-08, 0
482587201, 0.0, 6.62e-08, 1e-08, 0
482846401, 0.12, 8.85e-08, 1e-08, 0
483105601, 0.0, 8.81e-08, 1e-08, 102
483883201, 0.0, 7.77e-08, 1e-08, 102
484401601, 0.34, 1.17e-07, 1e-08, 0
484660801, 0.65, 1.22e-07, 1e-08, 0
484920001, 0.15, 5.79e-08, 1e-08, 0
485179201, 0.34, 4.28e-08, 1e-08, 0
485438401, 0.0, 4.19e-08, 1e-08, 102
485697601, 0.0, 4.19e-08, 1e-08, 0
485956801, 0.0, 4.52e-08, 1e-08, 0
486216001, 0.0, 3.55e-08, 1e-08, 0
486475201, 0.0, 4.42e-08, 1e-08, 0
486734401, 0.36, 7.31e-08, 1e-08, 0
486993601, 0.02, 8.33e-08, 1e-08, 0
487252801, 0.0, 6.31e-08, 1e-08, 0
487512001, 0.0, 5.28e-08, 1e-08, 0
487771201, 0.0, 4.73e-08, 1e-08, 0
488030401, 0.0, 3.31e-08, 1e-08, 0
488289601, 0.01, 5.38e-08, 1e-08, 1
488808001, 0.0, 4.77e-08, 1e-08, 0
489067201, 0.0, 3.76e-08, 1e-08, 0
489585601, 0.0, 5.1e-08, 1e-08, 0
490104001, 0.0, 4.33e-08, 1e-08, 102
490363201, 0.0, 3.41e-08, 1e-08, 0
490881601, 0.0, 3.65e-08, 1e-08, 0
491400001, 0.55, 8.37e-08, 1e-08, 0
491659201, 0.0, 6.18e-08, 1e-08, 102
491918401, 0.07, 5.54e-08, 1e-08, 0
492177601, 0.0, 4.83e-08, 1e-08, 0
492696001, 0.0, 8.04e-08, 1e-08, 0
492955201, 0.0, 6.72e-08, 1e-08, 0
493473601, 0.0, 5.15e-08, 1e-08, 0
493992001, 0.13, 6.07e-08, 1e-08, 0
494251201, 0.0, 5.39e-08, 1e-08, 102
494510401, 0.0, 5.39e-08, 1e-08, 0
494769601, 0.56, 6e-08, 1e-08, 0
495028801, 0.34, 6.27e-08, 1e-08, 0
495806401, 0.95, 6.86e-08, 1e-08, 102
496065601, 0.0, 6.99e-08, 1e-08, 102
496324801, 0.31, 1.24e-07, 1e-08, 0
496584001, 0.0, 7.07e-08, 1e-08, 0
496843201, 0.0, 3.01e-08, 1e-08, 0
497361601, 0.14, 1.72e-07, 1e-08, 102
497620801, 0.0, 8.28e-08, 1e-08, 0
497880001, 0.0, 7.34e-08, 1e-08, 0
498139201, 0.57, 9.72e-08, 1e-08, 0
498398401, 0.0, 4.6e-08, 1e-08, 0
498657601, 0.14, 6.06e-08, 1e-08, 1
498916801, 0.0, 4.78e-08, 1e-08, 0
499176001, 0.0, 5.07e-08, 1e-08, 0
499435201, 0.16, 9.4e-08, 1e-08, 0
499953601, 0.38, 7.4e-08, 1e-08, 0
500731201, 0.0, 2.54e-08, 1e-08, 0
500990401, 0.0, 5.46e-08, 1e-08, 102
501768001, 0.0, 7.68e-08, 1e-08, 0
502286401, 0.09, 1.06e-07, 1e-08, 0
502545601, 0.0, 7.67e-08, 1e-08, 102
502804801, 0.0, 6.34e-08, 1e-08, 0
503064001, 0.49, 6.33e-08, 1e-08, 0
503323201, 0.0, 3.39e-08, 1e-08, 0
503582401, 0.0, 5.28e-08, 1e-08, 0
503841601, 0.2, 4.04e-08, 1e-08, 0
504100801, 0.0, 4.9e-08, 1e-08, 102
504619201, 0.34, 5.9e-08, 1e-08, 0
505396801, 0.1, 8.85e-08, 1e-08, 0
505656001, 0.0, 8.39e-08, 1e-08, 0
506174401, 0.68, 1.22e-07, 1e-08, 0
506433601, 0.43, 1.01e-07, 1e-08, 0
506692801, 0.65, 1.21e-07, 1e-08, 0
507211201, 0.0, 6.5e-08, 1e-08, 0
507729601, 0.0, 4.62e-08, 1e-08, 0
508248001, 0.86, 5.09e-08, 1e-08, 0
508507201, 0.0, 3.12e-08, 1e-08, 0
508766401, 0.0, 3.09e-08, 1e-08, 0
509284801, 0.0, 5.54e-08, 1e-08, 102
509544001, 0.05, 7.48e-08, 1e-08, 0
510062401, 0.0, 5.08e-08, 1e-08, 0
510321601, 0.63, 1.24e-07, 1e-08, 0
510840001, 0.65, 9.14e-08, 1e-08, 0
511099201, 0.08, 9.83e-08, 1e-08, 0
511358401, 0.19, 1.05e-07, 1e-08, 0
511876801, 0.0, 4.74e-08, 1e-08, 0
512136001, 0.0, 4.36e-08, 1e-08, 0
512395201, 0.08, 5.37e-08, 1e-08, 0
512654401, 0.0, 3.85e-08, 1e-08, 102
512913601, 0.92, 6.72e-08, 1e-08, 0
513172801, 0.0, 5.05e-08, 1e-08, 0
513432001, 0.23, 6.75e-08, 1e-08, 0
514468801, 0.0, 8.77e-08, 1e-08, 102
515246401, 0.25, 1.36e-07, 1e-08, 0
515764801, 0.0, 1.1e-07, 1e-08, 102
516024001, 0.02, 8.31e-08, 1e-08, 0
516542401, 0.82, 9.51e-08, 1e-08, 0
518097601, 0.04, 5.67e-08, 1e-08, 0
519134401, 0.87, 1.01e-07, 1e-08, 0
519652801, 0.0, 7.65e-08, 1e-08, 0
519912001, 0.97, 7.75e-08, 1e-08, 0
522244801, 0.87, 6.59e-08, 1e-08, 0
524577601, 0.67, 1.42e-07, 1e-08, 0
525614401, 0.99, 9.04e-08, 1e-08, 0
528984001, 0.02, 1.08e-07, 1e-08, 102
530798401, 0.88, 7.05e-08, 1e-08, 0
532612801, 0.73, 9.47e-08, 1e-08, 0
533390401, 0.17, 8.2e-08, 1e-08, 0
534168001, 0.0, 7.35e-08, 1e-08, 0
534686401, 0.0, 5.13e-08, 1e-08, 0
534945601, 0.13, 6.88e-08, 1e-08, 0
535204801, 0.61, 7.93e-08, 1e-08, 0
535723201, 0.93, 6.26e-08, 1e-08, 0
537019201, 0.79, 7.01e-08, 1e-08, 0
537278401, 0.99, 1.02e-07, 1e-08, 0
537537601, 0.0, 7.35e-08, 1e-08, 0
537796801, 0.0, 6.71e-08, 1e-08, 0
538056001, 0.0, 4.42e-08, 1e-08, 102
538574401, 0.03, 6.71e-08, 1e-08, 0
538833601, 0.0, 5.17e-08, 1e-08, 0
539092801, 0.0, 3.25e-08, 1e-08, 0
539611201, 0.77, 3.51e-08, 1e-08, 0
539870401, 0.0, 6.05e-08, 1e-08, 0
540388801, 0.42, 5.38e-08, 1e-08, 0
540648001, 0.0, 3.05e-08, 1e-08, 0
541166401, 0.08, 7.32e-08, 1e-08, 0
541425601, 0.06, 6.49e-08, 1e-08, 0
541684801, 0.0, 5.33e-08, 1e-08, 0
541944001, 0.71, 1.06e-07, 1e-08, 0
542203201, 0.24, 6.16e-08, 1e-08, 0
542462401, 0.0, 6.51e-08, 1e-08, 0
542721601, 0.11, 1.18e-07, 1e-08, 0
542980801, 0.0, 8.83e-07, 1e-08, 0
544536001, 0.0, 3.99e-08, 1e-08, 0
544795201, 0.0, 2.07e-08, 1e-08, 0
545054401, 0.0, 2.77e-08, 1e-08, 0
545313601, 0.0, 2.96e-08, 1e-08, 102
546091201, 0.0, 3.7e-08, 1e-08, 0
546350401, 0.0, 2.91e-08, 1e-08, 0
546609601, 0.0, 4.89e-08, 1e-08, 102
546868801, 0.72, 1.74e-07, 1e-08, 0
547387201, 0.0, 1.59e-07, 1e-08, 0
547646401, 0.0, 1.66e-07, 1e-08, 0
547905601, 0.66, 7.96e-08, 1e-08, 0
548424001, 0.0, 3.16e-08, 1e-08, 0
548683201, 0.0, 4.9e-07, 1e-08, 0
549201601, 0.0, 2.4e-07, 1e-08, 0
549460801, 0.0, 3.14e-07, 1e-08, 0
549720001, 0.8, 8.21e-07, 1e-08, 0
549979201, 0.0, 8.65e-07, 1e-08, 0
550756801, 0.0, 4.19e-08, 1e-08, 0
551016001, 0.52, 3.98e-08, 1e-08, 0
551275201, 0.0, 3.29e-07, 1e-08, 102
551534401, 0.24, 2.16e-07, 1e-08, 0
552052801, 0.0, 7.25e-08, 1e-08, 102
552312001, 0.0, 8.33e-08, 1e-08, 1
552571201, 0.5, 1.23e-07, 1e-08, 0
552830401, 0.0, 8.27e-08, 1e-08, 0
553348801, 0.0, 6.7e-08, 1e-08, 0
553608001, 0.0, 4.82e-08, 1e-08, 0
553867201, 0.0, 5.18e-08, 1e-08, 0
554126401, 0.12, 4.55e-08, 1e-08, 0
554385601, 0.68, 3.87e-08, 1e-08, 102
554644801, 0.0, 1.8e-08, 1e-08, 102
554904001, 0.24, 9.09e-08, 1e-08, 0
555422401, 0.0, 1.33e-05, 1e-08, 0
555940801, 0.5, 3.75e-07, 1e-08, 0
556200001, 0.0, 4.22e-08, 1e-08, 0
556459201, 0.0, 6.81e-08, 1e-08, 102
557236801, 0.0, 5.14e-08, 1e-08, 0
557755201, 0.0, 3.32e-08, 1e-08, 1
558014401, 0.0, 3.65e-08, 1e-08, 102
558273601, 0.0, 3.01e-08, 1e-08, 0
558532801, 0.46, 9.34e-08, 1e-08, 0
559828801, 0.0, -1.0, 1e-08, 101
560088001, 0.0, 2.22e-06, 1e-08, 0
560347201, 0.0, 5.27e-07, 1e-08, 0
560606401, 0.76, 7.62e-08, 1e-08, 102
561124801, 0.0, 7.28e-08, 1e-08, 0
561902401, 0.0, 6.79e-08, 1e-08, 1
562420801, 0.0, -1.0, 1e-08, 101
562939201, 0.0, 2.49e-05, 1e-08, 0
563716801, 0.0, 6.06e-05, 1e-08, 0
564494401, 0.0, -1.0, 1e-08, 101
564753601, 0.0, 7.74e-07, 1e-08, 0
565012801, 0.0, 9e-08, 1e-08, 0
565531201, 0.01, 8.24e-08, 1e-08, 0
565790401, 0.0, 7.58e-08, 1e-08, 0
566049601, 0.02, 1.11e-07, 1e-08, 0
566308801, 0.0, 3.14e-07, 1e-08, 0
566568001, 0.0, 9.87e-08, 1e-08, 0
566827201, 0.26, 7.05e-08, 1e-08, 0
567086401, 0.0, 6.73e-08, 1e-08, 0
567345601, 0.0, 6.46e-08, 1e-08, 1
567864001, 0.55, 8.21e-08, 1e-08, 0
568123201, 0.0, 4.71e-08, 1e-08, 0
568641601, 0.0, 5e-08, 1e-08, 0
568900801, 0.0, 5.28e-08, 1e-08, 102
569160001, 0.88, 8.53e-08, 1e-08, 102
569419201, 0.0, 6.24e-08, 1e-08, 0
569678401, 0.59, 9.9e-08, 1e-08, 0
569937601, 0.0, 7.98e-08, 1e-08, 0
570456001, 0.0, 1.17e-07, 1e-08, 0
570974401, 0.29, 6.57e-08, 1e-08, 0
571233601, 0.84, 8.56e-08, 1e-08, 0
571492801, 0.11, 4.29e-08, 1e-08, 0
571752001, 0.0, 4.5e-08, 1e-08, 0
572011201, 0.05, 3.45e-08, 1e-08, 0
572270401, 0.0, 3.29e-08, 1e-08, 0
572529601, 0.92, 8.05e-08, 1e-08, 0
572788801, 0.0, 4.37e-08, 1e-08, 0
573825601, 0.72, 7.98e-08, 1e-08, 0
574084801, 0.0, 6.29e-08, 1e-08, 0
574344001, 0.53, 8e-08, 1e-08, 0
574603201, 0.72, 7.05e-08, 1e-08, 0
574862401, 0.46, 1.12e-07, 1e-08, 0
575380801, 0.0, 7.95e-08, 1e-08, 102
576676801, 0.42, 5.51e-08, 1e-08, 0
577195201, 0.31, 8.5e-07, 1e-08, 0
577454401, 0.0, 5.03e-07, 1e-08, 0
577713601, 0.0, 4.48e-07, 1e-08, 0
577972801, 0.0, 1.21e-07, 1e-08, 0
578491201, 0.0, 6.52e-08, 1e-08, 0
579268801, 0.44, 1.34e-07, 1e-08, 0
579528001, 0.0, 1.01e-07, 1e-08, 0
580046401, 0.1, 1.04e-07, 1e-08, 102
580564801, 0.0, 2.45e-07, 1e-08, 0
581083201, 0.0, 5.08e-07, 1e-08, 0
581342401, 0.18, 1.11e-06, 1e-08, 0
581601601, 0.0, 4.25e-07, 1e-08, 102
581860801, 0.0, 6.05e-07, 1e-08, 0
582379201, 0.0, 5.28e-08, 1e-08, 0
582638401, 0.09, 6.63e-08, 1e-08, 0
582897601, 0.0, 6.05e-08, 1e-08, 0
583156801, 0.0, 7.77e-08, 1e-08, 0
583416001, 0.0, 7.36e-08, 1e-08, 102
583675201, 0.0, 8.27e-08, 1e-08, 0
584193601, 0.0, 8.8e-08, 1e-08, 0
584452801, 0.08, 8.7e-08, 1e-08, 0
584712001, 0.06, 9.61e-08, 1e-08, 0
584971201, 0.47, 1.09e-07, 1e-08, 0
585230401, 0.11, 8.58e-08, 1e-08, 102
585748801, 0.0, 5.07e-08, 1e-08, 0
586008001, 0.13, 4.68e-08, 1e-08, 0
587563201, 0.03, 7.06e-08, 1e-08, 0
587822401, 0.97, 9.31e-08, 1e-08, 0
588081601, 0.0, 8.6e-08, 1e-08, 0
588340801, 0.24, 9.42e-08, 1e-08, 102
588600001, 0.0, 9.1e-08, 1e-08, 0
589377601, 0.0, 3.98e-08, 1e-08, 0
589636801, 0.96, 6.44e-08, 1e-08, 0
589896001, 0.0, 4.39e-08, 1e-08, 0
590155201, 0.0, 3.77e-08, 1e-08, 0
590414401, 0.0, 3.16e-08, 1e-08, 0
590673601, 0.0, 3.67e-08, 1e-08, 0
591192001, 0.35, 9.24e-08, 1e-08, 0
592488001, 0.0, 8.62e-08, 1e-08, 0
593265601, 0.0, 1.02e-07, 1e-08, 0
593784001, 0.0, 1.04e-07, 1e-08, 0
594043201, 0.73, 1.1e-07, 1e-08, 0
594302401, 0.0, 7.13e-08, 1e-08, 0
594820801, 0.0, 1.59e-06, 1e-08, 0
595857601, 0.0, 2.45e-05, 1e-08, 0
596116801, 0.0, 1.49e-07, 1e-08, 0
596376001, 0.0, 5.28e-08, 1e-08, 0
597153601, 0.67, 6.57e-08, 1e-08, 0
597412801, 0.0, 6.8e-08, 1e-08, 0
597931201, 0.03, 9.66e-08, 1e-08, 0
598708801, 0.0, 6.42e-08, 1e-08, 0
598968001, 0.55, 1.21e-07, 1e-08, 0
599227201, 0.0, 6.36e-08, 1e-08, 0
600004801, 0.37, 6.54e-08, 1e-08, 0
600264001, 0.0, 4.74e-08, 1e-08, 0
600782401, 0.0, 5.47e-08, 1e-08, 0
601041601, 0.16, 8.18e-08, 1e-08, 102
601300801, 0.0, 6.85e-08, 1e-08, 1
601560001, 0.52, 1.01e-07, 1e-08, 0
603374401, 0.15, 5.98e-08, 1e-08, 0
603633601, 0.93, 5.79e-08, 1e-08, 0
603892801, 0.4, 5.49e-08, 1e-08, 0
604670401, 0.0, 4.4e-08, 1e-08, 102
606225601, 0.83, 8.35e-08, 1e-08, 102
607003201, 0.96, 9.18e-08, 1e-08, 0
607262401, 0.0, 6.84e-08, 1e-08, 0
607521601, 0.0, 7.72e-08, 1e-08, 0
608040001, 0.1, 7.21e-08, 1e-08, 102
609336001, 0.02, 1.09e-06, 1e-08, 0
609595201, 0.0, 6.66e-07, 1e-08, 0
609854401, 0.01, 8.67e-07, 1e-08, 0
610372801, 0.0, 6.45e-08, 1e-08, 0
610632001, 0.34, 8.99e-08, 1e-08, 0
610891201, 0.45, 8.19e-08, 1e-08, 0
611150401, 0.0, 8.69e-08, 1e-08, 0
612964801, 0.08, 3.17e-07, 1e-08, 0
613483201, 0.08, 1.63e-07, 1e-08, 0
613742401, 0.17, 2.84e-07, 1e-08, 0
614001601, 0.0, 4.09e-07, 1e-08, 0
615038401, 0.22, 9.93e-08, 1e-08, 0
615297601, 0.07, 8.89e-08, 1e-08, 0
616075201, 0.0, 7.78e-08, 1e-08, 0
623851201, 0.6, 1e-07, 1e-08, 0
626961601, 0.0, 8.66e-07, 1e-08, 0
627220801, 0.0, 2.23e-06, 1e-08, 0
627480001, 0.0, 5.5e-06, 1e-08, 0
629035201, 0.0, 5.5e-08, 1e-08, 102
630331201, 0.0, 9.76e-08, 1e-08, 0
632145601, 0.0, 5.59e-08, 1e-08, 102
636552001, 0.01, 6.27e-08, 1e-08, 0
637329601, 0.26, 4.24e-08, 1e-08, 0
637848001, 0.0, 6.12e-08, 1e-08, 0
638107201, 0.0, 7.66e-08, 1e-08, 0
638625601, 0.63, 6.97e-08, 1e-08, 0
638884801, 0.14, 1.19e-07, 1e-08, 0
639144001, 0.05, 7.51e-08, 1e-08, 0
639403201, 0.92, 1.3e-07, 1e-08, 0
640699201, 0.0, -1.0, 1e-08, 101
641217601, 0.0, 2.53e-06, 1e-08, 0
641476801, 0.0, 4.03e-06, 1e-08, 0
641736001, 0.0, 5.87e-06, 1e-08, 0
648216001, 0.0, 9.93e-08, 1e-08, 102
652622401, 0.15, 1.07e-07, 1e-08, 0
657806401, 0.07, 9.12e-08, 1e-08, 0
659102401, 0.0, 6.21e-07, 1e-08, 0
659361601, 0.0, 1.33e-06, 1e-08, 0
659620801, 0.0, 5.13e-07, 1e-08, 0
659880001, 0.0, 3.98e-07, 1e-08, 0
661694401, 0.79, 1.25e-07, 1e-08, 0
666100801, 0.0, 6.3e-08, 1e-08, 0
666360001, 0.67, 7.49e-08, 1e-08, 0
667137601, 0.35, 6.68e-08, 1e-08, 0
667915201, 0.54, 6.17e-08, 1e-08, 0
668952001, 0.0, 4.04e-08, 1e-08, 0
669211201, 0.08, 6.01e-08, 1e-08, 0
669470401, 0.0, 7.47e-08, 1e-08, 0
669729601, 0.6, 7.83e-08, 1e-08, 0
670248001, 0.5, 8.46e-08, 1e-08, 0
672580801, 0.0, -1.0, 1e-08, 101
672840001, 0.0, -1.0, 1e-08, 101
673099201, 0.0, -1.0, 1e-08, 101
673358401, 0.0, -1.0, 1e-08, 101
673617601, 0.0, -1.0, 1e-08, 101
683726401, 0.56, 1.14e-07, 1e-08, 0
684504001, 0.72, 1.16e-07, 1e-08, 0
685281601, 0.87, 8e-08, 1e-08, 0
688910401, 0.56, 9.33e-08, 1e-08, 0
690465601, 0.0, 2.79e-07, 1e-08, 102
690724801, 0.93, 2.18e-07, 1e-08, 0
690984001, 0.0, 1.38e-07, 1e-08, 102
691243201, 0.0, 1.68e-07, 1e-08, 101
691761601, 0.0, 2.46e-07, 1e-08, 102
692020801, 0.21, 8.71e-08, 1e-08, 102
694353601, 0.11, 7.5e-08, 1e-08, 0
695131201, 0.2, 7.09e-08, 1e-08, 0
695649601, 0.0, 4.04e-08, 1e-08, 0
696945601, 0.0, 6.45e-08, 1e-08, 102
697204801, 0.09, 5.72e-08, 1e-08, 0
697464001, 0.0, 4.85e-08, 1e-08, 101
698500801, 0.59, 8.19e-08, 1e-08, 0
698760001, 0.0, 5.9e-08, 1e-08, 101
699019201, 0.0, 4.53e-08, 1e-08, 101
699537601, 0.0, 3.91e-08, 1e-08, 101
699796801, 0.62, 6.18e-08, 1e-08, 102
700315201, 0.06, 5.15e-08, 1e-08, 0
700574401, 0.0, 4.48e-08, 1e-08, 101
701092801, 0.0, 1.04e-07, 1e-08, 101
701611201, 0.0, 5.71e-08, 1e-08, 101
701870401, 0.0, 6.39e-08, 1e-08, 101
702129601, 0.82, 1.29e-07, 1e-08, 0
702648001, 0.78, 9.05e-08, 1e-08, 0
702907201, 0.0, 7.92e-08, 1e-08, 101
703166401, 0.12, 1.13e-07, 1e-08, 0
703425601, 0.0, 6.17e-08, 1e-08, 101
703684801, 0.0, 6.54e-08, 1e-08, 101
703944001, 0.0, 4.73e-08, 1e-08, 101
704203201, 0.0, 4.56e-08, 1e-08, 101
704721601, 0.0, -1.0, 1e-08, 101
704980801, 0.0, -1.0, 1e-08, 101
705240001, 0.0, -1.0, 1e-08, 101
705499201, 0.0, -1.0, 1e-08, 101
705758401, 0.0, 7.32e-08, 1e-08, 101
706276801, 0.0, 7.14e-08, 1e-08, 101
706536001, 0.0, 6.87e-08, 1e-08, 102
707832001, 0.23, 9.74e-08, 1e-08, 0
708350401, 0.0, 1.45e-07, 1e-08, 101
708609601, 0.95, 2.58e-07, 1e-08, 0
709128001, 0.51, 1.57e-07, 1e-08, 0
709646401, 0.0, 8.86e-08, 1e-08, 102
709905601, 0.0, 4.99e-08, 1e-08, 101
710164801, 0.17, 6.08e-08, 1e-08, 0
710424001, 0.65, 7.58e-08, 1e-08, 102
710683201, 0.42, 7.65e-08, 1e-08, 0
710942401, 0.0, 5.38e-08, 1e-08, 101
711201601, 0.0, 8.98e-08, 1e-08, 101
711720001, 0.0, 1.18e-07, 1e-08, 1
712238401, 0.0, 8.44e-08, 1e-08, 101
712497601, 0.58, 9.98e-08, 1e-08, 0
712756801, 0.0, 5.37e-08, 1e-08, 101
714052801, 0.0, 3.88e-08, 1e-08, 101
714312001, 0.19, 4.84e-08, 1e-08, 0
714830401, 0.0, 3.98e-08, 1e-08, 102
715089601, 0.07, 8.34e-08, 1e-08, 102
715348801, 0.05, 7.67e-08, 1e-08, 0
715608001, 0.66, 1.01e-07, 1e-08, 102
716126401, 0.27, 1.23e-07, 1e-08, 0
716904001, 0.84, 8.36e-08, 1e-08, 102
717163201, 0.0, 6.19e-08, 1e-08, 101
717422401, 0.9, 8.88e-08, 1e-08, 102
717681601, 0.31, 8.14e-08, 1e-08, 0
717940801, 0.0, 5.78e-08, 1e-08, 101
718459201, 0.0, 8.97e-08, 1e-08, 101
718718401, 0.0, 9.33e-08, 1e-08, 101
718977601, 0.0, 1.15e-07, 1e-08, 101
719236801, 0.0, 1.21e-07, 1e-08, 102
719496001, 0.0, 7.72e-08, 1e-08, 101
719755201, 0.0, 5.21e-08, 1e-08, 102
720014401, 0.19, 9.66e-08, 1e-08, 0
720273601, 0.81, 1.14e-07, 1e-08, 0
720532801, 0.0, 9.24e-08, 1e-08, 101
720792001, 0.46, 1.35e-07, 1e-08, 0
721051201, 0.81, 1.56e-07, 1e-08, 0
722347201, 0.65, 2.54e-07, 1e-08, 102
722865601, 0.12, 4.29e-07, 1e-08, 0
723124801, 0.24, 2.56e-07, 1e-08, 0
723384001, 0.47, 4.85e-07, 1e-08, 0
723643201, 0.0, 2.33e-07, 1e-08, 102
723902401, 0.0, 5.17e-08, 1e-08, 102
724161601, 0.0, 6.08e-08, 1e-08, 102
724420801, 0.03, 9.09e-08, 1e-08, 0
724680001, 0.06, 7.55e-08, 1e-08, 0
725198401, 0.02, 9.81e-08, 1e-08, 0
725716801, 0.0, 7.21e-08, 1e-08, 101
725976001, 0.77, 8.9e-08, 1e-08, 102
726235201, 0.11, 9.74e-08, 1e-08, 0
728827201, 0.0, 3.93e-08, 1e-08, 101
729086401, 0.0, 5.62e-08, 1e-08, 101
729604801, 0.83, 1.18e-07, 1e-08, 0
729864001, 0.86, 1.14e-07, 1e-08, 0
730382401, 0.61, 8.46e-08, 1e-08, 0
730900801, 0.0, 3.16e-08, 1e-08, 101
731419201, 0.54, 5.48e-08, 1e-08, 0
731678401, 0.34, 6.81e-08, 1e-08, 0
732456001, 0.0, 3.59e-08, 1e-08, 101
732715201, 0.03, 1.22e-07, 1e-08, 0
732974401, 0.02, 9.23e-08, 1e-08, 0
733233601, 0.0, 5.64e-08, 1e-08, 1
733492801, 0.0, 7.78e-08, 1e-08, 102
733752001, 0.0, 6.46e-08, 1e-08, 102
734011201, 0.59, 9.37e-08, 1e-08, 102
734270401, 0.0, 7.79e-08, 1e-08, 102
735048001, 0.36, 1.14e-07, 1e-08, 0
735307201, 0.0, 7.76e-08, 1e-08, 101
735566401, 0.88, 9.68e-08, 1e-08, 0
735825601, 0.25, 6.7e-08, 1e-08, 102
736084801, 0.0, 1.84e-07, 1e-08, 101
736344001, 0.0, -1.0, 1e-08, 101
736603201, 0.0, -1.0, 1e-08, 101
736862401, 0.0, -1.0, 1e-08, 101
737121601, 0.0, -1.0, 1e-08, 101
737380801, 0.0, -1.0, 1e-08, 101
737640001, 0.0, 4.13e-08, 1e-08, 101
737899201, 0.07, 6.52e-08, 1e-08, 0
738158401, 0.0, 4.89e-08, 1e-08, 101
738936001, 0.0, 8.8e-08, 1e-08, 101
739195201, 0.03, 1.22e-07, 1e-08, 102
739713601, 0.0, 8.64e-08, 1e-08, 101
739972801, 0.0, 2.02e-07, 1e-08, 0
740232001, 0.05, 1.99e-07, 1e-08, 102
740491201, 0.14, 1.09e-07, 1e-08, 0
740750401, 0.0, 1.09e-07, 1e-08, 101
741009601, 0.07, 1.31e-07, 1e-08, 0
741268801, 0.0, 1.05e-07, 1e-08, 101
742046401, 0.0, 6.26e-08, 1e-08, 0
