timestamp, ts, flux, flux_error, photon_index, photon_index_interval, fit_tolerance, fit_convergence
240235201, 1.18, 4.65e-08, 5.64e-08, 5.0, 0, 1e-08, 0
240494401, 3.94, 1.56e-08, 1.9e-08, 1.53, 0.63, 1e-08, 0
241531201, 1.58, 8.55e-08, 8.54e-08, 5.0, 0, 1e-08, 0
241790401, 3.39, 8.94e-08, 6.05e-08, 3.34, 1.15, 1e-08, 0
242308801, 1.5, 5.57e-08, 5.84e-08, 3.63, 7.26, 1e-08, 102
242568001, 2.86, 8.78e-08, 8.09e-07, 5.0, 0, 1e-08, 102
242827201, 4.65, 1.51e-08, 1.69e-08, 1.74, 0.65, 1e-08, 0
243086401, 1.88, 4.37e-08, 3.99e-08, 2.65, 0.82, 1e-08, 0
243345601, 58.49, 4.33e-08, 1.91e-08, 1.21, 0.26, 1e-08, 0
243604801, 16.04, 2.89e-08, 2.02e-08, 1.64, 0.41, 1e-08, 0
243864001, 9.18, 9.23e-09, 1.13e-08, 1.37, 0.62, 1e-08, 0
244641601, 7.89, 3.13e-08, 2.76e-08, 1.95, 0.6, 1e-08, 0
244900801, 5.24, 1.67e-08, 2.01e-08, 1.72, 0.65, 1e-08, 0
246456001, 8.49, 3.82e-09, 4.17e-09, 0.83, 0.7, 1e-08, 0
246715201, 7.08, 6.41e-08, 3.8e-08, 2.15, 0.45, 1e-08, 0
246974401, 9.25, 2.94e-08, 2.54e-08, 1.81, 0.53, 1e-08, 0
247752001, 10.88, 1.85e-08, 1.9e-08, 1.64, 0.61, 1e-08, 0
248011201, 3.98, 8.15e-08, 6.67e-08, 5.0, 0, 1e-08, 0
248270401, 1.69, 3.27e-08, 4.06e-08, 2.62, 1.21, 1e-08, 0
248529601, 11.99, 2.44e-08, 2.29e-08, 1.68, 0.54, 1e-08, 0
249048001, 10.57, 4.14e-08, 3.17e-08, 1.99, 0.52, 1e-08, 0
250084801, 15.33, 2.5e-08, 1.79e-08, 1.49, 0.41, 1e-08, 0
250344001, 6.19, 1.39e-07, 9.91e-08, 3.48, 3.82, 1e-08, 102
250862401, 2.59, 5.88e-08, 7.83e-08, 2.69, 1.58, 1e-08, 0
251380801, 1.02, 3.23e-08, 3.89e-08, 2.61, 0.92, 1e-08, 0
251640001, 9.27, 1.6e-08, 1.37e-08, 1.52, 0.49, 1e-08, 0
251899201, 2.43, 1.48e-08, 1.69e-08, 1.75, 0.69, 1e-08, 0
252158401, 21.23, 4.91e-08, 3.5e-08, 1.75, 0.42, 1e-08, 0
252417601, 5.6, 1.46e-08, 1.79e-08, 1.74, 0.66, 1e-08, 0
252676801, 29.57, 2.18e-08, 1.32e-08, 1.22, 0.34, 1e-08, 0
252936001, 6.74, 1.33e-08, 1.45e-08, 1.52, 0.62, 1e-08, 0
253195201, 9.87, 2.58e-08, 2.16e-08, 1.69, 0.46, 1e-08, 0
253454401, 1.34, 1.16e-08, 2.02e-08, 2.08, 1.09, 1e-08, 0
253713601, 10.17, 7.77e-08, 4.82e-08, 2.56, 0.56, 1e-08, 0
253972801, 9.35, 8.85e-08, 7.85e-08, 2.73, 1.25, 1e-08, 0
254232001, 16.46, 7.43e-08, 4.28e-08, 2.17, 0.42, 1e-08, 0
254491201, 5.43, 2.19e-08, 2.77e-08, 2.07, 0.8, 1e-08, 0
255528001, 4.14, 1.58e-08, 1.79e-08, 1.63, 0.63, 1e-08, 0
256046401, 1.96, 2.52e-08, 3.69e-08, 2.0, 0.93, 1e-08, 0
256564801, 2.69, 8.05e-08, 5.65e-08, 3.71, 5.27, 1e-08, 102
257083201, 7.73, 3.93e-08, 3.98e-08, 2.27, 0.77, 1e-08, 0
257342401, 7.12, 2.53e-08, 2e-08, 1.71, 0.48, 1e-08, 0
257601601, 3.46, 7.57e-08, 5.73e-08, 3.98, 4.91, 1e-08, 102
257860801, 1.48, 5.9e-08, 5.6e-08, 5.0, 0, 1e-08, 0
258379201, 4.62, 3.42e-08, 3.11e-08, 1.76, 0.55, 1e-08, 0
258897601, 6.45, 1.34e-07, 7.28e-08, 3.15, 0.79, 1e-08, 0
259416001, 10.37, 3.4e-09, 3.59e-09, 0.13, 1.21, 1e-08, 0
259675201, 4.74, 7.53e-08, 5.39e-08, 2.71, 0.82, 1e-08, 0
259934401, 2.17, 7.65e-08, 7.25e-08, 5.0, 0, 1e-08, 0
260193601, 1.88, 8.09e-08, 8.31e-08, 5.0, 0, 1e-08, 0
260452801, 1.9, 7.56e-09, 8.95e-09, 1.32, 0.62, 1e-08, 0
260712001, 1.59, 5.49e-08, 5.92e-08, 2.83, 1.29, 1e-08, 0
260971201, 1.33, 2.96e-08, 3.51e-08, 2.63, 1.09, 1e-08, 0
261489601, 9.71, 5.17e-08, 3.84e-08, 2.16, 0.56, 1e-08, 0
261748801, 6.59, 8.62e-08, 6.09e-08, 2.85, 1.05, 1e-08, 0
262008001, 10.07, 9.8e-08, 4.6e-08, 2.52, 0.48, 1e-08, 0
262267201, 2.18, 2.27e-08, 2.66e-08, 2.24, 0.84, 1e-08, 0
262526401, 7.55, 7.91e-08, 4.69e-08, 2.77, 0.69, 1e-08, 0
262785601, 29.39, 9.34e-08, 4.54e-08, 2.09, 0.34, 1e-08, 0
263044801, 29.21, 1.14e-07, 4.81e-08, 2.07, 0.33, 1e-08, 0
263304001, 11.2, 1.26e-07, 6.12e-08, 2.92, 0.6, 1e-08, 0
264081601, 4.05, 9.89e-08, 6e-08, 4.13, 1.27, 1e-08, 0
264340801, 11.71, 8.85e-08, 5.45e-08, 2.44, 0.63, 1e-08, 0
264600001, 6.43, 1e-07, 6.39e-08, 3.33, 1.06, 1e-08, 0
265377601, 4.69, 1.92e-08, 1.95e-08, 1.68, 0.58, 1e-08, 0
265896001, 7.07, 1.21e-08, 1.6e-08, 1.52, 0.69, 1e-08, 0
266155201, 5.79, 1e-07, 5.52e-08, 3.02, 0.9, 1e-08, 0
266414401, 4.72, 3.43e-08, 2.77e-08, 2.08, 0.57, 1e-08, 0
266932801, 4.23, 3.98e-08, 3.32e-08, 2.22, 0.56, 1e-08, 0
267192001, 5.49, 4.92e-09, 7.29e-09, 1.13, 0.84, 1e-08, 0
267451201, 2.32, 6.71e-08, 5.28e-08, 5.0, 0, 1e-08, 0
267710401, 2.41, 8.53e-09, 1.19e-08, 1.56, 0.85, 1e-08, 0
268228801, 6.67, 4.81e-08, 3.68e-08, 2.3, 0.54, 1e-08, 0
269006401, 9.96, 2.1e-08, 1.95e-08, 1.47, 0.49, 1e-08, 0
269265601, 3.99, 7.26e-08, 7.04e-08, 2.48, 1.01, 1e-08, 0
269524801, 5.1, 1.44e-07, 7.88e-08, 4.41, 3.82, 1e-08, 102
269784001, 5.77, 1.62e-07, 8.88e-08, 4.14, 1.1, 1e-08, 0
270302401, 3.69, 7.96e-08, 6.06e-08, 2.86, 0.99, 1e-08, 0
270561601, 5.15, 4.33e-08, 4.77e-08, 2.51, 0.89, 1e-08, 0
270820801, 5.65, 8.18e-09, 7.34e-09, 1.01, 0.55, 1e-08, 0
271080001, 14.94, 3.26e-08, 2.01e-08, 1.64, 0.38, 1e-08, 0
271339201, 2.97, 2.55e-08, 3.5e-08, 2.3, 0.91, 1e-08, 0
271598401, 1.44, 9.98e-09, 1.31e-08, 1.84, 0.81, 1e-08, 0
271857601, 4.35, 5.31e-08, 3.8e-08, 2.29, 0.61, 1e-08, 0
272116801, 1.42, 2.45e-08, 2.9e-08, 2.65, 1.35, 1e-08, 0
272376001, 9.75, 8.68e-08, 4.5e-08, 2.93, 0.64, 1e-08, 0
273153601, 13.48, 2.39e-08, 3.07e-08, 1.64, 0.7, 1e-08, 0
273412801, 12.05, 4.33e-09, 5.37e-09, 0.76, 0.87, 1e-08, 0
273672001, 7.37, 3.33e-08, 2.64e-08, 1.67, 0.46, 1e-08, 0
273931201, 4.5, 5.28e-08, 5.01e-08, 2.09, 0.7, 1e-08, 0
274190401, 14.56, 5.04e-09, 5.24e-09, 0.52, 0.72, 1e-08, 0
274449601, 5.92, 3.53e-08, 3.18e-08, 1.82, 0.57, 1e-08, 0
274708801, 3.8, 1.52e-07, 9.4e-08, 3.92, 2.08, 1e-08, 0
274968001, 5.04, 2.77e-08, 2.77e-08, 1.75, 0.56, 1e-08, 0
275227201, 13.42, 3.81e-08, 2.65e-08, 1.75, 0.44, 1e-08, 0
275486401, 2.98, 3.24e-08, 3.54e-08, 2.32, 0.9, 1e-08, 0
275745601, 27.38, 2.09e-08, 1.52e-08, 1.07, 0.45, 1e-08, 0
276004801, 2.08, 2.47e-08, 2.32e-08, 2.32, 0.76, 1e-08, 0
276264001, 24.43, 4.61e-08, 2.4e-08, 1.61, 0.29, 1e-08, 0
276523201, 13.9, 6.88e-08, 3.5e-08, 2.4, 0.42, 1e-08, 0
276782401, 1.96, 3e-08, 2.98e-08, 2.67, 0.92, 1e-08, 0
277300801, 2.3, 1.37e-08, 2.02e-08, 2.03, 0.9, 1e-08, 0
277560001, 4.16, 3.32e-08, 4.91e-08, 2.13, 0.96, 1e-08, 0
277819201, 9.61, 1.05e-08, 8.88e-09, 1.01, 0.5, 1e-08, 0
278078401, 5.85, 5.56e-09, 6.55e-09, 0.75, 0.77, 1e-08, 0
278337601, 1.41, 8.95e-08, 8.74e-08, 2.92, 1.04, 1e-08, 0
279115201, 6.08, 3.56e-08, 3.17e-08, 1.72, 0.53, 1e-08, 0
279374401, 3.51, 7.88e-08, 5.74e-08, 2.51, 0.63, 1e-08, 0
279633601, 1.84, 3.66e-08, 4.5e-08, 2.4, 0.97, 1e-08, 0
279892801, 13.88, 2.74e-08, 1.92e-08, 1.56, 0.41, 1e-08, 0
280152001, 24.74, 9.03e-08, 3.85e-08, 2.16, 0.33, 1e-08, 0
280670401, 3.1, 3.19e-08, 2.92e-08, 2.52, 0.75, 1e-08, 0
281188801, 3.74, 1e-08, 1.08e-08, 1.59, 0.61, 1e-08, 0
281448001, 3.08, 2.6e-08, 2.08e-08, 2.0, 0.5, 1e-08, 0
281966401, 1.73, 1.69e-08, 2.12e-08, 1.95, 0.75, 1e-08, 0
282225601, 1.02, 1.77e-08, 2.8e-08, 2.28, 1.18, 1e-08, 0
282484801, 18.11, 9.79e-08, 4.53e-08, 2.06, 0.32, 1e-08, 0
282744001, 11.11, 6.16e-08, 4.24e-08, 1.97, 0.46, 1e-08, 0
283262401, 8.37, 8.38e-08, 6.11e-08, 2.23, 0.5, 1e-08, 0
283521601, 1.58, 4.71e-08, 5.12e-08, 2.58, 0.94, 1e-08, 0
283780801, 7.71, 5.07e-08, 4.41e-08, 1.97, 0.54, 1e-08, 0
284299201, 9.07, 5.25e-08, 4.14e-08, 2.18, 0.56, 1e-08, 0
284558401, 27.27, 5.95e-09, 4.24e-09, 0.0, 0, 1e-08, 0
284817601, 2.58, 3.45e-08, 4.47e-08, 2.45, 1.42, 1e-08, 0
285076801, 3.39, 8.07e-08, 6.04e-08, 5.0, 0, 1e-08, 0
285336001, 14.26, 1.74e-08, 1.32e-08, 1.43, 0.43, 1e-08, 0
285595201, 5.53, 1.55e-08, 2.67e-08, 1.77, 0.93, 1e-08, 0
286113601, 6.12, 1.36e-08, 1.59e-08, 1.63, 0.62, 1e-08, 0
286891201, 46.6, 8.6e-08, 3.88e-08, 1.76, 0.29, 1e-08, 0
287150401, 5.33, 4.62e-08, 3.93e-08, 2.26, 0.62, 1e-08, 0
287409601, 4.98, 4.34e-08, 4.72e-08, 2.3, 0.76, 1e-08, 0
288187201, 4.18, 1.11e-07, 9.01e-08, 3.04, 0.89, 1e-08, 0
288705601, 4.9, 1.82e-08, 1.97e-08, 1.88, 0.68, 1e-08, 0
288964801, 6.7, 3.59e-08, 3.3e-08, 2.06, 0.64, 1e-08, 0
289483201, 7.5, 3.34e-08, 2.5e-08, 2.0, 0.51, 1e-08, 0
289742401, 12.61, 7.96e-09, 9.13e-09, 1.13, 0.63, 1e-08, 0
290001601, 1.53, 6.35e-08, 5.73e-08, 4.83, 2.09, 1e-08, 0
290260801, 5.95, 6.88e-08, 3.9e-08, 2.94, 0.62, 1e-08, 0
290520001, 4.12, 1.61e-08, 2.44e-08, 2.01, 0.91, 1e-08, 0
290779201, 16.31, 6.42e-08, 3.33e-08, 2.13, 0.37, 1e-08, 0
291038401, 3.37, 2.99e-08, 3.11e-08, 2.39, 0.73, 1e-08, 0
291297601, 31.67, 5.64e-08, 2.68e-08, 1.59, 0.3, 1e-08, 0
291556801, 3.91, 6.38e-08, 5.03e-08, 2.4, 0.7, 1e-08, 0
291816001, 7.84, 9.46e-08, 5.75e-08, 2.44, 0.5, 1e-08, 0
292075201, 38.61, 8.4e-08, 5e-08, 1.67, 0.35, 1e-08, 0
292593601, 4.53, 3.53e-08, 3.72e-08, 2.01, 0.67, 1e-08, 0
292852801, 2.31, 1.43e-08, 1.73e-08, 1.63, 0.71, 1e-08, 0
293112001, 6.45, 4.15e-08, 3.22e-08, 1.86, 0.51, 1e-08, 0
293371201, 13.63, 7.25e-08, 4.37e-08, 1.98, 0.41, 1e-08, 0
293630401, 9.8, 1.01e-07, 5.68e-08, 2.37, 0.49, 1e-08, 0
293889601, 3.64, 2.21e-08, 2.18e-08, 1.91, 0.63, 1e-08, 0
294148801, 105.16, 1.48e-07, 4.3e-08, 1.76, 0.2, 1e-08, 0
294408001, 61.68, 1.41e-07, 4.51e-08, 1.97, 0.23, 1e-08, 0
294667201, 57.74, 1.1e-07, 3.8e-08, 2.04, 0.25, 1e-08, 0
294926401, 77.93, 6.54e-08, 2.4e-08, 1.51, 0.22, 1e-08, 0
295444801, 17.16, 2.6e-08, 1.87e-08, 1.4, 0.43, 1e-08, 0
295704001, 11.5, 2.57e-08, 1.73e-08, 1.54, 0.4, 1e-08, 0
295963201, 4.81, 2.17e-08, 1.89e-08, 1.77, 0.53, 1e-08, 0
296222401, 11.74, 3.27e-08, 2.43e-08, 1.67, 0.45, 1e-08, 0
296481601, 3.1, 8.6e-08, 6.31e-08, 3.35, 1.61, 1e-08, 0
296740801, 7.52, 4.4e-08, 5.4e-08, 2.04, 0.77, 1e-08, 0
297518401, 20.0, 1.76e-08, 1.72e-08, 1.17, 0.55, 1e-08, 0
297777601, 33.26, 4.22e-08, 2.41e-08, 1.28, 0.32, 1e-08, 0
298036801, 4.68, 1.39e-07, 7.68e-08, 4.5, 3.99, 1e-08, 102
298296001, 11.12, 1.87e-08, 1.55e-08, 1.28, 0.44, 1e-08, 0
298555201, 17.31, 2.08e-08, 1.47e-08, 1.31, 0.37, 1e-08, 0
299073601, 14.49, 3.99e-09, 5.75e-09, 0.67, 0.94, 1e-08, 0
299332801, 14.81, 4.49e-08, 2.8e-08, 2.08, 0.45, 1e-08, 0
299592001, 19.59, 4.05e-08, 2.38e-08, 1.78, 0.37, 1e-08, 0
299851201, 11.79, 4.53e-08, 2.91e-08, 2.05, 0.46, 1e-08, 0
300110401, 10.84, 3.31e-08, 2.24e-08, 1.82, 0.46, 1e-08, 0
300369601, 10.01, 1.67e-08, 1.58e-08, 1.5, 0.51, 1e-08, 0
300628801, 17.25, 1.63e-08, 1.24e-08, 1.27, 0.44, 1e-08, 0
300888001, 7.37, 2.01e-08, 2.17e-08, 1.75, 0.62, 1e-08, 0
301147201, 5.51, 8.68e-08, 5.84e-08, 2.54, 0.59, 1e-08, 0
301665601, 1.27, 1.07e-07, 1.09e-07, 5.0, 0, 1e-08, 0
301924801, 9.51, 7.9e-09, 8.61e-09, 0.91, 0.59, 1e-08, 0
302443201, 9.88, 4.86e-08, 3.52e-08, 1.86, 0.48, 1e-08, 0
302702401, 17.47, 7.9e-09, 6.89e-09, 0.73, 0.57, 1e-08, 0
302961601, 3.31, 1.28e-08, 1.43e-08, 1.73, 0.67, 1e-08, 0
303220801, 1.06, 2.99e-08, 4.38e-08, 2.63, 1.26, 1e-08, 0
303480001, 9.54, 7.79e-08, 3.92e-08, 2.47, 0.45, 1e-08, 0
303739201, 25.92, 4.26e-08, 2.49e-08, 1.76, 0.35, 1e-08, 0
303998401, 47.99, 1.59e-08, 8.29e-09, 0.94, 0.32, 1e-08, 0
304257601, 9.21, 7.91e-08, 4.3e-08, 2.92, 0.68, 1e-08, 0
304776001, 5.22, 6.8e-08, 4.5e-08, 2.72, 0.9, 1e-08, 0
305294401, 2.0, 4.01e-08, 4.54e-08, 2.8, 1.07, 1e-08, 0
305812801, 8.31, 2.1e-08, 3.26e-08, 1.56, 0.84, 1e-08, 0
306072001, 4.13, 6.73e-09, 8.47e-09, 0.94, 0.74, 1e-08, 0
306590401, 1.15, 6.04e-09, 8.28e-09, 0.88, 0.67, 1e-08, 0
306849601, 1.14, 9.46e-08, 9.86e-08, 4.41, 7.43, 1e-08, 102
307108801, 1.92, 1.46e-08, 2.49e-08, 2.03, 1, 1e-08, 0
307368001, 6.76, 6.81e-08, 5.29e-08, 2.41, 0.61, 1e-08, 0
307627201, 1.05, 9.22e-09, 2.38e-08, 1.73, 1.44, 1e-08, 0
308145601, 2.04, 2.89e-08, 3.18e-08, 2.52, 0.97, 1e-08, 0
308404801, 1.17, 2.26e-09, 3.32e-09, 0.88, 0.79, 1e-08, 0
308664001, 4.02, 2.84e-09, 3.64e-09, 0.97, 0.78, 1e-08, 0
308923201, 1.84, 4.32e-08, 3.6e-08, 3.51, 6.49, 1e-08, 102
309182401, 4.36, 9.5e-09, 1.14e-08, 1.53, 0.66, 1e-08, 0
309441601, 6.05, 3.31e-09, 3.98e-09, 0.86, 0.79, 1e-08, 0
309700801, 4.2, 4.43e-08, 4.23e-08, 2.74, 0.85, 1e-08, 0
309960001, 6.21, 1.81e-08, 1.47e-08, 1.49, 0.45, 1e-08, 0
310219201, 2.25, 8.85e-08, 1.93e-06, 4.64, 5.58, 1e-08, 102
310478401, 3.79, 7.63e-08, 5.28e-08, 2.45, 0.65, 1e-08, 0
311256001, 1.28, 1.2e-08, 1.88e-08, 1.59, 0.83, 1e-08, 0
312033601, 3.79, 1.92e-08, 1.7e-08, 1.73, 0.56, 1e-08, 0
312292801, 4.74, 2.35e-08, 2.02e-08, 1.81, 0.5, 1e-08, 0
312811201, 16.06, 7.22e-08, 4.16e-08, 2.48, 0.51, 1e-08, 0
313070401, 16.51, 1.02e-08, 1.08e-08, 1.22, 0.58, 1e-08, 0
313329601, 6.76, 1.18e-07, 5.61e-08, 5.0, 0, 1e-08, 0
313588801, 20.47, 1.01e-08, 1.12e-08, 1.11, 0.63, 1e-08, 0
313848001, 1.03, 3.13e-08, 6.04e-08, 3.2, 9.76, 1e-08, 102
314107201, 9.38, 2.91e-09, 4.1e-09, 0.0, 0, 1e-08, 0
314366401, 1.23, 2.52e-08, 3.1e-08, 2.56, 0.95, 1e-08, 0
314625601, 24.38, 1.43e-07, 5.92e-08, 2.38, 0.36, 1e-08, 0
314884801, 9.24, 1.32e-08, 1.29e-08, 1.07, 0.52, 1e-08, 0
315144001, 2.5, 3.8e-08, 3.91e-08, 2.62, 0.84, 1e-08, 0
315403201, 3.66, 5.81e-08, 5.91e-08, 2.49, 0.8, 1e-08, 0
315662401, 3.43, 4.23e-08, 5.74e-08, 2.24, 0.91, 1e-08, 0
315921601, 2.23, 7.97e-08, 6.65e-08, 3.09, 0.97, 1e-08, 0
316180801, 5.78, 7.75e-09, 1.06e-08, 1.41, 0.8, 1e-08, 0
316440001, 16.43, 9.28e-08, 5.13e-08, 2.38, 0.45, 1e-08, 0
316699201, 10.46, 1.55e-07, 6.31e-08, 5.0, 0, 1e-08, 0
316958401, 7.56, 3.17e-08, 2.99e-08, 1.92, 0.59, 1e-08, 0
317217601, 4.81, 9.96e-08, 5.36e-08, 4.34, 3.78, 1e-08, 102
317476801, 2.62, 5.77e-08, 4.31e-08, 3.13, 0.97, 1e-08, 0
318513601, 5.89, 2.08e-08, 2.35e-08, 1.92, 0.62, 1e-08, 0
319032001, 6.77, 4.84e-08, 4.05e-08, 2.34, 0.64, 1e-08, 0
319291201, 3.65, 4.69e-08, 4.42e-08, 2.27, 0.7, 1e-08, 0
319550401, 14.54, 4.69e-08, 3.07e-08, 1.98, 0.44, 1e-08, 0
319809601, 2.86, 2.6e-08, 2.79e-08, 1.95, 0.64, 1e-08, 0
320068801, 22.52, 2.9e-08, 2e-08, 1.29, 0.4, 1e-08, 0
320328001, 7.87, 1.38e-07, 7.69e-08, 2.62, 0.51, 1e-08, 0
320587201, 5.76, 3.45e-08, 3.9e-08, 1.91, 0.63, 1e-08, 0
321105601, 6.01, 2.58e-08, 2.64e-08, 1.93, 0.65, 1e-08, 0
321364801, 15.82, 7.53e-08, 4.55e-08, 2.11, 0.42, 1e-08, 0
321624001, 1.91, 2.76e-08, 4.26e-08, 2.69, 1.38, 1e-08, 0
322142401, 14.66, 2.47e-09, 2.5e-09, 0.0, 0, 1e-08, 0
322401601, 3.47, 4.56e-09, 6.74e-09, 1.29, 0.81, 1e-08, 0
323438401, 5.11, 4.36e-08, 3.81e-08, 2.25, 0.64, 1e-08, 0
323697601, 4.83, 1.08e-07, 6.1e-08, 4.13, 1.13, 1e-08, 0
323956801, 15.52, 8.27e-09, 1.3e-08, 0.75, 1.03, 1e-08, 0
324475201, 11.18, 1.68e-07, 8.62e-08, 2.92, 0.55, 1e-08, 0
324993601, 1.59, 5.09e-08, 6.03e-08, 2.49, 0.86, 1e-08, 0
325252801, 3.27, 5.29e-08, 5.61e-08, 2.57, 0.87, 1e-08, 0
325771201, 9.51, 9.3e-08, 5.41e-08, 2.66, 0.54, 1e-08, 0
326030401, 5.03, 9.7e-08, 7.29e-08, 3.82, 10.1, 1e-08, 0
326548801, 1.54, 4.55e-08, 4.25e-08, 3.48, 6.87, 1e-08, 102
326808001, 12.04, 3.52e-08, 2.04e-08, 1.86, 0.39, 1e-08, 0
327067201, 2.26, 1.79e-08, 2.18e-08, 2.12, 0.75, 1e-08, 0
327326401, 6.5, 5.83e-09, 5.45e-09, 0.97, 0.65, 1e-08, 0
327585601, 7.27, 1.85e-08, 1.67e-08, 1.89, 0.56, 1e-08, 0
327844801, 9.83, 4.08e-08, 5.68e-08, 2.08, 0.84, 1e-08, 0
328104001, 7.48, 5.44e-08, 4.24e-08, 2.41, 0.66, 1e-08, 0
328363201, 1.68, 5.78e-08, 5.64e-08, 3.21, 1.29, 1e-08, 0
329400001, 1.59, 3.96e-08, 4.52e-08, 2.2, 0.77, 1e-08, 0
329659201, 1.77, 3.88e-09, 5.09e-09, 0.52, 0.89, 1e-08, 0
329918401, 7.71, 6.24e-09, 8.18e-09, 0.96, 0.77, 1e-08, 0
330436801, 11.2, 1.78e-08, 1.32e-08, 1.33, 0.43, 1e-08, 0
330696001, 7.04, 2.98e-08, 2.14e-08, 1.84, 0.46, 1e-08, 0
330955201, 9.74, 3.2e-08, 2.54e-08, 1.66, 0.44, 1e-08, 0
331214401, 4.31, 3.79e-08, 3.62e-08, 2.47, 0.83, 1e-08, 0
331473601, 9.48, 2.58e-08, 2.78e-08, 1.94, 0.72, 1e-08, 0
331732801, 20.37, 7.37e-09, 7.12e-09, 0.96, 0.56, 1e-08, 0
331992001, 17.3, 7.44e-09, 6.17e-09, 0.87, 0.52, 1e-08, 0
332251201, 2.69, 6.87e-08, 5.81e-08, 5.0, 0, 1e-08, 0
332510401, 2.24, 3.25e-08, 3.25e-08, 2.53, 0.87, 1e-08, 0
333547201, 4.55, 4.76e-08, 6.33e-08, 2.23, 0.93, 1e-08, 0
333806401, 1.9, 3.93e-08, 3.8e-08, 2.2, 0.74, 1e-08, 0
334065601, 1.44, 5.07e-08, 5.44e-08, 2.75, 0.89, 1e-08, 0
334324801, 5.96, 3.04e-08, 2.89e-08, 1.87, 0.54, 1e-08, 0
335361601, 2.19, 1.04e-08, 1.45e-08, 1.59, 0.75, 1e-08, 0
335880001, 16.88, 7.7e-09, 5.92e-09, 1.04, 0.47, 1e-08, 0
336139201, 5.54, 1.21e-08, 1.73e-08, 1.72, 0.8, 1e-08, 0
336398401, 4.16, 1.16e-08, 1.83e-08, 1.82, 0.91, 1e-08, 0
336916801, 1.12, 6.62e-09, 9.38e-09, 1.58, 0.73, 1e-08, 0
337435201, 3.0, 1.11e-07, 9.41e-08, 5.0, 0, 1e-08, 0
337694401, 1.64, 4.21e-08, 5.88e-08, 2.6, 1.28, 1e-08, 0
337953601, 20.14, 7.68e-08, 5.33e-08, 2.06, 0.47, 1e-08, 0
338472001, 7.64, 2.81e-08, 2.73e-08, 1.64, 0.54, 1e-08, 0
338731201, 2.99, 1.33e-07, 2.64e-06, 4.68, 5.09, 1e-08, 102
338990401, 6.69, 4.18e-08, 3.46e-08, 1.72, 0.52, 1e-08, 0
339508801, 3.96, 6.88e-09, 8.81e-09, 1.22, 0.75, 1e-08, 0
340027201, 3.23, 4.63e-08, 3.6e-08, 2.51, 0.64, 1e-08, 0
340286401, 1.17, 4.03e-08, 6.15e-08, 3.67, 8.16, 1e-08, 102
340545601, 8.9, 8.25e-08, 4.23e-08, 2.87, 0.55, 1e-08, 0
341323201, 2.33, 5.71e-08, 1.89e-07, 3.91, 0.89, 1e-08, 0
341582401, 4.07, 2.47e-08, 2.68e-08, 2.19, 0.74, 1e-08, 0
341841601, 26.97, 8.55e-09, 5.97e-09, 0.68, 0.46, 1e-08, 0
342100801, 5.23, 1.63e-08, 1.54e-08, 1.44, 0.53, 1e-08, 0
342360001, 3.38, 2.41e-08, 2.56e-08, 2.28, 0.85, 1e-08, 0
342878401, 4.81, 2.59e-08, 2.32e-08, 1.65, 0.52, 1e-08, 0
343396801, 17.39, 2.3e-08, 1.54e-08, 0.92, 0.38, 1e-08, 0
344174401, 2.21, 9.53e-09, 1.67e-08, 1.28, 0.87, 1e-08, 0
344692801, 1.28, 4.71e-08, 2.23e-07, 4.89, 1.2, 1e-08, 0
344952001, 3.88, 7.53e-08, 4.67e-08, 4.32, 4.21, 1e-08, 102
346248001, 1.04, 4.55e-09, 7.83e-09, 1.61, 0.96, 1e-08, 0
346507201, 4.25, 4.28e-09, 5.13e-09, 1.13, 0.69, 1e-08, 0
347803201, 3.96, 8.55e-09, 1.3e-08, 1.15, 0.83, 1e-08, 0
348321601, 3.91, 4.89e-08, 4.25e-08, 2.25, 0.62, 1e-08, 0
348840001, 7.13, 7.59e-09, 1.05e-08, 1.27, 0.78, 1e-08, 0
349099201, 5.65, 9.09e-09, 1.16e-08, 1.5, 0.7, 1e-08, 0
349358401, 10.17, 3.23e-09, 3.41e-09, 0.58, 0.73, 1e-08, 0
349617601, 2.66, 2.45e-08, 2.93e-08, 2.11, 0.83, 1e-08, 0
350136001, 4.36, 3.47e-08, 2.6e-08, 2.37, 0.58, 1e-08, 0
350395201, 8.6, 2.58e-08, 2.39e-08, 1.94, 0.62, 1e-08, 0
350654401, 14.88, 5.01e-08, 2.94e-08, 1.98, 0.4, 1e-08, 0
350913601, 6.08, 1.21e-08, 1.3e-08, 1.51, 0.55, 1e-08, 0
351172801, 7.72, 8.09e-08, 4.9e-08, 2.51, 0.71, 1e-08, 0
351432001, 17.35, 5.59e-08, 3.02e-08, 1.76, 0.34, 1e-08, 0
351691201, 1.55, 5.6e-08, 5.22e-08, 3.42, 7.25, 1e-08, 102
351950401, 1.18, 6.95e-08, 7.46e-08, 5.0, 0, 1e-08, 0
352209601, 1.95, 9.6e-08, 8.51e-08, 4.26, 2.12, 1e-08, 0
353246401, 1.17, 5.71e-08, 9.49e-08, 3.37, 8.8, 1e-08, 102
353764801, 4.33, 6.36e-08, 4.44e-08, 2.65, 0.72, 1e-08, 0
354024001, 7.01, 5.63e-08, 3.63e-08, 2.32, 0.55, 1e-08, 0
354801601, 8.73, 3.84e-09, 5.47e-09, 1.1, 0.86, 1e-08, 0
355060801, 1.8, 2.06e-08, 2.56e-08, 2.01, 0.73, 1e-08, 0
355320001, 3.38, 5.59e-08, 3.78e-08, 5.0, 0, 1e-08, 0
355579201, 3.75, 1.4e-08, 1.38e-08, 1.8, 0.6, 1e-08, 0
355838401, 4.08, 1.46e-08, 1.66e-08, 1.7, 0.63, 1e-08, 0
356097601, 11.06, 1.47e-07, 8.39e-08, 3.49, 1.55, 1e-08, 0
356875201, 33.53, 5.68e-08, 3.66e-08, 1.56, 0.37, 1e-08, 0
357134401, 8.09, 5.12e-08, 7.16e-08, 2.12, 1.02, 1e-08, 0
358430401, 15.4, 3.81e-09, 3.96e-09, 0.42, 0.85, 1e-08, 0
358689601, 5.03, 6.39e-08, 5.02e-08, 2.84, 1.09, 1e-08, 0
358948801, 6.84, 2.09e-08, 1.64e-08, 1.67, 0.52, 1e-08, 0
359208001, 3.72, 5.15e-08, 4.01e-08, 2.81, 0.88, 1e-08, 0
359467201, 11.33, 2.42e-08, 2.03e-08, 1.64, 0.53, 1e-08, 0
359726401, 8.72, 3.02e-09, 3.09e-09, 0.59, 0.65, 1e-08, 0
359985601, 8.01, 4.88e-08, 3e-08, 2.47, 0.6, 1e-08, 0
360244801, 9.7, 3.75e-08, 2.6e-08, 1.89, 0.47, 1e-08, 0
360504001, 4.82, 6.27e-09, 7.95e-09, 1.21, 0.71, 1e-08, 0
361281601, 19.0, 1.56e-08, 1.21e-08, 0.98, 0.43, 1e-08, 0
361540801, 2.12, 9.85e-08, 8.63e-08, 3.27, 1.03, 1e-08, 0
361800001, 2.86, 2.2e-08, 2.48e-08, 1.85, 0.66, 1e-08, 0
362059201, 16.49, 3.94e-08, 2.82e-08, 1.58, 0.43, 1e-08, 0
362318401, 9.28, 4.85e-08, 2.95e-08, 1.98, 0.41, 1e-08, 0
362836801, 31.11, 7.83e-08, 3.88e-08, 1.95, 0.35, 1e-08, 0
363096001, 21.91, 1.12e-07, 5.49e-08, 2.07, 0.35, 1e-08, 0
363614401, 4.41, 2.1e-08, 1.87e-08, 2.14, 0.63, 1e-08, 0
363873601, 8.75, 2.74e-08, 2.37e-08, 2.03, 0.58, 1e-08, 0
364132801, 23.33, 9.04e-08, 4.34e-08, 2.34, 0.43, 1e-08, 0
364392001, 32.63, 4.21e-08, 2.39e-08, 1.53, 0.31, 1e-08, 0
364651201, 2.42, 1.77e-08, 1.96e-08, 2.11, 0.75, 1e-08, 0
364910401, 3.5, 4.92e-08, 3.84e-08, 2.37, 0.65, 1e-08, 0
366206401, 12.05, 8.43e-08, 5.85e-08, 2.27, 0.54, 1e-08, 0
366465601, 13.88, 5.65e-08, 3.45e-08, 1.78, 0.37, 1e-08, 0
366724801, 13.75, 1.63e-08, 1.62e-08, 1.07, 0.56, 1e-08, 0
366984001, 18.03, 8.31e-08, 3.89e-08, 1.99, 0.34, 1e-08, 0
367243201, 22.82, 1.59e-08, 1.33e-08, 1.01, 0.48, 1e-08, 0
367502401, 20.68, 6.14e-08, 3.42e-08, 1.86, 0.34, 1e-08, 0
367761601, 16.79, 4.59e-08, 3.68e-08, 1.82, 0.47, 1e-08, 0
368280001, 1.22, 6.18e-09, 9.23e-09, 1.39, 0.66, 1e-08, 0
368539201, 7.09, 1e-07, 4.82e-08, 3.15, 1.51, 1e-08, 0
368798401, 14.43, 1.68e-08, 1.12e-08, 1.25, 0.36, 1e-08, 0
369057601, 1.64, 8.24e-09, 1.13e-08, 1.32, 0.76, 1e-08, 0
369576001, 13.64, 2.72e-08, 2.16e-08, 1.51, 0.42, 1e-08, 0
369835201, 11.67, 3.73e-08, 3.31e-08, 1.97, 0.57, 1e-08, 0
370094401, 4.93, 3.23e-08, 3.09e-08, 1.77, 0.56, 1e-08, 0
371131201, 1.5, 6.53e-08, 6.78e-08, 3.01, 1.05, 1e-08, 0
371649601, 6.06, 4.47e-08, 2.94e-08, 1.72, 0.4, 1e-08, 0
372168001, 9.62, 1.29e-08, 1.62e-08, 1.34, 0.66, 1e-08, 0
372686401, 12.09, 5.65e-09, 4.53e-09, 0.42, 0.69, 1e-08, 0
372945601, 5.69, 5.51e-08, 3.71e-08, 2.81, 0.66, 1e-08, 0
373982401, 2.29, 4.53e-08, 4.15e-08, 2.93, 0.87, 1e-08, 0
374241601, 9.62, 2.31e-08, 1.7e-08, 1.55, 0.43, 1e-08, 0
374500801, 18.41, 1.13e-07, 6.01e-08, 2.3, 0.47, 1e-08, 0
374760001, 1.09, 5.47e-08, 6.33e-08, 3.1, 1.83, 1e-08, 0
375019201, 1.96, 1.71e-08, 2.21e-08, 1.67, 0.69, 1e-08, 0
375537601, 5.35, 2.01e-07, 1.1e-07, 5.0, 0, 1e-08, 0
376056001, 8.91, 3.96e-08, 3.09e-08, 1.63, 0.46, 1e-08, 0
376574401, 6.41, 4.3e-08, 5.15e-08, 2.17, 0.76, 1e-08, 0
376833601, 1.19, 6.04e-08, 6.37e-08, 5.0, 0, 1e-08, 0
378129601, 2.08, 1.14e-08, 1.83e-08, 1.92, 0.94, 1e-08, 0
378388801, 1.3, 1.05e-08, 1.68e-08, 2.05, 0.98, 1e-08, 0
378648001, 12.58, 9.46e-08, 4.93e-08, 2.39, 0.44, 1e-08, 0
378907201, 6.53, 1.49e-08, 1.69e-08, 1.57, 0.63, 1e-08, 0
379166401, 3.37, 3.65e-08, 4.56e-08, 2.04, 0.82, 1e-08, 0
379425601, 34.25, 5.17e-08, 2.89e-08, 1.37, 0.31, 1e-08, 0
380203201, 7.51, 1.27e-08, 1.24e-08, 0.91, 0.58, 1e-08, 0
380462401, 5.47, 1.25e-07, 8.01e-08, 3.3, 1.04, 1e-08, 0
380721601, 2.79, 1.34e-08, 1.54e-08, 1.29, 0.66, 1e-08, 0
381240001, 18.52, 6.27e-08, 3.57e-08, 2.02, 0.39, 1e-08, 0
381499201, 2.11, 5.98e-08, 4.83e-08, 2.98, 0.88, 1e-08, 0
381758401, 8.84, 4.24e-09, 5.59e-09, 0.98, 0.76, 1e-08, 0
382017601, 1.74, 2.19e-08, 3.36e-08, 2.39, 1.3, 1e-08, 0
382276801, 2.06, 4.79e-08, 4.11e-08, 3.48, 6.19, 1e-08, 102
382795201, 3.12, 1.24e-08, 1.3e-08, 1.82, 0.62, 1e-08, 0
383572801, 1.32, 1.57e-08, 1.99e-08, 2.06, 0.79, 1e-08, 0
384091201, 14.95, 4.72e-08, 3.77e-08, 1.9, 0.48, 1e-08, 0
384350401, 7.86, 9.52e-08, 7.25e-08, 2.5, 0.63, 1e-08, 0
384609601, 3.71, 1.06e-08, 1.36e-08, 1.34, 0.69, 1e-08, 0
384868801, 3.61, 2.54e-08, 3.45e-08, 1.85, 0.85, 1e-08, 0
385905601, 3.53, 5.91e-09, 8.21e-09, 1.33, 0.8, 1e-08, 0
386424001, 9.31, 5.25e-08, 3.67e-08, 2.38, 0.56, 1e-08, 0
386942401, 4.19, 1.48e-08, 1.43e-08, 1.61, 0.53, 1e-08, 0
387201601, 9.11, 2.69e-09, 2.84e-09, 0.65, 0.69, 1e-08, 0
388497601, 4.93, 7.28e-08, 5.51e-08, 2.47, 0.6, 1e-08, 0
388756801, 6.5, 4.08e-08, 4.74e-08, 1.77, 0.81, 1e-08, 0
389016001, 3.23, 1.07e-07, 8.01e-08, 3.23, 1.16, 1e-08, 0
389275201, 12.35, 6.67e-09, 7.13e-09, 0.45, 0.75, 1e-08, 0
389793601, 3.42, 2.84e-08, 3.04e-08, 1.87, 0.61, 1e-08, 0
390052801, 30.74, 7.51e-09, 5.38e-09, 0.0, 0, 1e-08, 0
391089601, 6.15, 1.42e-08, 1.45e-08, 1.54, 0.56, 1e-08, 0
391348801, 1.59, 9.02e-09, 1.22e-08, 1.56, 0.69, 1e-08, 0
391608001, 6.66, 2.04e-08, 1.49e-08, 1.54, 0.42, 1e-08, 0
391867201, 2.21, 4.76e-08, 3.72e-08, 3.17, 1.73, 1e-08, 0
392126401, 7.92, 4.51e-08, 2.67e-08, 2.24, 0.45, 1e-08, 0
392385601, 7.94, 2.76e-08, 2.61e-08, 1.93, 0.54, 1e-08, 0
392644801, 5.92, 3.47e-08, 2.8e-08, 2.15, 0.56, 1e-08, 0
392904001, 4.87, 5.74e-08, 4.16e-08, 2.47, 0.72, 1e-08, 0
393681601, 7.46, 7.21e-09, 8.9e-09, 1.07, 0.71, 1e-08, 0
393940801, 3.1, 1.35e-07, 9.58e-08, 5.0, 0, 1e-08, 0
394200001, 1.74, 1.07e-07, 9.69e-08, 5.0, 0, 1e-08, 0
394459201, 4.59, 2.67e-08, 2.78e-08, 1.88, 0.64, 1e-08, 0
394718401, 6.65, 9.68e-08, 6.72e-08, 2.94, 0.69, 1e-08, 0
395236801, 12.12, 4.16e-08, 3.69e-08, 2.04, 0.62, 1e-08, 0
395496001, 4.25, 3.23e-08, 3.18e-08, 2.2, 0.66, 1e-08, 0
396014401, 9.95, 2.75e-08, 3.09e-08, 1.94, 0.68, 1e-08, 0
396792001, 2.85, 5.92e-09, 8.18e-09, 0.98, 0.82, 1e-08, 0
397051201, 4.64, 2.11e-08, 2.44e-08, 2.0, 0.77, 1e-08, 0
397310401, 18.21, 3.11e-09, 3.15e-09, 0.08, 0.97, 1e-08, 0
397569601, 7.34, 4.78e-08, 3.82e-08, 2.15, 0.54, 1e-08, 0
398347201, 2.18, 3.51e-08, 3.96e-08, 1.94, 0.72, 1e-08, 0
399124801, 8.03, 2.71e-07, 1.28e-07, 3.87, 1.51, 1e-08, 0
399384001, 2.31, 6.23e-08, 5.89e-08, 2.49, 0.82, 1e-08, 0
399902401, 7.78, 2.92e-08, 2.91e-08, 1.67, 0.63, 1e-08, 0
400161601, 3.03, 3.55e-08, 3.07e-08, 2.44, 0.71, 1e-08, 0
401457601, 21.32, 2.13e-08, 1.34e-08, 1.27, 0.35, 1e-08, 0
401716801, 14.06, 3.79e-08, 2.3e-08, 1.93, 0.42, 1e-08, 0
401976001, 1.62, 2.64e-08, 4.35e-08, 2.41, 1.2, 1e-08, 0
402235201, 1.1, 4.02e-08, 4.94e-08, 3.0, 1.5, 1e-08, 0
402494401, 16.88, 4.71e-08, 2.86e-08, 1.73, 0.38, 1e-08, 0
402753601, 8.66, 2.34e-08, 3.73e-08, 1.63, 0.86, 1e-08, 0
403272001, 2.26, 4.98e-08, 5.31e-08, 2.71, 0.91, 1e-08, 0
403531201, 1.55, 2.25e-08, 3.6e-08, 2.45, 1.21, 1e-08, 0
403790401, 1.84, 1.1e-07, 9.91e-08, 5.0, 0, 1e-08, 0
405086401, 2.69, 4.7e-08, 3.64e-08, 4.29, 5.36, 1e-08, 102
405345601, 8.76, 2.18e-08, 1.69e-08, 1.66, 0.44, 1e-08, 0
405864001, 26.37, 4.19e-08, 2.39e-08, 1.75, 0.34, 1e-08, 0
406123201, 1.86, 3.39e-08, 3.39e-08, 2.51, 0.84, 1e-08, 0
406382401, 1.39, 6.65e-09, 9.96e-09, 1.48, 0.76, 1e-08, 0
406641601, 1.66, 6.85e-09, 1.04e-08, 1.77, 0.98, 1e-08, 0
406900801, 5.42, 1.3e-07, 7.69e-08, 4.54, 3.82, 1e-08, 102
407678401, 4.03, 1.27e-07, 8.37e-08, 3.1, 0.83, 1e-08, 0
407937601, 3.49, 2.97e-08, 3.57e-08, 2.12, 0.72, 1e-08, 0
408196801, 30.95, 3.43e-08, 2.12e-08, 1.46, 0.33, 1e-08, 0
408456001, 1.61, 4.72e-08, 4.7e-08, 3.2, 2.4, 1e-08, 0
408974401, 9.19, 4.69e-08, 3.12e-08, 2.34, 0.51, 1e-08, 0
409492801, 2.9, 2.7e-08, 2.77e-08, 2.04, 0.67, 1e-08, 0
409752001, 4.74, 4.72e-08, 3.79e-08, 2.34, 0.63, 1e-08, 0
410011201, 7.48, 6.55e-08, 3.56e-08, 2.56, 0.56, 1e-08, 0
410270401, 2.32, 5.65e-08, 4.3e-08, 4.06, 5.7, 1e-08, 102
410788801, 3.03, 3.24e-08, 3.23e-08, 2.08, 0.67, 1e-08, 0
411048001, 5.41, 3.7e-08, 2.88e-08, 2.16, 0.59, 1e-08, 0
411825601, 3.59, 4.54e-08, 4.24e-08, 2.18, 0.75, 1e-08, 0
412084801, 7.0, 1.05e-08, 1.35e-08, 1.28, 0.76, 1e-08, 0
412344001, 1.08, 1.87e-07, 2.23e-07, 3.56, 1.75, 1e-08, 0
413380801, 4.46, 1.08e-08, 1.7e-08, 1.41, 0.9, 1e-08, 0
414676801, 5.16, 1.16e-08, 1.1e-08, 1.75, 0.61, 1e-08, 0
415713601, 2.25, 6.52e-08, 5.47e-08, 3.8, 5.93, 1e-08, 102
417528001, 2.68, 1.94e-08, 2.72e-08, 1.95, 0.97, 1e-08, 0
417787201, 1.44, 7.31e-08, 7.48e-08, 3.98, 4.95, 1e-08, 0
418305601, 5.11, 8.86e-08, 5.04e-08, 5.0, 0, 1e-08, 0
418824001, 3.43, 4.66e-08, 3.68e-08, 2.69, 0.77, 1e-08, 0
419083201, 6.67, 2.59e-08, 1.94e-08, 1.93, 0.5, 1e-08, 0
419342401, 1.07, 2.62e-08, 3.34e-08, 2.78, 1.37, 1e-08, 0
419860801, 7.28, 1.08e-07, 5.22e-08, 3.96, 0.94, 1e-08, 0
421156801, 5.84, 2.23e-08, 2.38e-08, 1.44, 0.57, 1e-08, 0
421416001, 1.1, 7.11e-08, 8.08e-08, 5.0, 0, 1e-08, 0
421934401, 4.23, 1.25e-07, 7.81e-08, 3.41, 1.7, 1e-08, 0
422712001, 1.05, 8.33e-09, 1.29e-08, 1.55, 0.72, 1e-08, 0
422971201, 7.38, 1.57e-08, 1.75e-08, 1.7, 0.62, 1e-08, 0
423230401, 17.79, 8.11e-09, 8.01e-09, 0.9, 0.63, 1e-08, 0
423489601, 6.83, 1.86e-08, 2.1e-08, 1.85, 0.66, 1e-08, 0
424267201, 1.86, 4.54e-08, 4.35e-08, 3.03, 1.29, 1e-08, 0
424526401, 2.73, 4.81e-08, 3.77e-08, 3.11, 1.22, 1e-08, 0
424785601, 12.64, 4.72e-09, 5.56e-09, 0.69, 0.82, 1e-08, 0
425044801, 3.52, 5.37e-08, 4.95e-08, 2.44, 0.79, 1e-08, 0
426340801, 7.58, 9.81e-08, 5.78e-08, 2.76, 0.56, 1e-08, 0
426600001, 5.3, 2.08e-08, 2.11e-08, 1.74, 0.65, 1e-08, 0
427118401, 2.28, 5.69e-08, 5.09e-08, 2.86, 1.12, 1e-08, 0
428155201, 14.5, 4.46e-08, 2.93e-08, 1.79, 0.42, 1e-08, 0
428673601, 15.01, 3.8e-08, 2.37e-08, 1.84, 0.42, 1e-08, 0
428932801, 14.79, 6.69e-08, 3.29e-08, 2.04, 0.32, 1e-08, 0
429192001, 6.25, 9.08e-08, 5.53e-08, 2.92, 0.69, 1e-08, 0
429451201, 10.31, 5.21e-08, 3.77e-08, 2.07, 0.53, 1e-08, 0
429710401, 14.53, 6.3e-08, 3.58e-08, 1.95, 0.38, 1e-08, 0
429969601, 14.25, 7.28e-08, 5.22e-08, 1.86, 0.44, 1e-08, 0
430228801, 2.31, 3.79e-08, 4.3e-08, 1.98, 0.71, 1e-08, 0
430488001, 1.17, 6.59e-08, 3.8e-07, 3.68, 1.6, 1e-08, 0
430747201, 3.15, 4.62e-08, 5.69e-08, 2.34, 0.89, 1e-08, 0
431265601, 4.28, 3.15e-08, 3.97e-08, 1.99, 0.76, 1e-08, 0
431524801, 12.5, 1.86e-07, 8.5e-08, 2.64, 0.49, 1e-08, 0
431784001, 39.87, 1.47e-08, 8.79e-09, 0.67, 0.4, 1e-08, 0
432043201, 6.85, 6.79e-08, 4.92e-08, 2.57, 0.67, 1e-08, 0
432302401, 15.13, 8.03e-08, 4.69e-08, 2.11, 0.42, 1e-08, 0
432561601, 2.49, 1.46e-08, 2.02e-08, 1.55, 0.76, 1e-08, 0
432820801, 3.08, 2.88e-08, 2.49e-08, 2.16, 0.59, 1e-08, 0
433080001, 9.89, 3.44e-08, 2.44e-08, 2.0, 0.48, 1e-08, 0
433339201, 25.39, 5.78e-08, 3.03e-08, 1.79, 0.33, 1e-08, 0
433598401, 32.14, 9.75e-08, 4.96e-08, 2.01, 0.36, 1e-08, 0
433857601, 13.04, 4.66e-08, 3.22e-08, 2.07, 0.47, 1e-08, 0
434635201, 10.69, 8.42e-08, 5.8e-08, 2.28, 0.54, 1e-08, 0
434894401, 11.6, 1.1e-07, 5.82e-08, 2.0, 0.41, 1e-08, 0
435153601, 24.59, 1.05e-07, 6.31e-08, 1.82, 0.36, 1e-08, 0
435412801, 6.4, 1.53e-07, 8.69e-08, 2.57, 0.56, 1e-08, 0
435672001, 7.05, 6.18e-08, 6.23e-08, 2.09, 0.69, 1e-08, 0
436190401, 15.16, 1.68e-08, 2.64e-08, 1.27, 0.83, 1e-08, 0
436449601, 4.32, 3.39e-08, 3.07e-08, 2.23, 0.73, 1e-08, 0
437227201, 2.6, 6.63e-09, 8.48e-09, 1.48, 0.72, 1e-08, 0
437486401, 2.42, 1.67e-08, 1.68e-08, 1.77, 0.59, 1e-08, 0
437745601, 6.52, 4.04e-08, 3.38e-08, 2.21, 0.69, 1e-08, 0
438004801, 8.9, 7.51e-08, 3.71e-08, 2.74, 0.5, 1e-08, 0
438264001, 2.92, 8.93e-09, 1.23e-08, 1.65, 0.76, 1e-08, 0
438523201, 6.91, 4.41e-08, 3.54e-08, 2.25, 0.58, 1e-08, 0
439041601, 1.01, 1.54e-08, 2.16e-08, 1.83, 0.81, 1e-08, 0
439300801, 8.8, 4e-08, 7.88e-08, 1.96, 1.16, 1e-08, 0
439560001, 2.91, 4.19e-08, 3.67e-08, 1.66, 0.48, 1e-08, 0
439819201, 11.46, 9.07e-08, 5.72e-08, 2.09, 0.46, 1e-08, 0
440078401, 1.57, 1.02e-07, 9.72e-08, 3.3, 1.16, 1e-08, 0
440337601, 9.5, 9.84e-08, 5.36e-08, 2.17, 0.41, 1e-08, 0
440856001, 1.89, 2.07e-08, 2.7e-08, 2.16, 0.89, 1e-08, 0
441115201, 8.69, 1.94e-08, 1.86e-08, 1.82, 0.61, 1e-08, 0
441374401, 5.38, 4.51e-09, 5.5e-09, 1.17, 0.69, 1e-08, 0
441633601, 10.06, 1.01e-08, 9.09e-09, 1.33, 0.49, 1e-08, 0
441892801, 4.66, 5.69e-09, 7.31e-09, 1.31, 0.69, 1e-08, 0
442152001, 15.38, 8.38e-08, 3.7e-08, 2.36, 0.4, 1e-08, 0
442670401, 6.81, 8.13e-09, 1.16e-08, 1.58, 0.83, 1e-08, 0
442929601, 4.97, 5.9e-09, 6.28e-09, 1.04, 0.57, 1e-08, 0
443188801, 4.41, 5.79e-08, 4.31e-08, 2.67, 0.67, 1e-08, 0
443448001, 19.88, 1.18e-08, 1e-08, 1.01, 0.49, 1e-08, 0
443966401, 5.77, 1.15e-07, 8.89e-08, 3.0, 0.81, 1e-08, 0
444225601, 2.0, 2.19e-08, 4.27e-08, 2.34, 1.5, 1e-08, 0
444484801, 6.23, 4.28e-08, 4.32e-08, 2.45, 0.83, 1e-08, 0
444744001, 1.75, 5.51e-08, 7.5e-08, 2.9, 1.42, 1e-08, 0
445262401, 9.07, 1.41e-08, 1.6e-08, 1.27, 0.61, 1e-08, 0
446040001, 7.15, 4.45e-09, 4.09e-09, 0.41, 0.65, 1e-08, 0
446558401, 8.63, 2.89e-08, 2.7e-08, 1.89, 0.75, 1e-08, 0
446817601, 7.43, 1.51e-08, 1.19e-08, 1.64, 0.49, 1e-08, 0
447076801, 1.45, 1.15e-08, 1.83e-08, 1.94, 0.94, 1e-08, 0
447336001, 12.52, 6.56e-08, 4.25e-08, 2.39, 0.55, 1e-08, 0
447595201, 3.4, 8.1e-08, 5.52e-08, 3.33, 1.62, 1e-08, 0
448372801, 2.82, 8.37e-08, 6.51e-08, 3.23, 1.34, 1e-08, 0
449409601, 3.8, 1.53e-07, 1e-07, 4.77, 0.97, 1e-08, 0
450187201, 3.75, 3.94e-08, 3.62e-08, 2.38, 0.8, 1e-08, 0
450705601, 12.23, 8.91e-09, 8.51e-09, 1.06, 0.52, 1e-08, 0
451483201, 27.51, 1.43e-08, 1.04e-08, 1.05, 0.4, 1e-08, 0
451742401, 29.45, 4.04e-08, 2.17e-08, 1.52, 0.32, 1e-08, 0
452001601, 44.58, 7.45e-08, 3.35e-08, 1.73, 0.28, 1e-08, 0
452260801, 7.37, 2.56e-08, 2.06e-08, 1.73, 0.47, 1e-08, 0
452520001, 4.2, 8.76e-08, 5.37e-08, 3.04, 0.72, 1e-08, 0
452779201, 17.91, 7.56e-08, 4.13e-08, 1.87, 0.36, 1e-08, 0
453297601, 1.43, 3.84e-08, 6.18e-08, 2.03, 1.05, 1e-08, 0
453556801, 1.73, 1.07e-07, 1.09e-07, 5.0, 0, 1e-08, 0
454075201, 8.98, 5.03e-09, 5.67e-09, 0.76, 0.74, 1e-08, 0
454334401, 6.82, 1.17e-07, 6.21e-08, 2.74, 0.65, 1e-08, 0
454593601, 15.5, 3.44e-08, 2.55e-08, 1.6, 0.42, 1e-08, 0
454852801, 13.46, 1.07e-07, 5.6e-08, 2.69, 0.58, 1e-08, 0
455112001, 18.7, 6.58e-08, 3.51e-08, 2.08, 0.38, 1e-08, 0
455371201, 17.53, 3.97e-08, 2.74e-08, 1.71, 0.4, 1e-08, 0
455630401, 4.92, 5.83e-08, 3.76e-08, 2.92, 0.78, 1e-08, 0
455889601, 22.51, 3.3e-08, 1.8e-08, 1.39, 0.32, 1e-08, 0
456148801, 18.95, 5.49e-08, 3.05e-08, 1.74, 0.35, 1e-08, 0
456408001, 32.59, 7.07e-08, 3.15e-08, 1.82, 0.31, 1e-08, 0
456667201, 120.33, 1.59e-07, 4e-08, 1.7, 0.17, 1e-08, 0
456926401, 5.22, 8.03e-09, 1.27e-08, 1.23, 0.82, 1e-08, 0
457185601, 10.25, 3.19e-08, 2.98e-08, 1.69, 0.54, 1e-08, 0
457444801, 11.83, 3.61e-08, 3.18e-08, 1.65, 0.52, 1e-08, 0
457704001, 17.97, 1.57e-08, 1.57e-08, 1.1, 0.57, 1e-08, 0
457963201, 21.05, 6.56e-08, 4.94e-08, 1.82, 0.44, 1e-08, 0
458222401, 91.08, 8.48e-08, 4.34e-08, 1.33, 0.3, 1e-08, 0
458481601, 15.84, 1.94e-07, 8.2e-08, 2.74, 0.46, 1e-08, 0
458740801, 34.13, 1.63e-07, 6.2e-08, 2.21, 0.31, 1e-08, 0
459000001, 16.07, 5.48e-08, 3.34e-08, 1.89, 0.39, 1e-08, 0
459259201, 8.52, 3.06e-08, 2.94e-08, 1.83, 0.56, 1e-08, 0
459518401, 5.15, 3.63e-08, 2.78e-08, 2.07, 0.51, 1e-08, 0
459777601, 3.81, 2.57e-08, 2.29e-08, 2.27, 0.71, 1e-08, 0
460036801, 12.84, 5.28e-08, 4.48e-08, 2.19, 0.59, 1e-08, 0
460296001, 31.8, 7.99e-08, 3.5e-08, 2.02, 0.33, 1e-08, 0
460555201, 5.09, 1.96e-08, 1.82e-08, 1.95, 0.6, 1e-08, 0
460814401, 7.05, 1.02e-07, 4.72e-08, 4.7, 3.31, 1e-08, 102
461073601, 13.35, 1.46e-07, 5.5e-08, 3.12, 0.7, 1e-08, 0
461332801, 7.54, 3.59e-08, 2.68e-08, 2.2, 0.58, 1e-08, 0
461592001, 1.09, 2.38e-08, 2.83e-08, 2.53, 0.95, 1e-08, 0
461851201, 3.59, 6.98e-09, 9.1e-09, 1.3, 0.72, 1e-08, 0
462110401, 7.3, 1.45e-08, 2.34e-08, 1.52, 0.81, 1e-08, 0
462369601, 14.39, 1.16e-07, 6.58e-08, 2.61, 0.54, 1e-08, 0
462628801, 2.06, 5.47e-08, 1.3e-07, 2.62, 3.32, 1e-08, 0
462888001, 1.05, 5.44e-08, 1.74e-07, 3.48, 10.5, 1e-08, 102
463147201, 4.84, 6.23e-08, 4.29e-08, 2.11, 0.51, 1e-08, 0
463406401, 5.88, 1.36e-08, 1.4e-08, 1.32, 0.58, 1e-08, 0
463665601, 19.63, 1.16e-07, 4.83e-08, 2.36, 0.36, 1e-08, 0
463924801, 6.76, 7.9e-09, 7.28e-09, 0.85, 0.63, 1e-08, 0
464184001, 24.25, 2.36e-08, 1.38e-08, 1.08, 0.33, 1e-08, 0
464702401, 1.29, 3.43e-08, 3.72e-08, 3.36, 8.09, 1e-08, 102
464961601, 5.41, 4.22e-08, 3.7e-08, 2.62, 0.81, 1e-08, 0
465220801, 12.38, 8.51e-09, 7.87e-09, 1.18, 0.49, 1e-08, 0
465480001, 17.11, 6.92e-09, 5.56e-09, 0.9, 0.48, 1e-08, 0
465998401, 15.78, 5.77e-08, 2.96e-08, 1.93, 0.34, 1e-08, 0
468331201, 1.88, 7.12e-08, 5.66e-08, 3.7, 6.1, 1e-08, 102
469108801, 2.03, 5.52e-08, 4.86e-07, 4.56, 2.28, 1e-08, 0
469368001, 5.84, 2.52e-08, 1.83e-08, 1.81, 0.43, 1e-08, 0
470404801, 1.63, 1.21e-08, 1.56e-08, 1.95, 0.82, 1e-08, 0
470664001, 7.24, 9.46e-09, 8.92e-09, 0.98, 0.5, 1e-08, 0
470923201, 1.55, 4.96e-08, 4.71e-08, 2.74, 0.9, 1e-08, 0
471182401, 5.02, 4e-09, 4.16e-09, 0.14, 0.92, 1e-08, 0
471441601, 47.37, 4.54e-08, 3.24e-08, 1.2, 0.4, 1e-08, 0
471700801, 3.53, 1.03e-07, 8.82e-08, 2.95, 0.88, 1e-08, 0
471960001, 1.29, 7.93e-08, 8.47e-08, 3.42, 0.94, 1e-08, 0
472478401, 9.11, 4.33e-08, 4.34e-08, 1.92, 0.58, 1e-08, 0
472996801, 7.16, 9.92e-09, 1.12e-08, 1.35, 0.66, 1e-08, 0
473256001, 1.58, 8.69e-09, 1.23e-08, 1.69, 0.82, 1e-08, 0
474552001, 8.01, 5.84e-09, 7.87e-09, 1.28, 0.72, 1e-08, 0
474811201, 17.85, 3.39e-08, 1.99e-08, 1.63, 0.35, 1e-08, 0
475329601, 7.67, 1.57e-08, 1.51e-08, 1.58, 0.57, 1e-08, 0
475588801, 2.85, 1.42e-08, 2.3e-08, 1.75, 0.91, 1e-08, 0
475848001, 8.91, 4.43e-08, 3.49e-08, 1.86, 0.5, 1e-08, 0
476107201, 2.28, 8.99e-08, 7.3e-08, 3.22, 1.05, 1e-08, 0
476366401, 3.76, 2.54e-08, 3.77e-08, 2.0, 0.91, 1e-08, 0
476884801, 2.26, 3.49e-08, 4.26e-08, 2.15, 0.78, 1e-08, 0
477144001, 5.03, 7.92e-08, 5.57e-08, 2.78, 0.73, 1e-08, 0
477403201, 13.8, 6.9e-09, 5.81e-09, 0.63, 0.57, 1e-08, 0
477662401, 1.88, 3.22e-08, 3.38e-08, 2.4, 0.81, 1e-08, 0
477921601, 4.92, 8.86e-08, 6.92e-08, 5.0, 0, 1e-08, 0
478180801, 2.46, 4.29e-09, 6.2e-09, 1.25, 0.79, 1e-08, 0
478440001, 15.49, 6.21e-08, 2.83e-08, 2.08, 0.36, 1e-08, 0
478699201, 6.36, 6.23e-08, 3.74e-08, 3.07, 0.82, 1e-08, 0
479217601, 4.03, 2.79e-08, 2.28e-08, 2.16, 0.62, 1e-08, 0
479476801, 16.37, 4.17e-08, 2.85e-08, 1.89, 0.44, 1e-08, 0
479736001, 16.63, 6.38e-08, 3.82e-08, 2.1, 0.45, 1e-08, 0
479995201, 1.03, 3.2e-08, 3.73e-08, 2.43, 0.81, 1e-08, 0
480254401, 3.71, 1.27e-07, 8.08e-08, 5.0, 0, 1e-08, 0
480513601, 4.62, 7.59e-08, 7.2e-08, 2.65, 0.99, 1e-08, 0
481291201, 4.94, 1.26e-07, 2.12e-07, 2.88, 2.21, 1e-08, 0
481550401, 1.42, 3.81e-08, 5.45e-08, 2.91, 1.59, 1e-08, 0
482328001, 13.17, 2.67e-08, 2.05e-08, 1.65, 0.46, 1e-08, 0
482846401, 11.29, 2.7e-08, 1.96e-08, 1.62, 0.41, 1e-08, 0
483105601, 3.43, 5.75e-08, 3.98e-08, 3.48, 1.62, 1e-08, 0
483364801, 7.57, 6.3e-09, 7.32e-09, 1.31, 0.59, 1e-08, 0
483624001, 2.6, 6.9e-08, 5.12e-08, 5.0, 0, 1e-08, 0
483883201, 3.2, 5.97e-08, 4.82e-08, 2.58, 0.79, 1e-08, 0
484142401, 4.17, 2.97e-08, 3.01e-08, 2.42, 0.75, 1e-08, 0
484401601, 11.17, 2.24e-08, 1.68e-08, 1.55, 0.43, 1e-08, 0
484660801, 7.2, 3.5e-08, 2.9e-08, 1.58, 0.51, 1e-08, 0
484920001, 19.67, 4.93e-09, 4.88e-09, 0.0, 0, 1e-08, 0
485438401, 5.23, 1.47e-07, 9.71e-08, 2.99, 0.74, 1e-08, 0
485697601, 14.73, 6.23e-08, 4.35e-08, 1.9, 0.45, 1e-08, 0
486216001, 21.3, 1.96e-08, 1.36e-08, 1.07, 0.39, 1e-08, 0
486475201, 28.29, 3.03e-08, 2.02e-08, 1.08, 0.38, 1e-08, 0
486734401, 1.0, NaN, NaN, NaN, NaN, 1e-08, 0
486993601, 1.67, 9.22e-09, 1.47e-08, 1.82, 0.91, 1e-08, 0
487512001, 3.77, 3.06e-08, 2.39e-08, 2.1, 0.54, 1e-08, 0
487771201, 1.38, 3.4e-08, 3.65e-08, 2.83, 1.37, 1e-08, 0
488030401, 9.49, 6.96e-08, 3.96e-08, 2.71, 0.65, 1e-08, 0
488289601, 3.18, 2.36e-08, 2.68e-08, 2.15, 0.78, 1e-08, 0
488548801, 9.77, 1.33e-08, 1.69e-08, 1.41, 0.65, 1e-08, 0
488808001, 1.63, 1.65e-08, 2.13e-08, 2.12, 0.91, 1e-08, 0
489326401, 3.77, 2.34e-08, 2.5e-08, 1.73, 0.61, 1e-08, 0
489585601, 1.59, 9.3e-08, 8.6e-08, 5.0, 0, 1e-08, 0
489844801, 3.49, 4.32e-08, 4e-08, 2.26, 0.66, 1e-08, 0
490104001, 8.21, 4.89e-08, 4.14e-08, 2.06, 0.51, 1e-08, 0
490363201, 2.36, 1.09e-07, 9.11e-08, 3.59, 1.56, 1e-08, 0
490622401, 2.0, 5.31e-08, 4.98e-08, 2.12, 0.59, 1e-08, 0
490881601, 2.12, 7.78e-09, 1.11e-08, 1.37, 0.83, 1e-08, 0
491659201, 18.84, 2.33e-08, 1.56e-08, 1.4, 0.38, 1e-08, 0
491918401, 18.61, 2.65e-08, 1.57e-08, 1.88, 0.35, 1e-08, 0
492177601, 16.54, 4.7e-08, 2.47e-08, 2.45, 0.42, 1e-08, 0
492436801, 16.31, 5.65e-08, 2.69e-08, 2.14, 0.34, 1e-08, 0
492696001, 4.43, 6.45e-08, 4.54e-08, 2.65, 0.93, 1e-08, 0
492955201, 3.21, 2.53e-08, 2.93e-08, 2.32, 0.84, 1e-08, 0
493214401, 15.78, 7.6e-08, 3.71e-08, 2.13, 0.41, 1e-08, 0
493473601, 3.69, 2.97e-08, 2.84e-08, 2.1, 0.68, 1e-08, 0
493732801, 35.97, 1.74e-08, 1.99e-08, 0.95, 0.69, 1e-08, 0
493992001, 18.9, 7.74e-08, 3.77e-08, 1.85, 0.34, 1e-08, 0
494251201, 2.69, 5.07e-08, 4.62e-08, 2.68, 0.89, 1e-08, 0
494510401, 14.71, 4.95e-08, 3.12e-08, 1.81, 0.39, 1e-08, 0
495028801, 7.66, 1.6e-08, 1.65e-08, 1.47, 0.56, 1e-08, 0
495288001, 18.77, 1.98e-08, 1.7e-08, 1.12, 0.47, 1e-08, 0
495806401, 6.85, 5.68e-08, 3.89e-08, 2.37, 0.58, 1e-08, 0
496065601, 7.56, 2.6e-08, 2.48e-08, 1.88, 0.56, 1e-08, 0
496584001, 7.63, 9.61e-08, 4.59e-08, 4.44, 3.22, 1e-08, 102
496843201, 4.7, 1.22e-08, 1.42e-08, 1.6, 0.68, 1e-08, 0
497361601, 1.43, 4.49e-08, 6.92e-08, 2.64, 1.87, 1e-08, 0
497620801, 12.14, 6.84e-08, 4.06e-08, 2.23, 0.42, 1e-08, 0
497880001, 8.16, 7.4e-08, 4.19e-08, 2.8, 0.64, 1e-08, 0
498139201, 5.81, 8.95e-08, 5.87e-08, 2.94, 1.06, 1e-08, 0
498398401, 9.72, 4.01e-08, 3.02e-08, 1.93, 0.46, 1e-08, 0
498657601, 9.34, 8.82e-08, 5.37e-08, 2.48, 0.47, 1e-08, 0
498916801, 21.61, 6.44e-08, 3.68e-08, 1.86, 0.35, 1e-08, 0
499176001, 1.41, 3.06e-08, 4.68e-08, 2.52, 1.18, 1e-08, 0
499435201, 18.03, 4.17e-08, 3.38e-08, 1.54, 0.49, 1e-08, 0
499694401, 2.63, 7.19e-08, 6.03e-08, 2.87, 0.86, 1e-08, 0
499953601, 2.87, 1.69e-08, 2.83e-08, 1.55, 0.95, 1e-08, 0
500212801, 3.53, 9.32e-08, 7.7e-08, 2.96, 1.03, 1e-08, 0
500472001, 13.12, 5.1e-08, 3.01e-08, 1.75, 0.38, 1e-08, 0
500731201, 10.03, 1.99e-08, 2.16e-08, 1.49, 0.57, 1e-08, 0
500990401, 23.09, 5.35e-08, 2.57e-08, 1.71, 0.32, 1e-08, 0
501249601, 8.74, 9.06e-09, 9.04e-09, 1.21, 0.59, 1e-08, 0
501508801, 3.01, 5.62e-08, 3.82e-08, 3.23, 1.7, 1e-08, 0
501768001, 18.11, 2.45e-08, 2.04e-08, 1.52, 0.47, 1e-08, 0
502027201, 15.34, 4.51e-08, 2.67e-08, 2.04, 0.43, 1e-08, 0
502286401, 34.68, 4.83e-08, 2.3e-08, 1.63, 0.3, 1e-08, 0
502545601, 12.08, 1.64e-08, 1.76e-08, 1.53, 0.56, 1e-08, 0
502804801, 6.92, 4.82e-08, 3.52e-08, 1.96, 0.47, 1e-08, 0
503323201, 21.84, 7.56e-08, 4.31e-08, 1.88, 0.37, 1e-08, 0
503582401, 4.74, 1.73e-07, 1.25e-07, 3.37, 0.95, 1e-08, 0
503841601, 10.11, 1.36e-08, 2.04e-08, 0.91, 0.98, 1e-08, 0
504360001, 9.26, 6.16e-08, 5.26e-08, 1.97, 0.55, 1e-08, 0
504619201, 3.42, 1.26e-08, 1.58e-08, 1.55, 0.67, 1e-08, 0
505137601, 1.07, 6.35e-09, 1.04e-08, 1.41, 0.91, 1e-08, 0
505656001, 8.68, 9.33e-08, 4.87e-08, 2.82, 0.62, 1e-08, 0
505915201, 5.1, 1.06e-08, 1.07e-08, 1.57, 0.58, 1e-08, 0
506174401, 15.35, 2.31e-08, 1.77e-08, 1.58, 0.42, 1e-08, 0
506433601, 2.5, 3.95e-08, 4.55e-08, 2.37, 2.02, 1e-08, 0
506952001, 1.83, 1.51e-08, 2.05e-08, 1.77, 0.77, 1e-08, 0
507729601, 2.91, 2.58e-08, 2.62e-08, 2.09, 0.73, 1e-08, 0
507988801, 14.52, 5.06e-08, 4.8e-08, 1.68, 0.55, 1e-08, 0
508248001, 19.65, 3.36e-08, 3.21e-08, 1.4, 0.55, 1e-08, 0
508507201, 20.69, 3.81e-08, 2.64e-08, 1.54, 0.4, 1e-08, 0
509025601, 3.11, 4.18e-08, 4.26e-08, 2.23, 0.79, 1e-08, 0
509284801, 1.95, 7.24e-08, 6.18e-08, 4.14, 1.76, 1e-08, 0
509544001, 9.88, 3e-09, 3.07e-09, 0.15, 1, 1e-08, 0
509803201, 6.02, 7.3e-08, 4.38e-08, 2.71, 0.58, 1e-08, 0
510062401, 8.01, 1e-08, 2.12e-08, 1.42, 1.05, 1e-08, 0
510321601, 12.15, 5.3e-08, 4.27e-08, 2.25, 0.56, 1e-08, 0
510840001, 1.52, 9.49e-09, 1.31e-08, 1.77, 0.75, 1e-08, 0
511099201, 4.82, 2.12e-08, 2.16e-08, 2.12, 0.7, 1e-08, 0
511876801, 5.86, 3.28e-08, 2.5e-08, 1.78, 0.47, 1e-08, 0
512913601, 2.9, 1.05e-07, 1.06e-07, 5.0, 0, 1e-08, 0
513172801, 3.31, 2.93e-08, 3.63e-08, 1.96, 0.71, 1e-08, 0
513432001, 4.22, 7.68e-09, 9.82e-09, 1.3, 0.76, 1e-08, 0
513691201, 3.32, 5.56e-08, 4.65e-08, 2.83, 0.86, 1e-08, 0
513950401, 1.77, 6.3e-08, 6.58e-08, 5.0, 0, 1e-08, 0
514468801, 5.85, 4.55e-09, 1.24e-08, 0.85, 1.86, 1e-08, 0
514728001, 1.79, 3.77e-08, 3.37e-08, 2.76, 0.89, 1e-08, 0
515246401, 13.96, 1.67e-08, 1.05e-08, 1.28, 0.36, 1e-08, 0
515505601, 16.19, 1.02e-08, 9.2e-09, 1.25, 0.5, 1e-08, 0
515764801, 8.71, 1.13e-08, 1.16e-08, 1.44, 0.57, 1e-08, 0
516024001, 3.04, 6.86e-09, 8.86e-09, 1.29, 0.69, 1e-08, 0
516542401, 3.74, 2.13e-08, 2.26e-08, 2.07, 0.74, 1e-08, 0
517320001, 1.73, 7.22e-08, 7.1e-08, 2.98, 1.24, 1e-08, 0
517838401, 8.68, 7.73e-08, 5.55e-08, 2.12, 0.45, 1e-08, 0
518097601, 1.52, 7.96e-08, 7.56e-08, 3.36, 1.37, 1e-08, 0
518356801, 3.12, 2e-08, 3.02e-08, 2.01, 0.97, 1e-08, 0
518616001, 5.47, 9.46e-09, 1.27e-08, 1.25, 0.81, 1e-08, 0
518875201, 15.0, 3.19e-09, 3.21e-09, 0.0, 0, 1e-08, 0
519134401, 11.9, 1.43e-08, 1.26e-08, 1.41, 0.49, 1e-08, 0
519393601, 2.7, 2.88e-09, 3.73e-09, 0.86, 0.82, 1e-08, 0
520171201, 6.75, 3.01e-08, 3.41e-08, 2.1, 0.72, 1e-08, 0
520430401, 27.84, 1.5e-08, 9.41e-09, 1.06, 0.36, 1e-08, 0
521208001, 4.69, 5.83e-08, 5.18e-08, 2.67, 0.79, 1e-08, 0
521467201, 1.08, 3.56e-08, 4.44e-08, 2.62, 1.07, 1e-08, 0
521726401, 4.49, 6.7e-09, 8.52e-09, 1.26, 0.73, 1e-08, 0
521985601, 4.15, 6.48e-08, 4.54e-08, 2.48, 0.64, 1e-08, 0
522504001, 2.05, 2.25e-08, 3.58e-08, 2.11, 1.04, 1e-08, 0
522763201, 1.91, 4.87e-08, 5.32e-08, 2.6, 1.14, 1e-08, 0
523281601, 12.22, 1.32e-08, 9.4e-09, 1.27, 0.41, 1e-08, 0
523540801, 6.43, 4.7e-08, 3.44e-08, 2.33, 0.55, 1e-08, 0
523800001, 1.66, 2.22e-08, 2.74e-08, 1.96, 0.93, 1e-08, 0
524318401, 8.93, 5.49e-08, 3.75e-08, 2.42, 0.62, 1e-08, 0
524577601, 5.74, 1.18e-08, 1.54e-08, 1.77, 0.72, 1e-08, 0
524836801, 8.61, 1.77e-08, 1.89e-08, 1.66, 0.6, 1e-08, 0
525096001, 2.12, 4.1e-08, 3.91e-08, 2.69, 1.09, 1e-08, 0
525355201, 5.34, 4.71e-08, 3.06e-08, 2.11, 0.45, 1e-08, 0
525614401, 6.26, 1.66e-08, 2.45e-08, 1.69, 0.75, 1e-08, 0
526392001, 2.13, 8.23e-08, 8.56e-08, 5.0, 0, 1e-08, 0
526651201, 14.5, 1.15e-07, 5.3e-08, 2.18, 0.35, 1e-08, 0
527428801, 15.1, 2.93e-08, 2.55e-08, 1.46, 0.51, 1e-08, 0
527688001, 5.37, 7.49e-08, 5.6e-08, 2.69, 0.82, 1e-08, 0
527947201, 1.4, 3.75e-08, 3.91e-08, 2.47, 0.84, 1e-08, 0
528724801, 1.73, 4.8e-08, 5.42e-08, 3.37, 6.81, 1e-08, 102
528984001, 1.25, 1.65e-08, 2.32e-08, 2.71, 1.4, 1e-08, 0
529243201, 2.07, 2.49e-08, 2.41e-08, 2.32, 0.69, 1e-08, 0
529761601, 9.71, 5.84e-09, 9.34e-09, 1.2, 0.87, 1e-08, 0
530020801, 14.31, 5.99e-08, 3.75e-08, 2.12, 0.45, 1e-08, 0
530539201, 1.09, 2.14e-08, 2.78e-08, 2.02, 0.73, 1e-08, 0
530798401, 2.02, 1.6e-08, 2.18e-08, 2.05, 0.89, 1e-08, 0
531576001, 14.13, 3.14e-08, 2.45e-08, 1.52, 0.45, 1e-08, 0
531835201, 21.68, 5.18e-08, 3.24e-08, 1.61, 0.38, 1e-08, 0
532094401, 9.21, 1.18e-07, 6e-08, 2.72, 0.51, 1e-08, 0
532353601, 24.55, 3.63e-08, 2.25e-08, 1.33, 0.32, 1e-08, 0
532612801, 14.84, 4.33e-08, 2.7e-08, 1.86, 0.42, 1e-08, 0
532872001, 7.81, 3.49e-08, 3.14e-08, 2.01, 0.6, 1e-08, 0
533131201, 7.03, 5.04e-09, 6.36e-09, 1.06, 0.67, 1e-08, 0
533390401, 37.18, 5.17e-08, 2.56e-08, 1.69, 0.3, 1e-08, 0
533649601, 27.81, 9.91e-08, 4.59e-08, 2.36, 0.37, 1e-08, 0
533908801, 18.61, 9.74e-08, 3.96e-08, 2.45, 0.38, 1e-08, 0
534168001, 9.85, 7.5e-08, 4.02e-08, 2.56, 0.56, 1e-08, 0
534427201, 13.06, 2.58e-08, 2.03e-08, 1.57, 0.43, 1e-08, 0
534945601, 5.36, 1.4e-07, 1.31e-07, 3.16, 2.44, 1e-08, 0
535464001, 5.69, 1.36e-07, 8.99e-08, 3.23, 0.74, 1e-08, 0
535982401, 8.55, 1.97e-07, 1.05e-07, 3.38, 0.72, 1e-08, 0
536500801, 2.09, 2.31e-08, 2.61e-08, 1.84, 0.7, 1e-08, 0
537019201, 5.81, 3.76e-08, 3.44e-08, 2.26, 0.63, 1e-08, 0
537278401, 30.1, 1.39e-08, 9.6e-09, 0.84, 0.42, 1e-08, 0
537537601, 31.08, 6.71e-08, 2.79e-08, 1.78, 0.29, 1e-08, 0
537796801, 16.61, 4.74e-08, 2.5e-08, 1.99, 0.36, 1e-08, 0
538056001, 12.05, 3.13e-08, 1.79e-08, 1.61, 0.32, 1e-08, 0
538315201, 43.57, 4.35e-08, 1.97e-08, 1.54, 0.27, 1e-08, 0
538574401, 4.1, 5.49e-08, 4.06e-08, 2.82, 0.69, 1e-08, 0
538833601, 13.05, 2.12e-08, 1.55e-08, 1.67, 0.44, 1e-08, 0
539092801, 22.41, 5.7e-08, 2.99e-08, 1.73, 0.34, 1e-08, 0
539870401, 1.61, 5.85e-08, 5.55e-08, 3.22, 1.13, 1e-08, 0
540129601, 4.41, 4.99e-08, 4.84e-08, 2.24, 0.62, 1e-08, 0
540388801, 2.56, 3.6e-08, 3.95e-08, 2.12, 0.76, 1e-08, 0
540648001, 4.0, 4.37e-08, 5.43e-08, 2.01, 0.79, 1e-08, 0
540907201, 7.53, 5.22e-08, 5.4e-08, 2.08, 0.65, 1e-08, 0
541425601, 3.59, 1.91e-08, 2.42e-08, 1.84, 0.71, 1e-08, 0
541684801, 19.57, 7.86e-08, 3.62e-08, 2.0, 0.33, 1e-08, 0
541944001, 18.75, 7.25e-08, 3.46e-08, 2.23, 0.38, 1e-08, 0
542203201, 6.0, 5.6e-09, 4.78e-09, 0.97, 0.48, 1e-08, 0
542721601, 3.25, 7.42e-08, 9.38e-08, 2.89, 1.34, 1e-08, 0
545313601, 24.46, 3.07e-08, 1.89e-08, 1.45, 0.34, 1e-08, 0
546091201, 8.51, 2.31e-08, 1.42e-08, 1.93, 0.41, 1e-08, 0
546350401, 26.44, 9.55e-09, 6.83e-09, 1.18, 0.39, 1e-08, 0
546609601, 15.28, 2.85e-08, 1.76e-08, 2.06, 0.43, 1e-08, 0
546868801, 7.21, 1.18e-07, 1.32e-07, 2.98, 2.16, 1e-08, 0
547905601, 14.66, 3.91e-08, 2.73e-08, 1.76, 0.43, 1e-08, 0
548164801, 47.37, 1.03e-07, 3.2e-08, 2.26, 0.26, 1e-08, 0
548424001, 9.49, 4.87e-08, 3.56e-08, 2.57, 0.59, 1e-08, 0
548683201, 35.69, 1.08e-07, 4.61e-08, 2.32, 0.34, 1e-08, 0
548942401, 9.25, 9.96e-09, 1.22e-08, 1.14, 0.63, 1e-08, 0
549201601, 18.49, 2.55e-08, 1.96e-08, 1.52, 0.41, 1e-08, 0
549460801, 1.67, 3.14e-08, 3.5e-08, 2.45, 0.86, 1e-08, 0
549720001, 10.52, 6.58e-09, 5.83e-09, 0.88, 0.54, 1e-08, 0
549979201, 30.42, 9.56e-08, 5.03e-08, 2.04, 0.35, 1e-08, 0
550238401, 51.46, 4.91e-08, 2.38e-08, 1.48, 0.28, 1e-08, 0
550497601, 38.55, 9.88e-08, 3.8e-08, 2.16, 0.3, 1e-08, 0
550756801, 18.84, 5.4e-08, 2.61e-08, 2.14, 0.34, 1e-08, 0
551016001, 54.11, 7.32e-08, 2.77e-08, 2.0, 0.27, 1e-08, 0
552312001, 3.12, 8.19e-09, 8.81e-09, 1.7, 0.69, 1e-08, 0
553089601, 2.05, 1.1e-08, 1.22e-08, 1.89, 0.71, 1e-08, 0
554126401, 5.8, 1.24e-07, 7.9e-08, 3.22, 1.53, 1e-08, 0
554644801, 8.39, 3.82e-08, 3.21e-08, 1.88, 0.52, 1e-08, 0
554904001, 3.44, 2.05e-08, 2.59e-08, 1.71, 0.78, 1e-08, 0
555940801, 21.57, 1.17e-07, 7.42e-08, 1.95, 0.46, 1e-08, 0
556200001, 13.83, 2.06e-08, 1.36e-08, 1.89, 0.4, 1e-08, 0
556459201, 6.1, 6.86e-09, 7.56e-09, 1.59, 0.64, 1e-08, 0
556718401, 2.94, 2.19e-09, 2.93e-09, 1.04, 0.72, 1e-08, 0
556977601, 7.95, 2.43e-08, 1.92e-08, 1.78, 0.45, 1e-08, 0
557236801, 25.64, 5.98e-08, 3.12e-08, 1.94, 0.36, 1e-08, 0
557496001, 4.51, 3.48e-09, 3.63e-09, 0.42, 0.52, 1e-08, 0
557755201, 11.49, 2.74e-08, 2.53e-08, 1.39, 0.48, 1e-08, 0
558792001, 4.79, 5.08e-07, 3.17e-07, 4.13, 1.31, 1e-08, 0
560606401, 3.94, 2.21e-08, 2.46e-08, 2.27, 0.85, 1e-08, 0
560865601, 5.54, 1.68e-08, 1.39e-08, 2.07, 0.53, 1e-08, 0
561124801, 8.43, 1.4e-08, 9.59e-09, 1.69, 0.41, 1e-08, 0
561384001, 4.45, 2.11e-08, 2.21e-08, 2.34, 0.78, 1e-08, 0
561643201, 4.15, 4.16e-09, 4.26e-09, 1.33, 0.56, 1e-08, 0
561902401, 2.87, 1.23e-08, 1.22e-08, 1.92, 0.59, 1e-08, 0
562161601, 1.56, 3.42e-08, 4.09e-08, 2.4, 1.07, 1e-08, 0
562680001, 2.65, 4.73e-08, 4.92e-08, 2.39, 0.89, 1e-08, 0
562939201, 5.53, 5.62e-08, 5.3e-08, 2.33, 0.63, 1e-08, 0
564235201, 1.2, 4.43e-08, 5.69e-08, 2.61, 0.96, 1e-08, 0
565012801, 3.87, 6.89e-09, 9.21e-09, 1.43, 0.78, 1e-08, 0
565272001, 7.5, 1.61e-08, 1.57e-08, 1.67, 0.59, 1e-08, 0
565790401, 12.37, 4.15e-09, 4.87e-09, 0.78, 0.73, 1e-08, 0
566568001, 38.18, 4.33e-08, 2.31e-08, 1.69, 0.31, 1e-08, 0
567086401, 14.8, 4.27e-08, 3.11e-08, 2.08, 0.46, 1e-08, 0
567864001, 5.02, 2.37e-08, 2.55e-08, 1.97, 0.71, 1e-08, 0
568382401, 1.79, 1.16e-07, 1.33e-07, 2.04, 0.7, 1e-08, 0
568900801, 4.47, 1.81e-08, 2.42e-08, 2.04, 0.88, 1e-08, 0
569160001, 5.16, 2.33e-08, 2.28e-08, 2.06, 0.71, 1e-08, 0
569419201, 12.21, 4.22e-08, 2.9e-08, 1.89, 0.44, 1e-08, 0
569678401, 30.8, 3.45e-08, 1.84e-08, 1.54, 0.31, 1e-08, 0
570715201, 4.45, 2.71e-09, 3.57e-09, 1.01, 0.77, 1e-08, 0
570974401, 7.6, 3.79e-08, 3.12e-08, 2.21, 0.58, 1e-08, 0
571233601, 9.94, 4.64e-08, 2.71e-08, 2.11, 0.42, 1e-08, 0
571752001, 3.66, 5.32e-09, 6.68e-09, 1.27, 0.69, 1e-08, 0
572270401, 1.09, 1.11e-08, 3.22e-08, 1.55, 1.5, 1e-08, 0
573048001, 1.5, 8.26e-08, 1.25e-07, 3.81, 20.9, 1e-08, 0
573566401, 1.19, 2.46e-08, 3.63e-08, 2.48, 1.18, 1e-08, 0
574344001, 15.63, 7.72e-09, 8.7e-09, 1.07, 0.59, 1e-08, 0
574603201, 3.62, 4.96e-08, 3.81e-08, 2.85, 0.92, 1e-08, 0
574862401, 6.34, 1.97e-08, 1.82e-08, 1.95, 0.6, 1e-08, 0
575121601, 4.24, 2.62e-08, 2.16e-08, 2.22, 0.64, 1e-08, 0
575380801, 11.11, 2.01e-08, 1.44e-08, 1.46, 0.42, 1e-08, 0
575640001, 3.03, 6.98e-08, 5.9e-08, 3.51, 5.38, 1e-08, 102
575899201, 16.52, 5.32e-08, 3.49e-08, 1.94, 0.44, 1e-08, 0
576158401, 16.62, 9.73e-09, 1.06e-08, 0.81, 0.66, 1e-08, 0
576936001, 1.7, 1.33e-08, 2.25e-08, 2.18, 1.13, 1e-08, 0
577195201, 12.69, 1.23e-08, 1.26e-08, 1.25, 0.5, 1e-08, 0
577454401, 11.35, 3.88e-08, 2.73e-08, 2.02, 0.47, 1e-08, 0
577713601, 1.83, 1.45e-08, 2.11e-08, 2.27, 1.04, 1e-08, 0
577972801, 1.72, 7.74e-09, 1.21e-08, 1.79, 0.87, 1e-08, 0
578232001, 2.4, 7.17e-08, 5.54e-08, 3.79, 5.71, 1e-08, 102
578491201, 1.66, 5.06e-08, 4.68e-08, 3.71, 6.8, 1e-08, 102
578750401, 7.42, 1.07e-07, 5.6e-08, 3.88, 0.91, 1e-08, 0
579009601, 1.92, 1.72e-08, 2.08e-08, 2.08, 0.84, 1e-08, 0
579268801, 4.22, 3.04e-08, 2.54e-08, 2.33, 0.63, 1e-08, 0
579528001, 19.24, 1.2e-07, 4.41e-08, 2.57, 0.38, 1e-08, 0
579787201, 21.47, 5.85e-08, 3.66e-08, 1.91, 0.38, 1e-08, 0
580046401, 2.31, 5.58e-08, 4.81e-08, 5.0, 0, 1e-08, 0
580305601, 8.34, 1.11e-07, 5.2e-08, 3.28, 0.79, 1e-08, 0
580564801, 32.43, 5.43e-08, 3.31e-08, 1.77, 0.35, 1e-08, 0
580824001, 8.63, 1.79e-08, 1.61e-08, 1.62, 0.53, 1e-08, 0
581083201, 13.72, 5.42e-08, 3.09e-08, 1.87, 0.36, 1e-08, 0
581342401, 13.91, 3.51e-08, 2.9e-08, 1.8, 0.49, 1e-08, 0
581601601, 18.4, 1.15e-07, 4.7e-08, 2.38, 0.36, 1e-08, 0
581860801, 27.41, 6.11e-08, 3.29e-08, 1.86, 0.34, 1e-08, 0
582120001, 5.49, 7.73e-08, 4.4e-08, 3.34, 1.15, 1e-08, 0
582379201, 4.4, 1.1e-07, 6.62e-08, 5.0, 0, 1e-08, 0
582897601, 7.1, 2.29e-08, 2.13e-08, 1.75, 0.52, 1e-08, 0
583675201, 13.54, 1.37e-08, 9.21e-09, 1.3, 0.39, 1e-08, 0
583934401, 1.52, 3.39e-08, 1.14e-07, 3.08, 9.38, 1e-08, 102
584193601, 33.67, 3.67e-08, 2.16e-08, 1.51, 0.34, 1e-08, 0
584452801, 15.02, 2.47e-08, 2.22e-08, 1.82, 0.52, 1e-08, 0
584712001, 13.57, 4.97e-09, 4.91e-09, 0.74, 0.69, 1e-08, 0
584971201, 23.74, 6.57e-08, 2.95e-08, 2.04, 0.31, 1e-08, 0
585230401, 11.36, 9.39e-09, 9.92e-09, 1.29, 0.6, 1e-08, 0
585489601, 9.03, 4.03e-08, 3.02e-08, 2.09, 0.55, 1e-08, 0
585748801, 1.74, 7.82e-09, 1.24e-08, 1.73, 0.95, 1e-08, 0
586526401, 1.8, 2.6e-08, 3.53e-08, 2.13, 0.92, 1e-08, 0
586785601, 5.79, 4.52e-08, 3.9e-08, 2.01, 0.57, 1e-08, 0
587044801, 9.4, 5.37e-08, 3.51e-08, 2.17, 0.45, 1e-08, 0
587304001, 17.9, 1.17e-08, 9.69e-09, 1.17, 0.46, 1e-08, 0
587563201, 21.18, 1.2e-07, 5e-08, 2.4, 0.39, 1e-08, 0
588081601, 13.6, 2.49e-08, 1.87e-08, 1.68, 0.44, 1e-08, 0
588600001, 9.99, 9.29e-08, 4.71e-08, 2.82, 0.55, 1e-08, 0
588859201, 6.74, 1.2e-07, 5.71e-08, 4.08, 1, 1e-08, 0
589118401, 19.85, 2.53e-09, 2.59e-09, 0.0, 0, 1e-08, 0
589636801, 22.08, 5.11e-08, 3.36e-08, 1.67, 0.38, 1e-08, 0
589896001, 7.22, 9.14e-09, 9.25e-09, 1.15, 0.53, 1e-08, 0
590414401, 1.53, 6.7e-08, 7e-08, 3.35, 7.49, 1e-08, 102
591192001, 2.01, 2.64e-08, 3.82e-08, 2.32, 1.02, 1e-08, 0
591451201, 2.63, 6.73e-09, 1.04e-08, 1.66, 0.89, 1e-08, 0
591710401, 3.21, 4.45e-08, 3.98e-08, 2.58, 0.89, 1e-08, 0
591969601, 2.56, 2.74e-08, 3.61e-08, 2.34, 0.95, 1e-08, 0
592228801, 10.65, 3.02e-08, 2.37e-08, 1.8, 0.46, 1e-08, 0
592488001, 2.78, 4.13e-08, 3.66e-08, 2.92, 0.98, 1e-08, 0
592747201, 29.64, 6.77e-08, 3.01e-08, 1.98, 0.32, 1e-08, 0
593006401, 4.46, 7.36e-08, 5.03e-08, 3.23, 1.1, 1e-08, 0
593265601, 3.7, 8.2e-08, 5.09e-08, 4.74, 2.54, 1e-08, 0
593524801, 6.09, 2.83e-09, 3.02e-09, 0.63, 0.7, 1e-08, 0
594043201, 14.37, 4.2e-08, 3.25e-08, 1.9, 0.51, 1e-08, 0
594561601, 9.1, 1.23e-08, 1.24e-08, 1.25, 0.57, 1e-08, 0
594820801, 2.0, 3.44e-08, 4.32e-08, 2.19, 0.91, 1e-08, 0
595598401, 5.09, 5.71e-08, 4.68e-08, 2.3, 0.69, 1e-08, 0
596116801, 9.58, 5.96e-08, 3.7e-08, 2.23, 0.44, 1e-08, 0
596635201, 7.97, 2.33e-08, 2.33e-08, 1.75, 0.6, 1e-08, 0
597153601, 9.15, 4.02e-09, 4.2e-09, 0.83, 0.63, 1e-08, 0
597931201, 28.01, 1.13e-08, 6.8e-09, 0.84, 0.35, 1e-08, 0
598190401, 3.5, 5.56e-08, 4.37e-08, 2.86, 0.88, 1e-08, 0
598449601, 15.8, 1.78e-09, 1.96e-09, 0.25, 1.16, 1e-08, 0
598708801, 5.38, 4.09e-08, 3.94e-08, 2.68, 0.94, 1e-08, 0
598968001, 11.25, 1.24e-08, 1.34e-08, 1.47, 0.56, 1e-08, 0
599227201, 6.65, 5.18e-08, 3.88e-08, 2.57, 0.62, 1e-08, 0
599486401, 14.43, 1.31e-08, 1.51e-08, 1.39, 0.63, 1e-08, 0
600782401, 4.01, 9.4e-08, 6.07e-08, 3.73, 3.59, 1e-08, 0
601041601, 6.29, 1.74e-08, 2.01e-08, 1.78, 0.7, 1e-08, 0
601300801, 11.19, 8.12e-08, 4.57e-08, 2.24, 0.44, 1e-08, 0
601560001, 9.04, 8.19e-08, 4.13e-08, 2.48, 0.43, 1e-08, 0
602078401, 1.64, 3.86e-08, 3.92e-08, 2.9, 1.15, 1e-08, 0
602596801, 9.47, 7.87e-08, 4.65e-08, 3.06, 0.75, 1e-08, 0
602856001, 2.06, 4.74e-08, 3.71e-08, 4.14, 5.75, 1e-08, 102
603115201, 9.96, 2.95e-08, 1.95e-08, 1.84, 0.42, 1e-08, 0
603374401, 7.64, 3.62e-08, 3.12e-08, 2.12, 0.57, 1e-08, 0
603633601, 4.77, 2.29e-08, 2.61e-08, 2.01, 0.75, 1e-08, 0
603892801, 6.62, 7e-08, 6.29e-08, 2.21, 0.65, 1e-08, 0
604152001, 7.43, 1.19e-08, 1.89e-08, 1.2, 0.83, 1e-08, 0
604411201, 1.34, 7.42e-08, 7.68e-08, 3.57, 2.33, 1e-08, 0
604670401, 2.11, 1.21e-07, 6.09e-07, 4.27, 1.34, 1e-08, 0
604929601, 1.01, 6.4e-08, 7.49e-08, 5.0, 0, 1e-08, 0
605448001, 11.78, 3.76e-09, 3.88e-09, 0.65, 0.65, 1e-08, 0
606225601, 28.99, 6.85e-08, 3.34e-08, 2.02, 0.33, 1e-08, 0
606484801, 3.9, 2.06e-08, 2.23e-08, 2.02, 0.67, 1e-08, 0
606744001, 3.03, 5.23e-08, 6.14e-08, 3.36, 5.7, 1e-08, 102
607003201, 6.09, 6.53e-09, 9.07e-09, 1.45, 0.74, 1e-08, 0
607262401, 4.62, 7.42e-09, 9.1e-09, 1.28, 0.65, 1e-08, 0
607780801, 3.3, 2.84e-08, 2.51e-08, 1.74, 0.52, 1e-08, 0
609336001, 7.75, 8.73e-08, 5.04e-08, 2.72, 0.68, 1e-08, 0
609854401, 36.47, 3.14e-08, 1.79e-08, 1.38, 0.32, 1e-08, 0
610113601, 1.07, 4.39e-08, 4.74e-08, 3.72, 8.13, 1e-08, 102
610372801, 9.02, 4.68e-08, 7.44e-08, 2.18, 1.11, 1e-08, 0
610632001, 2.37, 6.14e-09, 9.07e-09, 1.68, 0.92, 1e-08, 0
610891201, 5.7, 1.27e-08, 1.3e-08, 1.54, 0.61, 1e-08, 0
611668801, 21.7, 6.47e-09, 5.51e-09, 0.74, 0.55, 1e-08, 0
612187201, 1.91, 6.06e-08, 4.76e-08, 4.45, 5.69, 1e-08, 102
612705601, 6.85, 6.81e-08, 3.88e-08, 2.38, 0.46, 1e-08, 0
612964801, 24.25, 3.56e-08, 2.01e-08, 1.55, 0.31, 1e-08, 0
613224001, 3.68, 8.48e-08, 6.21e-08, 5.0, 0, 1e-08, 0
613483201, 2.89, 2.44e-08, 2.51e-08, 2.04, 0.61, 1e-08, 0
613742401, 9.39, 6.37e-08, 3.94e-08, 2.19, 0.44, 1e-08, 0
614779201, 10.83, 1.02e-07, 4.72e-08, 2.53, 0.43, 1e-08, 0
615297601, 3.0, 7.05e-08, 9.37e-08, 2.98, 5.69, 1e-08, 102
615556801, 2.28, 3.45e-09, 4.57e-09, 1.17, 0.74, 1e-08, 0
615816001, 2.29, 5.65e-08, 4.46e-08, 5.0, 0, 1e-08, 0
616075201, 7.03, 2.81e-08, 2.63e-08, 2.01, 0.6, 1e-08, 0
616334401, 16.46, 4.36e-08, 2.89e-08, 2.08, 0.47, 1e-08, 0
616593601, 14.17, 6.15e-08, 3.53e-08, 2.43, 0.51, 1e-08, 0
616852801, 8.69, 4.83e-08, 3.01e-08, 2.21, 0.48, 1e-08, 0
617630401, 1.38, 3.41e-08, 3.65e-08, 2.32, 0.66, 1e-08, 0
617889601, 7.06, 2.08e-08, 2.67e-08, 1.82, 0.72, 1e-08, 0
618148801, 1.26, 2.88e-08, 3.96e-08, 2.24, 0.89, 1e-08, 0
618408001, 3.38, 9.69e-09, 1.38e-08, 1.41, 0.75, 1e-08, 0
618667201, 28.92, 2.12e-08, 1.31e-08, 1.15, 0.37, 1e-08, 0
618926401, 1.01, 4.41e-09, 7.61e-09, 1.07, 0.85, 1e-08, 0
619444801, 1.62, 1.8e-08, 3.14e-08, 2.35, 1.23, 1e-08, 0
619704001, 11.85, 9.72e-08, 5.68e-08, 2.94, 0.83, 1e-08, 0
619963201, 10.77, 3.02e-08, 1.84e-08, 1.57, 0.37, 1e-08, 0
621259201, 29.13, 8.01e-08, 3.69e-08, 1.84, 0.31, 1e-08, 0
621518401, 1.7, 2.14e-08, 2.95e-08, 1.65, 0.71, 1e-08, 0
621777601, 9.77, 4.21e-09, 4.63e-09, 0.88, 0.68, 1e-08, 0
622555201, 8.82, 5.94e-09, 7.05e-09, 1.07, 0.72, 1e-08, 0
622814401, 14.74, 4.51e-09, 4.69e-09, 0.43, 0.76, 1e-08, 0
623332801, 3.62, 2.33e-08, 2.58e-08, 1.98, 0.61, 1e-08, 0
623592001, 21.02, 6.44e-08, 3.14e-08, 2.01, 0.38, 1e-08, 0
623851201, 3.8, 1.04e-08, 1.43e-08, 1.58, 0.77, 1e-08, 0
624628801, 1.52, 4.36e-08, 4.03e-08, 3.46, 6.93, 1e-08, 102
624888001, 1.66, 1.81e-08, 2.27e-08, 1.97, 0.94, 1e-08, 0
625147201, 2.64, 6.79e-09, 9.6e-09, 1.5, 0.74, 1e-08, 0
625406401, 1.63, 5e-08, 4.98e-08, 5.0, 0, 1e-08, 0
625924801, 3.7, 6.2e-08, 6.5e-08, 3.0, 1.91, 1e-08, 0
626184001, 7.47, 8.41e-08, 4.7e-08, 2.5, 0.51, 1e-08, 0
626702401, 3.42, 3.05e-09, 3.83e-09, 0.89, 0.77, 1e-08, 0
626961601, 9.3, 1.08e-08, 1.04e-08, 1.4, 0.58, 1e-08, 0
627220801, 6.31, 9.55e-08, 5.86e-08, 2.67, 0.51, 1e-08, 0
627480001, 5.66, 4.58e-08, 3.95e-08, 2.23, 0.61, 1e-08, 0
627998401, 5.95, 2.58e-08, 1.92e-08, 1.93, 0.48, 1e-08, 0
628257601, 4.11, 8.7e-08, 7.52e-08, 2.93, 1.58, 1e-08, 0
628516801, 1.5, 4.12e-08, 4.08e-08, 3.11, 2.37, 1e-08, 0
628776001, 14.75, 4.05e-08, 2.77e-08, 2.03, 0.48, 1e-08, 0
629294401, 1.74, 1.12e-08, 1.47e-08, 2.03, 0.79, 1e-08, 0
629553601, 7.17, 5.56e-09, 5.55e-09, 1.08, 0.55, 1e-08, 0
629812801, 7.45, 1.2e-08, 2.27e-08, 1.54, 0.93, 1e-08, 0
630331201, 5.68, 8.43e-09, 8.27e-09, 1.44, 0.51, 1e-08, 0
630590401, 22.25, 1.2e-08, 1.11e-08, 1.25, 0.49, 1e-08, 0
630849601, 8.31, 1e-08, 1.29e-08, 1.39, 0.64, 1e-08, 0
631368001, 5.57, 3.35e-08, 2.7e-08, 1.86, 0.54, 1e-08, 0
631627201, 4.52, 1.04e-07, 6.12e-08, 5.0, 0, 1e-08, 0
632145601, 5.16, 6.53e-09, 7.85e-09, 0.99, 0.69, 1e-08, 0
632404801, 5.51, 2.66e-08, 3.33e-08, 1.93, 0.8, 1e-08, 0
633182401, 2.22, 9.88e-09, 1.23e-08, 1.71, 0.73, 1e-08, 0
633700801, 3.55, 1.87e-08, 1.76e-08, 1.83, 0.53, 1e-08, 0
633960001, 4.49, 4.15e-09, 6.16e-09, 1.19, 0.86, 1e-08, 0
634737601, 33.74, 3.53e-08, 2.08e-08, 1.61, 0.33, 1e-08, 0
634996801, 1.65, 7.9e-09, 1.31e-08, 1.81, 0.9, 1e-08, 0
635256001, 11.9, 7.56e-09, 6.27e-09, 0.74, 0.53, 1e-08, 0
635515201, 8.95, 1.62e-08, 2.02e-08, 1.53, 0.64, 1e-08, 0
635774401, 1.29, 4.92e-08, 6.4e-08, 3.08, 1.84, 1e-08, 0
636552001, 10.35, 1.19e-08, 9.7e-09, 1.0, 0.49, 1e-08, 0
637070401, 1.07, 5.74e-08, 3.11e-07, 3.83, 1.49, 1e-08, 0
637588801, 2.82, 7.13e-08, 4.99e-08, 3.91, 5.23, 1e-08, 102
638366401, 1.29, 3.19e-08, 3.57e-08, 3.12, 8.41, 1e-08, 102
638884801, 1.77, 3.5e-08, 3.35e-08, 2.85, 0.91, 1e-08, 0
639403201, 5.7, 6.47e-09, 8.11e-09, 1.23, 0.72, 1e-08, 0
640699201, 1.76, 2.15e-09, 3.05e-09, 0.0, 0, 1e-08, 0
640958401, 2.61, 6.84e-08, 5.14e-08, 3.02, 0.8, 1e-08, 0
641736001, 2.2, 1.35e-08, 1.92e-08, 2.03, 0.9, 1e-08, 0
641995201, 19.79, 1.44e-08, 1.12e-08, 1.22, 0.44, 1e-08, 0
642254401, 3.96, 1.69e-08, 2.29e-08, 1.69, 0.85, 1e-08, 0
642513601, 3.27, 8.02e-08, 5.27e-08, 5.0, 0, 1e-08, 0
642772801, 7.48, 8.08e-08, 4.75e-08, 2.95, 1.32, 1e-08, 0
643291201, 1.22, 1.07e-08, 1.71e-08, 2.0, 0.88, 1e-08, 0
643550401, 1.17, 3.34e-08, 3.46e-08, 3.06, 1.28, 1e-08, 0
643809601, 16.14, 3.11e-08, 3.47e-08, 1.85, 0.66, 1e-08, 0
644068801, 1.69, 1.3e-08, 1.55e-08, 2.06, 0.77, 1e-08, 0
644587201, 9.49, 2.88e-09, 3.19e-09, 0.88, 0.68, 1e-08, 0
645364801, 1.11, 5.57e-08, 6.84e-08, 5.0, 0, 1e-08, 0
645624001, 6.79, 1.26e-08, 1.26e-08, 1.37, 0.62, 1e-08, 0
646142401, 1.52, 1.03e-08, 1.78e-08, 1.76, 0.98, 1e-08, 0
646660801, 5.99, 4.9e-08, 3.59e-08, 2.3, 0.59, 1e-08, 0
647179201, 2.3, 3.9e-08, 3.3e-08, 2.4, 0.6, 1e-08, 0
647697601, 1.21, 3.25e-08, 3.42e-08, 4.95, 1.19, 1e-08, 0
647956801, 1.04, 1.19e-08, 1.84e-08, 2.26, 1.04, 1e-08, 0
648734401, 3.93, 4.89e-08, 3.61e-08, 2.67, 0.66, 1e-08, 0
648993601, 5.47, 8.05e-09, 9.24e-09, 1.37, 0.63, 1e-08, 0
649252801, 13.14, 1.3e-08, 1.26e-08, 1.43, 0.54, 1e-08, 0
649771201, 8.3, 7.31e-09, 9.97e-09, 1.1, 0.72, 1e-08, 0
650548801, 11.49, 4.93e-09, 6.17e-09, 0.51, 1.01, 1e-08, 0
651585601, 1.15, 2e-08, 2.54e-08, 2.52, 1.15, 1e-08, 0
652363201, 5.52, 3.01e-09, 3.72e-09, 0.8, 0.81, 1e-08, 0
652622401, 6.23, 5.23e-08, 3.78e-08, 2.3, 0.55, 1e-08, 0
652881601, 5.94, 7.64e-08, 4.64e-08, 2.42, 0.56, 1e-08, 0
653400001, 5.11, 1.02e-08, 1.3e-08, 1.4, 0.7, 1e-08, 0
654177601, 1.55, 3.44e-08, 4.5e-08, 2.13, 0.92, 1e-08, 0
654436801, 3.12, 2.33e-08, 3.26e-08, 1.91, 0.81, 1e-08, 0
654696001, 3.73, 1.25e-07, 8.89e-08, 3.12, 1.39, 1e-08, 0
654955201, 4.3, 1.2e-07, 8.58e-08, 4.08, 4.12, 1e-08, 102
655473601, 13.38, 2.5e-08, 1.71e-08, 1.47, 0.38, 1e-08, 0
656251201, 2.77, 4.98e-08, 3.92e-08, 3.09, 0.95, 1e-08, 0
656510401, 8.98, 7.02e-09, 9.37e-09, 1.36, 0.73, 1e-08, 0
656769601, 1.22, 1.3e-08, 1.69e-08, 2.1, 0.87, 1e-08, 0
657028801, 14.67, 1.93e-08, 1.32e-08, 1.47, 0.42, 1e-08, 0
657288001, 13.63, 9.54e-09, 8.96e-09, 1.16, 0.55, 1e-08, 0
657547201, 1.64, 5.94e-08, 5.34e-08, 5.0, 0, 1e-08, 0
657806401, 4.09, 2.26e-08, 2.14e-08, 1.89, 0.57, 1e-08, 0
658324801, 13.97, 7.92e-09, 9.77e-09, 1.05, 0.65, 1e-08, 0
658584001, 7.25, 9.24e-08, 4.94e-08, 2.95, 0.66, 1e-08, 0
658843201, 1.92, 1.99e-08, 2.51e-08, 1.96, 0.73, 1e-08, 0
659102401, 9.71, 2.46e-08, 2.17e-08, 1.67, 0.51, 1e-08, 0
659361601, 10.7, 4.52e-09, 5.11e-09, 0.9, 0.65, 1e-08, 0
661176001, 2.29, 3.95e-08, 3.24e-08, 2.89, 0.84, 1e-08, 0
661435201, 2.98, 5.85e-08, 4.07e-08, 5.0, 0, 1e-08, 0
661694401, 2.05, 4.1e-08, 3.78e-08, 5.0, 0, 1e-08, 0
661953601, 6.43, 1.8e-08, 1.95e-08, 1.81, 0.65, 1e-08, 0
662731201, 17.78, 7.88e-08, 3.34e-08, 2.41, 0.38, 1e-08, 0
662990401, 4.35, 5.1e-09, 6.39e-09, 1.45, 0.71, 1e-08, 0
663249601, 12.88, 3.7e-08, 2.26e-08, 1.68, 0.35, 1e-08, 0
663508801, 1.25, 1.77e-08, 2.52e-08, 2.01, 0.8, 1e-08, 0
664027201, 14.31, 2.58e-08, 1.95e-08, 1.33, 0.43, 1e-08, 0
664804801, 12.04, 7.53e-08, 4.48e-08, 2.36, 0.45, 1e-08, 0
665064001, 3.41, 1.01e-08, 1.73e-08, 1.45, 0.86, 1e-08, 0
665582401, 6.42, 2.95e-08, 2.59e-08, 2.22, 0.67, 1e-08, 0
665841601, 26.7, 2.32e-08, 1.68e-08, 1.39, 0.42, 1e-08, 0
666360001, 7.56, 1.74e-08, 1.19e-08, 1.66, 0.42, 1e-08, 0
666619201, 15.66, 3.79e-08, 2.16e-08, 1.86, 0.36, 1e-08, 0
667137601, 1.19, 1.7e-08, 3.19e-08, 2.22, 1.37, 1e-08, 0
667396801, 4.27, 1.05e-07, 6.48e-08, 3.41, 1.29, 1e-08, 0
667656001, 1.08, 1.29e-08, 2.25e-08, 1.59, 0.89, 1e-08, 0
668174401, 2.56, 9.52e-09, 1.38e-08, 1.47, 0.8, 1e-08, 0
668433601, 1.18, 8.35e-08, 8.77e-08, 3.9, 7.28, 1e-08, 102
668952001, 4.18, 2.13e-08, 2.05e-08, 1.53, 0.55, 1e-08, 0
669211201, 2.05, 7.81e-09, 1.33e-08, 1.18, 0.9, 1e-08, 0
670507201, 1.75, 1.07e-08, 1.49e-08, 1.87, 0.84, 1e-08, 0
671025601, 3.02, 6.76e-09, 9.23e-09, 1.49, 0.71, 1e-08, 0
671284801, 4.63, 4.72e-08, 5.4e-08, 2.49, 1.03, 1e-08, 0
671544001, 2.22, 4.65e-08, 4.73e-08, 2.98, 1.27, 1e-08, 0
671803201, 7.71, 6.36e-09, 6.12e-09, 0.71, 0.61, 1e-08, 0
672062401, 2.42, 9.16e-08, 7.83e-07, 3.84, 2.26, 1e-08, 0
672840001, 1.96, 9.74e-09, 1.53e-08, 1.96, 1.02, 1e-08, 0
673099201, 5.0, 9.86e-09, 1.22e-08, 1.63, 0.72, 1e-08, 0
673358401, 11.07, 2.97e-08, 1.72e-08, 1.59, 0.36, 1e-08, 0
674136001, 4.67, 2.35e-08, 2.01e-08, 1.93, 0.55, 1e-08, 0
674913601, 5.72, 7.4e-08, 4.51e-08, 3.26, 0.92, 1e-08, 0
675432001, 10.33, 2.47e-08, 1.91e-08, 1.87, 0.5, 1e-08, 0
675950401, 1.68, 3.47e-08, 3.56e-08, 2.64, 1.01, 1e-08, 0
676468801, 2.62, 3.91e-08, 6.9e-08, 2.89, 4.25, 1e-08, 0
676728001, 3.81, 1.74e-08, 1.73e-08, 2.08, 0.66, 1e-08, 0
676987201, 14.11, 2.46e-09, 2.48e-09, 0.19, 0.84, 1e-08, 0
677505601, 9.88, 3.39e-09, 3.73e-09, 0.75, 0.74, 1e-08, 0
678542401, 9.31, 1.01e-07, 5.61e-08, 2.76, 0.56, 1e-08, 0
679060801, 4.24, 1.81e-08, 2.06e-08, 1.92, 0.71, 1e-08, 0
679320001, 2.31, 2.8e-08, 2.62e-08, 2.35, 0.83, 1e-08, 0
679579201, 4.24, 4.39e-08, 3.28e-08, 2.45, 0.64, 1e-08, 0
680097601, 11.34, 2.61e-08, 2.07e-08, 1.87, 0.48, 1e-08, 0
680356801, 3.67, 3.2e-08, 3.05e-08, 2.74, 0.97, 1e-08, 0
680616001, 1.01, 3.28e-08, 4.02e-08, 3.38, 8.54, 1e-08, 102
680875201, 9.55, 5.18e-08, 2.9e-08, 2.12, 0.4, 1e-08, 0
682430401, 2.32, 4.05e-08, 5.48e-08, 2.48, 0.94, 1e-08, 0
682689601, 12.1, 1.47e-08, 1.81e-08, 1.25, 0.7, 1e-08, 0
682948801, 5.17, 4.63e-08, 3.26e-08, 2.06, 0.48, 1e-08, 0
683208001, 2.01, 1.41e-08, 1.72e-08, 1.88, 0.76, 1e-08, 0
683726401, 28.2, 2.47e-08, 1.55e-08, 1.43, 0.36, 1e-08, 0
683985601, 7.68, 1.02e-08, 1.92e-08, 1.58, 1.17, 1e-08, 0
684244801, 11.97, 2.74e-08, 2.09e-08, 2.0, 0.53, 1e-08, 0
684504001, 5.13, 2.57e-08, 2.04e-08, 2.0, 0.51, 1e-08, 0
685281601, 12.23, 4.89e-09, 4.83e-09, 0.24, 0.73, 1e-08, 0
686059201, 5.68, 8.39e-08, 5.62e-08, 2.71, 0.69, 1e-08, 0
686318401, 7.81, 2.02e-08, 2.22e-08, 1.51, 0.62, 1e-08, 0
686836801, 1.33, 1.08e-08, 1.58e-08, 1.67, 0.75, 1e-08, 0
687355201, 16.97, 2.22e-09, 3e-09, 0.0, 0, 1e-08, 0
687614401, 1.68, 1.38e-08, 2.04e-08, 1.91, 0.88, 1e-08, 0
688651201, 6.41, 1.18e-08, 1.06e-08, 1.43, 0.47, 1e-08, 0
689688001, 4.85, 4.37e-08, 3.76e-08, 2.36, 0.68, 1e-08, 0
689947201, 3.4, 6e-08, 4.82e-08, 2.81, 0.78, 1e-08, 0
690724801, 14.66, 2.61e-09, 2.68e-09, 0.18, 0.95, 1e-08, 0
690984001, 17.14, 3.85e-08, 2.24e-08, 1.7, 0.36, 1e-08, 0
691243201, 3.67, 7.02e-08, 5.37e-08, 2.95, 0.9, 1e-08, 0
691502401, 1.3, 2.73e-08, 3.95e-08, 2.69, 1.13, 1e-08, 0
692539201, 4.83, 1.09e-08, 1.14e-08, 1.61, 0.64, 1e-08, 0
693576001, 3.6, 6.13e-08, 3.99e-08, 3.53, 1.17, 1e-08, 0
693835201, 7.84, 3.16e-08, 2.82e-08, 2.11, 0.63, 1e-08, 0
694094401, 2.93, 5.02e-08, 4.21e-08, 5.0, 0, 1e-08, 0
694353601, 3.76, 4.81e-08, 3.25e-08, 2.8, 1.02, 1e-08, 0
694612801, 1.08, 3.67e-08, 4.42e-08, 3.36, 8.33, 1e-08, 102
694872001, 5.46, 2.46e-08, 2.33e-08, 2.0, 0.63, 1e-08, 0
695131201, 4.26, 5.3e-08, 6.51e-08, 2.9, 1.17, 1e-08, 0
695390401, 5.54, 1.32e-07, 6.69e-08, 4.56, 3.62, 1e-08, 102
697204801, 3.83, 2.11e-08, 1.76e-08, 1.79, 0.53, 1e-08, 0
697464001, 1.24, 4.54e-08, 5.08e-08, 5.0, 0, 1e-08, 0
697723201, 6.8, 5.42e-08, 3.19e-08, 2.52, 0.52, 1e-08, 0
697982401, 1.01, 2.03e-08, 2.55e-08, 2.6, 1.03, 1e-08, 0
698241601, 5.53, 3.18e-08, 2.71e-08, 2.25, 0.73, 1e-08, 0
698500801, 2.59, 1.63e-08, 2.35e-08, 2.32, 0.99, 1e-08, 0
698760001, 4.33, 3.24e-08, 3.29e-08, 2.36, 0.68, 1e-08, 0
699278401, 6.92, 4.52e-09, 5.59e-09, 1.09, 0.73, 1e-08, 0
699537601, 8.04, 6.74e-09, 8.14e-09, 1.04, 0.68, 1e-08, 0
699796801, 20.43, 1.54e-08, 1.22e-08, 1.0, 0.45, 1e-08, 0
700315201, 3.35, 3.62e-08, 3.7e-08, 1.93, 0.69, 1e-08, 0
700833601, 12.15, 3.05e-09, 3.07e-09, 0.23, 0.79, 1e-08, 0
701352001, 5.21, 6.28e-09, 8.32e-09, 1.26, 0.74, 1e-08, 0
701611201, 7.13, 1.07e-08, 1.23e-08, 1.36, 0.6, 1e-08, 0
701870401, 2.84, 6.73e-08, 5.79e-08, 5.0, 0, 1e-08, 0
702388801, 1.86, 4.88e-08, 4.18e-08, 5.0, 0, 1e-08, 0
702907201, 15.9, 2.37e-08, 1.84e-08, 1.69, 0.46, 1e-08, 0
703166401, 2.67, 3.63e-08, 4.38e-08, 2.5, 1.08, 1e-08, 0
703425601, 7.03, 2.72e-08, 2.7e-08, 1.89, 0.59, 1e-08, 0
703684801, 9.1, 1.12e-08, 9.9e-09, 1.3, 0.51, 1e-08, 0
704203201, 1.39, 7.34e-08, 8.06e-08, 5.0, 0, 1e-08, 0
704462401, 3.1, 9.18e-09, 1.17e-08, 1.53, 0.71, 1e-08, 0
704721601, 12.98, 3.47e-08, 2.28e-08, 1.77, 0.39, 1e-08, 0
705240001, 9.23, 2.95e-08, 2.4e-08, 1.85, 0.49, 1e-08, 0
705499201, 9.09, 2.88e-08, 2.89e-08, 2.09, 0.61, 1e-08, 0
706017601, 1.02, 1.69e-08, 2.23e-08, 1.87, 0.74, 1e-08, 0
706276801, 1.33, 5.16e-08, 4.7e-08, 4.37, 6.87, 1e-08, 102
706536001, 2.72, 2.72e-08, 3.07e-08, 2.06, 0.79, 1e-08, 0
707054401, 8.06, 5.79e-09, 8.42e-09, 1.1, 0.76, 1e-08, 0
707313601, 2.68, 4.29e-08, 3.4e-08, 2.97, 0.84, 1e-08, 0
707832001, 5.31, 1.01e-07, 5.62e-08, 3.59, 1.53, 1e-08, 0
708350401, 6.95, 9.82e-08, 4.58e-08, 4.27, 1.26, 1e-08, 0
708609601, 5.32, 2.14e-08, 2.89e-08, 2.21, 0.89, 1e-08, 0
708868801, 6.3, 4.91e-08, 3.78e-08, 2.29, 0.59, 1e-08, 0
709128001, 2.62, 7.89e-08, 6.69e-08, 5.0, 0, 1e-08, 0
709387201, 17.78, 3.98e-09, 4.25e-09, 0.42, 0.77, 1e-08, 0
709646401, 4.98, 5.08e-09, 4.43e-09, 0.44, 0.72, 1e-08, 0
709905601, 3.56, 1.11e-07, 7.68e-08, 4.25, 2.22, 1e-08, 0
710164801, 5.08, 2e-08, 2.43e-08, 1.65, 0.64, 1e-08, 0
710683201, 1.65, 1.4e-08, 2.81e-08, 2.15, 1.33, 1e-08, 0
711201601, 5.84, 9.58e-08, 5.03e-08, 4.86, 5.23, 1e-08, 0
711460801, 3.08, 3.72e-08, 5e-08, 2.29, 1.39, 1e-08, 0
711720001, 5.62, 1.11e-08, 1.66e-08, 1.74, 0.81, 1e-08, 0
712238401, 8.14, 1.41e-08, 1.36e-08, 1.54, 0.53, 1e-08, 0
712497601, 2.51, 8.67e-09, 1.04e-08, 1.57, 0.65, 1e-08, 0
712756801, 5.06, 3.03e-08, 3.08e-08, 2.49, 0.77, 1e-08, 0
713275201, 9.97, 1.27e-08, 1.26e-08, 1.3, 0.53, 1e-08, 0
713793601, 4.79, 6.71e-08, 5.89e-08, 2.25, 0.79, 1e-08, 0
714052801, 2.52, 9.29e-08, 7.11e-08, 5.0, 0, 1e-08, 0
714312001, 5.03, 2.43e-08, 2.94e-08, 1.73, 0.65, 1e-08, 0
714571201, 2.96, 1.59e-08, 2.17e-08, 1.71, 0.78, 1e-08, 0
715089601, 4.92, 2.16e-08, 2.43e-08, 1.83, 0.67, 1e-08, 0
715348801, 2.28, 3.14e-09, 4.23e-09, 0.71, 0.88, 1e-08, 0
715608001, 1.78, 3.91e-09, 5.8e-09, 0.96, 0.79, 1e-08, 0
716126401, 12.75, 4.05e-08, 2.49e-08, 2.01, 0.45, 1e-08, 0
716385601, 2.67, 5.04e-08, 3.79e-08, 2.94, 0.96, 1e-08, 0
716904001, 12.95, 4.13e-09, 4.39e-09, 0.6, 0.72, 1e-08, 0
717940801, 1.44, 3.34e-08, 4.8e-08, 2.39, 1.01, 1e-08, 0
718200001, 1.19, 1.03e-08, 1.43e-08, 1.64, 0.73, 1e-08, 0
718459201, 16.32, 1.22e-08, 1.02e-08, 1.19, 0.47, 1e-08, 0
718977601, 1.46, 1.06e-08, 1.45e-08, 1.98, 0.81, 1e-08, 0
719236801, 6.17, 4.23e-08, 3.71e-08, 2.31, 0.59, 1e-08, 0
719496001, 1.42, 1.29e-08, 2.03e-08, 2.12, 0.98, 1e-08, 0
719755201, 2.35, 1.18e-08, 1.46e-08, 1.98, 0.81, 1e-08, 0
720014401, 1.27, 1.45e-08, 1.77e-08, 1.91, 0.77, 1e-08, 0
720273601, 4.24, 5.13e-08, 3.43e-08, 2.58, 0.65, 1e-08, 0
720532801, 7.31, 1.34e-08, 1.63e-08, 1.71, 0.65, 1e-08, 0
720792001, 3.69, 7.57e-09, 8.33e-09, 1.51, 0.63, 1e-08, 0
721051201, 2.94, 7.01e-08, 4.87e-08, 4.78, 1.55, 1e-08, 0
721310401, 15.68, 9.02e-09, 1.27e-08, 1.17, 0.68, 1e-08, 0
722347201, 15.41, 6.4e-09, 6.2e-09, 1.04, 0.52, 1e-08, 0
722606401, 1.79, 2.19e-09, 2.71e-09, 0.14, 1, 1e-08, 0
723124801, 8.26, 1.29e-07, 6.5e-08, 3.69, 1.48, 1e-08, 0
723384001, 4.22, 2.12e-08, 1.99e-08, 1.78, 0.54, 1e-08, 0
723643201, 3.07, 7.46e-08, 5.03e-08, 4.83, 1.92, 1e-08, 0
723902401, 5.04, 4.69e-08, 4.39e-08, 2.53, 0.77, 1e-08, 0
724161601, 8.34, 6.35e-09, 7.65e-09, 0.82, 0.75, 1e-08, 0
724680001, 1.21, 8.59e-09, 1.55e-08, 1.98, 1.07, 1e-08, 0
725198401, 12.82, 9.48e-08, 4.14e-08, 2.92, 0.55, 1e-08, 0
725457601, 5.06, 6.12e-09, 1.04e-08, 1.58, 1.01, 1e-08, 0
725976001, 10.96, 5.23e-08, 3e-08, 2.41, 0.5, 1e-08, 0
726235201, 10.09, 5.17e-08, 3.68e-08, 2.48, 0.6, 1e-08, 0
726494401, 21.45, 2.29e-08, 1.37e-08, 1.47, 0.34, 1e-08, 0
726753601, 23.34, 5.93e-08, 2.72e-08, 1.85, 0.29, 1e-08, 0
727272001, 13.01, 7.25e-08, 4.06e-08, 2.28, 0.43, 1e-08, 0
727790401, 12.61, 2.65e-08, 2.8e-08, 1.4, 0.5, 1e-08, 0
728308801, 7.3, 1.47e-07, 7.19e-08, 5.0, 0, 1e-08, 0
728568001, 3.32, 4.25e-08, 3.64e-08, 2.3, 0.62, 1e-08, 0
728827201, 17.66, 6.08e-08, 3.17e-08, 1.93, 0.34, 1e-08, 0
729086401, 25.35, 3.4e-08, 2.34e-08, 1.67, 0.4, 1e-08, 0
729604801, 8.93, 3.78e-08, 3.21e-08, 2.17, 0.6, 1e-08, 0
729864001, 8.5, 1.54e-08, 1.75e-08, 1.66, 0.6, 1e-08, 0
730123201, 6.66, 3.67e-08, 2.45e-08, 2.26, 0.51, 1e-08, 0
730641601, 7.28, 2.41e-08, 1.91e-08, 1.61, 0.44, 1e-08, 0
730900801, 4.55, 3.61e-08, 3.06e-08, 1.9, 0.51, 1e-08, 0
731160001, 4.8, 6.93e-08, 5.16e-08, 2.28, 0.62, 1e-08, 0
731419201, 2.77, 1.2e-07, 1.08e-07, 5.0, 0, 1e-08, 0
731678401, 11.37, 8.54e-08, 5.78e-08, 2.4, 0.54, 1e-08, 0
731937601, 7.13, 1.32e-07, 8.5e-08, 2.66, 0.72, 1e-08, 0
732196801, 2.55, 6.74e-08, 6.24e-08, 2.68, 0.81, 1e-08, 0
732456001, 3.79, 2.78e-08, 3.43e-08, 1.81, 0.67, 1e-08, 0
732715201, 11.05, 1.55e-08, 1.32e-08, 1.59, 0.5, 1e-08, 0
732974401, 4.39, 9.34e-09, 1.11e-08, 1.36, 0.64, 1e-08, 0
733233601, 11.31, 4.21e-08, 3.43e-08, 1.93, 0.5, 1e-08, 0
733492801, 11.62, 3.26e-09, 3.64e-09, 0.64, 0.79, 1e-08, 0
733752001, 7.62, 2.37e-08, 1.86e-08, 1.78, 0.46, 1e-08, 0
734011201, 4.8, 1.97e-08, 1.76e-08, 1.77, 0.54, 1e-08, 0
734270401, 19.34, 2.53e-08, 2.43e-08, 1.69, 0.52, 1e-08, 0
734529601, 33.39, 9.89e-08, 3.21e-08, 2.22, 0.27, 1e-08, 0
735048001, 2.72, 2.53e-09, 2.87e-09, 0.37, 0.78, 1e-08, 0
735566401, 7.37, 3.69e-09, 3.89e-09, 0.59, 0.71, 1e-08, 0
736344001, 1.67, 5.17e-08, 4.81e-08, 5.0, 0, 1e-08, 0
736603201, 13.11, 5.93e-09, 4.67e-09, 0.73, 0.49, 1e-08, 0
736862401, 1.25, 2.36e-08, 3.13e-08, 2.52, 0.97, 1e-08, 0
738158401, 1.18, 2.36e-08, 3.36e-08, 2.32, 1.08, 1e-08, 0
738417601, 2.5, 6.31e-08, 5.59e-08, 5.0, 0, 1e-08, 0
738676801, 10.06, 6.91e-09, 7e-09, 1.17, 0.54, 1e-08, 0
738936001, 1.63, 4.95e-08, 4.9e-08, 5.0, 0, 1e-08, 0
739195201, 1.46, 6.5e-09, 9.58e-09, 1.52, 0.76, 1e-08, 0
739713601, 6.66, 9.97e-09, 9.72e-09, 1.45, 0.56, 1e-08, 0
739972801, 4.17, 2.95e-08, 2.59e-08, 2.12, 0.6, 1e-08, 0
741009601, 15.17, 3.73e-08, 2.26e-08, 1.77, 0.39, 1e-08, 0
741268801, 1.22, 7.08e-08, 7.71e-08, 4.3, 7.08, 1e-08, 102
741528001, 9.56, 6.66e-08, 4.53e-08, 2.21, 0.48, 1e-08, 0
