timestamp, ts, flux, flux_error, photon_index, photon_index_interval, fit_tolerance, fit_convergence
241099201, 1.97, 3.22e-08, 2.5e-08, 4.91, 6.25, 1e-08, 102
241704001, 4.79, 4.33e-08, 3.08e-07, 8.58, 3.86, 1e-08, 102
242308801, 1.45, 2.33e-08, 2.51e-07, 8.25, 5.87, 1e-08, 102
243518401, 2.79, 4.52e-08, 3.07e-08, 6.4, 5.18, 1e-08, 102
245332801, 2.57, 1.4e-08, 1.44e-08, 2.07, 0.53, 1e-08, 0
246542401, 5.28, 2.69e-08, 1.97e-08, 2.47, 0.55, 1e-08, 0
248356801, 3.52, 2.76e-08, 2.17e-08, 2.47, 0.56, 1e-08, 0
248961601, 6.6, 7.68e-08, 4.76e-07, 8.88, 3.36, 1e-08, 102
250776001, 1.45, 2.09e-08, 3.07e-08, 2.9, 1.23, 1e-08, 0
251985601, 7.72, 6.54e-08, 2.96e-08, 2.87, 0.57, 1e-08, 0
253195201, 1.43, 5.88e-09, 8.5e-09, 1.9, 0.73, 1e-08, 0
253800001, 1.41, 3.36e-08, 3.08e-08, 8.44, 0.5, 1e-08, 0
254404801, 13.43, 3.05e-08, 1.83e-08, 2.04, 0.38, 1e-08, 0
255009601, 2.8, 4.41e-09, 8.89e-09, 1.83, 1.04, 1e-08, 0
256219201, 11.86, 3.46e-08, 2.69e-08, 2.32, 0.5, 1e-08, 0
256824001, 16.5, 3.74e-08, 2.21e-08, 2.07, 0.37, 1e-08, 0
257428801, 2.32, 3.79e-08, 3.53e-07, 8.51, 5.06, 1e-08, 102
258638401, 2.99, 7.01e-08, 4.99e-08, 6.19, 5.37, 1e-08, 102
259848001, 2.95, 1.6e-08, 1.48e-08, 2.21, 0.55, 1e-08, 0
264686401, 2.05, 8.75e-09, 1.18e-08, 2.12, 0.7, 1e-08, 0
265896001, 2.75, 4.1e-08, 2.69e-08, 7.68, 5.15, 1e-08, 102
266500801, 1.79, 3.64e-08, 2.94e-08, 5.17, 6.4, 1e-08, 102
267105601, 2.53, 1.3e-08, 1.66e-08, 2.14, 0.73, 1e-08, 0
267710401, 11.92, 1.57e-08, 1.14e-08, 1.61, 0.35, 1e-08, 0
268920001, 3.37, 4.86e-08, 2.86e-08, 4.26, 5.01, 1e-08, 102
270734401, 5.37, 4.88e-09, 5.04e-09, 1.45, 0.48, 1e-08, 0
271339201, 4.83, 5.24e-08, 5.37e-08, 3.47, 5.21, 1e-08, 102
271944001, 4.87, 3.99e-08, 2.78e-08, 2.37, 0.54, 1e-08, 0
272548801, 1.87, 3.78e-08, 3.23e-08, 4.72, 6.24, 1e-08, 102
273153601, 2.15, 3.24e-08, 2.53e-08, 3.38, 6.89, 1e-08, 102
273758401, 2.21, 2.37e-08, 4.03e-08, 2.71, 1.4, 1e-08, 0
274363201, 4.37, 6.73e-08, 4.45e-08, 3.02, 0.84, 1e-08, 0
274968001, 3.2, 4.54e-08, 3.04e-08, 2.95, 1.02, 1e-08, 0
275572801, 1.16, 2.67e-08, 2.86e-08, 3.11, 1.55, 1e-08, 0
276177601, 18.79, 5.83e-08, 2.58e-08, 2.36, 0.35, 1e-08, 0
277387201, 2.44, 1.47e-08, 1.68e-08, 2.17, 0.66, 1e-08, 0
278596801, 4.75, 8.34e-08, 4.36e-08, 4.94, 4.2, 1e-08, 102
281620801, 3.74, 8.95e-09, 1e-08, 1.76, 0.56, 1e-08, 0
282225601, 3.41, 4.68e-08, 4.72e-08, 2.96, 2.23, 1e-08, 0
283435201, 11.44, 1.57e-07, 5.81e-08, 5.49, 2.64, 1e-08, 102
285854401, 1.55, 1.08e-08, 1.3e-08, 2.21, 0.83, 1e-08, 0
287668801, 4.21, 7.27e-08, 5.25e-07, 8.85, 3.92, 1e-08, 102
288878401, 1.86, 3.4e-08, 3.12e-08, 3.24, 1.74, 1e-08, 0
291297601, 8.48, 6.64e-08, 3.73e-07, 8.8, 3.05, 1e-08, 102
293112001, 4.42, 2.24e-09, 2.87e-09, 1.26, 0.62, 1e-08, 0
293716801, 3.31, 4.98e-08, 3.23e-08, 3.31, 1.24, 1e-08, 0
294321601, 2.96, 2.13e-08, 4.63e-08, 2.5, 1.63, 1e-08, 0
294926401, 1.2, 3.1e-08, 3.14e-08, 5.48, 7.63, 1e-08, 102
297345601, 1.7, 2.19e-08, 2.38e-08, 2.56, 0.8, 1e-08, 0
297950401, 2.26, 4.52e-08, 3.49e-08, 4.15, 6.21, 1e-08, 102
298555201, 2.22, 2.49e-08, 2.25e-08, 2.75, 0.79, 1e-08, 0
299160001, 10.57, 4.42e-08, 2.46e-08, 2.36, 0.41, 1e-08, 0
300369601, 16.69, 7.45e-08, 3.44e-08, 2.67, 0.43, 1e-08, 0
301579201, 1.3, 1.88e-08, 2.49e-08, 2.54, 1.1, 1e-08, 0
302184001, 4.57, 3.94e-08, 3.53e-08, 2.52, 0.69, 1e-08, 0
302788801, 2.25, 3.78e-08, 3.66e-07, 8.51, 5.27, 1e-08, 102
303393601, 4.5, 6.4e-08, 3.34e-08, 4.58, 4.22, 1e-08, 102
303998401, 1.2, 5.98e-09, 7.84e-09, 1.91, 0.63, 1e-08, 0
306417601, 3.79, 6.75e-08, 4.06e-08, 3.46, 1.62, 1e-08, 0
307022401, 5.95, 3.71e-09, 4.66e-09, 1.33, 0.59, 1e-08, 0
307627201, 6.09, 7.06e-08, 3.37e-08, 7.21, 3.66, 1e-08, 102
309441601, 1.16, 2.49e-08, 2.83e-08, 3.25, 1.88, 1e-08, 0
310046401, 6.53, 3.96e-09, 7.95e-09, 1.28, 0.83, 1e-08, 0
311256001, 1.24, 3.98e-08, 5.5e-08, 3.61, 8.78, 1e-08, 102
312465601, 2.91, 3.87e-08, 2.63e-08, 8.52, 0.37, 1e-08, 0
313070401, 1.33, 2.65e-08, 2.61e-08, 3.27, 1.41, 1e-08, 0
316699201, 1.29, 4.21e-08, 4.41e-08, 3.89, 7.93, 1e-08, 102
317908801, 2.68, 3.64e-08, 3.28e-07, 8.49, 4.9, 1e-08, 102
318513601, 3.77, 1.16e-08, 1.3e-08, 1.73, 0.57, 1e-08, 0
322142401, 3.21, 8.55e-09, 1.66e-08, 1.94, 0.96, 1e-08, 0
322747201, 2.19, 4.32e-08, 4.89e-07, 6.32, 3.1, 1e-08, 0
325166401, 1.25, 4.79e-08, 1.29e-06, 6.4, 7.41, 1e-08, 102
325771201, 1.61, 3.95e-08, 3.29e-08, 4.05, 7.33, 1e-08, 102
327585601, 2.93, 4.34e-08, 3.25e-07, 6.0, 2.07, 1e-08, 0
334843201, 9.82, 6.76e-08, 4.52e-08, 2.62, 0.59, 1e-08, 0
339076801, 5.83, 1.41e-08, 2.58e-08, 1.8, 0.77, 1e-08, 0
339681601, 5.47, 1.31e-08, 1.65e-08, 1.9, 0.6, 1e-08, 0
342100801, 1.49, 2.19e-09, 3.37e-09, 1.37, 0.69, 1e-08, 0
343915201, 1.56, 3.64e-08, 3.87e-07, 8.49, 5.77, 1e-08, 102
345124801, 1.56, 4.28e-09, 8.71e-09, 1.65, 0.89, 1e-08, 0
349358401, 1.43, 3.27e-08, 3.09e-08, 6.18, 6.83, 1e-08, 102
351777601, 3.76, 3.95e-08, 3.03e-08, 2.61, 0.62, 1e-08, 0
352382401, 1.47, 3.91e-08, 3.69e-08, 3.86, 7.56, 1e-08, 102
354801601, 1.84, 2.96e-08, 2.66e-08, 2.97, 1.15, 1e-08, 0
356011201, 3.97, 5.63e-08, 3.14e-08, 5.23, 4.51, 1e-08, 102
357220801, 1.88, 5.54e-08, 4.56e-08, 3.51, 2.79, 1e-08, 0
359035201, 7.28, 3.68e-09, 3.76e-09, 1.25, 0.49, 1e-08, 0
361454401, 7.45, 1.06e-07, 4.58e-08, 5.7, 3.31, 1e-08, 102
362059201, 1.11, 3.62e-08, 3.79e-08, 3.39, 1.95, 1e-08, 0
362664001, 2.08, 5.37e-08, 4.26e-07, 6.3, 2.17, 1e-08, 0
368712001, 2.01, 3.96e-08, 3.45e-08, 4.31, 6.12, 1e-08, 102
369316801, 5.05, 4.97e-08, 3.84e-08, 3.14, 0.8, 1e-08, 0
369921601, 1.71, 2.87e-08, 1.58e-07, 8.36, 2.99, 1e-08, 102
373550401, 1.66, 3.59e-08, 3.49e-07, 6.7, 2.65, 1e-08, 0
378993601, 3.81, 4.27e-08, 2.71e-08, 3.16, 1.12, 1e-08, 0
380808001, 3.45, 2.47e-08, 2.46e-08, 2.15, 0.59, 1e-08, 0
381412801, 4.17, 3.18e-08, 2.38e-08, 2.44, 0.6, 1e-08, 0
382017601, 3.24, 5.24e-08, 3.53e-08, 3.85, 5.34, 1e-08, 102
382622401, 3.24, 4.57e-08, 2.9e-08, 3.33, 5.59, 1e-08, 102
383227201, 4.2, 2.2e-08, 2.63e-08, 2.33, 0.78, 1e-08, 0
383832001, 2.21, 3.55e-08, 2.73e-08, 3.62, 6.38, 1e-08, 102
385041601, 1.31, 2.29e-09, 3.91e-09, 1.51, 0.8, 1e-08, 0
389275201, 4.59, 6.09e-09, 1.13e-08, 1.73, 0.92, 1e-08, 0
389880001, 1.17, 3.67e-08, 3.66e-07, 5.1, 2.8, 1e-08, 0
391089601, 3.19, 4.81e-08, 2.97e-08, 3.71, 5.29, 1e-08, 102
391694401, 3.06, 4.69e-08, 6.94e-07, 6.56, 4.04, 1e-08, 0
395323201, 1.22, 3.21e-08, 3.1e-08, 8.13, 7.34, 1e-08, 102
395928001, 8.41, 7.64e-08, 3.27e-08, 3.41, 1.12, 1e-08, 0
397742401, 4.97, 3.38e-08, 2.59e-08, 2.42, 0.54, 1e-08, 0
400766401, 1.53, 7.53e-09, 1.53e-08, 2.25, 1.24, 1e-08, 0
403790401, 6.05, 1.09e-07, 6.89e-07, 9.07, 3.43, 1e-08, 102
404395201, 1.82, 4.29e-08, 3.49e-08, 4.15, 6.49, 1e-08, 102
406209601, 3.1, 2.35e-08, 2.19e-08, 2.21, 0.61, 1e-08, 0
407419201, 5.34, 1.64e-09, 1.85e-09, 0.84, 0.64, 1e-08, 0
410443201, 2.65, 5.26e-08, 3.96e-08, 3.35, 1.41, 1e-08, 0
411048001, 8.47, 1.41e-08, 1.29e-08, 1.99, 0.45, 1e-08, 0
411652801, 3.12, 2.61e-08, 1.8e-08, 3.13, 1.17, 1e-08, 0
412257601, 5.83, 6.56e-08, 3.06e-08, 4.71, 3.65, 1e-08, 102
414072001, 8.96, 1.89e-08, 1.52e-08, 1.75, 0.42, 1e-08, 0
417096001, 3.01, 2.99e-08, 2.73e-08, 2.5, 0.64, 1e-08, 0
417700801, 2.81, 2.18e-08, 2.15e-08, 2.2, 0.64, 1e-08, 0
418305601, 2.36, 3.14e-08, 2.37e-08, 3.21, 0.86, 1e-08, 0
418910401, 6.16, 5.41e-08, 3.87e-08, 2.63, 0.76, 1e-08, 0
421329601, 14.37, 1.91e-09, 4.5e-09, 0.74, 1.84, 1e-08, 0
422539201, 11.11, 7.36e-08, 3.16e-08, 2.53, 0.36, 1e-08, 0
423748801, 1.12, 5.41e-08, 7.18e-08, 2.98, 1.4, 1e-08, 0
424353601, 1.82, 7.79e-08, 7.04e-08, 3.58, 7.73, 1e-08, 102
426772801, 4.43, 6.59e-08, 3.91e-08, 3.34, 1.12, 1e-08, 0
427377601, 6.41, 6.18e-09, 9.02e-09, 1.59, 0.65, 1e-08, 0
427982401, 4.97, 5.81e-08, 8.61e-07, 8.62, 3.99, 1e-08, 0
428587201, 3.82, 3.87e-08, 3.5e-08, 2.36, 0.77, 1e-08, 0
430401601, 1.31, 4.04e-08, 3.86e-08, 5.68, 7.05, 1e-08, 102
432216001, 6.37, 8.59e-08, 6.59e-08, 2.99, 1.13, 1e-08, 0
433425601, 3.28, 1.43e-08, 1.84e-08, 2.04, 0.6, 1e-08, 0
434030401, 4.17, 3.81e-08, 5.35e-07, 7.88, 3.26, 1e-08, 102
434635201, 13.66, 6.18e-10, 7.2e-10, 0.0, 0, 1e-08, 0
435240001, 2.58, 4.24e-08, 3.03e-08, 3.69, 2.88, 1e-08, 0
435844801, 10.32, 1.1e-08, 1.37e-08, 1.68, 0.54, 1e-08, 0
436449601, 1.76, 7.57e-09, 9.56e-09, 1.72, 0.58, 1e-08, 0
437659201, 4.28, 3.65e-09, 5.5e-09, 1.45, 0.77, 1e-08, 0
438264001, 2.3, 3.76e-08, 2.91e-08, 3.22, 1.15, 1e-08, 0
438868801, 2.13, 2.53e-08, 1.95e-08, 3.33, 2, 1e-08, 0
440078401, 5.14, 3.2e-08, 2.2e-08, 2.33, 0.45, 1e-08, 0
440683201, 1.31, 3.4e-08, 3.44e-08, 4.1, 7.93, 1e-08, 102
441288001, 9.14, 5.38e-09, 4e-09, 1.26, 0.36, 1e-08, 0
443102401, 10.81, 7.23e-08, 2.79e-08, 2.77, 0.44, 1e-08, 0
443707201, 12.68, 6.32e-08, 2.77e-08, 2.51, 0.37, 1e-08, 0
444312001, 7.56, 8.42e-08, 4.07e-08, 3.43, 1.05, 1e-08, 0
444916801, 1.74, 2.38e-08, 2.55e-08, 2.55, 0.92, 1e-08, 0
445521601, 14.65, 1.28e-08, 1.64e-08, 1.6, 0.53, 1e-08, 0
446731201, 13.18, 3.81e-08, 2.37e-08, 2.1, 0.38, 1e-08, 0
447336001, 7.04, 2.2e-08, 1.56e-08, 1.94, 0.4, 1e-08, 0
448545601, 1.38, 4.89e-08, 4.77e-08, 3.83, 7.65, 1e-08, 102
449150401, 2.54, 3.1e-08, 3.45e-08, 2.37, 0.72, 1e-08, 0
449755201, 4.47, 2.04e-08, 1.97e-08, 2.1, 0.56, 1e-08, 0
450360001, 29.29, 1.11e-07, 3.31e-08, 2.52, 0.28, 1e-08, 0
450964801, 1.03, 1.65e-08, 1.94e-08, 2.57, 1.05, 1e-08, 0
451569601, 5.21, 2.59e-08, 1.93e-08, 2.12, 0.48, 1e-08, 0
452779201, 10.16, 8.45e-08, 4.67e-08, 3.07, 1.32, 1e-08, 0
453384001, 2.51, 4.8e-08, 3.68e-08, 2.74, 0.59, 1e-08, 0
453988801, 1.68, 3.32e-09, 5.44e-09, 1.72, 0.83, 1e-08, 0
454593601, 1.16, 1.83e-08, 2.57e-08, 2.82, 1.27, 1e-08, 0
455803201, 5.21, 6.41e-08, 3.12e-08, 5.25, 3.91, 1e-08, 102
456408001, 13.88, 9.37e-08, 4.22e-08, 2.84, 0.45, 1e-08, 0
457012801, 2.31, 1.05e-08, 1.28e-08, 2.1, 0.71, 1e-08, 0
458222401, 10.48, 1.01e-07, 4.78e-08, 2.86, 0.52, 1e-08, 0
458827201, 15.07, 5.44e-08, 3.09e-08, 2.27, 0.38, 1e-08, 0
459432001, 7.21, 6.46e-08, 3.1e-08, 2.93, 0.58, 1e-08, 0
460036801, 4.87, 3.76e-08, 2.37e-08, 2.82, 0.7, 1e-08, 0
461851201, 3.14, 2.69e-08, 2.56e-08, 2.45, 0.7, 1e-08, 0
462456001, 20.68, 4.74e-08, 2.65e-08, 2.13, 0.34, 1e-08, 0
463060801, 8.72, 4.92e-08, 2.97e-08, 2.48, 0.44, 1e-08, 0
463665601, 1.57, 8.13e-09, 1.23e-08, 2.05, 0.76, 1e-08, 0
464270401, 25.85, 2.75e-08, 1.38e-08, 1.74, 0.27, 1e-08, 0
464875201, 9.73, 4.39e-08, 2.34e-08, 2.35, 0.4, 1e-08, 0
465480001, 4.28, 2.77e-08, 1.95e-08, 2.16, 0.47, 1e-08, 0
466084801, 1.79, 3.85e-08, 3.3e-08, 3.84, 6.89, 1e-08, 102
466689601, 11.05, 1.27e-09, 1.47e-09, 0.0, 0, 1e-08, 0
467294401, 3.55, 5.06e-08, 3.92e-08, 2.91, 1.02, 1e-08, 0
468504001, 3.82, 5.13e-08, 3.39e-08, 2.96, 0.76, 1e-08, 0
469713601, 5.93, 6.13e-08, 4.01e-07, 8.76, 3.55, 1e-08, 102
470318401, 2.52, 3.02e-08, 3.71e-08, 2.8, 1.39, 1e-08, 0
470923201, 2.97, 1.61e-08, 1.68e-08, 1.95, 0.59, 1e-08, 0
471528001, 2.93, 5.72e-08, 3.62e-08, 3.84, 5.59, 1e-08, 102
472737601, 2.35, 4.64e-08, 7.45e-08, 4.5, 0.44, 1e-08, 0
473342401, 1.92, 4.25e-08, 9.14e-07, 5.42, 6, 1e-08, 102
475761601, 1.13, 1.83e-08, 2.13e-08, 2.53, 0.84, 1e-08, 0
476366401, 8.34, 7.8e-08, 3.83e-08, 3.3, 0.74, 1e-08, 0
479995201, 1.48, 2.91e-08, 2.76e-08, 3.28, 1.62, 1e-08, 0
481809601, 3.35, 5.47e-08, 3.47e-07, 8.49, 1.72, 1e-08, 0
482414401, 5.0, 4.24e-08, 2.72e-08, 2.67, 0.57, 1e-08, 0
483624001, 1.28, 2.67e-08, 2.71e-08, 4.34, 7.86, 1e-08, 102
484228801, 4.65, 5.15e-08, 3.01e-08, 3.56, 4.84, 1e-08, 102
485438401, 3.8, 7.46e-08, 4.9e-07, 5.79, 1.83, 1e-08, 0
486043201, 1.44, 3.41e-08, 3.81e-07, 8.45, 6.09, 1e-08, 102
486648001, 28.91, 5.75e-08, 3.02e-08, 2.16, 0.34, 1e-08, 0
488462401, 1.69, 2.04e-08, 2.84e-08, 2.61, 1.21, 1e-08, 0
490276801, 4.26, 7.52e-08, 4.26e-08, 6.97, 4.33, 1e-08, 102
491486401, 2.23, 1.04e-08, 1.47e-08, 1.85, 0.73, 1e-08, 0
492091201, 1.57, 6.65e-08, 7.73e-08, 2.33, 0.95, 1e-08, 0
492696001, 7.55, 3.28e-08, 2.18e-08, 2.28, 0.47, 1e-08, 0
495720001, 8.0, 3.74e-08, 2.21e-08, 2.09, 0.35, 1e-08, 0
496929601, 5.76, 3.41e-08, 3.52e-08, 2.31, 0.69, 1e-08, 0
498744001, 2.87, 9.78e-09, 1.36e-08, 1.9, 0.7, 1e-08, 0
499348801, 2.79, 4.86e-08, 4.2e-07, 8.64, 4.7, 1e-08, 102
501163201, 1.34, 1.18e-08, 1.37e-08, 2.13, 0.68, 1e-08, 0
507211201, 6.46, 3.13e-08, 2.39e-08, 2.28, 0.52, 1e-08, 0
507816001, 7.41, 3.39e-08, 2.75e-08, 2.22, 0.47, 1e-08, 0
508420801, 5.55, 9.76e-08, 4.71e-08, 5.02, 3.78, 1e-08, 102
509025601, 3.73, 8.05e-08, 4.56e-08, 5.56, 4.4, 1e-08, 102
509630401, 1.89, 9.47e-09, 1.3e-08, 1.96, 0.67, 1e-08, 0
510235201, 10.81, 2.14e-08, 3.44e-08, 2.02, 0.83, 1e-08, 0
510840001, 13.47, 2.93e-08, 1.82e-08, 1.84, 0.35, 1e-08, 0
511444801, 3.23, 3.92e-08, 2.81e-08, 3.01, 1.02, 1e-08, 0
512049601, 4.59, 4.07e-08, 2.77e-08, 2.84, 0.61, 1e-08, 0
512654401, 3.08, 1.55e-08, 1.57e-08, 2.01, 0.52, 1e-08, 0
513259201, 1.84, 1.98e-08, 1.75e-08, 2.99, 0.98, 1e-08, 0
515678401, 6.17, 8.3e-09, 9.62e-09, 1.73, 0.57, 1e-08, 0
520516801, 3.84, 7.99e-08, 4.92e-08, 4.85, 4.87, 1e-08, 102
521121601, 12.1, 1.63e-09, 1.82e-09, 0.88, 0.65, 1e-08, 0
523540801, 9.74, 7.8e-08, 3.69e-08, 3.24, 1.06, 1e-08, 0
524145601, 2.05, 3.65e-08, 5.24e-08, 3.58, 7.23, 1e-08, 102
525355201, 4.66, 5.09e-08, 3.66e-07, 8.66, 3.9, 1e-08, 102
525960001, 1.4, 3.46e-08, 3.6e-08, 4.2, 7.32, 1e-08, 102
526564801, 1.43, 3.99e-08, 3.86e-08, 3.47, 1.41, 1e-08, 0
527169601, 3.54, 6.75e-08, 4.45e-08, 2.81, 0.53, 1e-08, 0
527774401, 1.11, 3.39e-08, 3.85e-08, 4.34, 8.08, 1e-08, 102
528379201, 13.51, 5.33e-08, 3.67e-08, 2.24, 0.46, 1e-08, 0
528984001, 7.79, 5.93e-08, 2.76e-08, 2.81, 0.47, 1e-08, 0
529588801, 41.38, 8.46e-08, 2.83e-08, 2.09, 0.23, 1e-08, 0
530193601, 48.95, 1.4e-07, 3.5e-08, 2.59, 0.26, 1e-08, 0
530798401, 40.99, 1.56e-07, 4e-08, 2.5, 0.24, 1e-08, 0
531403201, 49.22, 1.79e-07, 4.5e-08, 2.56, 0.23, 1e-08, 0
532008001, 5.82, 5.72e-08, 3.5e-08, 2.72, 0.78, 1e-08, 0
532612801, 19.19, 1.23e-07, 3.81e-08, 2.87, 0.38, 1e-08, 0
533217601, 42.35, 1.38e-07, 3.65e-08, 2.61, 0.26, 1e-08, 0
533822401, 15.62, 5.94e-08, 2.7e-08, 2.33, 0.34, 1e-08, 0
534427201, 20.68, 6.99e-08, 2.99e-08, 2.39, 0.33, 1e-08, 0
535032001, 4.4, 6.31e-08, 3.65e-08, 3.2, 1.03, 1e-08, 0
535636801, 15.67, 9.55e-08, 3.65e-08, 2.83, 0.45, 1e-08, 0
536241601, 70.15, 1.4e-07, 3.6e-08, 2.28, 0.2, 1e-08, 0
536846401, 30.63, 8.42e-08, 3.58e-08, 2.19, 0.32, 1e-08, 0
537451201, 24.4, 6.76e-08, 2.71e-08, 2.33, 0.31, 1e-08, 0
538056001, 11.83, 2.2e-07, 9.3e-08, 3.08, 0.74, 1e-08, 0
539265601, 5.6, 1.48e-08, 1.7e-08, 1.56, 0.55, 1e-08, 0
539870401, 42.59, 1.51e-07, 3.95e-08, 2.41, 0.22, 1e-08, 0
540475201, 109.31, 1.87e-07, 3.5e-08, 2.16, 0.14, 1e-08, 0
541080001, 140.93, 2.82e-07, 4.6e-08, 2.36, 0.14, 1e-08, 0
541684801, 50.58, 1.46e-07, 3.7e-08, 2.52, 0.23, 1e-08, 0
542289601, 70.46, 1.38e-07, 3.3e-08, 2.24, 0.19, 1e-08, 0
542894401, 12.03, 1.15e-07, 7.2e-08, 2.25, 0.49, 1e-08, 0
544708801, 3.9, 1.24e-07, 8.21e-08, 2.8, 0.6, 1e-08, 0
545313601, 20.36, 1.38e-07, 6e-08, 2.33, 0.32, 1e-08, 0
545918401, 7.42, 2.62e-07, 1.36e-07, 3.26, 0.74, 1e-08, 0
547128001, 132.74, 1.29e-07, 2.2e-08, 2.22, 0.13, 1e-08, 0
547732801, 175.07, 1.9e-07, 2.8e-08, 2.3, 0.13, 1e-08, 0
548942401, 21.78, 7.72e-08, 2.4e-08, 2.72, 0.32, 1e-08, 0
549547201, 17.5, 5.45e-08, 2.21e-08, 2.26, 0.27, 1e-08, 0
550152001, 29.81, 1.07e-07, 3.38e-08, 2.55, 0.26, 1e-08, 0
551361601, 136.17, 9.93e-08, 2.08e-08, 1.99, 0.13, 1e-08, 0
553780801, 11.28, 5.27e-08, 2.25e-08, 2.52, 0.36, 1e-08, 0
554385601, 1.2, 3.79e-08, 3.92e-08, 3.47, 2.09, 1e-08, 0
554990401, 1.8, 2.14e-08, 2.37e-08, 2.62, 0.86, 1e-08, 0
555595201, 41.07, 7.39e-08, 2.04e-08, 2.38, 0.23, 1e-08, 0
556200001, 94.17, 2.09e-07, 4.9e-08, 2.22, 0.19, 1e-08, 0
556804801, 10.75, 6.9e-08, 4.32e-08, 2.44, 0.52, 1e-08, 0
557409601, 37.29, 5.61e-08, 2.3e-08, 2.0, 0.25, 1e-08, 0
558014401, 10.98, 2.95e-08, 3e-08, 1.8, 0.52, 1e-08, 0
558619201, 7.79, 6.23e-08, 3.22e-08, 2.43, 0.43, 1e-08, 0
559224001, 27.78, 8.44e-08, 3.05e-08, 2.41, 0.28, 1e-08, 0
560433601, 25.24, 6.49e-08, 2.3e-08, 2.34, 0.28, 1e-08, 0
562248001, 17.45, 2.52e-08, 1.29e-08, 1.88, 0.28, 1e-08, 0
562852801, 19.71, 5.15e-08, 2.34e-08, 2.2, 0.28, 1e-08, 0
563457601, 9.54, 5.2e-08, 2.57e-08, 2.58, 0.37, 1e-08, 0
564062401, 32.97, 5.46e-08, 1.99e-08, 2.12, 0.25, 1e-08, 0
564667201, 398.87, 2.64e-07, 2.8e-08, 2.11, 0.08, 1e-08, 0
565272001, 69.51, 1.77e-07, 3.8e-08, 2.38, 0.2, 1e-08, 0
565876801, 1202.49, 7.02e-07, 4.9e-08, 1.95, 0.05, 1e-08, 0
566481601, 342.83, 2.06e-07, 2.5e-08, 2.09, 0.09, 1e-08, 0
567086401, 26.91, 5.43e-08, 1.98e-08, 2.14, 0.25, 1e-08, 0
567691201, 42.92, 1.17e-07, 2.82e-08, 2.62, 0.24, 1e-08, 0
568296001, 52.95, 1.26e-07, 3.12e-08, 2.39, 0.2, 1e-08, 0
568900801, 31.48, 1.33e-07, 3.68e-08, 2.81, 0.3, 1e-08, 0
569505601, 26.77, 7.3e-08, 2.64e-08, 2.19, 0.27, 1e-08, 0
570110401, 68.79, 1.53e-07, 3.4e-08, 2.5, 0.2, 1e-08, 0
570715201, 79.72, 1.53e-07, 3e-08, 2.37, 0.17, 1e-08, 0
571320001, 325.71, 2.86e-07, 3.5e-08, 2.16, 0.1, 1e-08, 0
571924801, 56.41, 1.05e-07, 2.81e-08, 2.03, 0.18, 1e-08, 0
572529601, 15.08, 9.8e-08, 3.81e-08, 2.94, 0.45, 1e-08, 0
573134401, 164.46, 1.84e-07, 3.6e-08, 1.95, 0.13, 1e-08, 0
573739201, 48.7, 1.17e-07, 3.49e-08, 2.28, 0.22, 1e-08, 0
574344001, 105.49, 1.8e-07, 3.6e-08, 2.24, 0.16, 1e-08, 0
574948801, 87.79, 1.93e-07, 3.9e-08, 2.42, 0.19, 1e-08, 0
575553601, 243.84, 2.03e-07, 3.3e-08, 1.88, 0.1, 1e-08, 0
576158401, 236.29, 2.82e-07, 4e-08, 2.03, 0.1, 1e-08, 0
576763201, 116.12, 2.58e-07, 4.4e-08, 2.39, 0.14, 1e-08, 0
577368001, 104.95, 1.68e-07, 3.5e-08, 2.25, 0.15, 1e-08, 0
577972801, 71.8, 1.5e-07, 3.2e-08, 2.32, 0.17, 1e-08, 0
578577601, 34.83, 9.23e-08, 3.09e-08, 2.26, 0.26, 1e-08, 0
579182401, 199.19, 2.79e-07, 4e-08, 2.21, 0.12, 1e-08, 0
579787201, 34.12, 1.13e-07, 3.52e-08, 2.57, 0.33, 1e-08, 0
580392001, 10.22, 7.63e-08, 3.15e-08, 3.26, 0.55, 1e-08, 0
580996801, 110.55, 1.68e-07, 3.1e-08, 2.41, 0.16, 1e-08, 0
581601601, 167.14, 2.4e-07, 3.6e-08, 2.39, 0.13, 1e-08, 0
582206401, 328.14, 3.24e-07, 4.3e-08, 2.03, 0.09, 1e-08, 0
582811201, 465.43, 3.62e-07, 4.2e-08, 1.89, 0.08, 1e-08, 0
583416001, 366.18, 3.21e-07, 4e-08, 2.0, 0.09, 1e-08, 0
584020801, 556.24, 3.61e-07, 4e-08, 1.87, 0.07, 1e-08, 0
584625601, 1019.89, 4.9e-07, 3.6e-08, 1.95, 0.05, 1e-08, 0
585230401, 755.61, 3.97e-07, 3.5e-08, 2.04, 0.07, 1e-08, 0
585835201, 300.95, 2.98e-07, 3.6e-08, 2.16, 0.09, 1e-08, 0
586440001, 71.41, 2.34e-07, 5e-08, 2.24, 0.17, 1e-08, 0
587044801, 348.33, 3.39e-07, 4.6e-08, 2.0, 0.09, 1e-08, 0
587649601, 376.81, 4.52e-07, 4.85e-08, 2.21, 0.09, 1e-08, 0
588254401, 269.78, 3.85e-07, 4.6e-08, 2.43, 0.12, 1e-08, 0
588859201, 246.19, 4.15e-07, 5e-08, 2.47, 0.12, 1e-08, 0
589464001, 292.56, 4.45e-07, 4.9e-08, 2.45, 0.1, 1e-08, 0
590068801, 262.21, 3.67e-07, 5.1e-08, 2.24, 0.11, 1e-08, 0
590673601, 250.01, 5.11e-07, 6.5e-08, 2.43, 0.11, 1e-08, 0
591278401, 1120.31, 7.48e-07, 4.9e-08, 2.22, 0.06, 1e-08, 0
591883201, 890.93, 7.54e-07, 5.6e-08, 2.17, 0.06, 1e-08, 0
592488001, 228.57, 3.75e-07, 4.7e-08, 2.37, 0.12, 1e-08, 0
593092801, 332.74, 4.85e-07, 5.3e-08, 2.45, 0.11, 1e-08, 0
593697601, 456.66, 5.93e-07, 5.3e-08, 2.38, 0.09, 1e-08, 0
594302401, 183.85, 3.59e-07, 4.8e-08, 2.58, 0.14, 1e-08, 0
594907201, 261.96, 2.99e-07, 3.4e-08, 2.37, 0.1, 1e-08, 0
595512001, 304.68, 3.6e-07, 4e-08, 2.34, 0.1, 1e-08, 0
596116801, 513.41, 5.51e-07, 4.7e-08, 2.4, 0.08, 1e-08, 0
596721601, 505.19, 5.03e-07, 5.1e-08, 2.18, 0.08, 1e-08, 0
597326401, 393.27, 4.3e-07, 4.7e-08, 2.19, 0.09, 1e-08, 0
597931201, 187.36, 2.99e-07, 4.5e-08, 2.28, 0.13, 1e-08, 0
598536001, 400.55, 3.45e-07, 3.4e-08, 2.29, 0.09, 1e-08, 0
599140801, 833.67, 5.04e-07, 3.8e-08, 2.2, 0.06, 1e-08, 0
599745601, 2345.14, 1.17e-06, 6e-08, 2.05, 0.04, 1e-08, 0
600350401, 1726.62, 1.1e-06, 6e-08, 2.03, 0.04, 1e-08, 0
600955201, 4546.72, 2.04e-06, 8e-08, 1.9, 0.03, 1e-08, 0
601560001, 2995.78, 1.46e-06, 7e-08, 1.93, 0.03, 1e-08, 0
602164801, 2132.9, 1.41e-06, 7e-08, 2.04, 0.04, 1e-08, 0
602769601, 467.5, 4.22e-07, 4.4e-08, 2.1, 0.08, 1e-08, 0
603374401, 200.7, 2.68e-07, 4.2e-08, 2.21, 0.12, 1e-08, 0
603979201, 202.1, 3.21e-07, 4.5e-08, 2.28, 0.12, 1e-08, 0
604584001, 110.57, 2.59e-07, 4.7e-08, 2.35, 0.15, 1e-08, 0
605188801, 165.57, 2.86e-07, 5.1e-08, 2.28, 0.14, 1e-08, 0
605793601, 185.62, 3.34e-07, 4.7e-08, 2.39, 0.13, 1e-08, 0
606398401, 462.69, 4.74e-07, 4.8e-08, 2.16, 0.08, 1e-08, 0
607003201, 70.83, 1.52e-07, 3.6e-08, 2.21, 0.2, 1e-08, 0
607608001, 29.83, 6.82e-08, 2.57e-08, 2.13, 0.25, 1e-08, 0
608212801, 33.75, 1.16e-07, 3.41e-08, 2.44, 0.24, 1e-08, 0
608817601, 58.81, 9.76e-08, 2.72e-08, 2.14, 0.19, 1e-08, 0
609422401, 69.31, 1.49e-07, 3.4e-08, 2.44, 0.19, 1e-08, 0
610027201, 277.63, 3.52e-07, 4.5e-08, 2.36, 0.11, 1e-08, 0
610632001, 47.03, 1.33e-07, 3.51e-08, 2.39, 0.24, 1e-08, 0
611236801, 95.85, 1.39e-07, 3.1e-08, 2.09, 0.16, 1e-08, 0
611841601, 54.31, 1.11e-07, 2.89e-08, 2.19, 0.2, 1e-08, 0
612446401, 185.2, 1.46e-07, 2.6e-08, 2.01, 0.12, 1e-08, 0
613051201, 100.71, 1.52e-07, 2.9e-08, 2.31, 0.15, 1e-08, 0
613656001, 70.88, 1.6e-07, 3.3e-08, 2.44, 0.17, 1e-08, 0
614260801, 84.48, 1.7e-07, 4.2e-08, 2.18, 0.18, 1e-08, 0
614865601, 185.54, 2.62e-07, 4.2e-08, 2.16, 0.12, 1e-08, 0
615470401, 126.67, 2.33e-07, 4e-08, 2.43, 0.16, 1e-08, 0
616075201, 267.47, 3.28e-07, 4.3e-08, 2.16, 0.1, 1e-08, 0
616680001, 490.05, 3.12e-07, 3.2e-08, 2.06, 0.08, 1e-08, 0
617284801, 216.35, 2.14e-07, 3.3e-08, 2.2, 0.12, 1e-08, 0
617889601, 75.05, 1.4e-07, 3.2e-08, 2.25, 0.17, 1e-08, 0
618494401, 130.25, 2.48e-07, 4.5e-08, 2.17, 0.13, 1e-08, 0
619099201, 93.27, 1.76e-07, 4e-08, 2.13, 0.16, 1e-08, 0
619704001, 9.51, 6.65e-08, 3.04e-08, 2.7, 0.44, 1e-08, 0
620308801, 26.31, 9.76e-08, 2.96e-08, 2.53, 0.3, 1e-08, 0
620913601, 150.07, 2.61e-07, 4.3e-08, 2.36, 0.15, 1e-08, 0
621518401, 29.36, 9.11e-08, 3.01e-08, 2.28, 0.24, 1e-08, 0
622123201, 31.53, 1.72e-07, 4.5e-08, 2.72, 0.28, 1e-08, 0
622728001, 160.09, 3.29e-07, 5.1e-08, 2.32, 0.13, 1e-08, 0
623332801, 121.27, 1.83e-07, 3.1e-08, 2.35, 0.14, 1e-08, 0
623937601, 306.97, 3.84e-07, 4.5e-08, 2.23, 0.1, 1e-08, 0
624542401, 313.41, 3.67e-07, 4.5e-08, 2.22, 0.1, 1e-08, 0
625147201, 174.34, 2.25e-07, 3.7e-08, 2.04, 0.12, 1e-08, 0
625752001, 114.12, 1.82e-07, 3.5e-08, 2.2, 0.15, 1e-08, 0
626356801, 66.24, 1.4e-07, 3.3e-08, 2.36, 0.2, 1e-08, 0
626961601, 40.03, 5.64e-08, 2.03e-08, 2.0, 0.22, 1e-08, 0
627566401, 43.69, 1.11e-07, 2.77e-08, 2.52, 0.22, 1e-08, 0
628171201, 48.41, 1.29e-07, 3.39e-08, 2.42, 0.23, 1e-08, 0
628776001, 20.21, 1.18e-07, 3.71e-08, 2.79, 0.35, 1e-08, 0
629380801, 15.25, 7.74e-08, 3.18e-08, 2.6, 0.44, 1e-08, 0
629985601, 4.28, 4.98e-08, 3.88e-08, 3.21, 1.68, 1e-08, 0
630590401, 9.42, 6.01e-08, 2.37e-08, 7.53, 2.97, 1e-08, 102
631195201, 5.42, 2.44e-08, 1.9e-08, 2.28, 0.48, 1e-08, 0
632404801, 4.47, 4.21e-08, 2.64e-08, 2.79, 0.64, 1e-08, 0
633009601, 14.95, 6.27e-08, 2.58e-08, 2.38, 0.32, 1e-08, 0
633614401, 28.5, 5.93e-08, 2.57e-08, 2.05, 0.29, 1e-08, 0
634219201, 14.95, 1.08e-07, 4.39e-08, 3.38, 1.78, 1e-08, 0
634824001, 8.15, 6.73e-08, 4.39e-08, 2.97, 1.63, 1e-08, 0
635428801, 78.51, 2.04e-07, 4e-08, 2.48, 0.18, 1e-08, 0
636033601, 69.94, 1.78e-07, 4.1e-08, 2.35, 0.19, 1e-08, 0
636638401, 128.69, 2.37e-07, 4.2e-08, 2.2, 0.13, 1e-08, 0
637243201, 83.21, 2.63e-07, 5.2e-08, 2.48, 0.17, 1e-08, 0
637848001, 24.41, 9.5e-08, 3.48e-08, 2.45, 0.3, 1e-08, 0
638452801, 4.76, 4.72e-08, 2.68e-08, 2.81, 0.61, 1e-08, 0
639057601, 21.13, 5.4e-08, 2.32e-08, 2.07, 0.28, 1e-08, 0
639662401, 43.68, 1.37e-07, 3.81e-08, 2.54, 0.26, 1e-08, 0
640267201, 25.18, 4.72e-08, 2.32e-08, 1.98, 0.27, 1e-08, 0
640872001, 41.15, 1.02e-07, 3.22e-08, 2.53, 0.26, 1e-08, 0
641476801, 11.39, 5.45e-08, 2.83e-08, 2.44, 0.37, 1e-08, 0
642081601, 37.82, 8.97e-08, 3.34e-08, 2.28, 0.27, 1e-08, 0
642686401, 25.28, 6.91e-08, 2.52e-08, 2.23, 0.28, 1e-08, 0
643291201, 37.33, 8.38e-08, 2.73e-08, 2.14, 0.22, 1e-08, 0
643896001, 28.85, 7.39e-08, 2.47e-08, 2.11, 0.24, 1e-08, 0
644500801, 14.45, 5.56e-08, 2.22e-08, 2.54, 0.34, 1e-08, 0
645105601, 22.44, 8.35e-08, 2.85e-08, 2.7, 0.33, 1e-08, 0
645710401, 39.11, 1.33e-07, 3.49e-08, 2.77, 0.29, 1e-08, 0
646315201, 16.29, 5.17e-08, 2.82e-08, 2.05, 0.32, 1e-08, 0
646920001, 91.6, 2.42e-07, 4.2e-08, 2.7, 0.19, 1e-08, 0
647524801, 51.15, 1.36e-07, 3.78e-08, 2.57, 0.27, 1e-08, 0
648129601, 48.93, 1.24e-07, 3.18e-08, 2.53, 0.25, 1e-08, 0
648734401, 247.25, 2.3e-07, 3e-08, 2.25, 0.11, 1e-08, 0
649339201, 131.66, 2.06e-07, 3.3e-08, 2.33, 0.13, 1e-08, 0
649944001, 29.81, 6.92e-08, 2.63e-08, 2.05, 0.24, 1e-08, 0
650548801, 30.3, 1.35e-07, 4.42e-08, 2.53, 0.26, 1e-08, 0
651153601, 12.07, 7.23e-08, 3.35e-08, 2.63, 0.38, 1e-08, 0
651758401, 45.97, 1.58e-07, 3.8e-08, 2.87, 0.28, 1e-08, 0
652363201, 89.66, 1.53e-07, 3.3e-08, 2.24, 0.18, 1e-08, 0
652968001, 8.55, 6.14e-08, 3.38e-08, 2.26, 0.38, 1e-08, 0
653572801, 10.82, 1.03e-07, 5.59e-08, 3.23, 1.52, 1e-08, 0
654177601, 13.61, 6.75e-08, 3.93e-08, 2.39, 0.53, 1e-08, 0
654782401, 29.24, 9.79e-08, 3.2e-08, 2.48, 0.26, 1e-08, 0
655387201, 33.97, 1.16e-07, 3.08e-08, 2.95, 0.32, 1e-08, 0
655992001, 2.45, 5.57e-08, 3.85e-08, 5.28, 5.31, 1e-08, 102
657201601, 5.56, 3.89e-08, 2.71e-08, 2.42, 0.6, 1e-08, 0
657806401, 12.04, 7.66e-08, 3.71e-08, 2.74, 0.58, 1e-08, 0
658411201, 3.58, 3.87e-08, 2.75e-08, 3.16, 1.24, 1e-08, 0
659016001, 17.27, 4.73e-08, 2.43e-08, 2.41, 0.37, 1e-08, 0
659620801, 4.74, 5.35e-08, 2.98e-08, 3.53, 4.51, 1e-08, 102
660225601, 4.25, 1.55e-08, 1.63e-08, 1.95, 0.52, 1e-08, 0
660830401, 8.54, 6.67e-08, 2.94e-08, 2.91, 0.56, 1e-08, 0
661435201, 28.49, 6.45e-08, 2.77e-08, 2.22, 0.31, 1e-08, 0
662644801, 7.81, 3.21e-08, 1.71e-08, 2.44, 0.41, 1e-08, 0
663249601, 8.7, 3.46e-08, 1.89e-08, 2.3, 0.38, 1e-08, 0
663854401, 12.6, 4.29e-09, 3.62e-09, 1.13, 0.39, 1e-08, 0
664459201, 11.09, 9.74e-08, 4.25e-08, 3.91, 3.2, 1e-08, 102
666273601, 3.58, 3.96e-08, 3.72e-08, 2.58, 0.91, 1e-08, 0
667483201, 16.87, 9.11e-08, 3.69e-08, 2.51, 0.31, 1e-08, 0
668088001, 4.79, 4.59e-08, 3.1e-08, 2.51, 0.47, 1e-08, 0
668692801, 4.33, 3.84e-08, 3.08e-08, 2.43, 0.57, 1e-08, 0
669297601, 14.46, 9.13e-08, 4.06e-08, 2.56, 0.39, 1e-08, 0
669902401, 16.48, 9.57e-08, 3.62e-08, 3.01, 0.44, 1e-08, 0
670507201, 9.29, 3.96e-08, 2.42e-08, 2.29, 0.44, 1e-08, 0
671112001, 11.09, 6.46e-08, 2.74e-08, 2.37, 0.35, 1e-08, 0
671716801, 8.68, 4.87e-08, 3.26e-08, 2.51, 0.59, 1e-08, 0
672321601, 10.7, 5.88e-08, 3e-08, 2.61, 0.42, 1e-08, 0
672926401, 28.39, 1.26e-07, 3.68e-08, 2.95, 0.34, 1e-08, 0
673531201, 3.89, 4.6e-08, 2.78e-08, 3.52, 2.08, 1e-08, 0
674136001, 12.25, 3.61e-08, 2.24e-08, 2.2, 0.42, 1e-08, 0
674740801, 13.06, 5.24e-08, 2.31e-08, 2.33, 0.34, 1e-08, 0
675345601, 30.26, 1.21e-07, 3.49e-08, 2.71, 0.31, 1e-08, 0
675950401, 10.92, 3.43e-08, 2.17e-08, 2.18, 0.44, 1e-08, 0
676555201, 26.43, 6.85e-08, 2.29e-08, 2.53, 0.29, 1e-08, 0
677160001, 3.04, 3.61e-08, 2.43e-08, 2.82, 0.7, 1e-08, 0
677764801, 10.82, 9.66e-08, 3.82e-08, 3.79, 3.01, 1e-08, 102
678369601, 64.4, 1.83e-07, 4.5e-08, 2.42, 0.2, 1e-08, 0
678974401, 59.54, 1.72e-07, 3.6e-08, 2.64, 0.24, 1e-08, 0
679579201, 25.61, 1.06e-07, 3.11e-08, 2.54, 0.27, 1e-08, 0
680184001, 40.76, 1.42e-07, 3.2e-08, 2.83, 0.26, 1e-08, 0
680788801, 126.31, 1.84e-07, 2.9e-08, 2.47, 0.15, 1e-08, 0
681393601, 46.73, 6.58e-08, 2.37e-08, 2.12, 0.22, 1e-08, 0
681998401, 5.49, 7.17e-08, 4.42e-08, 2.79, 0.72, 1e-08, 0
682603201, 76.75, 2.35e-07, 4.9e-08, 2.53, 0.18, 1e-08, 0
683208001, 29.7, 9.98e-08, 3.42e-08, 2.33, 0.27, 1e-08, 0
683812801, 32.56, 9.52e-08, 3.48e-08, 2.4, 0.28, 1e-08, 0
684417601, 117.27, 2.61e-07, 4.3e-08, 2.51, 0.16, 1e-08, 0
685022401, 198.77, 3.69e-07, 5.4e-08, 2.33, 0.13, 1e-08, 0
685627201, 112.78, 1.93e-07, 3.8e-08, 2.23, 0.16, 1e-08, 0
686232001, 67.87, 1.91e-07, 4.1e-08, 2.29, 0.17, 1e-08, 0
686836801, 282.67, 3e-07, 3.9e-08, 2.22, 0.1, 1e-08, 0
687441601, 1163.48, 6.15e-07, 4.3e-08, 2.04, 0.05, 1e-08, 0
688046401, 1267.74, 8.18e-07, 5.8e-08, 1.95, 0.05, 1e-08, 0
688651201, 1290.5, 9.71e-07, 6.05e-08, 2.07, 0.05, 1e-08, 0
689256001, 1886.12, 1.28e-06, 7e-08, 2.06, 0.04, 1e-08, 0
689860801, 2145.68, 1.27e-06, 7e-08, 2.0, 0.04, 1e-08, 0
690465601, 1598.41, 7.07e-07, 4.2e-08, 2.02, 0.05, 1e-08, 0
691070401, 348.85, 3.05e-07, 3.5e-08, 2.18, 0.09, 1e-08, 0
691675201, 544.78, 4.69e-07, 4.1e-08, 2.22, 0.07, 1e-08, 0
692280001, 547.09, 5.71e-07, 5.1e-08, 2.34, 0.08, 1e-08, 0
692884801, 153.69, 2.21e-07, 3.7e-08, 2.3, 0.14, 1e-08, 0
693489601, 250.22, 3.55e-07, 4.5e-08, 2.28, 0.11, 1e-08, 0
694094401, 404.07, 3.73e-07, 3.8e-08, 2.23, 0.09, 1e-08, 0
694699201, 831.05, 4.97e-07, 3.8e-08, 2.15, 0.06, 1e-08, 0
695304001, 428.48, 3.93e-07, 4e-08, 2.24, 0.09, 1e-08, 0
695908801, 16.0, 1.04e-07, 4.08e-08, 2.77, 0.39, 1e-08, 0
696513601, 4.99, 2.72e-08, 2.33e-08, 2.1, 0.46, 1e-08, 0
697118401, 54.67, 1.29e-07, 3.37e-08, 2.34, 0.23, 1e-08, 0
697723201, 116.73, 1.52e-07, 3.1e-08, 2.02, 0.14, 1e-08, 0
698328001, 156.19, 2.8e-07, 4.5e-08, 2.31, 0.14, 1e-08, 0
698932801, 27.75, 1.3e-07, 3.91e-08, 2.61, 0.3, 1e-08, 0
699537601, 88.68, 1.36e-07, 3.2e-08, 2.05, 0.16, 1e-08, 0
700142401, 51.05, 1.37e-07, 4.08e-08, 2.29, 0.22, 1e-08, 0
700747201, 50.23, 1.55e-07, 3.9e-08, 2.47, 0.21, 1e-08, 0
701352001, 123.19, 2.05e-07, 4.1e-08, 2.33, 0.16, 1e-08, 0
701956801, 196.34, 2.26e-07, 3.5e-08, 2.1, 0.12, 1e-08, 0
702561601, 333.63, 3.91e-07, 4.7e-08, 2.23, 0.1, 1e-08, 0
703166401, 304.8, 3.29e-07, 4.2e-08, 2.07, 0.09, 1e-08, 0
703771201, 342.36, 3.8e-07, 4.5e-08, 2.17, 0.09, 1e-08, 0
704376001, 525.93, 3.86e-07, 4e-08, 2.06, 0.08, 1e-08, 0
704980801, 37.19, 7.92e-08, 2.49e-08, 2.18, 0.21, 1e-08, 0
705585601, 68.05, 1.56e-07, 3.4e-08, 2.43, 0.19, 1e-08, 0
706190401, 58.58, 1.64e-07, 3.9e-08, 2.61, 0.24, 1e-08, 0
706795201, 84.63, 1.83e-07, 3.5e-08, 2.51, 0.2, 1e-08, 0
707400001, 106.21, 1.62e-07, 3.2e-08, 2.11, 0.15, 1e-08, 0
708004801, 32.54, 9.64e-08, 2.78e-08, 2.62, 0.3, 1e-08, 0
708609601, 41.46, 9.36e-08, 2.52e-08, 2.45, 0.22, 1e-08, 0
709214401, 3.53, 1.61e-08, 1.61e-08, 2.12, 0.54, 1e-08, 0
710424001, 34.47, 7.84e-08, 2.56e-08, 2.13, 0.23, 1e-08, 0
711028801, 22.7, 7.34e-08, 2.87e-08, 2.31, 0.29, 1e-08, 0
711633601, 15.74, 1.22e-07, 3.9e-08, 3.76, 1.18, 1e-08, 0
712238401, 38.4, 6.38e-08, 2.19e-08, 2.24, 0.24, 1e-08, 0
712843201, 5.67, 4.92e-08, 2.43e-08, 3.35, 2.5, 1e-08, 0
713448001, 17.0, 3.14e-08, 1.76e-08, 2.01, 0.33, 1e-08, 0
714052801, 3.16, 5.85e-08, 3.94e-08, 3.13, 0.72, 1e-08, 0
714657601, 4.63, 7.68e-08, 4.2e-08, 5.11, 4.14, 1e-08, 102
715867201, 3.45, 4.56e-08, 2.88e-08, 3.27, 1.08, 1e-08, 0
716472001, 1.94, 2.51e-08, 2.24e-08, 2.63, 0.67, 1e-08, 0
717681601, 5.74, 5.05e-08, 2.86e-08, 2.87, 0.6, 1e-08, 0
718286401, 1.35, 3.7e-08, 3.46e-08, 6.47, 7.14, 1e-08, 102
718891201, 34.13, 7.54e-08, 2.85e-08, 2.46, 0.29, 1e-08, 0
719496001, 47.03, 1.19e-07, 3.01e-08, 2.46, 0.23, 1e-08, 0
720100801, 13.09, 5.7e-08, 2.72e-08, 2.37, 0.37, 1e-08, 0
720705601, 48.17, 9.75e-08, 2.85e-08, 2.2, 0.22, 1e-08, 0
721310401, 72.99, 1.48e-07, 3.3e-08, 2.32, 0.19, 1e-08, 0
723729601, 2.56, 3.99e-08, 2.63e-08, 6.93, 5.21, 1e-08, 102
724334401, 5.08, 2.2e-08, 1.93e-08, 2.21, 0.57, 1e-08, 0
724939201, 6.86, 3.68e-08, 2.65e-08, 2.29, 0.55, 1e-08, 0
725544001, 3.72, 4.91e-08, 2.84e-08, 4.37, 4.88, 1e-08, 102
726148801, 23.75, 4.75e-08, 1.84e-08, 2.29, 0.28, 1e-08, 0
726753601, 21.85, 4.77e-08, 2.05e-08, 2.23, 0.29, 1e-08, 0
727963201, 17.89, 7.91e-08, 3.27e-08, 2.55, 0.34, 1e-08, 0
728568001, 76.83, 1.23e-07, 3.1e-08, 2.07, 0.17, 1e-08, 0
729172801, 22.38, 4.34e-08, 2.14e-08, 2.04, 0.31, 1e-08, 0
730382401, 16.52, 1.39e-07, 4.91e-08, 3.54, 1.25, 1e-08, 0
730987201, 3.21, 4.08e-08, 2.98e-08, 2.57, 0.54, 1e-08, 0
731592001, 60.03, 1.29e-07, 3.31e-08, 2.18, 0.19, 1e-08, 0
732196801, 20.9, 7.64e-08, 3.14e-08, 2.34, 0.3, 1e-08, 0
732801601, 2.19, 3.09e-08, 2.66e-08, 2.91, 0.81, 1e-08, 0
733406401, 13.8, 1.07e-07, 4.01e-08, 3.47, 0.92, 1e-08, 0
734011201, 22.27, 8.93e-08, 3.19e-08, 2.51, 0.32, 1e-08, 0
734616001, 11.4, 6.46e-08, 2.97e-08, 2.44, 0.42, 1e-08, 0
735220801, 40.91, 1.2e-07, 3.32e-08, 2.41, 0.25, 1e-08, 0
735825601, 58.06, 1.54e-07, 3.5e-08, 2.3, 0.19, 1e-08, 0
736430401, 88.22, 1.66e-07, 3.5e-08, 2.36, 0.17, 1e-08, 0
737035201, 34.97, 1.09e-07, 3.12e-08, 2.47, 0.24, 1e-08, 0
737640001, 67.57, 1.42e-07, 3.5e-08, 2.31, 0.19, 1e-08, 0
738244801, 99.36, 2.03e-07, 3.7e-08, 2.43, 0.17, 1e-08, 0
738849601, 114.78, 2.43e-07, 4e-08, 2.61, 0.17, 1e-08, 0
739454401, 290.04, 3.64e-07, 4.4e-08, 2.35, 0.11, 1e-08, 0
740059201, 971.82, 5.14e-07, 3.5e-08, 2.16, 0.06, 1e-08, 0
740664001, 673.42, 4.97e-07, 4.1e-08, 2.24, 0.07, 1e-08, 0
741268801, 2253.02, 1.31e-06, 6e-08, 2.19, 0.04, 1e-08, 0
741873601, 32.51, 1.37e-07, 4.09e-08, 2.34, 0.22, 1e-08, 0
