timestamp, ts, flux, flux_error, photon_index, photon_index_interval, fit_tolerance, fit_convergence
239889601, 39.6, 6.06e-08, 1.77e-08, 2.0, 0, 1e-08, 0
240494401, 91.14, 1.43e-07, 2.8e-08, 2.0, 0, 1e-08, 0
241099201, 38.72, 8.58e-08, 2.41e-08, 2.0, 0, 1e-08, 0
241704001, 54.19, 9.33e-08, 2.27e-08, 2.0, 0, 1e-08, 0
242308801, 35.39, 7.69e-08, 1.95e-08, 2.0, 0, 1e-08, 0
242913601, 84.03, 9.63e-08, 2.09e-08, 2.0, 0, 1e-08, 0
243518401, 73.11, 9.96e-08, 2.06e-08, 2.0, 0, 1e-08, 0
244123201, 20.97, 5.57e-08, 1.81e-08, 2.0, 0, 1e-08, 0
244728001, 63.02, 1.06e-07, 2.42e-08, 2.0, 0, 1e-08, 0
245332801, 55.19, 8.23e-08, 2.3e-08, 2.0, 0, 1e-08, 0
245937601, 70.01, 1.3e-07, 2.7e-08, 2.0, 0, 1e-08, 0
246542401, 62.61, 9.37e-08, 2.13e-08, 2.0, 0, 1e-08, 0
247147201, 48.8, 7.35e-08, 1.91e-08, 2.0, 0, 1e-08, 0
247752001, 11.87, 4.05e-08, 1.69e-08, 2.0, 0, 1e-08, 0
248356801, 46.61, 7.86e-08, 1.99e-08, 2.0, 0, 1e-08, 0
248961601, 21.06, 5.18e-08, 1.73e-08, 2.0, 0, 1e-08, 0
249566401, 51.17, 9.1e-08, 2.22e-08, 2.0, 0, 1e-08, 0
250171201, 36.46, 9.27e-08, 2.7e-08, 2.0, 0, 1e-08, 0
250776001, 44.1, 8.87e-08, 2.35e-08, 2.0, 0, 1e-08, 0
251380801, 66.37, 9.92e-08, 2.29e-08, 2.0, 0, 1e-08, 0
251985601, 59.48, 7.29e-08, 1.83e-08, 2.0, 0, 1e-08, 0
252590401, 80.71, 8.45e-08, 1.97e-08, 2.0, 0, 1e-08, 0
253195201, 48.66, 8.43e-08, 2.05e-08, 2.0, 0, 1e-08, 0
253800001, 35.13, 7.02e-08, 2.11e-08, 2.0, 0, 1e-08, 0
254404801, 16.1, 6.75e-08, 2.65e-08, 2.0, 0, 1e-08, 0
255009601, 35.25, 9.15e-08, 2.86e-08, 2.0, 0, 1e-08, 0
255614401, 16.79, 4.52e-08, 1.82e-08, 2.0, 0, 1e-08, 0
256219201, 22.38, 4.93e-08, 1.77e-08, 2.0, 0, 1e-08, 0
256824001, 74.13, 9.22e-08, 1.98e-08, 2.0, 0, 1e-08, 0
257428801, 95.11, 1.22e-07, 2.32e-08, 2.0, 0, 1e-08, 0
258033601, 17.42, 4.52e-08, 1.72e-08, 2.0, 0, 1e-08, 0
258638401, 6.95, 4.27e-08, 2.37e-08, 2.0, 0, 1e-08, 0
259243201, 37.86, 8.27e-08, 2.34e-08, 2.0, 0, 1e-08, 0
259848001, 40.08, 7.97e-08, 2.24e-08, 2.0, 0, 1e-08, 0
260452801, 12.43, 4.36e-08, 1.85e-08, 2.0, 0, 1e-08, 0
261057601, 70.01, 1.03e-07, 2.18e-08, 2.0, 0, 1e-08, 0
261662401, 43.85, 7.94e-08, 1.93e-08, 2.0, 0, 1e-08, 0
262267201, 82.46, 1.03e-07, 2.12e-08, 2.0, 0, 1e-08, 0
262872001, 91.99, 1.41e-07, 2.7e-08, 2.0, 0, 1e-08, 0
263476801, 35.54, 8.27e-08, 2.42e-08, 2.0, 0, 1e-08, 0
264081601, 90.26, 1.55e-07, 3.1e-08, 2.0, 0, 1e-08, 0
264686401, 81.2, 1.08e-07, 2.38e-08, 2.0, 0, 1e-08, 0
265291201, 128.69, 1.55e-07, 2.6e-08, 2.0, 0, 1e-08, 0
265896001, 92.38, 1.13e-07, 2.2e-08, 2.0, 0, 1e-08, 0
266500801, 54.67, 9.32e-08, 2.06e-08, 2.0, 0, 1e-08, 0
267105601, 87.08, 1.25e-07, 2.4e-08, 2.0, 0, 1e-08, 0
267710401, 92.74, 1.45e-07, 2.6e-08, 2.0, 0, 1e-08, 0
268315201, 59.0, 1.1e-07, 2.68e-08, 2.0, 0, 1e-08, 0
268920001, 72.62, 1.25e-07, 2.81e-08, 2.0, 0, 1e-08, 0
269524801, 65.62, 1.15e-07, 2.6e-08, 2.0, 0, 1e-08, 0
270129601, 42.29, 9.14e-08, 2.25e-08, 2.0, 0, 1e-08, 0
270734401, 69.55, 1.21e-07, 2.51e-08, 2.0, 0, 1e-08, 0
271339201, 60.16, 9.86e-08, 2.14e-08, 2.0, 0, 1e-08, 0
271944001, 52.56, 7.31e-08, 1.96e-08, 2.0, 0, 1e-08, 0
272548801, 66.45, 1.07e-07, 2.31e-08, 2.0, 0, 1e-08, 0
273153601, 37.87, 5.4e-08, 1.87e-08, 2.0, 0, 1e-08, 0
273758401, 14.12, 4.1e-08, 1.78e-08, 2.0, 0, 1e-08, 0
274363201, 54.16, 9.07e-08, 2.25e-08, 2.0, 0, 1e-08, 0
274968001, 40.53, 7.58e-08, 2.17e-08, 2.0, 0, 1e-08, 0
275572801, 45.75, 1.1e-07, 2.88e-08, 2.0, 0, 1e-08, 0
276177601, 29.55, 7.01e-08, 2.13e-08, 2.0, 0, 1e-08, 0
276782401, 57.84, 1.03e-07, 2.28e-08, 2.0, 0, 1e-08, 0
277387201, 61.23, 9.88e-08, 2.22e-08, 2.0, 0, 1e-08, 0
277992001, 45.4, 8.39e-08, 2.12e-08, 2.0, 0, 1e-08, 0
278596801, 72.56, 1.15e-07, 2.3e-08, 2.0, 0, 1e-08, 0
279201601, 28.42, 4.87e-08, 1.74e-08, 2.0, 0, 1e-08, 0
279806401, 17.83, 4.38e-08, 1.85e-08, 2.0, 0, 1e-08, 0
280411201, 14.42, 4.62e-08, 2.03e-08, 2.0, 0, 1e-08, 0
281016001, 29.27, 6.29e-08, 1.94e-08, 2.0, 0, 1e-08, 0
281620801, 73.84, 9.64e-08, 2.16e-08, 2.0, 0, 1e-08, 0
282225601, 21.71, 4.35e-08, 1.75e-08, 2.0, 0, 1e-08, 0
282830401, 16.46, 5.83e-08, 2.18e-08, 2.0, 0, 1e-08, 0
283435201, 56.13, 7.23e-08, 1.82e-08, 2.0, 0, 1e-08, 0
284040001, 29.54, 4.73e-08, 1.63e-08, 2.0, 0, 1e-08, 0
284644801, 13.27, 5.11e-08, 2.13e-08, 2.0, 0, 1e-08, 0
285249601, 31.84, 6.73e-08, 2.25e-08, 2.0, 0, 1e-08, 0
285854401, 17.81, 3.99e-08, 1.65e-08, 2.0, 0, 1e-08, 0
286459201, 42.32, 6.59e-08, 1.93e-08, 2.0, 0, 1e-08, 0
287064001, 25.65, 5.72e-08, 1.98e-08, 2.0, 0, 1e-08, 0
287668801, 33.66, 6.76e-08, 2.01e-08, 2.0, 0, 1e-08, 0
288273601, 31.81, 5.64e-08, 1.89e-08, 2.0, 0, 1e-08, 0
288878401, 22.96, 4.7e-08, 1.7e-08, 2.0, 0, 1e-08, 0
289483201, 30.89, 7.5e-08, 2.24e-08, 2.0, 0, 1e-08, 0
290088001, 34.87, 8.09e-08, 2.12e-08, 2.0, 0, 1e-08, 0
290692801, 7.97, 3.44e-08, 1.72e-08, 2.0, 0, 1e-08, 0
291297601, 8.18, 3.33e-08, 1.71e-08, 2.0, 0, 1e-08, 0
291902401, 24.2, 6.21e-08, 2.13e-08, 2.0, 0, 1e-08, 0
292507201, 32.97, 5.86e-08, 1.87e-08, 2.0, 0, 1e-08, 0
293112001, 43.94, 8.09e-08, 2.12e-08, 2.0, 0, 1e-08, 0
293716801, 16.12, 3.67e-08, 1.55e-08, 2.0, 0, 1e-08, 0
294321601, 16.93, 2.51e-08, 1.34e-08, 2.0, 0, 1e-08, 0
294926401, 12.64, 3.03e-08, 1.41e-08, 2.0, 0, 1e-08, 0
295531201, 15.67, 4.22e-08, 1.75e-08, 2.0, 0, 1e-08, 0
296136001, 21.73, 4.76e-08, 1.88e-08, 2.0, 0, 1e-08, 0
296740801, 12.25, 5.26e-08, 2.06e-08, 2.0, 0, 1e-08, 0
297345601, 3.4, 1.71e-08, 1.24e-08, 2.0, 0, 1e-08, 0
297950401, 11.83, 2.72e-08, 1.49e-08, 2.0, 0, 1e-08, 0
298555201, 7.98, 1.44e-08, 1.02e-08, 2.0, 0, 1e-08, 0
299160001, 44.8, 7.23e-08, 2.06e-08, 2.0, 0, 1e-08, 0
299764801, 29.18, 4.84e-08, 1.64e-08, 2.0, 0, 1e-08, 0
300369601, 1.11, 1.23e-08, 1.43e-08, 2.0, 0, 1e-08, 0
300974401, 11.28, 2.75e-08, 1.48e-08, 2.0, 0, 1e-08, 0
301579201, 22.77, 4.36e-08, 1.59e-08, 2.0, 0, 1e-08, 0
302184001, 7.56, 3e-08, 1.68e-08, 2.0, 0, 1e-08, 0
302788801, 20.92, 5.86e-08, 1.88e-08, 2.0, 0, 1e-08, 0
303393601, 19.0, 4.69e-08, 2.03e-08, 2.0, 0, 1e-08, 0
303998401, 3.01, 1.59e-08, 1.37e-08, 2.0, 0, 1e-08, 0
304603201, 21.34, 4.41e-08, 1.67e-08, 2.0, 0, 1e-08, 0
305208001, 27.98, 5.32e-08, 1.77e-08, 2.0, 0, 1e-08, 0
305812801, 40.99, 6.68e-08, 1.96e-08, 2.0, 0, 1e-08, 0
306417601, 28.94, 6.34e-08, 1.89e-08, 2.0, 0, 1e-08, 0
307022401, 41.83, 4.81e-08, 1.37e-08, 2.0, 0, 1e-08, 0
307627201, 12.69, 3.39e-08, 1.75e-08, 2.0, 0, 1e-08, 0
308232001, 32.13, 6.05e-08, 2.02e-08, 2.0, 0, 1e-08, 0
308836801, 5.09, 2.99e-08, 1.83e-08, 2.0, 0, 1e-08, 0
309441601, 20.47, 4.12e-08, 1.64e-08, 2.0, 0, 1e-08, 0
310046401, 38.48, 6.36e-08, 2e-08, 2.0, 0, 1e-08, 0
310651201, 9.85, 3.1e-08, 1.51e-08, 2.0, 0, 1e-08, 0
311256001, 13.72, 2.44e-08, 1.28e-08, 2.0, 0, 1e-08, 0
311860801, 17.7, 4.34e-08, 1.79e-08, 2.0, 0, 1e-08, 0
312465601, 17.13, 4.71e-08, 1.85e-08, 2.0, 0, 1e-08, 0
313070401, 16.49, 4.21e-08, 1.82e-08, 2.0, 0, 1e-08, 0
313675201, 14.1, 3.23e-08, 1.38e-08, 2.0, 0, 1e-08, 0
314280001, 18.02, 3.75e-08, 1.61e-08, 2.0, 0, 1e-08, 0
314884801, 23.91, 4.92e-08, 1.66e-08, 2.0, 0, 1e-08, 0
315489601, 13.01, 4.35e-08, 1.95e-08, 2.0, 0, 1e-08, 0
316094401, 12.39, 3.42e-08, 1.66e-08, 2.0, 0, 1e-08, 0
316699201, 2.21, 2.18e-08, 1.77e-08, 2.0, 0, 1e-08, 0
317304001, 22.02, 5.67e-08, 2.08e-08, 2.0, 0, 1e-08, 0
317908801, 14.8, 3.76e-08, 1.61e-08, 2.0, 0, 1e-08, 0
318513601, 15.12, 3.84e-08, 1.63e-08, 2.0, 0, 1e-08, 0
319118401, 9.25, 3.74e-08, 1.93e-08, 2.0, 0, 1e-08, 0
319723201, 19.91, 4.8e-08, 1.77e-08, 2.0, 0, 1e-08, 0
320328001, 11.22, 2.91e-08, 1.49e-08, 2.0, 0, 1e-08, 0
320932801, 5.17, 1.62e-08, 1.15e-08, 2.0, 0, 1e-08, 0
321537601, 2.23, 2.32e-08, 1.81e-08, 2.0, 0, 1e-08, 0
322142401, 13.3, 2.76e-08, 1.47e-08, 2.0, 0, 1e-08, 0
322747201, 50.74, 1.04e-07, 2.6e-08, 2.0, 0, 1e-08, 0
323352001, 6.52, 2.97e-08, 1.58e-08, 2.0, 0, 1e-08, 0
323956801, 35.3, 8e-08, 2.31e-08, 2.0, 0, 1e-08, 0
324561601, 86.87, 1.01e-07, 1.91e-08, 2.0, 0, 1e-08, 0
325166401, 49.58, 8.03e-08, 2.09e-08, 2.0, 0, 1e-08, 0
325771201, 58.17, 1.1e-07, 2.51e-08, 2.0, 0, 1e-08, 0
326376001, 36.72, 6.35e-08, 2.13e-08, 2.0, 0, 1e-08, 0
326980801, 18.23, 4.85e-08, 1.83e-08, 2.0, 0, 1e-08, 0
327585601, 10.36, 2.91e-08, 1.51e-08, 2.0, 0, 1e-08, 0
328190401, 34.67, 6.51e-08, 1.83e-08, 2.0, 0, 1e-08, 0
328795201, 42.02, 6.86e-08, 1.92e-08, 2.0, 0, 1e-08, 0
329400001, 29.49, 5.5e-08, 1.77e-08, 2.0, 0, 1e-08, 0
330004801, 37.68, 7.28e-08, 2.11e-08, 2.0, 0, 1e-08, 0
330609601, 17.76, 2.87e-08, 1.46e-08, 2.0, 0, 1e-08, 0
331214401, 32.39, 7.05e-08, 2.21e-08, 2.0, 0, 1e-08, 0
331819201, 30.44, 6.19e-08, 2.09e-08, 2.0, 0, 1e-08, 0
332424001, 37.42, 6.86e-08, 1.93e-08, 2.0, 0, 1e-08, 0
333028801, 21.25, 4.82e-08, 1.92e-08, 2.0, 0, 1e-08, 0
333633601, 35.84, 4.49e-08, 1.67e-08, 2.0, 0, 1e-08, 0
334238401, 12.04, 3.26e-08, 1.62e-08, 2.0, 0, 1e-08, 0
334843201, 19.04, 3.78e-08, 1.59e-08, 2.0, 0, 1e-08, 0
335448001, 35.61, 6.45e-08, 2.09e-08, 2.0, 0, 1e-08, 0
336052801, 37.8, 5.98e-08, 1.81e-08, 2.0, 0, 1e-08, 0
336657601, 58.4, 6.49e-08, 1.74e-08, 2.0, 0, 1e-08, 0
337262401, 65.3, 6.38e-08, 1.55e-08, 2.0, 0, 1e-08, 0
337867201, 47.03, 8.36e-08, 2.23e-08, 2.0, 0, 1e-08, 0
338472001, 13.31, 3.23e-08, 1.69e-08, 2.0, 0, 1e-08, 0
339076801, 43.44, 7.82e-08, 2.29e-08, 2.0, 0, 1e-08, 0
339681601, 59.26, 1.03e-07, 2.4e-08, 2.0, 0, 1e-08, 0
340286401, 15.83, 4.33e-08, 1.73e-08, 2.0, 0, 1e-08, 0
340891201, 13.47, 3.08e-08, 1.53e-08, 2.0, 0, 1e-08, 0
341496001, 71.9, 9.9e-08, 2.12e-08, 2.0, 0, 1e-08, 0
342100801, 39.15, 7.04e-08, 2.19e-08, 2.0, 0, 1e-08, 0
342705601, 40.46, 5.04e-08, 1.65e-08, 2.0, 0, 1e-08, 0
343310401, 40.75, 6.8e-08, 1.89e-08, 2.0, 0, 1e-08, 0
343915201, 24.73, 4.69e-08, 1.72e-08, 2.0, 0, 1e-08, 0
344520001, 35.68, 6.52e-08, 1.99e-08, 2.0, 0, 1e-08, 0
345124801, 7.42, 4.34e-08, 2.25e-08, 2.0, 0, 1e-08, 0
345729601, 23.08, 5.05e-08, 1.85e-08, 2.0, 0, 1e-08, 0
346334401, 18.57, 3.97e-08, 1.6e-08, 2.0, 0, 1e-08, 0
346939201, 39.53, 6.34e-08, 1.91e-08, 2.0, 0, 1e-08, 0
347544001, 37.53, 7.43e-08, 2.13e-08, 2.0, 0, 1e-08, 0
348148801, 28.74, 6.29e-08, 1.99e-08, 2.0, 0, 1e-08, 0
348753601, 39.66, 7.58e-08, 2.18e-08, 2.0, 0, 1e-08, 0
349358401, 37.07, 7.86e-08, 2.23e-08, 2.0, 0, 1e-08, 0
349963201, 11.89, 3.31e-08, 1.73e-08, 2.0, 0, 1e-08, 0
350568001, 15.2, 4.87e-08, 1.79e-08, 2.0, 0, 1e-08, 0
351172801, 57.64, 8.75e-08, 2.06e-08, 2.0, 0, 1e-08, 0
351777601, 39.3, 7.08e-08, 2.05e-08, 2.0, 0, 1e-08, 0
352382401, 25.74, 5.69e-08, 1.86e-08, 2.0, 0, 1e-08, 0
352987201, 46.79, 5.92e-08, 1.61e-08, 2.0, 0, 1e-08, 0
353592001, 3.89, 1.89e-08, 1.39e-08, 2.0, 0, 1e-08, 0
354196801, 16.53, 4.21e-08, 1.69e-08, 2.0, 0, 1e-08, 0
354801601, 25.05, 4.14e-08, 1.68e-08, 2.0, 0, 1e-08, 0
355406401, 29.04, 5.06e-08, 1.76e-08, 2.0, 0, 1e-08, 0
356011201, 23.74, 4.05e-08, 1.54e-08, 2.0, 0, 1e-08, 0
356616001, 27.89, 3.96e-08, 1.63e-08, 2.0, 0, 1e-08, 0
357825601, 4.39, 1.8e-08, 1.43e-08, 2.0, 0, 1e-08, 0
358430401, 7.13, 2.55e-08, 1.52e-08, 2.0, 0, 1e-08, 0
359035201, 1.86, 1.85e-08, 1.59e-08, 2.0, 0, 1e-08, 0
359640001, 4.98, 1.51e-08, 1.1e-08, 2.0, 0, 1e-08, 0
360244801, 12.69, 3.65e-08, 1.5e-08, 2.0, 0, 1e-08, 0
360849601, 21.98, 5.69e-08, 1.9e-08, 2.0, 0, 1e-08, 0
361454401, 12.1, 3.05e-08, 1.39e-08, 2.0, 0, 1e-08, 0
362059201, 14.26, 4.86e-08, 2.07e-08, 2.0, 0, 1e-08, 0
362664001, 10.05, 3.04e-08, 1.65e-08, 2.0, 0, 1e-08, 0
363268801, 9.67, 1.94e-08, 1.07e-08, 2.0, 0, 1e-08, 0
363873601, 43.82, 8.69e-08, 2.31e-08, 2.0, 0, 1e-08, 0
364478401, 19.32, 4.95e-08, 1.84e-08, 2.0, 0, 1e-08, 0
365083201, 30.57, 6e-08, 2.01e-08, 2.0, 0, 1e-08, 0
365688001, 8.34, 1.45e-08, 9.92e-09, 2.0, 0, 1e-08, 0
366292801, 7.12, 2.28e-08, 1.27e-08, 2.0, 0, 1e-08, 0
366897601, 12.21, 3.95e-08, 1.81e-08, 2.0, 0, 1e-08, 0
367502401, 16.22, 4.59e-08, 1.8e-08, 2.0, 0, 1e-08, 0
368107201, 18.29, 4.4e-08, 1.66e-08, 2.0, 0, 1e-08, 0
368712001, 12.79, 2.57e-08, 1.32e-08, 2.0, 0, 1e-08, 0
369316801, 8.61, 2e-08, 1.29e-08, 2.0, 0, 1e-08, 0
369921601, 3.18, 2.55e-08, 1.72e-08, 2.0, 0, 1e-08, 0
370526401, 7.92, 2.88e-08, 1.48e-08, 2.0, 0, 1e-08, 0
371131201, 6.43, 2.4e-08, 1.4e-08, 2.0, 0, 1e-08, 0
371736001, 27.43, 4.71e-08, 1.57e-08, 2.0, 0, 1e-08, 0
372340801, 3.85, 2.73e-08, 1.8e-08, 2.0, 0, 1e-08, 0
372945601, 14.25, 3.27e-08, 1.46e-08, 2.0, 0, 1e-08, 0
373550401, 21.44, 4.07e-08, 1.54e-08, 2.0, 0, 1e-08, 0
374155201, 4.95, 2.06e-08, 1.32e-08, 2.0, 0, 1e-08, 0
374760001, 11.76, 3.84e-08, 1.67e-08, 2.0, 0, 1e-08, 0
375364801, 11.91, 2.5e-08, 1.26e-08, 2.0, 0, 1e-08, 0
375969601, 24.42, 4.58e-08, 1.66e-08, 2.0, 0, 1e-08, 0
376574401, 15.64, 2.77e-08, 1.43e-08, 2.0, 0, 1e-08, 0
377179201, 6.57, 2.78e-08, 1.65e-08, 2.0, 0, 1e-08, 0
377784001, 15.08, 2.4e-08, 1.36e-08, 2.0, 0, 1e-08, 0
378388801, 3.42, 1.33e-08, 1.13e-08, 2.0, 0, 1e-08, 0
378993601, 4.23, 1.99e-08, 1.3e-08, 2.0, 0, 1e-08, 0
379598401, 19.77, 4.63e-08, 1.82e-08, 2.0, 0, 1e-08, 0
380203201, 10.25, 2.19e-08, 1.29e-08, 2.0, 0, 1e-08, 0
380808001, 10.89, 2.34e-08, 1.2e-08, 2.0, 0, 1e-08, 0
381412801, 5.77, 2.02e-08, 1.36e-08, 2.0, 0, 1e-08, 0
382622401, 12.02, 2.64e-08, 1.38e-08, 2.0, 0, 1e-08, 0
383227201, 24.04, 5.08e-08, 1.68e-08, 2.0, 0, 1e-08, 0
383832001, 10.29, 2.99e-08, 1.48e-08, 2.0, 0, 1e-08, 0
384436801, 25.56, 4.23e-08, 1.39e-08, 2.0, 0, 1e-08, 0
385041601, 13.39, 2.52e-08, 1.38e-08, 2.0, 0, 1e-08, 0
385646401, 9.3, 2.45e-08, 1.38e-08, 2.0, 0, 1e-08, 0
386251201, 27.17, 5.96e-08, 1.97e-08, 2.0, 0, 1e-08, 0
386856001, 17.93, 4.54e-08, 1.81e-08, 2.0, 0, 1e-08, 0
387460801, 31.08, 4.6e-08, 1.46e-08, 2.0, 0, 1e-08, 0
388065601, 10.42, 2.75e-08, 1.46e-08, 2.0, 0, 1e-08, 0
388670401, 25.85, 5.6e-08, 1.95e-08, 2.0, 0, 1e-08, 0
389275201, 17.34, 3.93e-08, 1.7e-08, 2.0, 0, 1e-08, 0
390484801, 13.41, 3.15e-08, 1.25e-08, 2.0, 0, 1e-08, 0
391089601, 27.85, 6.92e-08, 2.15e-08, 2.0, 0, 1e-08, 0
391694401, 44.18, 6.41e-08, 1.95e-08, 2.0, 0, 1e-08, 0
392299201, 25.79, 6.79e-08, 2.04e-08, 2.0, 0, 1e-08, 0
392904001, 40.81, 8.33e-08, 2.39e-08, 2.0, 0, 1e-08, 0
393508801, 102.01, 1.2e-07, 2.32e-08, 2.0, 0, 1e-08, 0
394113601, 42.96, 8.09e-08, 2.12e-08, 2.0, 0, 1e-08, 0
394718401, 32.36, 5.28e-08, 1.84e-08, 2.0, 0, 1e-08, 0
395323201, 52.52, 8.59e-08, 2.34e-08, 2.0, 0, 1e-08, 0
395928001, 18.47, 5.65e-08, 2.09e-08, 2.0, 0, 1e-08, 0
396532801, 32.85, 6.86e-08, 1.94e-08, 2.0, 0, 1e-08, 0
397137601, 29.35, 6.26e-08, 1.99e-08, 2.0, 0, 1e-08, 0
397742401, 5.41, 2.4e-08, 1.48e-08, 2.0, 0, 1e-08, 0
398347201, 40.09, 6.54e-08, 1.94e-08, 2.0, 0, 1e-08, 0
398952001, 55.62, 7.76e-08, 2.06e-08, 2.0, 0, 1e-08, 0
399556801, 38.49, 7.5e-08, 2.12e-08, 2.0, 0, 1e-08, 0
400161601, 35.84, 6.16e-08, 1.93e-08, 2.0, 0, 1e-08, 0
400766401, 20.92, 4.79e-08, 1.72e-08, 2.0, 0, 1e-08, 0
401371201, 17.76, 3.68e-08, 1.61e-08, 2.0, 0, 1e-08, 0
401976001, 10.66, 4.2e-08, 1.86e-08, 2.0, 0, 1e-08, 0
402580801, 24.84, 6.67e-08, 2.01e-08, 2.0, 0, 1e-08, 0
403185601, 57.81, 6.42e-08, 1.76e-08, 2.0, 0, 1e-08, 0
403790401, 45.16, 4.44e-08, 1.3e-08, 2.0, 0, 1e-08, 0
404395201, 3.28, 1.93e-08, 1.68e-08, 2.0, 0, 1e-08, 0
405000001, 9.12, 2.15e-08, 1.3e-08, 2.0, 0, 1e-08, 0
405604801, 1.49, 1.27e-08, 1.2e-08, 2.0, 0, 1e-08, 0
406209601, 16.94, 2.94e-08, 1.42e-08, 2.0, 0, 1e-08, 0
406814401, 7.3, 2.48e-08, 1.65e-08, 2.0, 0, 1e-08, 0
407419201, 2.64, 9.75e-09, 9.36e-09, 2.0, 0, 1e-08, 0
408628801, 19.83, 6.29e-08, 2.63e-08, 2.0, 0, 1e-08, 0
409838401, 24.53, 5.35e-08, 1.8e-08, 2.0, 0, 1e-08, 0
410443201, 1.7, 6.89e-09, 8e-09, 2.0, 0, 1e-08, 0
411048001, 9.08, 4.24e-08, 1.87e-08, 2.0, 0, 1e-08, 0
411652801, 9.8, 3.85e-08, 2.11e-08, 2.0, 0, 1e-08, 0
412257601, 42.94, 3.99e-08, 1.24e-08, 2.0, 0, 1e-08, 0
412862401, 41.95, 5.31e-08, 1.36e-08, 2.0, 0, 1e-08, 0
413467201, 8.28, 2.61e-08, 1.37e-08, 2.0, 0, 1e-08, 0
415281601, 4.78, 3.77e-08, 2.29e-08, 2.0, 0, 1e-08, 0
415886401, 26.25, 6.18e-08, 2.08e-08, 2.0, 0, 1e-08, 0
416491201, 8.7, 1.64e-08, 1.1e-08, 2.0, 0, 1e-08, 0
417096001, 1.44, 1.32e-08, 1.36e-08, 2.0, 0, 1e-08, 0
417700801, 10.51, 2.61e-08, 1.58e-08, 2.0, 0, 1e-08, 0
418305601, 4.01, 1.86e-08, 1.48e-08, 2.0, 0, 1e-08, 0
418910401, 18.94, 4.53e-08, 1.74e-08, 2.0, 0, 1e-08, 0
419515201, 12.16, 3.38e-08, 1.55e-08, 2.0, 0, 1e-08, 0
420120001, 14.21, 3.76e-08, 1.6e-08, 2.0, 0, 1e-08, 0
420724801, 12.33, 3.82e-08, 1.65e-08, 2.0, 0, 1e-08, 0
421329601, 11.99, 2.56e-08, 1.29e-08, 2.0, 0, 1e-08, 0
422539201, 16.26, 3.25e-08, 1.46e-08, 2.0, 0, 1e-08, 0
423144001, 14.8, 4.62e-08, 2.03e-08, 2.0, 0, 1e-08, 0
423748801, 2.28, 8.3e-09, 9.1e-09, 2.0, 0, 1e-08, 0
424353601, 9.54, 3.77e-08, 1.75e-08, 2.0, 0, 1e-08, 0
424958401, 17.54, 5.04e-08, 1.88e-08, 2.0, 0, 1e-08, 0
425563201, 5.34, 3.89e-08, 2.15e-08, 2.0, 0, 1e-08, 0
426168001, 40.04, 5.81e-08, 1.68e-08, 2.0, 0, 1e-08, 0
426772801, 29.11, 4.98e-08, 1.78e-08, 2.0, 0, 1e-08, 0
427377601, 8.71, 5.07e-08, 2.32e-08, 2.0, 0, 1e-08, 0
427982401, 12.19, 4.13e-08, 2e-08, 2.0, 0, 1e-08, 0
428587201, 44.53, 9.12e-08, 2.3e-08, 2.0, 0, 1e-08, 0
429192001, 32.46, 6.89e-08, 2e-08, 2.0, 0, 1e-08, 0
429796801, 28.46, 5.12e-08, 1.87e-08, 2.0, 0, 1e-08, 0
430401601, 23.9, 5.5e-08, 1.71e-08, 2.0, 0, 1e-08, 0
431006401, 10.81, 2.74e-08, 1.56e-08, 2.0, 0, 1e-08, 0
431611201, 15.56, 4.16e-08, 1.77e-08, 2.0, 0, 1e-08, 0
432216001, 22.48, 4.91e-08, 1.89e-08, 2.0, 0, 1e-08, 0
432820801, 28.35, 4.68e-08, 1.74e-08, 2.0, 0, 1e-08, 0
433425601, 9.22, 3e-08, 1.47e-08, 2.0, 0, 1e-08, 0
434030401, 19.38, 3.41e-08, 1.52e-08, 2.0, 0, 1e-08, 0
434635201, 7.24, 3.14e-08, 1.87e-08, 2.0, 0, 1e-08, 0
435844801, 13.78, 4.21e-08, 1.9e-08, 2.0, 0, 1e-08, 0
436449601, 10.9, 2.62e-08, 1.35e-08, 2.0, 0, 1e-08, 0
437054401, 22.07, 5.36e-08, 2.06e-08, 2.0, 0, 1e-08, 0
437659201, 30.88, 6.2e-08, 1.94e-08, 2.0, 0, 1e-08, 0
438264001, 40.75, 6.65e-08, 1.84e-08, 2.0, 0, 1e-08, 0
439473601, 42.21, 5.99e-08, 1.77e-08, 2.0, 0, 1e-08, 0
440078401, 23.96, 4.42e-08, 1.69e-08, 2.0, 0, 1e-08, 0
440683201, 27.08, 6.01e-08, 1.86e-08, 2.0, 0, 1e-08, 0
441288001, 15.79, 3.38e-08, 1.58e-08, 2.0, 0, 1e-08, 0
441892801, 11.73, 3.3e-08, 1.62e-08, 2.0, 0, 1e-08, 0
442497601, 1.78, 1.86e-08, 1.64e-08, 2.0, 0, 1e-08, 0
443102401, 14.47, 3.3e-08, 1.59e-08, 2.0, 0, 1e-08, 0
443707201, 26.35, 4.92e-08, 1.88e-08, 2.0, 0, 1e-08, 0
444312001, 16.22, 4.21e-08, 1.68e-08, 2.0, 0, 1e-08, 0
444916801, 5.08, 1.96e-08, 1.23e-08, 2.0, 0, 1e-08, 0
445521601, 29.2, 6.01e-08, 2.05e-08, 2.0, 0, 1e-08, 0
446126401, 14.29, 4.93e-08, 2.01e-08, 2.0, 0, 1e-08, 0
446731201, 6.48, 3.26e-08, 1.65e-08, 2.0, 0, 1e-08, 0
447336001, 27.01, 5.35e-08, 1.78e-08, 2.0, 0, 1e-08, 0
447940801, 93.29, 1.15e-07, 2.38e-08, 2.0, 0, 1e-08, 0
448545601, 14.67, 4.18e-08, 1.72e-08, 2.0, 0, 1e-08, 0
449150401, 33.23, 5.9e-08, 1.8e-08, 2.0, 0, 1e-08, 0
449755201, 17.37, 4.22e-08, 1.81e-08, 2.0, 0, 1e-08, 0
450360001, 16.91, 4.64e-08, 1.99e-08, 2.0, 0, 1e-08, 0
450964801, 3.49, 2.55e-08, 1.71e-08, 2.0, 0, 1e-08, 102
451569601, 35.98, 5.89e-08, 1.78e-08, 2.0, 0, 1e-08, 0
452174401, 51.08, 6.87e-08, 1.92e-08, 2.0, 0, 1e-08, 0
452779201, 16.49, 4.29e-08, 1.63e-08, 2.0, 0, 1e-08, 0
453384001, 8.47, 2.58e-08, 1.32e-08, 2.0, 0, 1e-08, 0
453988801, 32.17, 6.11e-08, 1.88e-08, 2.0, 0, 1e-08, 0
454593601, 13.52, 3.68e-08, 1.74e-08, 2.0, 0, 1e-08, 0
455198401, 16.81, 4.44e-08, 1.84e-08, 2.0, 0, 1e-08, 0
455803201, 17.76, 5.71e-08, 1.97e-08, 2.0, 0, 1e-08, 0
456408001, 36.96, 7.13e-08, 2.23e-08, 2.0, 0, 1e-08, 0
457012801, 22.73, 6.02e-08, 1.99e-08, 2.0, 0, 1e-08, 0
457617601, 34.02, 6.24e-08, 1.9e-08, 2.0, 0, 1e-08, 0
458222401, 41.4, 7.42e-08, 2.03e-08, 2.0, 0, 1e-08, 0
458827201, 52.2, 6.36e-08, 1.8e-08, 2.0, 0, 1e-08, 0
459432001, 36.45, 7.98e-08, 2.22e-08, 2.0, 0, 1e-08, 0
460036801, 52.93, 7.79e-08, 2.03e-08, 2.0, 0, 1e-08, 0
460641601, 19.42, 5.93e-08, 2.05e-08, 2.0, 0, 1e-08, 0
461246401, 50.95, 7.58e-08, 2.11e-08, 2.0, 0, 1e-08, 0
461851201, 45.3, 9.32e-08, 2.39e-08, 2.0, 0, 1e-08, 0
462456001, 16.96, 5.05e-08, 1.99e-08, 2.0, 0, 1e-08, 0
463060801, 22.22, 5.55e-08, 2.01e-08, 2.0, 0, 1e-08, 0
463665601, 49.05, 9.01e-08, 2.37e-08, 2.0, 0, 1e-08, 0
464270401, 44.68, 6.4e-08, 1.8e-08, 2.0, 0, 1e-08, 0
464875201, 70.79, 8.68e-08, 2.04e-08, 2.0, 0, 1e-08, 0
465480001, 37.43, 5.71e-08, 1.66e-08, 2.0, 0, 1e-08, 0
466084801, 60.78, 7.81e-08, 1.92e-08, 2.0, 0, 1e-08, 0
466689601, 48.61, 7.79e-08, 2.07e-08, 2.0, 0, 1e-08, 0
467294401, 39.67, 5.84e-08, 1.79e-08, 2.0, 0, 1e-08, 0
467899201, 14.88, 4.53e-08, 1.71e-08, 2.0, 0, 1e-08, 0
468504001, 36.07, 6e-08, 1.86e-08, 2.0, 0, 1e-08, 0
469108801, 25.75, 3.91e-08, 1.54e-08, 2.0, 0, 1e-08, 0
469713601, 24.6, 3.72e-08, 1.47e-08, 2.0, 0, 1e-08, 0
470318401, 60.23, 8.82e-08, 2.06e-08, 2.0, 0, 1e-08, 0
470923201, 40.13, 6.36e-08, 2.07e-08, 2.0, 0, 1e-08, 0
471528001, 21.75, 3.72e-08, 1.52e-08, 2.0, 0, 1e-08, 0
472132801, 79.51, 7.47e-08, 1.78e-08, 2.0, 0, 1e-08, 0
472737601, 29.66, 5.14e-08, 1.71e-08, 2.0, 0, 1e-08, 0
473342401, 19.61, 4.73e-08, 1.8e-08, 2.0, 0, 1e-08, 0
473947201, 24.51, 5.84e-08, 1.74e-08, 2.0, 0, 1e-08, 0
474552001, 38.14, 4.99e-08, 1.51e-08, 2.0, 0, 1e-08, 0
475156801, 54.31, 8.02e-08, 1.99e-08, 2.0, 0, 1e-08, 0
475761601, 62.76, 7.36e-08, 2.07e-08, 2.0, 0, 1e-08, 0
476366401, 21.2, 3.6e-08, 1.47e-08, 2.0, 0, 1e-08, 0
476971201, 18.23, 4.03e-08, 1.6e-08, 2.0, 0, 1e-08, 0
477576001, 16.8, 4.36e-08, 1.81e-08, 2.0, 0, 1e-08, 0
478180801, 15.43, 4.08e-08, 1.79e-08, 2.0, 0, 1e-08, 0
478785601, 31.87, 5.68e-08, 1.85e-08, 2.0, 0, 1e-08, 0
479390401, 43.37, 7.35e-08, 1.88e-08, 2.0, 0, 1e-08, 0
479995201, 38.59, 6.41e-08, 1.91e-08, 2.0, 0, 1e-08, 0
480600001, 15.01, 4.02e-08, 1.63e-08, 2.0, 0, 1e-08, 0
481204801, 24.25, 5.49e-08, 1.73e-08, 2.0, 0, 1e-08, 0
481809601, 31.05, 5.19e-08, 1.72e-08, 2.0, 0, 1e-08, 0
482414401, 25.16, 5.23e-08, 1.92e-08, 2.0, 0, 1e-08, 0
483019201, 20.15, 5.17e-08, 1.88e-08, 2.0, 0, 1e-08, 0
483624001, 21.77, 5.3e-08, 1.99e-08, 2.0, 0, 1e-08, 0
484228801, 13.09, 2.94e-08, 1.46e-08, 2.0, 0, 1e-08, 0
484833601, 31.26, 5.08e-08, 1.71e-08, 2.0, 0, 1e-08, 0
485438401, 6.91, 2.3e-08, 1.28e-08, 2.0, 0, 1e-08, 0
486043201, 29.18, 4.39e-08, 1.59e-08, 2.0, 0, 1e-08, 0
486648001, 13.91, 3.99e-08, 1.69e-08, 2.0, 0, 1e-08, 0
487252801, 20.16, 5.81e-08, 1.94e-08, 2.0, 0, 1e-08, 0
487857601, 11.46, 3.41e-08, 1.63e-08, 2.0, 0, 1e-08, 0
488462401, 9.56, 3.23e-08, 1.72e-08, 2.0, 0, 1e-08, 0
489067201, 26.26, 3.24e-08, 1.3e-08, 2.0, 0, 1e-08, 0
489672001, 29.33, 6.02e-08, 2e-08, 2.0, 0, 1e-08, 0
490276801, 14.34, 4.38e-08, 1.69e-08, 2.0, 0, 1e-08, 0
490881601, 24.94, 4.76e-08, 1.78e-08, 2.0, 0, 1e-08, 0
491486401, 4.93, 1.86e-08, 1.35e-08, 2.0, 0, 1e-08, 0
492091201, 3.22, 6.6e-08, 6.09e-08, 2.0, 0, 1e-08, 0
492696001, 15.22, 3.87e-08, 1.63e-08, 2.0, 0, 1e-08, 0
493300801, 5.19, 2.7e-08, 1.64e-08, 2.0, 0, 1e-08, 0
493905601, 1.02, 8.71e-09, 1.09e-08, 2.0, 0, 1e-08, 0
494510401, 6.43, 2.16e-08, 1.43e-08, 2.0, 0, 1e-08, 0
495115201, 11.47, 1.96e-08, 1.19e-08, 2.0, 0, 1e-08, 0
496324801, 23.07, 4.63e-08, 1.66e-08, 2.0, 0, 1e-08, 0
496929601, 31.66, 5.01e-08, 1.88e-08, 2.0, 0, 1e-08, 0
497534401, 33.88, 3.96e-08, 1.3e-08, 2.0, 0, 1e-08, 0
498139201, 19.04, 3.99e-08, 1.6e-08, 2.0, 0, 1e-08, 0
498744001, 24.12, 4.32e-08, 1.77e-08, 2.0, 0, 1e-08, 0
499348801, 26.72, 7.11e-08, 2.17e-08, 2.0, 0, 1e-08, 0
499953601, 24.29, 5.12e-08, 1.94e-08, 2.0, 0, 1e-08, 0
500558401, 3.16, 2.34e-08, 1.64e-08, 2.0, 0, 1e-08, 0
501768001, 17.81, 3.4e-08, 1.39e-08, 2.0, 0, 1e-08, 0
502372801, 12.0, 2.58e-08, 1.38e-08, 2.0, 0, 1e-08, 0
502977601, 22.67, 5.05e-08, 1.92e-08, 2.0, 0, 1e-08, 0
503582401, 17.62, 2.86e-08, 1.38e-08, 2.0, 0, 1e-08, 0
504187201, 22.28, 3.35e-08, 1.39e-08, 2.0, 0, 1e-08, 0
504792001, 20.77, 5.02e-08, 2.05e-08, 2.0, 0, 1e-08, 0
505396801, 4.46, 2.29e-08, 1.52e-08, 2.0, 0, 1e-08, 0
506001601, 50.52, 5.46e-08, 1.73e-08, 2.0, 0, 1e-08, 0
506606401, 22.24, 3.73e-08, 1.41e-08, 2.0, 0, 1e-08, 0
507211201, 5.27, 1.85e-08, 1.44e-08, 2.0, 0, 1e-08, 0
507816001, 44.12, 8.58e-08, 2.23e-08, 2.0, 0, 1e-08, 0
508420801, 5.37, 1.89e-08, 1.19e-08, 2.0, 0, 1e-08, 0
509025601, 20.81, 5.44e-08, 1.86e-08, 2.0, 0, 1e-08, 0
509630401, 35.0, 5.56e-08, 1.79e-08, 2.0, 0, 1e-08, 0
510235201, 2.45, 1.78e-08, 1.42e-08, 2.0, 0, 1e-08, 0
510840001, 33.53, 6.35e-08, 1.8e-08, 2.0, 0, 1e-08, 0
511444801, 6.4, 2.13e-08, 1.28e-08, 2.0, 0, 1e-08, 0
512049601, 6.77, 3.15e-08, 1.72e-08, 2.0, 0, 1e-08, 0
513259201, 59.72, 7.82e-08, 2.11e-08, 2.0, 0, 1e-08, 0
513864001, 3.35, 2.51e-08, 1.78e-08, 2.0, 0, 1e-08, 0
514468801, 18.27, 4.7e-08, 1.94e-08, 2.0, 0, 1e-08, 0
515073601, 15.38, 4.27e-08, 1.79e-08, 2.0, 0, 1e-08, 0
515678401, 14.47, 3.71e-08, 1.57e-08, 2.0, 0, 1e-08, 0
516283201, 4.69, 2.72e-08, 1.65e-08, 2.0, 0, 1e-08, 0
516888001, 41.5, 5.74e-08, 1.64e-08, 2.0, 0, 1e-08, 0
517492801, 22.66, 4.93e-08, 1.68e-08, 2.0, 0, 1e-08, 0
518097601, 14.5, 3.21e-08, 1.42e-08, 2.0, 0, 1e-08, 0
518702401, 39.02, 5.61e-08, 1.59e-08, 2.0, 0, 1e-08, 0
519307201, 16.21, 4.2e-08, 1.76e-08, 2.0, 0, 1e-08, 0
519912001, 5.06, 2.26e-08, 1.43e-08, 2.0, 0, 1e-08, 0
520516801, 12.39, 2.92e-08, 1.38e-08, 2.0, 0, 1e-08, 0
521121601, 5.26, 2.28e-08, 1.46e-08, 2.0, 0, 1e-08, 0
521726401, 18.99, 5.31e-08, 1.99e-08, 2.0, 0, 1e-08, 0
522331201, 18.65, 3.06e-08, 1.39e-08, 2.0, 0, 1e-08, 0
522936001, 20.96, 4.56e-08, 1.68e-08, 2.0, 0, 1e-08, 0
523540801, 16.61, 3.3e-08, 1.55e-08, 2.0, 0, 1e-08, 0
524145601, 15.75, 4.42e-08, 1.75e-08, 2.0, 0, 1e-08, 0
524750401, 37.87, 6.01e-08, 1.86e-08, 2.0, 0, 1e-08, 0
525355201, 7.4, 3.46e-08, 1.66e-08, 2.0, 0, 1e-08, 0
525960001, 13.23, 3.62e-08, 1.68e-08, 2.0, 0, 1e-08, 0
526564801, 16.69, 4.86e-08, 2.05e-08, 2.0, 0, 1e-08, 0
527169601, 12.5, 3.85e-08, 1.75e-08, 2.0, 0, 1e-08, 0
527774401, 11.06, 2.95e-08, 1.39e-08, 2.0, 0, 1e-08, 0
528379201, 8.04, 2.74e-08, 1.49e-08, 2.0, 0, 1e-08, 0
528984001, 5.82, 2.35e-08, 1.33e-08, 2.0, 0, 1e-08, 0
529588801, 2.85, 1.55e-08, 1.3e-08, 2.0, 0, 1e-08, 0
530193601, 14.42, 3.49e-08, 1.62e-08, 2.0, 0, 1e-08, 0
530798401, 15.14, 3.3e-08, 1.5e-08, 2.0, 0, 1e-08, 0
531403201, 15.06, 4.14e-08, 1.64e-08, 2.0, 0, 1e-08, 0
532008001, 41.35, 6.78e-08, 1.78e-08, 2.0, 0, 1e-08, 0
532612801, 16.09, 4.66e-08, 1.75e-08, 2.0, 0, 1e-08, 0
533217601, 32.82, 4.89e-08, 1.75e-08, 2.0, 0, 1e-08, 0
533822401, 30.28, 6.64e-08, 1.99e-08, 2.0, 0, 1e-08, 0
534427201, 20.21, 3.45e-08, 1.46e-08, 2.0, 0, 1e-08, 0
535032001, 21.09, 5.5e-08, 2.11e-08, 2.0, 0, 1e-08, 0
535636801, 46.47, 7.27e-08, 2.01e-08, 2.0, 0, 1e-08, 0
536241601, 9.26, 4.41e-08, 2.04e-08, 2.0, 0, 1e-08, 0
536846401, 20.63, 6.26e-08, 2.09e-08, 2.0, 0, 1e-08, 0
537451201, 23.66, 6.52e-08, 2.19e-08, 2.0, 0, 1e-08, 0
538056001, 32.17, 6.8e-08, 2.19e-08, 2.0, 0, 1e-08, 0
538660801, 29.55, 5.33e-08, 1.81e-08, 2.0, 0, 1e-08, 0
539265601, 14.02, 6.43e-08, 2.48e-08, 2.0, 0, 1e-08, 0
539870401, 30.01, 5.36e-08, 1.69e-08, 2.0, 0, 1e-08, 0
540475201, 7.18, 2.73e-08, 1.42e-08, 2.0, 0, 1e-08, 0
541080001, 9.44, 4.35e-08, 1.96e-08, 2.0, 0, 1e-08, 0
541684801, 16.53, 3.29e-08, 1.74e-08, 2.0, 0, 1e-08, 0
542289601, 46.56, 8.56e-08, 2.23e-08, 2.0, 0, 1e-08, 0
542894401, 33.76, 7.73e-08, 2.45e-08, 2.0, 0, 1e-08, 0
545918401, 5.78, 1.25e-07, 8.88e-08, 2.0, 0, 1e-08, 0
546523201, 7.02, 8.87e-08, 5.53e-08, 2.0, 0, 1e-08, 0
547128001, 83.36, 6.84e-08, 1.45e-08, 2.0, 0, 1e-08, 0
547732801, 77.36, 7.91e-08, 1.59e-08, 2.0, 0, 1e-08, 0
548337601, 21.35, 1.06e-07, 6.72e-08, 2.0, 0, 1e-08, 0
548942401, 36.86, 6.51e-08, 2.07e-08, 2.0, 0, 1e-08, 0
549547201, 6.19, 2.31e-08, 1.35e-08, 2.0, 0, 1e-08, 0
550152001, 9.15, 2.69e-08, 1.81e-08, 2.0, 0, 1e-08, 0
550756801, 2.67, 7.32e-08, 6.21e-08, 2.0, 0, 1e-08, 0
551361601, 24.44, 2.92e-08, 1.12e-08, 2.0, 0, 1e-08, 0
554990401, 8.53, 3.88e-08, 1.94e-08, 2.0, 0, 1e-08, 0
555595201, 20.6, 4.21e-08, 1.36e-08, 2.0, 0, 1e-08, 0
556200001, 11.97, 5.11e-08, 2.48e-08, 2.0, 0, 1e-08, 0
556804801, 7.22, 4.89e-08, 2.83e-08, 2.0, 0, 1e-08, 0
557409601, 6.32, 3.49e-08, 1.92e-08, 2.0, 0, 1e-08, 0
558014401, 7.04, 1.79e-07, 1.06e-07, 2.0, 0, 1e-08, 0
558619201, 13.74, 2.02e-08, 1.06e-08, 2.0, 0, 1e-08, 0
559224001, 17.15, 3.47e-08, 1.19e-08, 2.0, 0, 1e-08, 0
559828801, 63.7, 5.71e-08, 1.33e-08, 2.0, 0, 1e-08, 0
560433601, 33.36, 4.09e-08, 1.49e-08, 2.0, 0, 1e-08, 0
562248001, 4.56, 2.68e-08, 1.54e-08, 2.0, 0, 1e-08, 0
562852801, 49.43, 6.01e-08, 1.56e-08, 2.0, 0, 1e-08, 0
563457601, 36.26, 5.22e-08, 1.56e-08, 2.0, 0, 1e-08, 0
564062401, 16.39, 4.86e-08, 1.75e-08, 2.0, 0, 1e-08, 0
564667201, 13.81, 3.29e-08, 1.36e-08, 2.0, 0, 1e-08, 0
565272001, 28.88, 5.89e-08, 1.93e-08, 2.0, 0, 1e-08, 0
565876801, 4.99, 2.09e-08, 1.28e-08, 2.0, 0, 1e-08, 0
566481601, 28.79, 4.65e-08, 1.56e-08, 2.0, 0, 1e-08, 0
567086401, 7.56, 2.43e-08, 2.32e-08, 2.0, 0, 1e-08, 0
567691201, 4.69, 4.56e-08, 3.35e-08, 2.0, 0, 1e-08, 0
568296001, 23.74, 3.79e-08, 1.46e-08, 2.0, 0, 1e-08, 0
568900801, 34.81, 5.77e-08, 1.89e-08, 2.0, 0, 1e-08, 0
569505601, 18.73, 6.48e-08, 2.26e-08, 2.0, 0, 1e-08, 0
570110401, 6.76, 2.48e-08, 1.3e-08, 2.0, 0, 1e-08, 0
570715201, 17.73, 6.38e-08, 2.78e-08, 2.0, 0, 1e-08, 0
572529601, 39.86, 7.51e-08, 1.97e-08, 2.0, 0, 1e-08, 0
573134401, 53.06, 7.55e-08, 2.08e-08, 2.0, 0, 1e-08, 0
573739201, 17.73, 6.22e-08, 2.3e-08, 2.0, 0, 1e-08, 0
574948801, 46.06, 6.37e-08, 1.76e-08, 2.0, 0, 1e-08, 0
576158401, 78.76, 1.05e-07, 2.57e-08, 2.0, 0, 1e-08, 0
576763201, 85.92, 8.4e-08, 1.72e-08, 2.0, 0, 1e-08, 0
577368001, 34.12, 5.23e-08, 1.48e-08, 2.0, 0, 1e-08, 0
577972801, 21.97, 4.25e-08, 1.71e-08, 2.0, 0, 1e-08, 0
578577601, 37.29, 7.61e-08, 2.17e-08, 2.0, 0, 1e-08, 0
579182401, 64.63, 9.18e-08, 2.3e-08, 2.0, 0, 1e-08, 0
580392001, 32.06, 7.72e-08, 2.39e-08, 2.0, 0, 1e-08, 0
580996801, 37.39, 6.65e-08, 1.86e-08, 2.0, 0, 1e-08, 0
581601601, 42.01, 6.68e-08, 1.89e-08, 2.0, 0, 1e-08, 0
582206401, 4.28, 2.86e-08, 1.92e-08, 2.0, 0, 1e-08, 0
582811201, 10.99, 3.78e-08, 1.71e-08, 2.0, 0, 1e-08, 0
583416001, 94.43, 1.21e-07, 2.61e-08, 2.0, 0, 1e-08, 0
584020801, 39.51, 6.87e-08, 1.91e-08, 2.0, 0, 1e-08, 0
585835201, 8.82, 7.46e-08, 5.05e-08, 2.0, 0, 1e-08, 0
586440001, 41.0, 7.09e-08, 2.33e-08, 2.0, 0, 1e-08, 0
587044801, 27.18, 6.63e-08, 2.06e-08, 2.0, 0, 1e-08, 0
587649601, 18.32, 4.16e-08, 1.8e-08, 2.0, 0, 1e-08, 0
588254401, 29.66, 5.87e-08, 1.94e-08, 2.0, 0, 1e-08, 0
588859201, 21.06, 6.11e-08, 2.22e-08, 2.0, 0, 1e-08, 0
589464001, 12.99, 4.65e-08, 2.19e-08, 2.0, 0, 1e-08, 0
590068801, 37.24, 8.44e-08, 2.25e-08, 2.0, 0, 1e-08, 0
590673601, 67.5, 6.49e-08, 1.83e-08, 2.0, 0, 1e-08, 0
592488001, 56.29, 7.2e-08, 1.96e-08, 2.0, 0, 1e-08, 0
593092801, 17.08, 3.9e-08, 1.52e-08, 2.0, 0, 1e-08, 0
593697601, 20.53, 4.75e-08, 1.72e-08, 2.0, 0, 1e-08, 0
594302401, 24.54, 5.92e-08, 2.03e-08, 2.0, 0, 1e-08, 0
594907201, 52.13, 7.32e-08, 1.77e-08, 2.0, 0, 1e-08, 0
595512001, 31.84, 5.15e-08, 1.55e-08, 2.0, 0, 1e-08, 0
596116801, 17.71, 3.59e-08, 1.57e-08, 2.0, 0, 1e-08, 0
597326401, 24.04, 4.95e-08, 1.81e-08, 2.0, 0, 1e-08, 0
597931201, 54.09, 6.95e-08, 1.96e-08, 2.0, 0, 1e-08, 0
599140801, 5.51, 5.07e-08, 3.59e-08, 2.0, 0, 1e-08, 0
599745601, 1.09, 2.04e-08, 2.85e-08, 2.0, 0, 1e-08, 0
600350401, 25.72, 6.68e-08, 2.35e-08, 2.0, 0, 1e-08, 0
600955201, 19.54, 4.81e-08, 1.81e-08, 2.0, 0, 1e-08, 0
601560001, 10.46, 4e-08, 1.85e-08, 2.0, 0, 1e-08, 0
602164801, 44.98, 7.21e-08, 1.9e-08, 2.0, 0, 1e-08, 0
602769601, 3.99, 8.73e-08, 7.3e-08, 2.0, 0, 1e-08, 0
603374401, 11.4, 1.16e-07, 8.3e-08, 2.0, 0, 1e-08, 0
603979201, 12.46, 4.95e-08, 2.12e-08, 2.0, 0, 1e-08, 0
604584001, 32.41, 4.61e-08, 1.56e-08, 2.0, 0, 1e-08, 0
605188801, 20.93, 5.92e-08, 2.15e-08, 2.0, 0, 1e-08, 0
605793601, 57.13, 1.03e-07, 2.42e-08, 2.0, 0, 1e-08, 0
607003201, 49.33, 6.57e-08, 1.84e-08, 2.0, 0, 1e-08, 0
607608001, 36.18, 7.35e-08, 2.05e-08, 2.0, 0, 1e-08, 0
608212801, 51.88, 5.26e-08, 1.62e-08, 2.0, 0, 1e-08, 0
608817601, 49.69, 5.15e-08, 1.43e-08, 2.0, 0, 1e-08, 0
609422401, 49.1, 5.84e-08, 1.45e-08, 2.0, 0, 1e-08, 0
610027201, 50.24, 6.56e-08, 1.84e-08, 2.0, 0, 1e-08, 0
610632001, 11.61, 4.49e-08, 1.92e-08, 2.0, 0, 1e-08, 0
611236801, 61.13, 7.53e-08, 1.94e-08, 2.0, 0, 1e-08, 0
611841601, 67.7, 1.05e-07, 2.39e-08, 2.0, 0, 1e-08, 0
612446401, 56.39, 9.15e-08, 2.43e-08, 2.0, 0, 1e-08, 0
613051201, 31.02, 5.76e-08, 1.81e-08, 2.0, 0, 1e-08, 0
613656001, 22.87, 7.03e-08, 2.3e-08, 2.0, 0, 1e-08, 0
614260801, 34.03, 6.85e-08, 2.14e-08, 2.0, 0, 1e-08, 0
615470401, 30.94, 5.07e-08, 1.79e-08, 2.0, 0, 1e-08, 0
616075201, 19.51, 3.72e-08, 1.53e-08, 2.0, 0, 1e-08, 0
617889601, 8.41, 7.63e-08, 4.19e-08, 2.0, 0, 1e-08, 0
618494401, 63.12, 9.04e-08, 2.14e-08, 2.0, 0, 1e-08, 0
619099201, 20.11, 4.88e-08, 1.87e-08, 2.0, 0, 1e-08, 0
619704001, 65.59, 9.19e-08, 2.2e-08, 2.0, 0, 1e-08, 0
620308801, 39.83, 7.01e-08, 1.96e-08, 2.0, 0, 1e-08, 0
620913601, 87.66, 9.91e-08, 2.31e-08, 2.0, 0, 1e-08, 0
621518401, 17.54, 4.84e-08, 1.98e-08, 2.0, 0, 1e-08, 0
622728001, 18.38, 3.79e-08, 1.49e-08, 2.0, 0, 1e-08, 0
623332801, 15.44, 3.5e-08, 1.28e-08, 2.0, 0, 1e-08, 0
623937601, 57.97, 6.16e-08, 1.66e-08, 2.0, 0, 1e-08, 0
624542401, 16.85, 4.12e-08, 1.53e-08, 2.0, 0, 1e-08, 0
625147201, 61.82, 7.79e-08, 1.85e-08, 2.0, 0, 1e-08, 0
625752001, 21.73, 3.92e-08, 1.57e-08, 2.0, 0, 1e-08, 0
626356801, 10.2, 2.06e-08, 1.23e-08, 2.0, 0, 1e-08, 0
626961601, 18.2, 3.21e-08, 1.36e-08, 2.0, 0, 1e-08, 0
627566401, 48.07, 6.1e-08, 1.87e-08, 2.0, 0, 1e-08, 0
628171201, 14.45, 2.67e-08, 1.48e-08, 2.0, 0, 1e-08, 0
628776001, 23.86, 5.36e-08, 1.82e-08, 2.0, 0, 1e-08, 0
629380801, 39.96, 6.11e-08, 1.91e-08, 2.0, 0, 1e-08, 0
629985601, 26.47, 4.56e-08, 1.63e-08, 2.0, 0, 1e-08, 0
631195201, 6.39, 3.41e-08, 3.33e-08, 2.0, 0, 1e-08, 0
631800001, 1.45, 4.52e-08, 5.22e-08, 2.0, 0, 1e-08, 0
632404801, 31.07, 5.64e-08, 1.96e-08, 2.0, 0, 1e-08, 0
633009601, 6.47, 3.06e-08, 1.66e-08, 2.0, 0, 1e-08, 0
633614401, 10.3, 3.06e-08, 1.54e-08, 2.0, 0, 1e-08, 0
634219201, 6.77, 3.03e-08, 1.68e-08, 2.0, 0, 1e-08, 0
634824001, 7.29, 5.13e-08, 4.12e-08, 2.0, 0, 1e-08, 0
636033601, 3.54, 2.62e-08, 1.81e-08, 2.0, 0, 1e-08, 0
636638401, 24.55, 4.54e-08, 1.64e-08, 2.0, 0, 1e-08, 0
637243201, 10.44, 4.11e-08, 2.02e-08, 2.0, 0, 1e-08, 0
637848001, 3.05, 1.63e-08, 1.3e-08, 2.0, 0, 1e-08, 0
638452801, 43.7, 6.77e-08, 1.96e-08, 2.0, 0, 1e-08, 0
639057601, 17.91, 4.58e-08, 1.78e-08, 2.0, 0, 1e-08, 0
639662401, 24.86, 5e-08, 1.78e-08, 2.0, 0, 1e-08, 0
640267201, 15.72, 2.6e-08, 1.29e-08, 2.0, 0, 1e-08, 0
640872001, 19.14, 3.78e-08, 1.28e-08, 2.0, 0, 1e-08, 0
641476801, 31.62, 4.58e-08, 1.34e-08, 2.0, 0, 1e-08, 0
642081601, 19.74, 2.96e-08, 1.38e-08, 2.0, 0, 1e-08, 0
642686401, 38.67, 7.05e-08, 2.13e-08, 2.0, 0, 1e-08, 0
643291201, 10.16, 3.76e-08, 1.83e-08, 2.0, 0, 1e-08, 0
643896001, 34.35, 5.64e-08, 1.79e-08, 2.0, 0, 1e-08, 0
644500801, 29.95, 6.93e-08, 2.4e-08, 2.0, 0, 1e-08, 0
645105601, 46.71, 6.24e-08, 1.75e-08, 2.0, 0, 1e-08, 0
645710401, 32.58, 7.78e-08, 2.41e-08, 2.0, 0, 1e-08, 0
646315201, 14.14, 4.34e-08, 2.01e-08, 2.0, 0, 1e-08, 0
646920001, 10.2, 3.66e-08, 1.87e-08, 2.0, 0, 1e-08, 0
647524801, 24.28, 4.9e-08, 1.87e-08, 2.0, 0, 1e-08, 0
648129601, 24.2, 4.74e-08, 1.89e-08, 2.0, 0, 1e-08, 0
648734401, 4.76, 1.97e-07, 1.83e-07, 2.0, 0, 1e-08, 0
649944001, 15.52, 4.55e-08, 2.34e-08, 2.0, 0, 1e-08, 0
650548801, 16.31, 4.33e-08, 1.66e-08, 2.0, 0, 1e-08, 0
651153601, 20.92, 3.41e-08, 1.45e-08, 2.0, 0, 1e-08, 0
651758401, 8.36, 3.12e-08, 1.65e-08, 2.0, 0, 1e-08, 0
652363201, 28.86, 7.4e-08, 2.1e-08, 2.0, 0, 1e-08, 0
652968001, 33.07, 6.39e-08, 2.01e-08, 2.0, 0, 1e-08, 0
653572801, 17.53, 6.35e-08, 2.17e-08, 2.0, 0, 1e-08, 0
654177601, 28.71, 5.61e-08, 1.8e-08, 2.0, 0, 1e-08, 0
654782401, 8.96, 3.12e-08, 1.4e-08, 2.0, 0, 1e-08, 0
655387201, 37.65, 5.31e-08, 1.45e-08, 2.0, 0, 1e-08, 0
655992001, 7.1, 4.19e-08, 2.02e-08, 2.0, 0, 1e-08, 0
656596801, 13.77, 2.24e-08, 1.19e-08, 2.0, 0, 1e-08, 0
657201601, 21.7, 4.44e-08, 1.6e-08, 2.0, 0, 1e-08, 0
657806401, 31.57, 5.4e-08, 1.76e-08, 2.0, 0, 1e-08, 0
658411201, 16.51, 3.24e-08, 1.55e-08, 2.0, 0, 1e-08, 0
659016001, 19.68, 2.85e-08, 1.26e-08, 2.0, 0, 1e-08, 0
659620801, 6.48, 3.35e-08, 1.95e-08, 2.0, 0, 1e-08, 0
660225601, 3.18, 1.91e-08, 1.44e-08, 2.0, 0, 1e-08, 0
660830401, 22.87, 4.65e-08, 1.83e-08, 2.0, 0, 1e-08, 0
661435201, 36.07, 5.33e-08, 1.86e-08, 2.0, 0, 1e-08, 0
662040001, 7.79, 1.56e-08, 1.3e-08, 2.0, 0, 1e-08, 0
663854401, 9.69, 6.24e-08, 3.37e-08, 2.0, 0, 1e-08, 0
664459201, 35.97, 8.38e-08, 2.21e-08, 2.0, 0, 1e-08, 0
665064001, 25.44, 4.2e-08, 1.62e-08, 2.0, 0, 1e-08, 0
665668801, 47.69, 9.04e-08, 2.35e-08, 2.0, 0, 1e-08, 0
666273601, 23.3, 6.93e-08, 2.55e-08, 2.0, 0, 1e-08, 0
667483201, 1.81, 1.97e-08, 2.17e-08, 2.0, 0, 1e-08, 0
668088001, 39.27, 5.72e-08, 1.71e-08, 2.0, 0, 1e-08, 0
668692801, 39.26, 7.12e-08, 2.11e-08, 2.0, 0, 1e-08, 0
669297601, 32.26, 8.5e-08, 2.53e-08, 2.0, 0, 1e-08, 0
669902401, 16.45, 4.1e-08, 1.7e-08, 2.0, 0, 1e-08, 0
670507201, 29.05, 7.24e-08, 2.19e-08, 2.0, 0, 1e-08, 0
671112001, 33.81, 5.22e-08, 1.77e-08, 2.0, 0, 1e-08, 0
671716801, 52.34, 7.68e-08, 2.1e-08, 2.0, 0, 1e-08, 0
672321601, 11.93, 3.72e-08, 1.56e-08, 2.0, 0, 1e-08, 0
672926401, 36.42, 4.93e-08, 1.42e-08, 2.0, 0, 1e-08, 0
673531201, 34.46, 6.48e-08, 1.72e-08, 2.0, 0, 1e-08, 0
674136001, 24.26, 4.93e-08, 1.84e-08, 2.0, 0, 1e-08, 0
674740801, 14.56, 4.7e-08, 1.93e-08, 2.0, 0, 1e-08, 0
675345601, 28.76, 5.88e-08, 1.97e-08, 2.0, 0, 1e-08, 0
675950401, 54.63, 9.36e-08, 2.35e-08, 2.0, 0, 1e-08, 0
676555201, 5.65, 3.84e-08, 2.34e-08, 2.0, 0, 1e-08, 0
677160001, 17.61, 4.92e-08, 1.91e-08, 2.0, 0, 1e-08, 0
677764801, 3.43, 3.13e-08, 2.25e-08, 2.0, 0, 1e-08, 0
678369601, 14.05, 4.03e-08, 1.81e-08, 2.0, 0, 1e-08, 0
678974401, 4.53, 2.12e-08, 1.54e-08, 2.0, 0, 1e-08, 0
679579201, 27.62, 4.23e-08, 1.79e-08, 2.0, 0, 1e-08, 0
680184001, 6.43, 3.86e-08, 2.37e-08, 2.0, 0, 1e-08, 0
681393601, 47.32, 0.00016, 3.4e-05, 2.0, 0, 1e-08, 0
681998401, 33.92, 7.09e-08, 2e-08, 2.0, 0, 1e-08, 0
682603201, 64.11, 1.05e-07, 2.32e-08, 2.0, 0, 1e-08, 0
683208001, 39.32, 4.93e-08, 1.78e-08, 2.0, 0, 1e-08, 0
683812801, 37.57, 8.35e-08, 2.23e-08, 2.0, 0, 1e-08, 0
684417601, 52.5, 8.37e-08, 2.1e-08, 2.0, 0, 1e-08, 0
685022401, 36.35, 7.28e-08, 2.12e-08, 2.0, 0, 1e-08, 0
685627201, 53.15, 6.6e-08, 1.9e-08, 2.0, 0, 1e-08, 0
686232001, 57.57, 8.54e-08, 2.15e-08, 2.0, 0, 1e-08, 0
686836801, 1.13, 9.56e-09, 1.13e-08, 2.0, 0, 1e-08, 0
687441601, 51.95, 5.43e-08, 1.49e-08, 2.0, 0, 1e-08, 0
688046401, 6.39, 1.67e-08, 1.17e-08, 2.0, 0, 1e-08, 0
688651201, 16.01, 3.25e-08, 1.56e-08, 2.0, 0, 1e-08, 0
689256001, 28.91, 6.7e-08, 2.13e-08, 2.0, 0, 1e-08, 0
689860801, 59.15, 7.91e-08, 2.17e-08, 2.0, 0, 1e-08, 0
690465601, 22.74, 6.2e-08, 2.15e-08, 2.0, 0, 1e-08, 0
691070401, 4.99, 2.49e-08, 1.57e-08, 2.0, 0, 1e-08, 0
691675201, 15.3, 4.11e-08, 2.13e-08, 2.0, 0, 1e-08, 0
692280001, 4.8, 1.92e-08, 1.32e-08, 2.0, 0, 1e-08, 0
692884801, 22.53, 6.07e-08, 2.1e-08, 2.0, 0, 1e-08, 0
693489601, 6.3, 1.13e-08, 9.12e-09, 2.0, 0, 1e-08, 0
694094401, 3.53, 1.76e-08, 1.76e-08, 2.0, 0, 1e-08, 0
695908801, 1.63, 1.11e-08, 1.5e-08, 2.0, 0, 1e-08, 0
696513601, 27.9, 4.43e-08, 1.72e-08, 2.0, 0, 1e-08, 0
697118401, 11.14, 3.45e-08, 1.66e-08, 2.0, 0, 1e-08, 0
697723201, 10.64, 2.24e-08, 1.3e-08, 2.0, 0, 1e-08, 0
698328001, 17.22, 3.96e-08, 2.03e-08, 2.0, 0, 1e-08, 0
698932801, 2.35, 1.67e-08, 1.94e-08, 2.0, 0, 1e-08, 0
699537601, 11.91, 5.64e-08, 2.43e-08, 2.0, 0, 1e-08, 0
700142401, 8.32, 1.19e-08, 1.06e-08, 2.0, 0, 1e-08, 0
700747201, 35.53, 5.99e-08, 1.83e-08, 2.0, 0, 1e-08, 0
701352001, 78.24, 8.66e-08, 2.03e-08, 2.0, 0, 1e-08, 0
701956801, 45.12, 7.77e-08, 2.19e-08, 2.0, 0, 1e-08, 0
702561601, 48.79, 7.35e-08, 2.02e-08, 2.0, 0, 1e-08, 0
703166401, 44.9, 8.02e-08, 1.99e-08, 2.0, 0, 1e-08, 0
703771201, 69.1, 8.89e-08, 2.2e-08, 2.0, 0, 1e-08, 0
704376001, 55.37, 5.63e-08, 1.44e-08, 2.0, 0, 1e-08, 0
704980801, 110.93, 1.05e-07, 1.88e-08, 2.0, 0, 1e-08, 0
705585601, 17.48, 4.15e-08, 1.56e-08, 2.0, 0, 1e-08, 0
706190401, 34.31, 7.73e-08, 2.39e-08, 2.0, 0, 1e-08, 0
706795201, 51.41, 8.46e-08, 2.24e-08, 2.0, 0, 1e-08, 0
707400001, 18.14, 4.13e-08, 1.55e-08, 2.0, 0, 1e-08, 0
708004801, 28.48, 8.15e-08, 2.66e-08, 2.0, 0, 1e-08, 0
708609601, 22.5, 7.27e-08, 2.54e-08, 2.0, 0, 1e-08, 0
709214401, 45.55, 7.81e-08, 2.39e-08, 2.0, 0, 1e-08, 0
709819201, 15.47, 4.08e-08, 1.99e-08, 2.0, 0, 1e-08, 0
710424001, 47.48, 7.58e-08, 2.2e-08, 2.0, 0, 1e-08, 0
711028801, 7.57, 3.17e-08, 1.73e-08, 2.0, 0, 1e-08, 0
711633601, 63.65, 1.07e-07, 2.68e-08, 2.0, 0, 1e-08, 0
712238401, 7.18, 6.56e-08, 4.52e-08, 2.0, 0, 1e-08, 0
714052801, 24.62, 4.82e-08, 1.69e-08, 2.0, 0, 1e-08, 0
714657601, 9.53, 3.02e-08, 1.7e-08, 2.0, 0, 1e-08, 0
715262401, 29.32, 5.71e-08, 2.06e-08, 2.0, 0, 1e-08, 0
715867201, 38.87, 8.14e-08, 2.08e-08, 2.0, 0, 1e-08, 0
716472001, 14.09, 4.72e-08, 1.89e-08, 2.0, 0, 1e-08, 0
717076801, 47.03, 7.16e-08, 1.95e-08, 2.0, 0, 1e-08, 0
717681601, 37.82, 6.67e-08, 2e-08, 2.0, 0, 1e-08, 0
718286401, 20.62, 3.57e-08, 1.35e-08, 2.0, 0, 1e-08, 0
718891201, 24.34, 3.86e-08, 1.37e-08, 2.0, 0, 1e-08, 0
719496001, 9.93, 2.1e-08, 1.2e-08, 2.0, 0, 1e-08, 0
720100801, 6.51, 2.96e-08, 1.79e-08, 2.0, 0, 1e-08, 0
720705601, 27.83, 4e-08, 1.51e-08, 2.0, 0, 1e-08, 0
721310401, 16.95, 2.76e-08, 1.26e-08, 2.0, 0, 1e-08, 0
722520001, 24.59, 4.71e-08, 1.67e-08, 2.0, 0, 1e-08, 0
723124801, 20.65, 4.39e-08, 1.71e-08, 2.0, 0, 1e-08, 0
723729601, 38.79, 9.03e-08, 2.68e-08, 2.0, 0, 1e-08, 0
724334401, 9.92, 2.47e-08, 1.51e-08, 2.0, 0, 1e-08, 0
724939201, 16.9, 2.33e-08, 1.27e-08, 2.0, 0, 1e-08, 0
725544001, 49.56, 7.25e-08, 2e-08, 2.0, 0, 1e-08, 0
728568001, 14.53, 3.64e-08, 1.66e-08, 2.0, 0, 1e-08, 0
729172801, 14.02, 3.01e-08, 1.45e-08, 2.0, 0, 1e-08, 0
730382401, 7.82, 5.39e-08, 3.35e-08, 2.0, 0, 1e-08, 0
731592001, 26.54, 6e-08, 2e-08, 2.0, 0, 1e-08, 0
732196801, 14.98, 3.35e-08, 1.55e-08, 2.0, 0, 1e-08, 0
732801601, 69.35, 6.78e-08, 1.52e-08, 2.0, 0, 1e-08, 0
733406401, 22.27, 6.9e-08, 2.42e-08, 2.0, 0, 1e-08, 0
734011201, 33.58, 5.93e-08, 2.06e-08, 2.0, 0, 1e-08, 0
734616001, 28.7, 5.51e-08, 1.91e-08, 2.0, 0, 1e-08, 0
735220801, 26.04, 4.99e-08, 1.74e-08, 2.0, 0, 1e-08, 0
735825601, 28.46, 5.37e-08, 1.67e-08, 2.0, 0, 1e-08, 0
736430401, 43.35, 5.91e-08, 1.51e-08, 2.0, 0, 1e-08, 0
737035201, 12.28, 3.95e-08, 1.56e-08, 2.0, 0, 1e-08, 0
737640001, 3.23, 2.96e-08, 2.13e-08, 2.0, 0, 1e-08, 0
738244801, 45.75, 1.05e-07, 2.7e-08, 2.0, 0, 1e-08, 0
738849601, 31.6, 5.19e-08, 1.79e-08, 2.0, 0, 1e-08, 0
739454401, 10.44, 2.36e-08, 1.34e-08, 2.0, 0, 1e-08, 0
740059201, 19.48, 6.74e-08, 3.16e-08, 2.0, 0, 1e-08, 0
740664001, 33.59, 7.46e-08, 2.54e-08, 2.0, 0, 1e-08, 0
741268801, 21.96, 7.39e-08, 3.09e-08, 2.0, 0, 1e-08, 0
741873601, 23.17, 4.56e-08, 1.82e-08, 2.0, 0, 1e-08, 0
