timestamp, ts, flux, flux_error, photon_index, photon_index_interval, fit_tolerance, fit_convergence
240235201, 1.52, 5.84e-08, 6.17e-08, 2.91, 0.95, 1e-08, 0
241531201, 9.55, 1.58e-07, 6.82e-08, 6.38, 3.3, 1e-08, 102
242568001, 3.1, 7.37e-08, 5.22e-08, 3.31, 0.96, 1e-08, 0
243864001, 2.65, 7.05e-08, 5.54e-08, 4.14, 6.2, 1e-08, 102
244382401, 1.65, 2.94e-08, 3.87e-08, 2.61, 0.97, 1e-08, 0
246456001, 3.29, 6.56e-08, 4.74e-08, 3.01, 0.68, 1e-08, 0
247233601, 2.16, 4.77e-08, 6.55e-08, 2.82, 1.79, 1e-08, 0
247752001, 7.21, 1.12e-07, 5.22e-08, 4.4, 3.91, 1e-08, 102
248011201, 1.2, 3.54e-08, 4.51e-08, 3.46, 4.58, 1e-08, 0
249307201, 2.44, 7.91e-08, 6.21e-08, 6.06, 5.94, 1e-08, 102
249566401, 1.12, 1.93e-08, 3.02e-08, 2.12, 0.88, 1e-08, 0
249825601, 4.38, 1.74e-07, 1.02e-07, 5.78, 4.54, 1e-08, 102
250344001, 2.67, 9.09e-08, 6.7e-08, 3.97, 1.36, 1e-08, 0
252158401, 5.68, 1.54e-08, 2.62e-08, 1.81, 0.8, 1e-08, 0
252676801, 1.39, 5.23e-09, 7.85e-09, 1.34, 0.64, 1e-08, 0
253195201, 4.98, 4.48e-08, 3.46e-08, 2.26, 0.52, 1e-08, 0
253713601, 1.03, 5.03e-08, 5.65e-08, 3.28, 1.16, 1e-08, 0
254750401, 1.62, 6.15e-08, 6.03e-08, 8.13, 7.6, 1e-08, 102
255528001, 1.93, 5.76e-08, 4.74e-08, 5.19, 6.62, 1e-08, 102
256305601, 1.08, 4.11e-08, 4.41e-08, 3.03, 1.1, 1e-08, 0
257860801, 6.17, 1.01e-07, 5.19e-08, 3.37, 0.77, 1e-08, 0
260193601, 1.15, 4.37e-08, 4.65e-08, 3.19, 1.1, 1e-08, 0
261748801, 5.12, 3.12e-09, 3.64e-09, 0.95, 0.65, 1e-08, 0
263044801, 1.15, 5.25e-08, 5.83e-08, 10.0, 0, 1e-08, 0
263822401, 2.89, 6.23e-08, 5.95e-08, 2.59, 0.94, 1e-08, 0
264340801, 2.84, 4e-08, 3.64e-08, 2.23, 0.56, 1e-08, 0
265377601, 2.45, 5.43e-08, 5.27e-08, 9.62, 17.6, 1e-08, 0
266932801, 1.85, 4.94e-08, 4.29e-08, 4.92, 6.88, 1e-08, 102
267710401, 1.28, 6.08e-08, 5.72e-08, 5.5, 7.73, 1e-08, 102
268488001, 2.09, 9.32e-08, 7.77e-08, 3.97, 2.67, 1e-08, 0
268747201, 5.46, 1.03e-07, 5.89e-08, 3.29, 0.81, 1e-08, 0
269265601, 6.33, 1.01e-07, 5.58e-08, 3.23, 0.66, 1e-08, 0
272376001, 3.88, 7.08e-08, 6.02e-08, 2.69, 0.74, 1e-08, 0
273153601, 2.26, 9.27e-08, 8.35e-08, 9.72, 11.6, 1e-08, 0
274190401, 6.26, 5.51e-08, 3.64e-08, 2.51, 0.55, 1e-08, 0
275227201, 4.12, 6.22e-08, 5.17e-08, 2.96, 0.8, 1e-08, 0
277300801, 1.01, 2.96e-08, 3.96e-08, 2.39, 0.95, 1e-08, 0
277560001, 5.2, 1.22e-07, 6.61e-08, 7.94, 4.12, 1e-08, 102
278078401, 6.71, 5.73e-08, 4.89e-08, 2.6, 0.74, 1e-08, 0
280670401, 4.82, 5.95e-08, 3.59e-08, 3.03, 0.71, 1e-08, 0
281188801, 1.26, 4.54e-08, 5.07e-08, 3.68, 8.26, 1e-08, 102
281448001, 1.08, 3.37e-08, 3.85e-08, 3.86, 1.55, 1e-08, 0
281707201, 2.89, 2.87e-08, 3.02e-08, 2.12, 0.74, 1e-08, 0
284299201, 3.82, 8.97e-08, 5.62e-08, 5.39, 4.77, 1e-08, 102
285595201, 3.78, 5.8e-08, 4.61e-08, 10.0, 0, 1e-08, 0
287668801, 3.08, 5.31e-08, 3.75e-08, 9.12, 5.58, 1e-08, 102
288446401, 10.26, 5.32e-08, 3.02e-08, 2.19, 0.44, 1e-08, 0
289224001, 3.79, 7.93e-08, 4.96e-08, 3.21, 0.77, 1e-08, 0
291038401, 3.59, 5.85e-08, 4.1e-08, 2.62, 0.62, 1e-08, 0
292334401, 6.19, 9.45e-08, 4.75e-08, 7.11, 4.05, 1e-08, 102
293371201, 1.69, 4.57e-08, 4.3e-08, 3.21, 2, 1e-08, 0
294148801, 2.46, 3.96e-08, 3.56e-08, 2.23, 0.55, 1e-08, 0
294667201, 3.21, 2.23e-08, 2.6e-08, 2.14, 0.71, 1e-08, 0
295185601, 1.9, 6.46e-08, 5.36e-08, 4.19, 6.79, 1e-08, 102
295444801, 1.48, 5.23e-08, 5.27e-08, 4.77, 7.59, 1e-08, 102
295963201, 4.54, 1.31e-07, 7.51e-08, 4.17, 3.31, 1e-08, 0
296481601, 2.96, 3.86e-08, 3.33e-08, 2.24, 0.58, 1e-08, 0
297518401, 9.1, 1.45e-07, 6.02e-08, 4.26, 0.94, 1e-08, 0
298036801, 1.23, 3.27e-08, 3.6e-08, 3.21, 1.07, 1e-08, 0
299332801, 4.47, 1.15e-08, 1.67e-08, 1.81, 0.73, 1e-08, 0
300628801, 2.92, 9.92e-08, 7.46e-08, 5.63, 5.34, 1e-08, 102
301665601, 3.74, 2.6e-08, 2.63e-08, 1.99, 0.55, 1e-08, 0
302184001, 2.8, 7.4e-08, 5.31e-08, 3.49, 1.23, 1e-08, 0
302702401, 4.02, 7.28e-08, 4.72e-08, 2.98, 0.77, 1e-08, 0
303220801, 3.14, 2.66e-08, 2.71e-08, 1.98, 0.62, 1e-08, 0
304257601, 1.25, 4.13e-08, 4.12e-08, 7.87, 7.64, 1e-08, 102
304776001, 1.7, 4.87e-08, 4.01e-08, 8.15, 6.91, 1e-08, 102
305035201, 2.42, 7.21e-08, 5.67e-08, 4.18, 1.55, 1e-08, 0
305294401, 2.68, 8.86e-08, 6.56e-08, 4.89, 5.76, 1e-08, 102
305553601, 5.78, 1.14e-07, 5.91e-08, 3.31, 0.86, 1e-08, 0
305812801, 1.81, 5.13e-08, 4.35e-08, 4.82, 7.1, 1e-08, 102
306072001, 3.19, 7.22e-08, 4.87e-08, 4.22, 1.96, 1e-08, 0
306331201, 4.48, 8.05e-08, 4.66e-08, 7.99, 4.41, 1e-08, 102
306849601, 3.75, 6.33e-08, 4.37e-08, 2.83, 0.69, 1e-08, 0
307368001, 3.96, 9.44e-08, 5.57e-08, 4.74, 4.8, 1e-08, 102
307886401, 6.47, 1.12e-07, 5.59e-08, 3.81, 1.82, 1e-08, 0
308145601, 2.52, 1.08e-08, 1.46e-08, 1.83, 0.7, 1e-08, 0
308923201, 5.38, 6.46e-08, 4.14e-08, 2.92, 0.73, 1e-08, 0
309182401, 1.11, 1.91e-08, 2.81e-08, 2.29, 0.87, 1e-08, 0
310219201, 20.1, 6.14e-08, 3.44e-08, 2.0, 0.36, 1e-08, 0
310478401, 4.54, 8.97e-08, 5.24e-08, 6.25, 4.44, 1e-08, 102
310737601, 6.46, 5.2e-08, 3.51e-08, 2.37, 0.49, 1e-08, 0
310996801, 1.31, 3.19e-08, 3.67e-08, 3.22, 1.15, 1e-08, 0
312552001, 1.29, 3.49e-08, 5.09e-08, 2.93, 1.77, 1e-08, 0
312811201, 5.8, 8.75e-08, 4.54e-08, 3.7, 1.31, 1e-08, 0
314107201, 2.95, 2.89e-08, 3.41e-08, 2.27, 0.71, 1e-08, 0
314884801, 19.56, 9.67e-08, 4.51e-08, 2.27, 0.36, 1e-08, 0
315403201, 23.66, 9.39e-08, 4.42e-08, 2.0, 0.32, 1e-08, 0
315662401, 9.14, 6.85e-08, 4.65e-08, 2.1, 0.42, 1e-08, 0
318772801, 1.58, 4.59e-08, 4.56e-08, 3.13, 1.13, 1e-08, 0
319032001, 7.69, 9.08e-08, 5.42e-08, 2.42, 0.49, 1e-08, 0
319291201, 3.07, 8.3e-08, 5.71e-08, 3.44, 1.39, 1e-08, 0
320328001, 8.38, 2.04e-08, 1.73e-08, 1.7, 0.43, 1e-08, 0
320587201, 2.68, 4.03e-08, 3.43e-08, 2.4, 0.62, 1e-08, 0
321105601, 8.96, 6.81e-08, 5.29e-08, 2.41, 0.69, 1e-08, 0
321364801, 4.34, 1.04e-07, 6.5e-08, 5.14, 4.5, 1e-08, 102
321624001, 3.53, 9.08e-08, 5.62e-08, 3.78, 5.22, 1e-08, 102
321883201, 3.32, 7.54e-08, 5.04e-08, 3.24, 0.84, 1e-08, 0
322142401, 8.33, 1.27e-07, 5.52e-08, 5.08, 3.48, 1e-08, 102
322401601, 3.46, 2.34e-08, 2.54e-08, 1.98, 0.59, 1e-08, 0
322660801, 8.0, 6.72e-08, 4.16e-08, 2.52, 0.5, 1e-08, 0
322920001, 3.32, 3.01e-08, 3.2e-08, 2.16, 0.65, 1e-08, 0
323697601, 7.48, 1.05e-07, 5.8e-08, 10.0, 0, 1e-08, 0
325252801, 2.62, 5.22e-08, 4.22e-08, 2.91, 0.82, 1e-08, 0
325512001, 3.0, 6.89e-08, 4.81e-08, 3.06, 0.9, 1e-08, 0
326548801, 3.1, 5.45e-08, 4.5e-08, 3.21, 2.06, 1e-08, 0
327326401, 1.22, 3.48e-08, 4.03e-08, 3.31, 1.36, 1e-08, 0
327844801, 2.42, 4.76e-08, 3.89e-08, 2.65, 0.7, 1e-08, 0
328363201, 4.28, 7.31e-08, 4.82e-08, 2.71, 0.64, 1e-08, 0
329400001, 5.59, 7.88e-08, 4.22e-08, 7.17, 4.24, 1e-08, 102
329659201, 1.36, 2.98e-08, 3.81e-07, 9.8, 7.07, 1e-08, 102
330696001, 7.44, 1.15e-07, 5.61e-08, 6.45, 3.79, 1e-08, 102
331214401, 6.6, 1.11e-07, 5.42e-08, 4.32, 1.28, 1e-08, 0
331992001, 1.68, 7.74e-09, 1.43e-08, 1.58, 0.83, 1e-08, 0
333028801, 6.98, 3.28e-08, 3.17e-08, 1.9, 0.55, 1e-08, 0
335620801, 2.82, 7.02e-08, 5.09e-08, 3.79, 1.4, 1e-08, 0
335880001, 2.4, 1.45e-08, 1.77e-08, 1.91, 0.65, 1e-08, 0
336139201, 3.89, 7.83e-08, 5.17e-08, 3.09, 0.77, 1e-08, 0
336398401, 3.93, 8.8e-08, 5.42e-08, 5.18, 4.75, 1e-08, 102
336916801, 3.22, 8.45e-08, 5.76e-08, 4.36, 5.51, 1e-08, 102
337176001, 13.44, 1.43e-07, 5.38e-08, 3.3, 0.55, 1e-08, 0
337694401, 2.82, 6.24e-08, 4.58e-08, 2.77, 0.69, 1e-08, 0
337953601, 2.71, 8.44e-09, 1.42e-08, 1.67, 0.84, 1e-08, 0
338212801, 1.44, 3.57e-08, 3.73e-08, 2.87, 0.85, 1e-08, 0
338472001, 2.74, 4.41e-08, 3.63e-08, 2.44, 0.74, 1e-08, 0
338731201, 8.42, 7.45e-09, 9.34e-09, 1.34, 0.56, 1e-08, 0
339768001, 1.27, 1.91e-08, 2.6e-08, 2.35, 0.93, 1e-08, 0
340027201, 6.19, 6.77e-08, 4.02e-08, 2.91, 0.59, 1e-08, 0
340286401, 3.79, 3.24e-08, 4.21e-08, 2.02, 0.68, 1e-08, 0
340545601, 6.59, 3.97e-08, 3.07e-08, 1.98, 0.45, 1e-08, 0
340804801, 2.39, 6.51e-08, 5.39e-08, 3.36, 2.27, 1e-08, 0
341064001, 6.27, 6.84e-08, 4.26e-08, 2.56, 0.59, 1e-08, 0
341582401, 5.53, 4.14e-08, 2.86e-08, 2.29, 0.5, 1e-08, 0
342360001, 2.23, 1.48e-08, 1.64e-08, 1.83, 0.57, 1e-08, 0
342619201, 2.95, 6.33e-08, 4.35e-08, 6.92, 5.57, 1e-08, 102
342878401, 1.56, 2.55e-08, 2.94e-08, 2.42, 0.75, 1e-08, 0
343137601, 2.08, 5.35e-08, 4.4e-08, 3.37, 1.82, 1e-08, 0
344174401, 1.71, 5.48e-08, 4.84e-08, 3.77, 1.4, 1e-08, 0
345470401, 1.06, 3.68e-08, 4.11e-08, 3.28, 1.28, 1e-08, 0
345729601, 1.8, 1.01e-08, 1.43e-08, 1.88, 0.76, 1e-08, 0
345988801, 14.35, 1.44e-07, 5.59e-08, 10.0, 0, 1e-08, 0
347803201, 5.63, 8.51e-08, 4.67e-08, 4.38, 1.25, 1e-08, 0
348062401, 2.38, 3.17e-08, 3.88e-08, 2.45, 1.01, 1e-08, 0
350654401, 6.61, 9.13e-08, 4.65e-08, 8.65, 3.91, 1e-08, 102
350913601, 3.55, 1.16e-08, 1.51e-08, 1.88, 0.72, 1e-08, 0
351172801, 1.02, 9.28e-09, 1.5e-08, 1.84, 0.84, 1e-08, 0
351691201, 7.95, 4.37e-08, 3.42e-08, 2.0, 0.48, 1e-08, 0
351950401, 3.28, 7.52e-08, 5.05e-08, 4.24, 5.55, 1e-08, 102
352468801, 8.78, 5.14e-08, 3.92e-08, 2.29, 0.51, 1e-08, 0
352987201, 5.42, 1.43e-08, 1.49e-08, 1.93, 0.51, 1e-08, 0
353246401, 21.98, 1.12e-07, 4.48e-08, 2.42, 0.34, 1e-08, 0
353505601, 2.47, 6.17e-08, 4.72e-08, 3.56, 1.07, 1e-08, 0
354283201, 3.73, 2.89e-08, 3.22e-08, 2.25, 0.72, 1e-08, 0
355579201, 9.66, 1.35e-07, 5.71e-08, 4.12, 1.02, 1e-08, 0
356356801, 1.09, 1.16e-07, 1.33e-07, 4.67, 8.79, 1e-08, 102
357652801, 4.04, 6.88e-08, 4.41e-08, 2.69, 0.68, 1e-08, 0
358171201, 2.09, 6.59e-08, 5.29e-08, 4.34, 6.64, 1e-08, 102
358430401, 1.53, 5.53e-08, 5.25e-08, 3.87, 1.39, 1e-08, 0
358689601, 5.73, 2.22e-08, 2.43e-08, 1.9, 0.58, 1e-08, 0
359467201, 3.25, 6.09e-08, 4.13e-08, 3.3, 0.93, 1e-08, 0
360763201, 2.44, 5.4e-08, 4.47e-08, 2.94, 0.86, 1e-08, 0
361281601, 2.03, 5.73e-08, 4.67e-08, 4.58, 6.63, 1e-08, 102
362318401, 1.14, 4.96e-08, 4.95e-08, 5.36, 8.15, 1e-08, 102
363614401, 1.09, 4.62e-08, 4.85e-08, 4.5, 8.76, 1e-08, 102
364651201, 1.66, 5.8e-08, 5.38e-08, 3.38, 1.89, 1e-08, 0
365428801, 2.31, 5.28e-08, 4.82e-08, 2.9, 1.25, 1e-08, 0
366465601, 3.35, 7.9e-08, 5.29e-08, 4.26, 1.71, 1e-08, 0
367502401, 4.14, 8.55e-08, 5.07e-08, 3.83, 1.2, 1e-08, 0
367761601, 2.88, 5.37e-08, 4.15e-08, 2.76, 0.67, 1e-08, 0
369576001, 1.86, 5.98e-08, 5.23e-08, 4.22, 1.55, 1e-08, 0
369835201, 5.76, 1.12e-07, 7.8e-08, 2.79, 1.02, 1e-08, 0
370094401, 1.69, 4.75e-08, 4.8e-08, 3.08, 1.3, 1e-08, 0
370612801, 3.27, 2.01e-09, 2.38e-09, 0.74, 0.79, 1e-08, 0
371131201, 2.63, 2.25e-08, 2.21e-08, 2.03, 0.55, 1e-08, 0
372168001, 1.29, 4.55e-08, 4.66e-08, 4.09, 8.13, 1e-08, 102
373464001, 5.08, 1.47e-08, 1.6e-08, 1.72, 0.54, 1e-08, 0
373723201, 1.22, 3.86e-08, 3.79e-08, 9.94, 0.54, 1e-08, 0
375019201, 1.51, 4.99e-08, 4.82e-08, 4.15, 3.41, 1e-08, 0
375278401, 2.62, 1.35e-08, 1.69e-08, 1.99, 0.69, 1e-08, 0
375796801, 9.42, 1.35e-07, 5.61e-08, 4.49, 1.23, 1e-08, 0
376574401, 9.93, 6.78e-08, 3.81e-08, 2.29, 0.4, 1e-08, 0
376833601, 9.57, 6.95e-08, 3.74e-08, 2.35, 0.42, 1e-08, 0
377870401, 1.21, 2.59e-08, 3.23e-08, 2.45, 0.87, 1e-08, 0
378129601, 7.11, 5.7e-08, 4.22e-08, 2.55, 0.61, 1e-08, 0
378388801, 1.01, 2.75e-08, 2.99e-08, 8.5, 8.92, 1e-08, 102
379944001, 3.83, 2.54e-08, 2.24e-08, 2.01, 0.49, 1e-08, 0
380462401, 1.7, 6.09e-09, 9.13e-09, 1.68, 0.78, 1e-08, 0
380980801, 2.12, 7.2e-08, 5.6e-08, 4.53, 6.39, 1e-08, 102
381240001, 1.03, 3.28e-08, 3.77e-08, 2.8, 1.31, 1e-08, 0
381499201, 3.69, 5.91e-08, 4.17e-08, 10.0, 0, 1e-08, 0
383313601, 1.18, 1.62e-08, 2.03e-08, 2.16, 0.75, 1e-08, 0
383572801, 1.65, 2.48e-08, 3.32e-08, 2.47, 0.91, 1e-08, 0
384091201, 1.48, 3.9e-08, 4.03e-08, 3.44, 3.21, 1e-08, 0
384868801, 1.23, 1.74e-08, 2.44e-08, 2.4, 0.9, 1e-08, 0
385387201, 4.26, 1.48e-08, 1.74e-08, 1.72, 0.54, 1e-08, 0
385646401, 1.99, 3.91e-08, 4.02e-08, 2.32, 0.79, 1e-08, 0
386164801, 6.72, 3.84e-08, 3.16e-08, 2.2, 0.55, 1e-08, 0
386942401, 4.83, 2.22e-08, 2.02e-08, 1.92, 0.54, 1e-08, 0
387201601, 6.28, 8.16e-08, 4.32e-08, 3.3, 0.81, 1e-08, 0
388238401, 1.04, 5.19e-09, 8.42e-09, 1.58, 0.77, 1e-08, 0
390571201, 5.66, 5.05e-08, 2.97e-08, 2.75, 0.54, 1e-08, 0
390830401, 1.24, 4.09e-08, 4.24e-08, 3.87, 1.6, 1e-08, 0
391348801, 3.7, 4.5e-08, 3.39e-08, 2.6, 0.67, 1e-08, 0
392126401, 5.46, 6.73e-08, 4.17e-08, 2.65, 0.62, 1e-08, 0
392644801, 3.28, 8.31e-08, 6.08e-08, 10.0, 0, 1e-08, 0
392904001, 3.94, 3.51e-08, 2.9e-08, 1.93, 0.47, 1e-08, 0
393163201, 1.17, 1.82e-08, 2.42e-08, 2.34, 1, 1e-08, 0
393940801, 5.46, 8.35e-08, 4.38e-08, 3.11, 0.67, 1e-08, 0
394200001, 2.41, 5.24e-08, 4.34e-08, 2.99, 0.8, 1e-08, 0
394977601, 1.01, 7.67e-09, 1.18e-08, 1.78, 0.74, 1e-08, 0
395755201, 1.8, 1.96e-08, 3.75e-08, 2.22, 1.15, 1e-08, 0
396273601, 1.36, 4.4e-08, 4.36e-08, 4.73, 7.93, 1e-08, 102
396532801, 2.34, 3.18e-08, 3e-08, 2.5, 0.69, 1e-08, 0
396792001, 3.18, 6.44e-08, 4.35e-08, 3.86, 2.42, 1e-08, 0
398088001, 1.8, 4.26e-08, 3.88e-08, 4.11, 7.17, 1e-08, 102
398347201, 4.42, 8.47e-08, 4.92e-08, 5.49, 4.64, 1e-08, 102
398865601, 2.48, 6.53e-08, 5.59e-08, 4.95, 6.03, 1e-08, 102
399124801, 1.77, 6.42e-08, 6.36e-08, 4.66, 6.74, 1e-08, 102
399902401, 1.55, 4.7e-08, 5.5e-08, 3.96, 8.26, 1e-08, 102
400939201, 1.22, 1.15e-08, 2.01e-08, 1.99, 0.87, 1e-08, 0
401976001, 3.08, 5.86e-08, 5.83e-08, 2.32, 0.72, 1e-08, 0
403012801, 10.45, 1e-07, 4.41e-08, 3.13, 0.64, 1e-08, 0
403531201, 3.85, 7.67e-08, 4.73e-08, 3.36, 1.02, 1e-08, 0
404049601, 1.04, 4e-08, 4.23e-08, 4.56, 8.77, 1e-08, 102
404308801, 5.54, 1.29e-08, 1.37e-08, 1.75, 0.55, 1e-08, 0
406900801, 2.67, 8.22e-09, 1.29e-08, 1.56, 0.74, 1e-08, 0
407160001, 1.05, 3.8e-08, 4.42e-08, 3.53, 1.31, 1e-08, 0
407419201, 2.12, 2.9e-08, 3.33e-08, 2.48, 0.81, 1e-08, 0
408974401, 5.69, 2.33e-07, 2.02e-07, 2.63, 1, 1e-08, 0
409233601, 1.65, 4.49e-08, 3.69e-08, 9.25, 6.98, 1e-08, 102
410011201, 7.05, 9.91e-08, 4.91e-08, 3.35, 0.81, 1e-08, 0
411566401, 1.39, 1.07e-07, 1.05e-07, 5.32, 7.73, 1e-08, 102
411825601, 4.2, 5.87e-08, 5.25e-08, 2.26, 0.62, 1e-08, 0
412603201, 2.36, 2.88e-08, 2.72e-08, 2.69, 0.95, 1e-08, 0
414936001, 2.77, 3.13e-08, 3.18e-08, 2.3, 0.7, 1e-08, 0
415454401, 1.36, 5.65e-08, 5.85e-08, 4.76, 7.54, 1e-08, 102
415713601, 1.68, 9.77e-08, 8.82e-08, 3.23, 0.98, 1e-08, 0
416750401, 4.72, 1.11e-07, 6.48e-08, 3.88, 1.2, 1e-08, 0
417009601, 4.43, 5.27e-08, 4.08e-08, 2.34, 0.54, 1e-08, 0
418046401, 4.6, 1.43e-08, 2.71e-08, 1.87, 0.99, 1e-08, 0
418564801, 4.94, 5.19e-08, 3.62e-08, 2.38, 0.55, 1e-08, 0
418824001, 2.7, 3.39e-08, 3.07e-08, 2.22, 0.66, 1e-08, 0
419342401, 5.84, 4.53e-08, 3.62e-08, 2.38, 0.55, 1e-08, 0
420120001, 2.12, 4.1e-08, 3.9e-08, 2.77, 0.9, 1e-08, 0
421156801, 14.03, 3.08e-09, 3.3e-09, 0.81, 0.63, 1e-08, 0
422193601, 1.61, 2.19e-08, 2.63e-08, 2.33, 0.88, 1e-08, 0
422712001, 2.37, 6.24e-08, 4.95e-08, 4.04, 6.34, 1e-08, 102
423489601, 2.06, 3.45e-08, 3.39e-08, 2.19, 0.6, 1e-08, 0
425304001, 1.51, 7.46e-08, 7.15e-08, 2.72, 0.76, 1e-08, 0
425563201, 2.8, 2.25e-08, 3.4e-08, 2.01, 0.97, 1e-08, 0
425822401, 5.31, 8.65e-08, 4.53e-08, 3.62, 0.89, 1e-08, 0
426340801, 4.41, 6.44e-08, 4.66e-08, 3.03, 0.87, 1e-08, 0
427118401, 3.56, 8.05e-09, 9.17e-09, 1.45, 0.56, 1e-08, 0
427636801, 3.9, 4.05e-08, 3.23e-08, 2.48, 0.59, 1e-08, 0
428155201, 1.12, 8.07e-09, 1.61e-08, 1.77, 1.04, 1e-08, 0
428414401, 1.74, 1.3e-08, 1.52e-08, 1.88, 0.59, 1e-08, 0
429451201, 3.04, 1.03e-07, 7.78e-08, 4.61, 3.06, 1e-08, 0
430488001, 4.6, 5.48e-08, 3.99e-08, 2.53, 0.71, 1e-08, 0
430747201, 4.37, 2.01e-08, 2.38e-08, 1.95, 0.67, 1e-08, 0
431006401, 22.84, 8.64e-08, 3.76e-08, 2.01, 0.29, 1e-08, 0
431524801, 5.59, 2.98e-08, 2.62e-08, 1.9, 0.49, 1e-08, 0
432302401, 1.63, 2.65e-08, 3.48e-08, 2.74, 1.2, 1e-08, 0
432561601, 5.33, 4.87e-08, 3.54e-08, 2.38, 0.55, 1e-08, 0
432820801, 1.46, 4.42e-08, 5.11e-07, 6.37, 3.26, 1e-08, 0
434376001, 2.5, 1.44e-07, 1.14e-07, 3.45, 1.21, 1e-08, 0
434635201, 1.2, 5.66e-08, 6.54e-08, 2.7, 1.04, 1e-08, 0
434894401, 1.16, 7.03e-08, 7.55e-08, 3.65, 1.44, 1e-08, 0
436449601, 1.77, 5.12e-08, 4.98e-08, 5.18, 6.97, 1e-08, 102
436708801, 6.92, 1.39e-07, 6.4e-08, 3.36, 0.7, 1e-08, 0
438782401, 3.17, 1.74e-07, 1.2e-07, 3.95, 1.12, 1e-08, 0
440078401, 1.73, 2.12e-08, 2.3e-08, 2.22, 0.68, 1e-08, 0
440337601, 5.14, 8.29e-08, 4.53e-08, 7.17, 4.29, 1e-08, 102
440856001, 3.23, 1.73e-08, 2.4e-08, 1.91, 0.69, 1e-08, 0
441374401, 2.95, 4.48e-08, 3.54e-08, 2.76, 0.7, 1e-08, 0
441892801, 2.52, 4.22e-08, 4.15e-08, 2.78, 0.85, 1e-08, 0
442152001, 1.91, 1.17e-08, 1.81e-08, 2.03, 0.91, 1e-08, 0
444225601, 1.06, 4.1e-08, 4.88e-08, 4.02, 3.45, 1e-08, 0
444484801, 1.71, 5.7e-08, 5.4e-08, 6.09, 7.07, 1e-08, 102
445262401, 4.45, 8.56e-08, 2.13e-06, 9.16, 6.85, 1e-08, 0
445521601, 4.07, 3.52e-08, 3.05e-08, 2.23, 0.54, 1e-08, 0
446040001, 1.92, 1.21e-08, 1.73e-08, 1.95, 0.79, 1e-08, 0
446299201, 1.56, 4.35e-08, 4.34e-08, 3.18, 1.33, 1e-08, 0
448113601, 1.39, 6.06e-08, 5.56e-08, 5.05, 7.55, 1e-08, 102
450964801, 4.19, 7.49e-08, 4.49e-08, 7.75, 4.61, 1e-08, 102
451742401, 1.95, 5.11e-08, 4.53e-08, 3.45, 1.66, 1e-08, 0
452001601, 11.41, 1.3e-07, 5.19e-08, 6.21, 3.13, 1e-08, 102
452520001, 6.32, 1.11e-07, 5.59e-08, 7.45, 3.86, 1e-08, 102
455630401, 4.17, 9.08e-08, 5.33e-08, 3.92, 1.38, 1e-08, 0
456408001, 3.45, 1.8e-08, 2.12e-08, 1.84, 0.66, 1e-08, 0
456926401, 5.11, 6.3e-08, 5e-08, 2.52, 0.63, 1e-08, 0
458740801, 3.89, 6.07e-08, 5.11e-08, 2.68, 0.87, 1e-08, 0
459518401, 4.4, 5.49e-09, 6.62e-09, 1.4, 0.57, 1e-08, 0
459777601, 3.16, 7.7e-08, 4.9e-08, 6.26, 5.11, 1e-08, 102
460036801, 8.62, 1.35e-07, 5.68e-08, 6.34, 3.29, 1e-08, 102
460296001, 1.83, 5.93e-08, 4.86e-08, 5.24, 6.7, 1e-08, 102
460555201, 3.1, 2.3e-08, 2.92e-08, 2.05, 0.74, 1e-08, 0
460814401, 2.81, 3.98e-08, 4.39e-08, 2.59, 0.88, 1e-08, 0
461073601, 1.2, 1.86e-08, 3.01e-08, 2.43, 1.19, 1e-08, 0
461332801, 4.14, 1.11e-07, 6.61e-08, 5.91, 4.67, 1e-08, 102
461851201, 5.03, 2.4e-08, 2.52e-08, 1.95, 0.58, 1e-08, 0
462110401, 9.78, 1.03e-07, 4.8e-08, 3.11, 0.6, 1e-08, 0
463924801, 2.49, 6.25e-09, 8.57e-09, 1.53, 0.66, 1e-08, 0
464702401, 1.72, 5.88e-08, 4.72e-08, 5.58, 6.57, 1e-08, 102
464961601, 5.14, 8.84e-08, 5.06e-08, 3.22, 0.73, 1e-08, 0
465220801, 3.46, 3.6e-08, 2.9e-08, 2.27, 0.59, 1e-08, 0
465739201, 1.42, 5.29e-08, 5.12e-08, 4.35, 1.77, 1e-08, 0
465998401, 1.12, 5.85e-08, 6.16e-08, 4.48, 8.72, 1e-08, 102
466257601, 3.31, 8.97e-08, 6.35e-08, 2.98, 0.89, 1e-08, 0
466516801, 4.92, 8.91e-08, 5.48e-08, 10.0, 0, 1e-08, 0
467035201, 4.89, 1.54e-08, 2.28e-08, 1.83, 0.72, 1e-08, 0
467553601, 9.89, 1.31e-08, 1.45e-08, 1.57, 0.49, 1e-08, 0
467812801, 1.93, 3.6e-08, 3.82e-08, 2.5, 0.91, 1e-08, 0
468072001, 2.89, 4.45e-08, 3.58e-08, 2.38, 0.63, 1e-08, 0
468331201, 5.65, 6.37e-08, 4.43e-08, 2.68, 0.6, 1e-08, 0
468590401, 5.75, 1.09e-08, 1.19e-08, 1.6, 0.52, 1e-08, 0
468849601, 1.55, 4.51e-08, 5.08e-08, 3.28, 1.66, 1e-08, 0
469108801, 2.55, 2.09e-08, 2.59e-08, 2.29, 0.75, 1e-08, 0
469368001, 6.32, 6.95e-08, 4.64e-08, 3.14, 1.04, 1e-08, 0
469627201, 9.86, 1.39e-08, 1.18e-08, 1.59, 0.43, 1e-08, 0
470404801, 1.07, 2.49e-08, 3.07e-08, 2.38, 0.86, 1e-08, 0
470664001, 2.45, 3.59e-08, 4.49e-08, 2.44, 0.92, 1e-08, 0
472996801, 4.91, 9.66e-08, 5.31e-08, 6.91, 4.19, 1e-08, 102
473515201, 5.44, 7.51e-08, 4.31e-08, 2.87, 0.85, 1e-08, 0
474811201, 3.42, 8.44e-08, 5.67e-08, 5.13, 5.04, 1e-08, 102
475329601, 2.99, 8.92e-08, 6.56e-08, 4.63, 5.73, 1e-08, 102
475588801, 4.79, 9.27e-08, 5.41e-08, 5.47, 4.66, 1e-08, 102
475848001, 2.68, 6.92e-08, 4.76e-08, 5.48, 5.6, 1e-08, 102
476107201, 3.09, 7.05e-08, 5.06e-08, 5.11, 5.38, 1e-08, 102
476366401, 1.19, 3.6e-08, 3.89e-08, 3.37, 1.34, 1e-08, 0
476884801, 1.08, 3.44e-08, 3.76e-08, 3.57, 1.84, 1e-08, 0
477144001, 2.97, 6.2e-08, 4.83e-08, 2.95, 0.95, 1e-08, 0
478180801, 1.2, 3.2e-08, 3.87e-08, 2.96, 1.42, 1e-08, 0
478699201, 8.32, 3.74e-08, 2.73e-08, 2.16, 0.5, 1e-08, 0
480254401, 1.53, 5.34e-08, 4.97e-08, 3.47, 1.16, 1e-08, 0
481291201, 7.85, 1.12e-07, 5.11e-08, 5.5, 3.63, 1e-08, 102
481550401, 7.64, 6.33e-08, 4.37e-08, 2.5, 0.62, 1e-08, 0
482846401, 2.09, 5.11e-08, 4.98e-08, 2.86, 1.15, 1e-08, 0
483364801, 1.06, 3.87e-08, 4.03e-08, 4.75, 8.84, 1e-08, 102
483624001, 3.49, 6.76e-08, 4.43e-08, 4.38, 1.56, 1e-08, 0
483883201, 3.82, 7.97e-08, 4.95e-08, 6.28, 4.85, 1e-08, 102
484920001, 1.17, 5.34e-09, 1.04e-08, 1.46, 0.86, 1e-08, 0
485179201, 1.6, 4.06e-08, 4.7e-07, 9.97, 6.42, 1e-08, 102
486475201, 2.9, 6.91e-08, 4.81e-08, 4.32, 1.63, 1e-08, 0
487771201, 2.81, 1.38e-08, 1.76e-08, 1.98, 0.68, 1e-08, 0
488030401, 5.51, 8.14e-08, 4.54e-08, 10.0, 0, 1e-08, 0
489585601, 1.27, 3.79e-08, 3.59e-08, 7.32, 7.77, 1e-08, 102
490622401, 3.67, 7.11e-08, 5.01e-08, 10.0, 0, 1e-08, 0
496584001, 1.44, 5.2e-08, 4.92e-08, 3.88, 1.82, 1e-08, 0
497361601, 1.86, 6.47e-08, 6.21e-08, 10.0, 0, 1e-08, 0
497620801, 3.26, 7.62e-08, 5.28e-08, 3.59, 0.88, 1e-08, 0
498916801, 1.28, 2.11e-08, 2.47e-08, 1.84, 0.53, 1e-08, 0
501508801, 1.36, 3.18e-08, 3.55e-08, 2.99, 1.07, 1e-08, 0
502545601, 7.06, 4.78e-08, 3.67e-08, 2.27, 0.55, 1e-08, 0
502804801, 2.57, 6.47e-08, 5.73e-08, 3.0, 1.12, 1e-08, 0
503064001, 8.53, 4.46e-08, 4.22e-08, 2.16, 0.61, 1e-08, 0
503582401, 2.49, 4.1e-08, 3.33e-08, 2.4, 0.62, 1e-08, 0
504100801, 2.01, 4.48e-08, 3.82e-08, 3.17, 1.17, 1e-08, 0
505396801, 3.34, 8.19e-08, 5.21e-08, 4.02, 5.39, 1e-08, 102
505656001, 2.47, 9.69e-09, 1.36e-08, 1.64, 0.64, 1e-08, 0
506433601, 1.41, 4.36e-08, 4.29e-08, 3.59, 1.34, 1e-08, 0
506952001, 5.62, 7.63e-08, 4.66e-08, 2.62, 0.53, 1e-08, 0
507211201, 5.26, 6.99e-08, 5.2e-08, 2.63, 0.64, 1e-08, 0
507470401, 2.21, 4.66e-08, 4.69e-08, 3.03, 1.06, 1e-08, 0
507729601, 2.23, 1.31e-08, 1.63e-08, 1.66, 0.62, 1e-08, 0
508766401, 4.83, 3.55e-08, 2.88e-08, 2.1, 0.5, 1e-08, 0
509025601, 2.52, 1.3e-08, 2.05e-08, 1.69, 0.71, 1e-08, 0
512136001, 2.15, 5.95e-08, 7.44e-08, 3.48, 3.22, 1e-08, 0
513172801, 4.14, 6.68e-08, 3.12e-07, 9.8, 1.29, 1e-08, 0
513432001, 3.36, 3.46e-08, 3.5e-08, 2.37, 0.68, 1e-08, 0
513691201, 4.31, 2.26e-08, 2.18e-08, 1.86, 0.49, 1e-08, 0
514209601, 1.73, 4.03e-08, 4e-08, 2.65, 0.81, 1e-08, 0
514728001, 8.03, 1.05e-07, 4.92e-08, 7.79, 3.61, 1e-08, 102
515246401, 4.85, 9.35e-08, 5.13e-08, 4.51, 4.44, 1e-08, 102
515505601, 5.94, 3.93e-08, 2.93e-08, 2.15, 0.49, 1e-08, 0
516024001, 2.21, 6.2e-08, 4.89e-08, 3.89, 1.93, 1e-08, 0
517579201, 1.34, 3.19e-08, 3.56e-08, 2.58, 0.88, 1e-08, 0
517838401, 4.51, 7.24e-08, 4.65e-08, 2.97, 0.71, 1e-08, 0
518097601, 1.96, 5.6e-08, 5.18e-08, 3.89, 7.23, 1e-08, 102
520948801, 10.09, 1.73e-07, 7e-08, 6.82, 3.19, 1e-08, 102
523022401, 2.33, 5.63e-08, 4.45e-08, 2.95, 0.83, 1e-08, 0
524577601, 1.01, 2.3e-08, 3.09e-08, 2.65, 1.12, 1e-08, 0
525355201, 3.74, 1.16e-07, 6.92e-08, 8.57, 4.62, 1e-08, 102
527428801, 2.74, 2.03e-08, 1.93e-08, 1.86, 0.5, 1e-08, 0
527688001, 1.71, 5.5e-08, 5.71e-08, 3.9, 7.23, 1e-08, 102
528984001, 3.59, 2.56e-08, 3.04e-08, 2.01, 0.71, 1e-08, 0
531057601, 5.02, 7.89e-08, 4.43e-08, 3.19, 0.64, 1e-08, 0
533649601, 3.05, 6.91e-08, 4.39e-08, 6.82, 5.19, 1e-08, 102
534427201, 1.81, 5.03e-08, 4.48e-08, 2.87, 0.97, 1e-08, 0
534945601, 1.72, 3.81e-08, 3.79e-08, 2.37, 0.68, 1e-08, 0
535204801, 2.95, 1.43e-08, 1.55e-08, 1.87, 0.59, 1e-08, 0
539611201, 10.92, 2.83e-07, 1.18e-07, 6.13, 4.06, 1e-08, 0
540388801, 3.28, 2.28e-08, 2.69e-08, 2.16, 0.75, 1e-08, 0
540907201, 5.19, 7.01e-08, 3.97e-08, 8.54, 4.51, 1e-08, 102
541166401, 6.14, 2.13e-08, 1.75e-08, 1.77, 0.46, 1e-08, 0
541684801, 10.41, 1.13e-07, 5.41e-08, 2.74, 0.49, 1e-08, 0
542462401, 6.16, 6.16e-08, 4.13e-08, 2.47, 0.53, 1e-08, 0
542721601, 5.12, 1.36e-07, 7.3e-08, 5.53, 4.29, 1e-08, 102
547128001, 1.07, 1.28e-08, 1.69e-08, 2.33, 0.86, 1e-08, 0
547387201, 1.04, 9.07e-09, 1.31e-08, 2.25, 0.78, 1e-08, 0
548942401, 2.7, 5.29e-08, 3.71e-08, 4.17, 1.59, 1e-08, 0
549460801, 1.55, 3.02e-08, 2.58e-08, 7.54, 7.15, 1e-08, 102
551275201, 1.11, 2.83e-08, 2.93e-08, 3.33, 9.16, 1e-08, 102
553867201, 1.59, 8.15e-08, 7.24e-08, 4.09, 1.94, 1e-08, 0
554904001, 3.73, 7.59e-08, 4.51e-08, 4.33, 4.84, 1e-08, 102
555681601, 1.95, 3.84e-08, 3.26e-08, 3.82, 2.04, 1e-08, 0
557236801, 7.24, 1.24e-07, 6.99e-08, 2.96, 0.83, 1e-08, 0
557496001, 1.23, 2.79e-08, 5.02e-08, 1.56, 0.83, 1e-08, 0
559051201, 1.5, 3.02e-08, 2.83e-08, 3.25, 1.51, 1e-08, 0
559569601, 4.63, 5.72e-08, 3.18e-08, 5.99, 4.3, 1e-08, 102
562161601, 2.25, 5.99e-08, 4.83e-08, 4.09, 6.65, 1e-08, 102
562420801, 1.6, 3.71e-08, 3.46e-08, 5.24, 6.87, 1e-08, 102
563198401, 4.63, 5.95e-08, 3.4e-08, 6.69, 4.29, 1e-08, 102
563457601, 1.72, 3.83e-08, 3.31e-08, 3.58, 1.12, 1e-08, 0
566049601, 1.12, 1.22e-08, 1.83e-08, 2.29, 0.89, 1e-08, 0
567345601, 3.91, 6.86e-08, 5.42e-08, 3.02, 0.8, 1e-08, 0
567864001, 4.15, 1.64e-07, 1.03e-07, 5.13, 4.8, 1e-08, 102
569419201, 2.26, 2.66e-08, 2.92e-08, 2.05, 0.59, 1e-08, 0
570196801, 4.84, 7.34e-08, 4.55e-08, 3.11, 0.73, 1e-08, 0
571233601, 80.06, 5.08e-05, 8.3e-06, 5.04, 0.51, 1e-08, 0
572529601, 2.16, 5.54e-08, 4.66e-08, 4.22, 6.47, 1e-08, 102
573307201, 2.16, 6.89e-08, 5.41e-08, 4.22, 6.44, 1e-08, 102
573566401, 2.15, 4.79e-08, 4.11e-08, 3.09, 0.85, 1e-08, 0
574862401, 2.15, 3.58e-08, 4.85e-08, 2.73, 1.14, 1e-08, 0
575640001, 5.96, 1.1e-07, 5.9e-08, 6.07, 4.11, 1e-08, 102
575899201, 3.53, 8.46e-08, 5.31e-08, 7.97, 5.03, 1e-08, 102
576158401, 3.98, 9.27e-08, 5.52e-08, 5.1, 4.92, 1e-08, 102
578232001, 2.13, 6.6e-08, 5.39e-08, 5.06, 6.32, 1e-08, 102
579268801, 3.16, 4.99e-08, 3.86e-08, 2.9, 0.77, 1e-08, 0
580305601, 1.64, 6e-08, 5.4e-08, 3.69, 1.42, 1e-08, 0
582120001, 2.23, 6.66e-08, 5.25e-08, 3.27, 0.89, 1e-08, 0
582897601, 3.24, 5.99e-08, 5.19e-08, 10.0, 0, 1e-08, 0
584193601, 2.95, 7.41e-08, 4.97e-08, 5.18, 5.38, 1e-08, 102
584712001, 68.48, 3.7e-05, 7.1e-06, 5.01, 0.81, 1e-08, 0
587304001, 1.93, 5.94e-08, 5.14e-08, 5.3, 6.53, 1e-08, 102
588340801, 7.69, 1.05e-07, 4.91e-08, 3.89, 1.1, 1e-08, 0
591969601, 1.61, 4.33e-08, 3.62e-08, 9.47, 7.12, 1e-08, 102
593006401, 4.66, 8.56e-08, 4.63e-08, 5.49, 4.5, 1e-08, 102
593524801, 2.84, 7.45e-08, 5.47e-08, 3.76, 1.33, 1e-08, 0
594043201, 6.92, 1.12e-07, 6.31e-08, 2.86, 0.58, 1e-08, 0
595339201, 1.92, 1.82e-08, 1.94e-08, 2.44, 0.69, 1e-08, 0
595857601, 1.04, 3.57e-08, 3.95e-08, 4.41, 2.2, 1e-08, 0
596116801, 5.56, 8.26e-08, 4.73e-08, 10.0, 0, 1e-08, 0
596635201, 1.66, 4.25e-08, 3.9e-08, 2.91, 0.78, 1e-08, 0
597153601, 7.08, 1.71e-08, 1.61e-08, 1.64, 0.46, 1e-08, 0
597931201, 1.08, 1.54e-08, 2.04e-08, 2.25, 0.88, 1e-08, 0
599227201, 2.44, 6.56e-08, 5.14e-08, 3.81, 1.47, 1e-08, 0
600004801, 2.59, 2.12e-08, 3.35e-08, 1.82, 0.81, 1e-08, 0
600782401, 2.65, 6.4e-08, 4.71e-08, 3.79, 1.24, 1e-08, 0
601819201, 2.31, 5.34e-08, 4.14e-08, 5.09, 6.15, 1e-08, 102
606744001, 3.44, 8.04e-08, 5.13e-08, 3.74, 1.52, 1e-08, 0
608817601, 1.08, 2.73e-08, 2.9e-08, 3.32, 1.86, 1e-08, 0
609336001, 1.51, 3.68e-08, 3.39e-08, 3.78, 1.6, 1e-08, 0
610372801, 2.33, 6.52e-08, 5.17e-08, 3.16, 1.11, 1e-08, 0
611409601, 4.83, 9.01e-08, 4.87e-08, 4.07, 4.54, 1e-08, 102
611668801, 4.7, 7.14e-08, 4.24e-08, 3.73, 2.33, 1e-08, 0
612705601, 1.75, 2.77e-08, 3.48e-08, 2.92, 1.13, 1e-08, 0
614520001, 1.75, 4.7e-08, 4.38e-08, 2.84, 0.77, 1e-08, 0
615297601, 3.28, 6.68e-08, 4.5e-08, 6.83, 5.23, 1e-08, 102
616075201, 1.16, 1.76e-08, 2.58e-08, 2.36, 1.16, 1e-08, 0
617112001, 5.53, 7.75e-08, 5.65e-08, 2.39, 0.56, 1e-08, 0
617371201, 3.87, 2.77e-08, 3.51e-08, 2.23, 0.83, 1e-08, 0
617630401, 4.0, 1.39e-07, 8.2e-08, 6.2, 4.69, 1e-08, 102
618148801, 7.35, 2.59e-08, 2.04e-08, 1.99, 0.46, 1e-08, 0
618408001, 2.76, 5.3e-08, 4.01e-08, 3.04, 0.82, 1e-08, 0
620740801, 1.02, 1.29e-08, 2.18e-08, 2.04, 0.9, 1e-08, 0
621000001, 1.81, 6.32e-08, 6.07e-08, 3.22, 1.42, 1e-08, 0
621259201, 5.95, 3.61e-08, 3.21e-08, 2.02, 0.56, 1e-08, 0
621518401, 2.08, 1.39e-07, 1.69e-07, 7.44, 8.25, 1e-08, 102
621777601, 2.19, 5.35e-08, 4.09e-08, 5.4, 6.3, 1e-08, 102
623332801, 3.39, 1.06e-08, 1.13e-08, 1.86, 0.54, 1e-08, 0
623592001, 5.97, 4.86e-08, 5.95e-08, 2.59, 1.65, 1e-08, 0
623851201, 3.07, 6.41e-08, 4.59e-08, 2.68, 0.78, 1e-08, 0
624110401, 2.51, 8.32e-09, 9.39e-09, 1.72, 0.61, 1e-08, 0
625924801, 1.82, 8.89e-09, 1.39e-08, 1.71, 0.78, 1e-08, 0
626184001, 10.3, 1.56e-07, 6.42e-08, 5.67, 3.33, 1e-08, 102
626443201, 1.9, 4.61e-08, 4.1e-08, 9.94, 6.83, 1e-08, 102
626961601, 4.14, 6.37e-08, 3.73e-08, 4.1, 4.81, 1e-08, 102
627998401, 10.16, 3.04e-08, 3.09e-08, 1.95, 0.58, 1e-08, 0
628257601, 1.8, 5.26e-08, 4.67e-08, 3.86, 1.65, 1e-08, 0
628516801, 3.29, 2.78e-08, 2.61e-08, 2.19, 0.57, 1e-08, 0
629294401, 5.42, 6.1e-08, 4.42e-08, 2.66, 0.72, 1e-08, 0
629812801, 5.87, 5.01e-08, 3.25e-08, 2.39, 0.52, 1e-08, 0
630072001, 20.21, 2.86e-08, 4.3e-08, 1.74, 0.76, 1e-08, 0
631108801, 23.53, 4.6e-08, 2.41e-08, 1.83, 0.31, 1e-08, 0
632145601, 4.68, 2.65e-08, 3.03e-08, 1.97, 0.58, 1e-08, 0
632404801, 13.06, 9.35e-08, 4.06e-08, 2.4, 0.36, 1e-08, 0
632664001, 23.85, 1.25e-07, 4.68e-08, 2.36, 0.3, 1e-08, 0
632923201, 10.82, 1.03e-07, 4.98e-08, 2.84, 0.5, 1e-08, 0
633182401, 7.03, 3.73e-08, 2.58e-08, 2.06, 0.42, 1e-08, 0
633441601, 2.42, 6.03e-08, 4.67e-08, 3.1, 0.94, 1e-08, 0
633700801, 15.24, 1.23e-07, 4.89e-08, 2.46, 0.34, 1e-08, 0
633960001, 2.67, 4.07e-08, 3.47e-08, 2.57, 0.68, 1e-08, 0
634219201, 1.76, 9.44e-09, 1.48e-08, 1.67, 0.73, 1e-08, 0
634478401, 11.24, 1.36e-07, 7.3e-08, 2.27, 0.45, 1e-08, 0
635256001, 17.17, 2.4e-05, 6e-06, 3.6, 0.16, 1e-08, 0
636033601, 13.99, 1.09e-07, 4.8e-08, 2.71, 0.43, 1e-08, 0
637070401, 1.15, 2.31e-08, 3.06e-08, 2.36, 0.92, 1e-08, 0
637329601, 11.28, 1.35e-07, 5.7e-08, 2.96, 0.52, 1e-08, 0
638366401, 1.22, 3.89e-08, 4.24e-08, 4.75, 8.37, 1e-08, 102
639144001, 1.27, 3.34e-08, 4.5e-07, 9.86, 7.47, 1e-08, 102
639662401, 1.59, 5.6e-08, 5.31e-08, 3.29, 1.28, 1e-08, 0
640180801, 5.3, 6.97e-08, 4.43e-08, 2.87, 0.72, 1e-08, 0
640440001, 5.99, 7.63e-09, 1.06e-08, 1.47, 0.62, 1e-08, 0
641995201, 6.33, 1.07e-07, 5.21e-08, 4.62, 4.07, 1e-08, 102
642772801, 1.73, 5.18e-08, 4.82e-08, 5.73, 6.91, 1e-08, 102
643291201, 2.16, 4.76e-08, 4.26e-08, 4.5, 6.5, 1e-08, 102
644846401, 5.51, 6.71e-08, 3.41e-08, 6.96, 4.01, 1e-08, 102
645883201, 1.48, 7.33e-09, 1.05e-08, 1.51, 0.59, 1e-08, 0
646142401, 4.18, 9.76e-08, 5.83e-08, 3.67, 2.5, 1e-08, 0
647179201, 5.03, 7.8e-08, 4.3e-08, 9.59, 4.36, 1e-08, 102
647438401, 1.3, 7.28e-09, 1.27e-08, 1.69, 0.83, 1e-08, 0
647956801, 4.49, 8.49e-08, 5.13e-08, 3.89, 1.89, 1e-08, 0
648734401, 124.35, 2.9e-05, 4e-06, 4.56, 0.47, 1e-08, 0
649771201, 1.58, 9.23e-08, 8.49e-08, 4.57, 7.49, 1e-08, 102
650030401, 2.07, 3.01e-08, 3.9e-08, 2.42, 1.01, 1e-08, 0
650289601, 1.61, 4.05e-08, 3.81e-08, 7.59, 7.13, 1e-08, 102
650548801, 7.67, 8.19e-08, 4.54e-08, 2.97, 0.63, 1e-08, 0
650808001, 1.61, 4.02e-08, 4.08e-08, 2.7, 1.12, 1e-08, 0
651585601, 5.45, 1.12e-07, 5.77e-08, 4.62, 4.22, 1e-08, 102
652104001, 3.49, 6.47e-08, 4.55e-08, 2.89, 0.68, 1e-08, 0
652622401, 1.59, 4.7e-08, 4.75e-08, 3.32, 1.22, 1e-08, 0
653659201, 12.05, 1.45e-07, 5.52e-08, 3.11, 0.53, 1e-08, 0
655214401, 5.19, 5.38e-08, 3.74e-08, 10.0, 0, 1e-08, 0
655992001, 4.88, 3.56e-08, 3.45e-08, 2.26, 0.61, 1e-08, 0
657288001, 4.26, 5.33e-08, 3.68e-08, 2.69, 0.58, 1e-08, 0
658584001, 1.88, 4.05e-09, 6.15e-09, 1.21, 0.66, 1e-08, 0
659102401, 3.95, 4.17e-09, 4.85e-09, 1.4, 0.53, 1e-08, 0
659620801, 4.75, 6.7e-08, 4.22e-08, 2.73, 0.67, 1e-08, 0
662212801, 1.63, 7.31e-08, 7.9e-08, 2.86, 1.18, 1e-08, 0
662990401, 5.68, 1.11e-07, 5.8e-08, 4.63, 4.22, 1e-08, 102
663508801, 4.05, 1.37e-07, 8.19e-08, 8.94, 4.71, 1e-08, 102
663768001, 3.87, 1.52e-07, 1.04e-07, 2.62, 0.52, 1e-08, 0
664545601, 1.67, 5e-08, 4.56e-08, 4.61, 7.35, 1e-08, 102
666619201, 1.76, 1.68e-07, 1.49e-07, 7.29, 7.26, 1e-08, 102
668174401, 1.33, 1.93e-08, 3.21e-08, 2.6, 1.29, 1e-08, 0
669470401, 7.38, 1.4e-07, 6.4e-08, 4.85, 1.2, 1e-08, 0
669988801, 4.47, 7.2e-08, 4.52e-08, 4.08, 4.92, 1e-08, 102
670507201, 1.42, 2.34e-08, 3.02e-08, 2.72, 1.18, 1e-08, 0
671025601, 1.44, 5.66e-09, 9.06e-09, 1.65, 0.8, 1e-08, 0
671284801, 3.44, 1.49e-08, 1.95e-08, 1.88, 0.74, 1e-08, 0
671544001, 3.66, 9.79e-08, 6.04e-08, 5.55, 4.78, 1e-08, 102
672840001, 2.12, 4.06e-08, 3.52e-08, 4.44, 6.11, 1e-08, 102
673358401, 3.48, 6e-08, 3.81e-08, 3.95, 1.11, 1e-08, 0
673876801, 1.74, 2.41e-08, 2.81e-08, 1.87, 0.66, 1e-08, 0
674136001, 2.45, 5.29e-08, 4.54e-08, 2.92, 0.77, 1e-08, 0
674654401, 1.07, 1.75e-08, 2.48e-08, 2.4, 0.93, 1e-08, 0
675691201, 1.25, 3.99e-08, 3.84e-08, 5.76, 8.15, 1e-08, 102
676468801, 2.76, 4.4e-08, 3.49e-08, 3.36, 1.1, 1e-08, 0
677246401, 4.5, 2.09e-08, 1.83e-08, 1.97, 0.5, 1e-08, 0
679060801, 5.21, 9.98e-08, 5.61e-08, 5.41, 4.21, 1e-08, 102
679320001, 9.67, 7.16e-08, 4.52e-08, 2.38, 0.54, 1e-08, 0
680097601, 1.17, 3.49e-08, 4.34e-08, 2.52, 0.93, 1e-08, 0
682430401, 1.16, 4.71e-08, 5.24e-08, 4.29, 8.17, 1e-08, 102
682689601, 1.71, 5.73e-08, 5.08e-08, 4.02, 4.38, 1e-08, 0
684244801, 1.39, 2.5e-08, 2.88e-08, 2.49, 0.79, 1e-08, 0
684504001, 3.04, 4.17e-08, 3.7e-08, 2.21, 0.63, 1e-08, 0
685540801, 3.33, 6.25e-08, 4.24e-08, 9.26, 5.32, 1e-08, 102
686836801, 1.76, 1.62e-08, 1.57e-08, 2.26, 0.59, 1e-08, 0
688132801, 3.04, 6.86e-08, 4.64e-08, 7.53, 5.19, 1e-08, 102
688392001, 5.73, 5.45e-08, 3.67e-08, 2.43, 0.54, 1e-08, 0
688651201, 4.92, 6.01e-08, 3.92e-08, 10.0, 0, 1e-08, 0
688910401, 2.58, 6.92e-09, 1.03e-08, 1.75, 0.8, 1e-08, 0
689947201, 3.31, 9.55e-08, 8.03e-08, 3.33, 1.5, 1e-08, 0
690206401, 2.49, 2.2e-08, 2.24e-08, 2.12, 0.61, 1e-08, 0
690724801, 2.73, 2.57e-08, 2.16e-08, 2.19, 0.5, 1e-08, 0
690984001, 3.69, 1.7e-09, 1.89e-09, 0.0, 0, 1e-08, 0
691243201, 2.85, 3.4e-08, 3.26e-08, 2.48, 0.7, 1e-08, 0
691502401, 1.92, 5.86e-08, 5.02e-08, 3.58, 1.02, 1e-08, 0
692280001, 3.31, 7.42e-08, 5.06e-08, 3.42, 1.14, 1e-08, 0
693057601, 1.37, 5.17e-08, 5.21e-08, 3.88, 1.48, 1e-08, 0
693316801, 6.8, 6.92e-09, 9.66e-09, 1.49, 0.66, 1e-08, 0
693835201, 1.6, 3.18e-08, 3.84e-08, 2.94, 1.54, 1e-08, 0
695649601, 2.44, 1.96e-07, 1.54e-07, 4.0, 1.35, 1e-08, 0
696168001, 5.48, 8.55e-08, 4.93e-08, 3.23, 0.87, 1e-08, 0
696427201, 1.97, 3.83e-08, 5.4e-08, 2.85, 1.59, 1e-08, 0
696686401, 8.37, 1.09e-07, 5.19e-08, 6.45, 3.63, 1e-08, 102
700056001, 1.89, 5.42e-08, 1.04e-06, 7.45, 5.29, 1e-08, 0
700574401, 2.5, 1.12e-08, 1.58e-08, 1.89, 0.72, 1e-08, 0
702129601, 1.65, 2.84e-08, 3.41e-08, 2.53, 0.85, 1e-08, 0
703425601, 2.12, 6.43e-08, 5.28e-08, 3.96, 1.38, 1e-08, 0
704721601, 2.66, 3.95e-08, 2.89e-08, 3.34, 1.12, 1e-08, 0
705499201, 4.44, 5.41e-08, 3.5e-08, 2.72, 0.57, 1e-08, 0
705758401, 7.25, 4.59e-08, 3.95e-08, 2.22, 0.59, 1e-08, 0
706017601, 4.65, 9.03e-08, 5.36e-08, 4.41, 4.65, 1e-08, 102
707572801, 1.34, 3.9e-08, 3.9e-08, 3.62, 1.39, 1e-08, 0
707832001, 3.51, 6.65e-08, 4.37e-08, 3.7, 0.9, 1e-08, 0
708609601, 4.55, 7.6e-08, 4.11e-08, 4.5, 4.42, 1e-08, 102
709387201, 2.51, 5.32e-08, 4.44e-08, 10.0, 0, 1e-08, 0
710424001, 1.58, 6.36e-09, 9.45e-09, 1.71, 0.74, 1e-08, 0
710942401, 6.52, 1.13e-07, 5.57e-08, 5.3, 3.8, 1e-08, 102
713793601, 6.55, 1.76e-08, 3.62e-08, 1.81, 0.95, 1e-08, 0
714830401, 1.11, 9.62e-09, 1.94e-08, 2.03, 1.17, 1e-08, 0
715867201, 6.24, 4.84e-08, 3.52e-08, 2.08, 0.48, 1e-08, 0
716644801, 3.05, 1.04e-07, 7.1e-08, 3.6, 1.07, 1e-08, 0
717163201, 2.57, 7.69e-08, 5.63e-08, 5.81, 5.76, 1e-08, 102
717422401, 4.36, 1.05e-07, 6.2e-08, 4.77, 4.64, 1e-08, 102
719755201, 2.17, 5.47e-08, 4.5e-08, 3.2, 1.02, 1e-08, 0
720532801, 1.78, 5.05e-08, 6.88e-06, 8.18, 37.5, 1e-08, 0
720792001, 5.7, 7.12e-08, 3.89e-08, 9.07, 4.2, 1e-08, 102
721051201, 1.32, 4.67e-08, 4.69e-08, 3.96, 4.17, 1e-08, 0
721310401, 1.73, 2.37e-08, 2.81e-08, 2.39, 0.82, 1e-08, 0
721828801, 1.51, 7.2e-08, 6.21e-08, 6.22, 7.16, 1e-08, 102
723384001, 9.29, 6.76e-08, 4.26e-08, 2.43, 0.47, 1e-08, 0
724161601, 2.53, 4.53e-08, 3.64e-08, 3.08, 0.83, 1e-08, 0
725198401, 7.06, 5.46e-08, 3.73e-08, 2.48, 0.55, 1e-08, 0
726494401, 4.59, 9.96e-09, 1.04e-08, 1.16, 0.46, 1e-08, 0
726753601, 3.57, 9.89e-08, 6.81e-08, 7.72, 5.18, 1e-08, 102
727012801, 3.32, 1.11e-07, 7.49e-08, 7.35, 5.3, 1e-08, 102
728568001, 2.51, 6.16e-08, 4.52e-08, 6.73, 5.78, 1e-08, 102
728827201, 1.82, 6.31e-08, 7.49e-07, 9.0, 3.27, 1e-08, 0
730123201, 1.54, 5.18e-08, 5.81e-08, 2.57, 1.09, 1e-08, 0
731419201, 4.1, 8.51e-08, 6.99e-08, 3.86, 5.42, 1e-08, 102
732456001, 3.17, 3.98e-08, 3.27e-08, 2.47, 0.67, 1e-08, 0
734788801, 2.32, 1.56e-08, 2.17e-08, 2.11, 0.79, 1e-08, 0
735307201, 1.24, 2.56e-08, 3.09e-08, 2.2, 0.71, 1e-08, 0
736084801, 1.19, 2.09e-09, 2.61e-09, 0.78, 0.59, 1e-08, 0
736603201, 10.27, 3.25e-08, 2.11e-08, 2.15, 0.43, 1e-08, 0
737121601, 11.75, 7.51e-08, 3.19e-08, 2.43, 0.36, 1e-08, 0
737640001, 2.76, 7.32e-08, 5.1e-08, 4.03, 5.89, 1e-08, 102
738417601, 8.14, 8.29e-09, 1.3e-08, 1.54, 0.72, 1e-08, 0
739195201, 7.89, 9.91e-08, 4.79e-08, 2.78, 0.53, 1e-08, 0
739454401, 1.43, 2.24e-08, 3.02e-08, 2.45, 1, 1e-08, 0
739713601, 3.94, 4.54e-08, 3.9e-08, 2.62, 0.78, 1e-08, 0
739972801, 5.69, 5.6e-08, 4.5e-08, 2.31, 0.58, 1e-08, 0
740232001, 9.24, 1.13e-07, 4.78e-08, 6.84, 3.12, 1e-08, 102
740491201, 1.9, 4.09e-08, 3.43e-08, 4.71, 1.95, 1e-08, 0
741268801, 1.19, 5.7e-08, 6.1e-08, 4.75, 8.96, 1e-08, 102
741787201, 1.98, 6.2e-08, 5.19e-08, 3.74, 1.23, 1e-08, 0
