timestamp, ts, flux, flux_error, photon_index, photon_index_interval, fit_tolerance, fit_convergence
239889601, 6.03, 3.51e-08, 2.17e-08, 2.36, 0, 1e-08, 0
240494401, 11.39, 5.58e-08, 2.72e-08, 2.36, 0, 1e-08, 0
241099201, 6.9, 3.66e-08, 2.19e-08, 2.36, 0, 1e-08, 0
241704001, 9.95, 2.07e-08, 1.39e-08, 2.36, 0, 1e-08, 0
242308801, 20.76, 4.77e-08, 1.88e-08, 2.36, 0, 1e-08, 0
242913601, 103.05, 1.68e-07, 2.9e-08, 2.36, 0, 1e-08, 0
243518401, 5.89, 3.49e-08, 1.97e-08, 2.36, 0, 1e-08, 0
245937601, 2.4, 1.44e-08, 1.35e-08, 2.36, 0, 1e-08, 0
247147201, 1.1, 1.2e-08, 1.51e-08, 2.36, 0, 1e-08, 0
248356801, 6.94, 3.66e-08, 2.07e-08, 2.36, 0, 1e-08, 0
251380801, 3.25, 2.49e-08, 1.83e-08, 2.36, 0, 1e-08, 0
251985601, 7.11, 2.38e-08, 1.43e-08, 2.36, 0, 1e-08, 0
255009601, 5.07, 4.02e-08, 2.63e-08, 2.36, 0, 1e-08, 0
259243201, 8.25, 4.84e-08, 2.39e-08, 2.36, 0, 1e-08, 0
260452801, 9.55, 2.02e-08, 1.3e-08, 2.36, 0, 1e-08, 0
261057601, 2.16, 1.92e-08, 1.76e-08, 2.36, 0, 1e-08, 0
261662401, 5.51, 2.22e-08, 1.57e-08, 2.36, 0, 1e-08, 0
262267201, 1.73, 1.33e-08, 1.47e-08, 2.36, 0, 1e-08, 0
266500801, 2.79, 1.89e-08, 1.5e-08, 2.36, 0, 1e-08, 0
267105601, 8.2, 2.32e-08, 1.55e-08, 2.36, 0, 1e-08, 0
267710401, 2.39, 1.22e-08, 1.31e-08, 2.36, 0, 1e-08, 0
269524801, 3.67, 1.93e-08, 1.45e-08, 2.36, 0, 1e-08, 0
270129601, 1.96, 1.89e-08, 1.72e-08, 2.36, 0, 1e-08, 0
270734401, 3.43, 2.24e-08, 1.69e-08, 2.36, 0, 1e-08, 0
271944001, 1.04, 1.17e-08, 1.4e-08, 2.36, 0, 1e-08, 0
272548801, 4.14, 3.23e-08, 2.14e-08, 2.36, 0, 1e-08, 0
273153601, 6.2, 4.53e-08, 2.73e-08, 2.36, 0, 1e-08, 0
273758401, 1.15, 1.37e-08, 1.55e-08, 2.36, 0, 1e-08, 0
274363201, 4.68, 1.86e-08, 1.62e-08, 2.36, 0, 1e-08, 0
274968001, 4.86, 2.66e-08, 1.76e-08, 2.36, 0, 1e-08, 0
276177601, 10.72, 3.95e-08, 1.94e-08, 2.36, 0, 1e-08, 0
277387201, 64.42, 1.44e-07, 3.2e-08, 2.36, 0, 1e-08, 0
277992001, 9.64, 3.96e-08, 1.84e-08, 2.36, 0, 1e-08, 0
278596801, 3.71, 3.24e-08, 2.19e-08, 2.36, 0, 1e-08, 0
279201601, 5.54, 3.86e-08, 2.17e-08, 2.36, 0, 1e-08, 0
279806401, 18.56, 5.69e-08, 2.39e-08, 2.36, 0, 1e-08, 0
280411201, 1.86, 2.74e-08, 2.37e-08, 2.36, 0, 1e-08, 0
281016001, 5.49, 3.05e-08, 1.77e-08, 2.36, 0, 1e-08, 0
281620801, 6.72, 3.4e-08, 1.78e-08, 2.36, 0, 1e-08, 0
282225601, 7.21, 1.84e-08, 1.45e-08, 2.36, 0, 1e-08, 0
283435201, 6.52, 2.76e-08, 1.83e-08, 2.36, 0, 1e-08, 0
285854401, 3.75, 3.2e-08, 2.15e-08, 2.36, 0, 1e-08, 0
286459201, 1.53, 1.79e-08, 1.76e-08, 2.36, 0, 1e-08, 0
289483201, 6.34, 4.71e-08, 2.49e-08, 2.36, 0, 1e-08, 0
290088001, 6.73, 2.12e-08, 1.43e-08, 2.36, 0, 1e-08, 0
291297601, 5.04, 2.3e-08, 1.92e-08, 2.36, 0, 1e-08, 0
291902401, 3.61, 8.12e-09, 8.26e-09, 2.36, 0, 1e-08, 0
293112001, 1.75, 2.04e-08, 1.89e-08, 2.36, 0, 1e-08, 0
295531201, 5.11, 2.08e-08, 1.6e-08, 2.36, 0, 1e-08, 0
296136001, 4.61, 2.17e-08, 1.6e-08, 2.36, 0, 1e-08, 0
296740801, 1.28, 1.57e-08, 1.69e-08, 2.36, 0, 1e-08, 0
299160001, 1.77, 1.82e-08, 1.79e-08, 2.36, 0, 1e-08, 0
300369601, 5.72, 4.34e-08, 2.33e-08, 2.36, 0, 1e-08, 0
302788801, 2.7, 2.88e-08, 2.22e-08, 2.36, 0, 1e-08, 0
303393601, 2.48, 1.98e-08, 1.67e-08, 2.36, 0, 1e-08, 0
305208001, 1.59, 2.1e-08, 2.1e-08, 2.36, 0, 1e-08, 0
305812801, 2.92, 2.94e-08, 2.17e-08, 2.36, 0, 1e-08, 0
307627201, 1.49, 2.21e-08, 2.12e-08, 2.36, 0, 1e-08, 0
310651201, 7.54, 3.26e-08, 1.75e-08, 2.36, 0, 1e-08, 0
311860801, 5.78, 2.71e-08, 1.8e-08, 2.36, 0, 1e-08, 0
313675201, 3.44, 2.02e-08, 1.58e-08, 2.36, 0, 1e-08, 0
316699201, 3.06, 1.56e-08, 1.32e-08, 2.36, 0, 1e-08, 0
317908801, 1.97, 2.36e-08, 2.01e-08, 2.36, 0, 1e-08, 0
318513601, 5.17, 2.05e-08, 1.39e-08, 2.36, 0, 1e-08, 0
319118401, 8.68, 4.97e-08, 2.41e-08, 2.36, 0, 1e-08, 0
319723201, 1.16, 1.83e-08, 1.99e-08, 2.36, 0, 1e-08, 0
320932801, 2.13, 1.99e-08, 1.91e-08, 2.36, 0, 1e-08, 0
324561601, 13.99, 4.28e-08, 1.84e-08, 2.36, 0, 1e-08, 0
326376001, 3.32, 2.76e-08, 2.17e-08, 2.36, 0, 1e-08, 0
326980801, 6.43, 2.21e-08, 1.82e-08, 2.36, 0, 1e-08, 0
327585601, 9.82, 2.62e-08, 1.45e-08, 2.36, 0, 1e-08, 0
328190401, 3.63, 2.78e-08, 1.9e-08, 2.36, 0, 1e-08, 0
328795201, 1.04, 1.65e-08, 1.88e-08, 2.36, 0, 1e-08, 0
330004801, 3.02, 2.07e-08, 1.82e-08, 2.36, 0, 1e-08, 0
331214401, 2.34, 2.38e-08, 1.97e-08, 2.36, 0, 1e-08, 0
331819201, 1.05, 1.44e-08, 1.76e-08, 2.36, 0, 1e-08, 0
333028801, 3.5, 4.24e-08, 2.71e-08, 2.36, 0, 1e-08, 0
333633601, 5.31, 1.69e-08, 1.41e-08, 2.36, 0, 1e-08, 0
334238401, 12.87, 3.99e-08, 2.02e-08, 2.36, 0, 1e-08, 0
334843201, 1.09, 1.98e-08, 2.21e-08, 2.36, 0, 1e-08, 0
336657601, 4.98, 3.62e-08, 2.02e-08, 2.36, 0, 1e-08, 0
338472001, 3.9, 2.23e-08, 1.67e-08, 2.36, 0, 1e-08, 0
340286401, 2.81, 2.58e-08, 1.93e-08, 2.36, 0, 1e-08, 0
343915201, 1.3, 1.3e-08, 1.49e-08, 2.36, 0, 1e-08, 0
345124801, 1.17, 1.59e-08, 1.82e-08, 2.36, 0, 1e-08, 0
347544001, 3.89, 2.58e-08, 1.71e-08, 2.36, 0, 1e-08, 0
349963201, 2.91, 1.7e-08, 1.43e-08, 2.36, 0, 1e-08, 0
351172801, 2.63, 2.37e-08, 1.94e-08, 2.36, 0, 1e-08, 0
351777601, 5.0, 2.71e-08, 1.77e-08, 2.36, 0, 1e-08, 0
352382401, 2.09, 2.64e-08, 2.23e-08, 2.36, 0, 1e-08, 0
354196801, 1.86, 1.69e-08, 1.58e-08, 2.36, 0, 1e-08, 0
354801601, 2.35, 1.59e-08, 1.43e-08, 2.36, 0, 1e-08, 0
357825601, 2.47, 1.21e-08, 1.24e-08, 2.36, 0, 1e-08, 0
359640001, 10.05, 4.55e-08, 2.02e-08, 2.36, 0, 1e-08, 0
360849601, 6.14, 1.92e-08, 1.46e-08, 2.36, 0, 1e-08, 0
361454401, 11.56, 4.68e-08, 2.19e-08, 2.36, 0, 1e-08, 0
365083201, 2.9, 2.1e-08, 1.59e-08, 2.36, 0, 1e-08, 0
367502401, 6.32, 3.57e-08, 2.14e-08, 2.36, 0, 1e-08, 0
368712001, 13.45, 2.83e-08, 1.46e-08, 2.36, 0, 1e-08, 0
369316801, 1.79, 1.76e-08, 1.62e-08, 2.36, 0, 1e-08, 0
369921601, 4.04, 2.18e-08, 1.68e-08, 2.36, 0, 1e-08, 0
370526401, 2.69, 2.62e-08, 1.94e-08, 2.36, 0, 1e-08, 0
371131201, 6.03, 3.71e-08, 1.98e-08, 2.36, 0, 1e-08, 0
371736001, 12.57, 5.74e-08, 2.43e-08, 2.36, 0, 1e-08, 0
372340801, 4.29, 1.99e-08, 1.55e-08, 2.36, 0, 1e-08, 0
373550401, 6.66, 2.88e-08, 1.68e-08, 2.36, 0, 1e-08, 0
375364801, 18.14, 3.84e-08, 1.6e-08, 2.36, 0, 1e-08, 0
377179201, 2.96, 2.95e-08, 2.19e-08, 2.36, 0, 1e-08, 0
378388801, 1.6, 2.15e-08, 2.05e-08, 2.36, 0, 1e-08, 0
382017601, 3.94, 3.1e-08, 2.09e-08, 2.36, 0, 1e-08, 0
382622401, 1.42, 1.35e-08, 1.52e-08, 2.36, 0, 1e-08, 0
383227201, 4.15, 2.45e-08, 1.88e-08, 2.36, 0, 1e-08, 0
384436801, 5.45, 3.07e-08, 1.78e-08, 2.36, 0, 1e-08, 0
385646401, 8.14, 3.19e-08, 1.91e-08, 2.36, 0, 1e-08, 0
390484801, 2.71, 2.27e-08, 1.75e-08, 2.36, 0, 1e-08, 0
392904001, 17.84, 5.47e-08, 2.43e-08, 2.36, 0, 1e-08, 0
393508801, 8.81, 5.16e-08, 2.31e-08, 2.36, 0, 1e-08, 0
395928001, 3.49, 2.93e-08, 2.14e-08, 2.36, 0, 1e-08, 0
396532801, 2.25, 2.47e-08, 2.05e-08, 2.36, 0, 1e-08, 0
398347201, 4.75, 3.55e-08, 2.12e-08, 2.36, 0, 1e-08, 0
400766401, 2.38, 1.44e-08, 1.57e-08, 2.36, 0, 1e-08, 0
402580801, 4.6, 3.35e-08, 2.05e-08, 2.36, 0, 1e-08, 0
405604801, 1.48, 1.39e-08, 1.35e-08, 2.36, 0, 1e-08, 0
406814401, 2.58, 1.49e-08, 1.43e-08, 2.36, 0, 1e-08, 0
409233601, 1.91, 1.38e-08, 1.53e-08, 2.36, 0, 1e-08, 0
412257601, 5.14, 1.94e-08, 1.25e-08, 2.36, 0, 1e-08, 0
412862401, 13.1, 3.98e-08, 1.8e-08, 2.36, 0, 1e-08, 0
414072001, 17.39, 5.36e-08, 2.34e-08, 2.36, 0, 1e-08, 0
414676801, 1.25, 8.22e-09, 1.04e-08, 2.36, 0, 1e-08, 0
416491201, 3.7, 2.57e-08, 2.13e-08, 2.36, 0, 1e-08, 0
417700801, 2.18, 2.62e-08, 2.51e-08, 2.36, 0, 1e-08, 0
418305601, 1.14, 2.04e-08, 2.19e-08, 2.36, 0, 1e-08, 0
420120001, 3.31, 2.44e-08, 1.77e-08, 2.36, 0, 1e-08, 0
420724801, 1.96, 1.96e-08, 1.81e-08, 2.36, 0, 1e-08, 0
421329601, 8.05, 3.47e-08, 1.92e-08, 2.36, 0, 1e-08, 0
421934401, 11.28, 4.96e-08, 2.21e-08, 2.36, 0, 1e-08, 0
422539201, 7.55, 5.27e-08, 2.77e-08, 2.36, 0, 1e-08, 0
423144001, 8.15, 5.7e-08, 2.68e-08, 2.36, 0, 1e-08, 0
424353601, 3.32, 3.83e-08, 2.68e-08, 2.36, 0, 1e-08, 0
424958401, 4.26, 3.27e-08, 2.09e-08, 2.36, 0, 1e-08, 0
425563201, 4.35, 3.47e-08, 2.31e-08, 2.36, 0, 1e-08, 0
426168001, 14.6, 4.73e-08, 2.08e-08, 2.36, 0, 1e-08, 0
426772801, 4.26, 3.15e-08, 2.33e-08, 2.36, 0, 1e-08, 0
437659201, 5.56, 2.51e-08, 1.65e-08, 2.36, 0, 1e-08, 0
439473601, 3.76, 1.7e-08, 1.4e-08, 2.36, 0, 1e-08, 0
441288001, 1.92, 1.1e-08, 1.16e-08, 2.36, 0, 1e-08, 0
441892801, 7.29, 2.36e-08, 1.53e-08, 2.36, 0, 1e-08, 0
443102401, 1.84, 2.78e-08, 2.52e-08, 2.36, 0, 1e-08, 0
444312001, 1.81, 2.56e-08, 2.43e-08, 2.36, 0, 1e-08, 0
446126401, 1.45, 1.56e-08, 1.77e-08, 2.36, 0, 1e-08, 0
446731201, 1.92, 2.72e-08, 2.32e-08, 2.36, 0, 1e-08, 0
447940801, 6.32, 3.44e-08, 1.92e-08, 2.36, 0, 1e-08, 0
450360001, 3.4, 4.1e-08, 2.83e-08, 2.36, 0, 1e-08, 0
454593601, 1.04, 1.61e-08, 1.94e-08, 2.36, 0, 1e-08, 0
457617601, 3.53, 1.56e-08, 1.33e-08, 2.36, 0, 1e-08, 0
458222401, 2.46, 2.55e-08, 2.24e-08, 2.36, 0, 1e-08, 0
459432001, 6.01, 2.97e-08, 1.82e-08, 2.36, 0, 1e-08, 0
460036801, 1.73, 1.86e-08, 1.95e-08, 2.36, 0, 1e-08, 0
460641601, 9.96, 5.44e-08, 2.47e-08, 2.36, 0, 1e-08, 0
461851201, 2.17, 2.78e-08, 2.32e-08, 2.36, 0, 1e-08, 0
462456001, 3.91, 3.07e-08, 1.95e-08, 2.36, 0, 1e-08, 0
463060801, 2.14, 1.61e-08, 1.67e-08, 2.36, 0, 1e-08, 0
465480001, 1.06, 9.55e-09, 1.26e-08, 2.36, 0, 1e-08, 0
466084801, 16.55, 4.39e-08, 1.98e-08, 2.36, 0, 1e-08, 0
466689601, 4.22, 2.22e-08, 1.78e-08, 2.36, 0, 1e-08, 0
467294401, 5.57, 2.44e-08, 1.59e-08, 2.36, 0, 1e-08, 0
468504001, 18.69, 7.86e-08, 2.73e-08, 2.36, 0, 1e-08, 0
469108801, 14.76, 6.45e-08, 2.54e-08, 2.36, 0, 1e-08, 0
469713601, 7.39, 3.24e-08, 1.83e-08, 2.36, 0, 1e-08, 0
470318401, 4.94, 3.35e-08, 2.17e-08, 2.36, 0, 1e-08, 0
471528001, 9.29, 3.75e-08, 1.86e-08, 2.36, 0, 1e-08, 0
472132801, 1.13, 1.67e-08, 1.93e-08, 2.36, 0, 1e-08, 0
474552001, 3.25, 1.77e-08, 1.49e-08, 2.36, 0, 1e-08, 0
476366401, 9.08, 1.63e-08, 1.25e-08, 2.36, 0, 1e-08, 0
476971201, 5.36, 3.64e-08, 2.07e-08, 2.36, 0, 1e-08, 0
478180801, 13.69, 6.9e-08, 2.9e-08, 2.36, 0, 1e-08, 0
478785601, 3.62, 2.84e-08, 1.93e-08, 2.36, 0, 1e-08, 0
479390401, 3.65, 2.09e-08, 1.63e-08, 2.36, 0, 1e-08, 0
479995201, 2.79, 3.13e-08, 2.36e-08, 2.36, 0, 1e-08, 0
482414401, 9.8, 4.33e-08, 2.21e-08, 2.36, 0, 1e-08, 0
483624001, 1.06, 1.3e-08, 1.59e-08, 2.36, 0, 1e-08, 0
486043201, 2.12, 3.43e-08, 2.9e-08, 2.36, 0, 1e-08, 0
488462401, 3.73, 3.05e-08, 2.1e-08, 2.36, 0, 1e-08, 0
490276801, 1.44, 1.99e-08, 2.04e-08, 2.36, 0, 1e-08, 0
491486401, 1.87, 2.64e-08, 2.43e-08, 2.36, 0, 1e-08, 0
494510401, 5.13, 3.47e-08, 2.04e-08, 2.36, 0, 1e-08, 0
496324801, 2.5, 2.6e-08, 2.08e-08, 2.36, 0, 1e-08, 0
496929601, 2.49, 1.52e-08, 1.57e-08, 2.36, 0, 1e-08, 0
498744001, 1.02, 6.94e-09, 9.76e-09, 2.36, 0, 1e-08, 0
499348801, 7.06, 3.66e-08, 2.14e-08, 2.36, 0, 1e-08, 0
502977601, 1.8, 1.78e-08, 1.79e-08, 2.36, 0, 1e-08, 0
507816001, 5.19, 2.13e-08, 1.55e-08, 2.36, 0, 1e-08, 0
509630401, 2.38, 2.22e-08, 2.05e-08, 2.36, 0, 1e-08, 0
510235201, 8.22, 4.1e-08, 2.16e-08, 2.36, 0, 1e-08, 0
512049601, 1.54, 2.19e-08, 2.1e-08, 2.36, 0, 1e-08, 0
512654401, 3.28, 2.46e-08, 1.79e-08, 2.36, 0, 1e-08, 0
514468801, 1.17, 1.37e-08, 1.7e-08, 2.36, 0, 1e-08, 0
515678401, 6.14, 2.03e-08, 1.41e-08, 2.36, 0, 1e-08, 0
517492801, 1.48, 2.25e-08, 2.16e-08, 2.36, 0, 1e-08, 0
520516801, 6.33, 2.48e-08, 1.68e-08, 2.36, 0, 1e-08, 0
521726401, 3.17, 3.26e-08, 2.36e-08, 2.36, 0, 1e-08, 0
522331201, 1.39, 1.79e-08, 1.88e-08, 2.36, 0, 1e-08, 0
525355201, 4.7, 3.48e-08, 2.16e-08, 2.36, 0, 1e-08, 0
527169601, 3.29, 3.57e-08, 2.46e-08, 2.36, 0, 1e-08, 0
527774401, 1.38, 2.13e-08, 2.18e-08, 2.36, 0, 1e-08, 0
529588801, 4.05, 3.79e-08, 2.41e-08, 2.36, 0, 1e-08, 0
530193601, 11.21, 4.28e-08, 2.38e-08, 2.36, 0, 1e-08, 0
531403201, 3.6, 3.5e-08, 2.31e-08, 2.36, 0, 1e-08, 0
532008001, 12.21, 5.62e-08, 2.35e-08, 2.36, 0, 1e-08, 0
532612801, 2.17, 2.96e-08, 2.36e-08, 2.36, 0, 1e-08, 0
533217601, 2.36, 1.87e-08, 1.67e-08, 2.36, 0, 1e-08, 0
534427201, 4.39, 2.15e-08, 1.7e-08, 2.36, 0, 1e-08, 0
535032001, 16.01, 7.3e-08, 2.54e-08, 2.36, 0, 1e-08, 0
535636801, 6.88, 3.11e-08, 1.76e-08, 2.36, 0, 1e-08, 0
536241601, 6.72, 2.23e-08, 1.57e-08, 2.36, 0, 1e-08, 0
537451201, 3.9, 3.17e-08, 2.11e-08, 2.36, 0, 1e-08, 0
538660801, 1.16, 1.76e-08, 1.84e-08, 2.36, 0, 1e-08, 0
539870401, 2.17, 2.73e-08, 2.31e-08, 2.36, 0, 1e-08, 0
541684801, 2.21, 1.87e-08, 1.71e-08, 2.36, 0, 1e-08, 0
545918401, 2.72, 9.55e-08, 8.56e-08, 2.36, 0, 1e-08, 0
546523201, 6.05, 9.92e-08, 5.9e-08, 2.36, 0, 1e-08, 0
547128001, 2.61, 2.06e-08, 1.56e-08, 2.36, 0, 1e-08, 0
548942401, 6.57, 2.83e-08, 1.68e-08, 2.36, 0, 1e-08, 0
549547201, 10.17, 4.18e-08, 1.79e-08, 2.36, 0, 1e-08, 0
551361601, 7.9, 2.59e-08, 1.36e-08, 2.36, 0, 1e-08, 0
553780801, 1.59, 4.22e-08, 4.02e-08, 2.36, 0, 1e-08, 0
555595201, 17.39, 5.06e-08, 1.8e-08, 2.36, 0, 1e-08, 0
556200001, 8.53, 3.6e-08, 2.56e-08, 2.36, 0, 1e-08, 0
557409601, 5.34, 3.26e-08, 2.97e-08, 2.36, 0, 1e-08, 0
558619201, 2.31, 1.98e-08, 1.62e-08, 2.36, 0, 1e-08, 0
559224001, 9.79, 4.57e-08, 1.92e-08, 2.36, 0, 1e-08, 0
562248001, 4.71, 2.23e-08, 1.45e-08, 2.36, 0, 1e-08, 0
562852801, 3.87, 1.99e-08, 1.29e-08, 2.36, 0, 1e-08, 0
563457601, 9.59, 4.16e-08, 1.79e-08, 2.36, 0, 1e-08, 0
564062401, 3.24, 1.63e-08, 1.44e-08, 2.36, 0, 1e-08, 0
564667201, 6.03, 3.86e-08, 1.97e-08, 2.36, 0, 1e-08, 0
567086401, 1.74, 9.28e-09, 1.11e-08, 2.36, 0, 1e-08, 0
567691201, 8.46, 5.25e-08, 2.97e-08, 2.36, 0, 1e-08, 0
568296001, 10.45, 3.9e-08, 1.97e-08, 2.36, 0, 1e-08, 0
568900801, 6.36, 3.44e-08, 1.98e-08, 2.36, 0, 1e-08, 0
569505601, 4.62, 3.45e-08, 2.15e-08, 2.36, 0, 1e-08, 0
570110401, 5.42, 3.51e-08, 1.87e-08, 2.36, 0, 1e-08, 0
570715201, 1.04, 2.57e-08, 3.12e-08, 2.36, 0, 1e-08, 0
571320001, 1.19, 0.000139, 0, 2.36, 0, 1e-08, 101
573134401, 2.03, 2.1e-08, 1.89e-08, 2.36, 0, 1e-08, 0
575553601, 2.84, 1.25e-08, 1.28e-08, 2.36, 0, 1e-08, 0
576158401, 4.56, 1.72e-08, 1.37e-08, 2.36, 0, 1e-08, 0
576763201, 4.53, 2.25e-08, 1.42e-08, 2.36, 0, 1e-08, 0
577368001, 7.01, 2.1e-08, 1.22e-08, 2.36, 0, 1e-08, 0
577972801, 22.99, 6.19e-08, 2.13e-08, 2.36, 0, 1e-08, 0
578577601, 2.0, 2.39e-08, 2.03e-08, 2.36, 0, 1e-08, 0
579182401, 1.44, 9.28e-09, 1.12e-08, 2.36, 0, 1e-08, 0
580392001, 14.67, 3.48e-08, 1.76e-08, 2.36, 0, 1e-08, 0
580996801, 9.04, 3.46e-08, 1.63e-08, 2.36, 0, 1e-08, 0
581601601, 4.06, 3.42e-08, 2.02e-08, 2.36, 0, 1e-08, 0
582206401, 7.87, 5.02e-08, 2.52e-08, 2.36, 0, 1e-08, 0
583416001, 8.43, 4.09e-08, 2.13e-08, 2.36, 0, 1e-08, 0
585230401, 3.55, 6.65e-08, 4.86e-08, 2.36, 0, 1e-08, 0
586440001, 4.06, 2.59e-08, 1.8e-08, 2.36, 0, 1e-08, 0
587044801, 5.71, 3.78e-08, 2.38e-08, 2.36, 0, 1e-08, 0
588859201, 1.51, 2.5e-08, 2.49e-08, 2.36, 0, 1e-08, 0
590068801, 4.13, 2.17e-08, 1.73e-08, 2.36, 0, 1e-08, 0
590673601, 3.16, 1.6e-08, 1.53e-08, 2.36, 0, 1e-08, 0
591278401, 11.86, 3.42e-08, 1.6e-08, 2.36, 0, 1e-08, 0
592488001, 2.22, 2.35e-08, 2.07e-08, 2.36, 0, 1e-08, 0
595512001, 2.99, 1.01e-08, 1.02e-08, 2.36, 0, 1e-08, 0
596116801, 25.1, 6.42e-08, 2.33e-08, 2.36, 0, 1e-08, 0
596721601, 2.19, 2.36e-08, 1.93e-08, 2.36, 0, 1e-08, 0
597326401, 5.61, 3.55e-08, 2.19e-08, 2.36, 0, 1e-08, 0
597931201, 4.65, 1.59e-08, 1.43e-08, 2.36, 0, 1e-08, 0
598536001, 1.6, 2.51e-08, 2.84e-08, 2.36, 0, 1e-08, 0
600350401, 5.58, 4.33e-08, 2.54e-08, 2.36, 0, 1e-08, 0
602164801, 5.48, 1.81e-08, 1.39e-08, 2.36, 0, 1e-08, 0
603374401, 7.98, 0.000139, 0, 2.36, 0, 1e-08, 101
605793601, 33.46, 1.12e-07, 3.19e-08, 2.36, 0, 1e-08, 0
606398401, 3.3, 2.41e-08, 1.77e-08, 2.36, 0, 1e-08, 0
607003201, 2.26, 1.86e-08, 1.57e-08, 2.36, 0, 1e-08, 0
607608001, 9.94, 4.92e-08, 2.32e-08, 2.36, 0, 1e-08, 0
608212801, 3.73, 1.94e-08, 1.52e-08, 2.36, 0, 1e-08, 0
608817601, 15.9, 4.75e-08, 1.73e-08, 2.36, 0, 1e-08, 0
609422401, 47.55, 7.66e-08, 1.92e-08, 2.36, 0, 1e-08, 0
610027201, 71.81, 1.5e-07, 2.9e-08, 2.36, 0, 1e-08, 0
610632001, 4.63, 4.96e-08, 2.81e-08, 2.36, 0, 1e-08, 0
611236801, 7.65, 3.85e-08, 2.15e-08, 2.36, 0, 1e-08, 0
611841601, 16.12, 5.31e-08, 2.08e-08, 2.36, 0, 1e-08, 0
612446401, 18.22, 7.12e-08, 2.46e-08, 2.36, 0, 1e-08, 0
613051201, 15.27, 4.55e-08, 1.69e-08, 2.36, 0, 1e-08, 0
613656001, 11.84, 4.86e-08, 2.09e-08, 2.36, 0, 1e-08, 0
614260801, 49.0, 1.04e-07, 2.92e-08, 2.36, 0, 1e-08, 0
614865601, 14.5, 7.08e-08, 2.91e-08, 2.36, 0, 1e-08, 0
615470401, 10.6, 7.32e-08, 3.07e-08, 2.36, 0, 1e-08, 0
616075201, 13.72, 5.62e-08, 2.34e-08, 2.36, 0, 1e-08, 0
617889601, 1.43, 2.21e-08, 2.62e-08, 2.36, 0, 1e-08, 0
619099201, 8.92, 4.22e-08, 2.33e-08, 2.36, 0, 1e-08, 0
620308801, 6.55, 3.16e-08, 1.81e-08, 2.36, 0, 1e-08, 0
620913601, 4.18, 3.73e-08, 2.57e-08, 2.36, 0, 1e-08, 0
621518401, 4.74, 2.48e-08, 2.03e-08, 2.36, 0, 1e-08, 0
622123201, 6.48, 3.86e-08, 2.14e-08, 2.36, 0, 1e-08, 0
622728001, 10.53, 3.56e-08, 1.64e-08, 2.36, 0, 1e-08, 0
623332801, 18.77, 5.88e-08, 1.98e-08, 2.36, 0, 1e-08, 0
623937601, 4.5, 3.26e-08, 1.92e-08, 2.36, 0, 1e-08, 0
624542401, 44.21, 8.7e-08, 2.22e-08, 2.36, 0, 1e-08, 0
625147201, 45.91, 9.27e-08, 2.52e-08, 2.36, 0, 1e-08, 0
628171201, 8.57, 4.43e-08, 2.19e-08, 2.36, 0, 1e-08, 0
629380801, 7.61, 4.58e-08, 2.21e-08, 2.36, 0, 1e-08, 0
629985601, 6.48, 1.63e-08, 1.19e-08, 2.36, 0, 1e-08, 0
631195201, 15.15, 6.33e-08, 3.42e-08, 2.36, 0, 1e-08, 0
632404801, 16.83, 6.41e-08, 2.54e-08, 2.36, 0, 1e-08, 0
633009601, 18.22, 7.47e-08, 2.73e-08, 2.36, 0, 1e-08, 0
634219201, 1.51, 1.91e-08, 1.91e-08, 2.36, 0, 1e-08, 0
637243201, 5.14, 3.74e-08, 2.55e-08, 2.36, 0, 1e-08, 0
637848001, 1.49, 2.14e-08, 2.15e-08, 2.36, 0, 1e-08, 0
639057601, 7.18, 3.66e-08, 2.1e-08, 2.36, 0, 1e-08, 0
639662401, 2.94, 1.69e-08, 1.57e-08, 2.36, 0, 1e-08, 0
640872001, 4.06, 2.12e-08, 1.44e-08, 2.36, 0, 1e-08, 0
642081601, 27.11, 7.38e-08, 2.52e-08, 2.36, 0, 1e-08, 0
642686401, 4.94, 3.34e-08, 2.08e-08, 2.36, 0, 1e-08, 0
643896001, 2.65, 2.84e-08, 2.11e-08, 2.36, 0, 1e-08, 0
645105601, 8.14, 3.25e-08, 1.63e-08, 2.36, 0, 1e-08, 0
645710401, 1.57, 2.31e-08, 2.17e-08, 2.36, 0, 1e-08, 0
648734401, 5.0, 2.35e-07, 1.78e-07, 2.36, 0, 1e-08, 0
651153601, 1.13, 9.64e-09, 1.28e-08, 2.36, 0, 1e-08, 0
654177601, 3.88, 2e-08, 1.73e-08, 2.36, 0, 1e-08, 0
655387201, 2.2, 1.91e-08, 1.56e-08, 2.36, 0, 1e-08, 0
657201601, 4.37, 3.43e-08, 2.12e-08, 2.36, 0, 1e-08, 0
658411201, 4.24, 2.15e-08, 1.54e-08, 2.36, 0, 1e-08, 0
659016001, 3.71, 2.25e-08, 1.52e-08, 2.36, 0, 1e-08, 0
659620801, 1.07, 1.15e-08, 1.47e-08, 2.36, 0, 1e-08, 0
660830401, 2.44, 1.77e-08, 1.55e-08, 2.36, 0, 1e-08, 0
661435201, 6.29, 2.38e-08, 1.51e-08, 2.36, 0, 1e-08, 0
662644801, 1.39, 5.78e-08, 6.43e-08, 2.36, 0, 1e-08, 0
663854401, 2.16, 5.14e-08, 4.25e-08, 2.36, 0, 1e-08, 0
665064001, 4.61, 3.03e-08, 2.3e-08, 2.36, 0, 1e-08, 0
665668801, 8.3, 4.7e-08, 2.27e-08, 2.36, 0, 1e-08, 0
666273601, 6.53, 5.31e-08, 2.93e-08, 2.36, 0, 1e-08, 0
668088001, 6.03, 1.64e-08, 1.24e-08, 2.36, 0, 1e-08, 0
668692801, 6.61, 2.03e-08, 1.64e-08, 2.36, 0, 1e-08, 0
670507201, 3.67, 1.75e-08, 1.4e-08, 2.36, 0, 1e-08, 0
671112001, 2.87, 2.36e-08, 1.73e-08, 2.36, 0, 1e-08, 0
672926401, 2.03, 1.28e-08, 1.13e-08, 2.36, 0, 1e-08, 0
676555201, 4.53, 1.86e-08, 1.52e-08, 2.36, 0, 1e-08, 0
678369601, 1.85, 1.07e-08, 1.24e-08, 2.36, 0, 1e-08, 0
678974401, 6.61, 2.85e-08, 1.87e-08, 2.36, 0, 1e-08, 0
679579201, 5.15, 2.86e-08, 1.72e-08, 2.36, 0, 1e-08, 0
680184001, 3.6, 3.26e-08, 2.59e-08, 2.36, 0, 1e-08, 0
684417601, 19.77, 4.81e-08, 2.01e-08, 2.36, 0, 1e-08, 0
685627201, 2.88, 2.33e-08, 1.93e-08, 2.36, 0, 1e-08, 0
686232001, 2.73, 2.23e-08, 1.72e-08, 2.36, 0, 1e-08, 0
686836801, 6.92, 2.62e-08, 1.38e-08, 2.36, 0, 1e-08, 0
687441601, 29.3, 3.75e-08, 1.39e-08, 2.36, 0, 1e-08, 0
688046401, 3.83, 1.67e-08, 1.58e-08, 2.36, 0, 1e-08, 0
689256001, 1.4, 1.77e-08, 1.76e-08, 2.36, 0, 1e-08, 0
690465601, 15.12, 4.92e-08, 1.98e-08, 2.36, 0, 1e-08, 0
691070401, 8.66, 3.94e-08, 2.23e-08, 2.36, 0, 1e-08, 0
691675201, 1.12, 1.17e-08, 1.47e-08, 2.36, 0, 1e-08, 0
692884801, 3.09, 3.07e-08, 2.26e-08, 2.36, 0, 1e-08, 0
697118401, 4.6, 2.49e-08, 2.02e-08, 2.36, 0, 1e-08, 0
697723201, 12.61, 4.56e-08, 2.19e-08, 2.36, 0, 1e-08, 0
699537601, 13.95, 7.94e-08, 3.45e-08, 2.36, 0, 1e-08, 0
700142401, 4.96, 2.53e-08, 1.62e-08, 2.36, 0, 1e-08, 0
700747201, 5.98, 4.27e-08, 2.22e-08, 2.36, 0, 1e-08, 0
701956801, 20.47, 6.79e-08, 2.61e-08, 2.36, 0, 1e-08, 0
702561601, 1.69, 2.13e-08, 1.97e-08, 2.36, 0, 1e-08, 0
703166401, 18.46, 8.48e-08, 2.8e-08, 2.36, 0, 1e-08, 0
704376001, 4.63, 2.57e-08, 1.61e-08, 2.36, 0, 1e-08, 0
704980801, 8.74, 2.41e-08, 1.4e-08, 2.36, 0, 1e-08, 0
706190401, 1.18, 2.34e-08, 2.63e-08, 2.36, 0, 1e-08, 0
706795201, 9.3, 3.42e-08, 1.99e-08, 2.36, 0, 1e-08, 0
707400001, 10.2, 4.53e-08, 1.98e-08, 2.36, 0, 1e-08, 0
708004801, 4.98, 2.92e-08, 2.2e-08, 2.36, 0, 1e-08, 0
709819201, 14.17, 9.23e-08, 3.66e-08, 2.36, 0, 1e-08, 0
710424001, 16.88, 8.04e-08, 3.14e-08, 2.36, 0, 1e-08, 0
711028801, 3.88, 4.24e-08, 2.78e-08, 2.36, 0, 1e-08, 0
711633601, 26.53, 1.01e-07, 3.21e-08, 2.36, 0, 1e-08, 0
712843201, 4.14, 2e-07, 1.78e-07, 2.36, 0, 1e-08, 0
718286401, 6.8, 3.06e-08, 1.84e-08, 2.36, 0, 1e-08, 0
718891201, 14.07, 4.65e-08, 1.77e-08, 2.36, 0, 1e-08, 0
719496001, 3.29, 1.79e-08, 1.49e-08, 2.36, 0, 1e-08, 0
720100801, 19.51, 6.19e-08, 2.32e-08, 2.36, 0, 1e-08, 0
721310401, 3.18, 2.06e-08, 1.73e-08, 2.36, 0, 1e-08, 0
722520001, 2.21, 2.06e-08, 1.86e-08, 2.36, 0, 1e-08, 0
723124801, 11.01, 5.23e-08, 2.2e-08, 2.36, 0, 1e-08, 0
723729601, 4.24, 2.1e-08, 1.67e-08, 2.36, 0, 1e-08, 0
725544001, 13.03, 5.77e-08, 2.3e-08, 2.36, 0, 1e-08, 0
728568001, 10.04, 6.51e-08, 2.87e-08, 2.36, 0, 1e-08, 0
729172801, 15.22, 6.97e-08, 2.55e-08, 2.36, 0, 1e-08, 0
729777601, 2.27, 2.23e-08, 1.87e-08, 2.36, 0, 1e-08, 0
732801601, 2.92, 2.18e-08, 1.69e-08, 2.36, 0, 1e-08, 0
735220801, 9.16, 5.85e-08, 2.6e-08, 2.36, 0, 1e-08, 0
735825601, 7.5, 3e-08, 1.75e-08, 2.36, 0, 1e-08, 0
736430401, 5.57, 3.21e-08, 1.76e-08, 2.36, 0, 1e-08, 0
737035201, 38.47, 8.39e-08, 2.21e-08, 2.36, 0, 1e-08, 0
737640001, 6.01, 3.15e-08, 2.05e-08, 2.36, 0, 1e-08, 0
738244801, 11.48, 4.48e-08, 2.33e-08, 2.36, 0, 1e-08, 0
738849601, 42.86, 1.04e-07, 2.61e-08, 2.36, 0, 1e-08, 0
739454401, 21.83, 5.57e-08, 1.92e-08, 2.36, 0, 1e-08, 0
740059201, 25.31, 7.49e-08, 2.71e-08, 2.36, 0, 1e-08, 0
740664001, 2.46, 2.56e-08, 2.01e-08, 2.36, 0, 1e-08, 0
741873601, 24.07, 4.95e-08, 2.21e-08, 2.36, 0, 1e-08, 0
