timestamp, ts, flux_upper_limits, fit_tolerance, fit_convergence
239716801, 0.0, 1.07e-07, 1e-08, 0
239976001, 0.0, 7.85e-08, 1e-08, 0
240235201, 0.0, 1.04e-07, 1e-08, 0
240494401, 0.0, 7.19e-08, 1e-08, 0
240753601, 0.0, 8.22e-08, 1e-08, 0
241012801, 0.0, 9.45e-08, 1e-08, 0
241272001, 0.3, 1.19e-07, 1e-08, 0
241790401, 0.14, 1.17e-07, 1e-08, 0
242308801, 0.0, 8.48e-08, 1e-08, 0
242568001, 0.0, 9.48e-08, 1e-08, 0
242827201, 0.0, 7.44e-08, 1e-08, 0
243086401, 0.32, 1.18e-07, 1e-08, 0
243345601, 0.0, 6.78e-08, 1e-08, 0
243604801, 0.0, 1.25e-07, 1e-08, 0
243864001, 0.0, 1e-07, 1e-08, 0
244123201, 0.0, 1.01e-07, 1e-08, 0
244900801, 0.0, 1.03e-07, 1e-08, 0
245160001, 0.89, 1.25e-07, 1e-08, 0
245419201, 0.0, 7.1e-08, 1e-08, 0
245678401, 0.84, 1.4e-07, 1e-08, 0
245937601, 0.14, 1.2e-07, 1e-08, 0
246196801, 0.0, 5.96e-08, 1e-08, 0
246456001, 0.1, 8.86e-08, 1e-08, 0
246715201, 0.0, 5.75e-08, 1e-08, 0
246974401, 0.36, 1.12e-07, 1e-08, 0
247233601, 0.0, 6.69e-08, 1e-08, 0
247752001, 0.0, 7.63e-08, 1e-08, 0
248011201, 0.02, 9.98e-08, 1e-08, 0
248270401, 0.0, 7.35e-08, 1e-08, 0
248529601, 0.27, 1.46e-07, 1e-08, 0
248788801, 0.09, 1.18e-07, 1e-08, 0
249048001, 0.0, 1.23e-07, 1e-08, 0
249307201, 0.62, 1.69e-07, 1e-08, 0
249566401, 0.0, 7.25e-08, 1e-08, 0
250084801, 0.07, 1.22e-07, 1e-08, 0
250344001, 0.0, 7.86e-08, 1e-08, 0
250603201, 0.0, 8.49e-08, 1e-08, 0
250862401, 0.0, 6.6e-08, 1e-08, 0
251121601, 0.0, 9.04e-08, 1e-08, 0
251380801, 0.0, 5.89e-08, 1e-08, 0
251640001, 0.0, 6.24e-08, 1e-08, 0
251899201, 0.0, 8.93e-08, 1e-08, 0
252417601, 0.0, 1.22e-07, 1e-08, 0
252676801, 0.0, 8.68e-08, 1e-08, 0
252936001, 0.0, 9.42e-08, 1e-08, 0
253195201, 0.0, 7.59e-08, 1e-08, 0
253454401, 0.2, 1.47e-07, 1e-08, 0
253713601, 0.0, 9.92e-08, 1e-08, 0
253972801, 0.12, 1.2e-07, 1e-08, 0
254232001, 0.0, 8.98e-08, 1e-08, 0
254491201, 0.73, 1.36e-07, 1e-08, 0
254750401, 0.0, 9.9e-08, 1e-08, 0
255009601, 0.0, 7.01e-08, 1e-08, 0
255268801, 0.93, 1.04e-07, 1e-08, 0
255787201, 0.0, 9.58e-08, 1e-08, 0
256305601, 0.0, 7.71e-08, 1e-08, 0
256564801, 0.0, 1.08e-07, 1e-08, 0
256824001, 0.0, 8.12e-08, 1e-08, 0
257083201, 0.27, 1.08e-07, 1e-08, 0
257342401, 0.0, 9.99e-08, 1e-08, 0
257860801, 0.0, 9.02e-08, 1e-08, 0
258120001, 0.0, 8.77e-08, 1e-08, 0
258379201, 0.0, 1.29e-07, 1e-08, 0
259156801, 0.0, 1.08e-07, 1e-08, 0
259416001, 0.0, 9.38e-08, 1e-08, 0
259675201, 0.0, 1.12e-07, 1e-08, 0
259934401, 0.02, 1.08e-07, 1e-08, 0
260193601, 0.36, 1.13e-07, 1e-08, 0
260712001, 0.03, 1.11e-07, 1e-08, 0
260971201, 0.0, 8.97e-08, 1e-08, 0
261230401, 0.61, 1.3e-07, 1e-08, 0
261489601, 0.0, 9.58e-08, 1e-08, 0
261748801, 0.0, 1.18e-07, 1e-08, 0
262008001, 0.61, 1.35e-07, 1e-08, 0
262267201, 0.0, 1.01e-07, 1e-08, 0
262526401, 0.0, 9.08e-08, 1e-08, 0
262785601, 0.0, 9.47e-08, 1e-08, 0
263044801, 0.01, 1.57e-07, 1e-08, 0
263304001, 0.0, 1.28e-07, 1e-08, 0
263563201, 0.0, 1.04e-07, 1e-08, 0
263822401, 0.33, 1.51e-07, 1e-08, 0
264081601, 0.0, 6.99e-08, 1e-08, 0
264340801, 0.0, 8.09e-08, 1e-08, 0
264600001, 0.0, 7.49e-08, 1e-08, 0
264859201, 0.0, 7.45e-08, 1e-08, 0
265118401, 0.0, 8.77e-08, 1e-08, 0
265377601, 0.0, 7.74e-08, 1e-08, 0
265636801, 0.0, 8.8e-08, 1e-08, 0
265896001, 0.0, 7.56e-08, 1e-08, 0
266155201, 0.0, 1.32e-07, 1e-08, 0
266673601, 0.0, 1.1e-07, 1e-08, 0
266932801, 0.0, 7.68e-08, 1e-08, 0
267192001, 0.0, 1.03e-07, 1e-08, 0
267710401, 0.0, 1.05e-07, 1e-08, 0
267969601, 0.0, 9.82e-08, 1e-08, 0
268228801, 0.0, 1.02e-07, 1e-08, 0
268488001, 0.0, 6.55e-08, 1e-08, 0
268747201, 0.0, 1.03e-07, 1e-08, 0
269006401, 0.0, 6.76e-08, 1e-08, 0
269265601, 0.0, 7.63e-08, 1e-08, 0
269524801, 0.0, 1.05e-07, 1e-08, 0
269784001, 0.0, 9.47e-08, 1e-08, 0
270043201, 0.98, 1.56e-07, 1e-08, 0
270302401, 0.06, 1.28e-07, 1e-08, 0
270561601, 0.0, 7.88e-08, 1e-08, 0
270820801, 0.0, 1.06e-07, 1e-08, 0
271339201, 0.0, 7.59e-08, 1e-08, 0
271598401, 0.02, 1.2e-07, 1e-08, 0
271857601, 0.0, 9.09e-08, 1e-08, 0
272116801, 0.13, 9.47e-08, 1e-08, 0
272376001, 0.0, 9.11e-08, 1e-08, 0
272635201, 0.0, 8.57e-08, 1e-08, 0
272894401, 0.0, 8.9e-08, 1e-08, 0
273153601, 0.0, 9.4e-08, 1e-08, 0
273931201, 0.86, 1.78e-07, 1e-08, 0
274190401, 0.0, 8.82e-08, 1e-08, 0
275227201, 0.0, 8.45e-08, 1e-08, 0
275486401, 0.0, 1.29e-07, 1e-08, 0
275745601, 0.0, 7.6e-08, 1e-08, 0
276004801, 0.0, 1.05e-07, 1e-08, 0
276523201, 0.0, 1.12e-07, 1e-08, 0
276782401, 0.0, 1.18e-07, 1e-08, 0
277041601, 0.6, 1.4e-07, 1e-08, 0
277300801, 0.14, 1.23e-07, 1e-08, 0
277560001, 0.0, 8.59e-08, 1e-08, 0
277819201, 0.0, 9.02e-08, 1e-08, 0
278078401, 0.72, 1.77e-07, 1e-08, 0
278337601, 0.0, 8.04e-08, 1e-08, 0
278596801, 0.0, 1.24e-07, 1e-08, 0
278856001, 0.0, 1.28e-07, 1e-08, 0
279115201, 0.0, 1.65e-07, 1e-08, 0
279374401, 0.0, 1.2e-07, 1e-08, 0
279633601, 0.0, 1.58e-07, 1e-08, 0
279892801, 0.0, 1.07e-07, 1e-08, 0
280152001, 0.0, 9.68e-08, 1e-08, 0
280411201, 0.0, 9.57e-08, 1e-08, 0
280670401, 0.01, 1.52e-07, 1e-08, 0
280929601, 0.0, 1.08e-07, 1e-08, 0
281188801, 0.0, 1e-07, 1e-08, 0
281448001, 0.0, 1.1e-07, 1e-08, 0
281707201, 0.0, 9.8e-08, 1e-08, 0
282225601, 0.0, 8.65e-08, 1e-08, 0
282484801, 0.0, 1.15e-07, 1e-08, 0
283003201, 0.0, 1.24e-07, 1e-08, 0
283262401, 0.02, 1.56e-07, 1e-08, 0
283521601, 0.0, 1.31e-07, 1e-08, 0
283780801, 0.0, 1.32e-07, 1e-08, 0
284040001, 0.0, 1.41e-07, 1e-08, 0
284558401, 0.0, 1.14e-07, 1e-08, 0
285076801, 0.0, 1.07e-07, 1e-08, 0
285336001, 0.43, 1.22e-07, 1e-08, 0
285595201, 0.0, 1.06e-07, 1e-08, 0
285854401, 0.0, 1.31e-07, 1e-08, 0
286113601, 0.0, 7.81e-08, 1e-08, 0
286372801, 0.0, 8.57e-08, 1e-08, 0
286632001, 0.0, 1.11e-07, 1e-08, 0
286891201, 0.38, 1.53e-07, 1e-08, 0
287150401, 0.88, 1.67e-07, 1e-08, 0
287409601, 0.0, 1.42e-07, 1e-08, 0
287928001, 0.01, 1.5e-07, 1e-08, 0
288187201, 0.0, 1.1e-07, 1e-08, 0
288705601, 0.0, 1.06e-07, 1e-08, 0
288964801, 0.18, 1.46e-07, 1e-08, 0
289224001, 0.0, 1.25e-07, 1e-08, 0
289483201, 0.2, 1.27e-07, 1e-08, 0
289742401, 0.0, 8.87e-08, 1e-08, 0
290001601, 0.0, 8.95e-08, 1e-08, 0
290520001, 0.0, 6.73e-08, 1e-08, 0
290779201, 0.0, 9.56e-08, 1e-08, 0
291038401, 0.0, 9.93e-08, 1e-08, 0
291297601, 0.0, 9.24e-08, 1e-08, 0
291556801, 0.0, 1.1e-07, 1e-08, 0
291816001, 0.8, 1.23e-07, 1e-08, 0
292075201, 0.18, 1.45e-07, 1e-08, 0
292334401, 0.0, 1.16e-07, 1e-08, 0
292852801, 0.0, 1.06e-07, 1e-08, 0
293112001, 0.0, 8.91e-08, 1e-08, 0
293371201, 0.0, 7.89e-08, 1e-08, 0
293630401, 0.0, 7.05e-08, 1e-08, 0
293889601, 0.58, 1.26e-07, 1e-08, 0
294148801, 0.0, 9.03e-08, 1e-08, 0
294408001, 0.14, 1.2e-07, 1e-08, 0
294667201, 0.0, 1e-07, 1e-08, 0
294926401, 0.48, 1.43e-07, 1e-08, 0
295185601, 0.71, 1.5e-07, 1e-08, 0
295704001, 0.0, 8.74e-08, 1e-08, 0
295963201, 0.4, 9.72e-08, 1e-08, 0
296222401, 0.0, 9.18e-08, 1e-08, 0
296481601, 0.0, 1.21e-07, 1e-08, 0
296740801, 0.0, 1.11e-07, 1e-08, 0
297000001, 0.0, 1.32e-07, 1e-08, 0
297259201, 0.0, 1.27e-07, 1e-08, 0
297518401, 0.15, 1.62e-07, 1e-08, 0
297777601, 0.03, 1.35e-07, 1e-08, 0
298036801, 0.0, 9e-08, 1e-08, 0
298296001, 0.0, 1.04e-07, 1e-08, 0
298555201, 0.0, 1.01e-07, 1e-08, 0
298814401, 0.15, 1.37e-07, 1e-08, 0
299332801, 0.0, 1.13e-07, 1e-08, 0
299592001, 0.0, 9.86e-08, 1e-08, 0
300369601, 0.0, 6.27e-08, 1e-08, 0
300628801, 0.0, 7.86e-08, 1e-08, 0
301147201, 0.0, 1.01e-07, 1e-08, 0
301406401, 0.7, 1.46e-07, 1e-08, 0
301665601, 0.11, 1.45e-07, 1e-08, 0
301924801, 0.0, 1.12e-07, 1e-08, 0
302184001, 0.0, 8.44e-08, 1e-08, 0
302443201, 0.0, 6.85e-08, 1e-08, 0
302961601, 0.0, 6.32e-08, 1e-08, 0
303220801, 0.0, 7.58e-08, 1e-08, 0
303480001, 0.0, 6.45e-08, 1e-08, 0
303739201, 0.0, 1.06e-07, 1e-08, 0
303998401, 0.0, 6.01e-08, 1e-08, 0
304257601, 0.01, 8.02e-08, 1e-08, 0
304516801, 0.0, 9.94e-08, 1e-08, 0
304776001, 0.0, 8.77e-08, 1e-08, 0
305294401, 0.0, 9.3e-08, 1e-08, 0
305553601, 0.0, 8.54e-08, 1e-08, 0
305812801, 0.0, 7.81e-08, 1e-08, 0
306072001, 0.0, 1.15e-07, 1e-08, 0
306331201, 0.0, 9.77e-08, 1e-08, 0
306590401, 0.43, 1.43e-07, 1e-08, 0
306849601, 0.57, 1.74e-07, 1e-08, 0
307108801, 0.0, 1.76e-07, 1e-08, 0
307368001, 0.71, 1.84e-07, 1e-08, 0
307627201, 0.56, 1.22e-07, 1e-08, 0
307886401, 0.0, 1.06e-07, 1e-08, 0
308145601, 0.01, 1.16e-07, 1e-08, 0
308404801, 0.53, 1.78e-07, 1e-08, 0
308664001, 0.0, 1.29e-07, 1e-08, 0
308923201, 0.0, 6.95e-08, 1e-08, 0
309441601, 0.0, 1.22e-07, 1e-08, 0
309700801, 0.0, 7.24e-08, 1e-08, 0
309960001, 0.0, 1.14e-07, 1e-08, 0
310219201, 0.0, 6.61e-08, 1e-08, 0
310478401, 0.0, 1.63e-07, 1e-08, 0
310737601, 0.0, 1.33e-07, 1e-08, 0
310996801, 0.0, 1.3e-07, 1e-08, 0
311256001, 0.0, 1.26e-07, 1e-08, 0
311515201, 0.0, 9.43e-08, 1e-08, 0
311774401, 0.0, 1.51e-07, 1e-08, 0
312292801, 0.0, 1.01e-07, 1e-08, 0
313329601, 0.0, 1.02e-07, 1e-08, 0
313588801, 0.0, 7.71e-08, 1e-08, 0
313848001, 0.0, 8.96e-08, 1e-08, 0
314366401, 0.0, 7.18e-08, 1e-08, 0
314625601, 0.0, 8.41e-08, 1e-08, 0
314884801, 0.04, 1.19e-07, 1e-08, 0
315144001, 0.0, 1.17e-07, 1e-08, 0
315403201, 0.0, 1.08e-07, 1e-08, 0
315662401, 0.0, 1.29e-07, 1e-08, 0
315921601, 0.0, 1.31e-07, 1e-08, 0
316180801, 0.0, 1.25e-07, 1e-08, 0
316699201, 0.0, 9.33e-08, 1e-08, 0
316958401, 0.0, 9.67e-08, 1e-08, 0
317217601, 0.0, 8.18e-08, 1e-08, 0
317476801, 0.0, 1.01e-07, 1e-08, 0
317736001, 0.0, 7.93e-08, 1e-08, 0
317995201, 0.8, 1.13e-07, 1e-08, 0
318254401, 0.0, 1.02e-07, 1e-08, 0
318513601, 0.09, 1.03e-07, 1e-08, 0
318772801, 0.0, 1.09e-07, 1e-08, 0
319032001, 0.01, 1.02e-07, 1e-08, 0
319291201, 0.0, 1.11e-07, 1e-08, 0
319550401, 0.0, 9.13e-08, 1e-08, 0
319809601, 0.0, 8.58e-08, 1e-08, 0
320068801, 0.0, 1.44e-07, 1e-08, 0
320328001, 0.0, 8.42e-08, 1e-08, 0
320587201, 0.0, 1.09e-07, 1e-08, 0
321105601, 0.0, 1.17e-07, 1e-08, 0
321624001, 0.07, 1.27e-07, 1e-08, 0
322142401, 0.0, 9.34e-08, 1e-08, 0
322401601, 0.0, 9.31e-08, 1e-08, 0
322920001, 0.83, 1.87e-07, 1e-08, 0
323438401, 0.23, 1.37e-07, 1e-08, 0
323697601, 0.0, 8.98e-08, 1e-08, 0
324216001, 0.0, 1.06e-07, 1e-08, 0
324993601, 0.0, 1.63e-07, 1e-08, 0
325252801, 0.0, 9.95e-08, 1e-08, 0
325771201, 0.0, 1.09e-07, 1e-08, 0
326030401, 0.0, 9.87e-08, 1e-08, 0
326289601, 0.0, 1.13e-07, 1e-08, 0
326548801, 0.04, 1e-07, 1e-08, 0
326808001, 0.0, 8.62e-08, 1e-08, 0
327067201, 0.0, 7.18e-08, 1e-08, 0
327326401, 0.0, 6.2e-08, 1e-08, 0
327844801, 0.17, 1.08e-07, 1e-08, 0
328104001, 0.3, 1.65e-07, 1e-08, 0
328363201, 0.0, 9.79e-08, 1e-08, 0
328881601, 0.0, 1.4e-07, 1e-08, 0
329140801, 0.0, 1.38e-07, 1e-08, 0
329659201, 0.0, 1.47e-07, 1e-08, 0
330177601, 0.0, 9.82e-08, 1e-08, 0
330436801, 0.05, 1.47e-07, 1e-08, 0
330696001, 0.0, 1.39e-07, 1e-08, 0
330955201, 0.0, 9.9e-08, 1e-08, 0
331214401, 0.08, 1.16e-07, 1e-08, 0
331473601, 0.0, 9.87e-08, 1e-08, 0
331732801, 0.0, 8.27e-08, 1e-08, 0
331992001, 0.79, 1.71e-07, 1e-08, 0
332510401, 0.0, 9.67e-08, 1e-08, 0
332769601, 0.0, 8.67e-08, 1e-08, 0
333028801, 0.0, 1.05e-07, 1e-08, 0
333288001, 0.0, 1.25e-07, 1e-08, 0
333806401, 0.82, 1.49e-07, 1e-08, 0
334065601, 0.0, 1.22e-07, 1e-08, 0
334324801, 0.0, 1.07e-07, 1e-08, 0
334584001, 0.0, 9.82e-08, 1e-08, 0
334843201, 0.0, 9.37e-08, 1e-08, 0
335102401, 0.0, 1.42e-07, 1e-08, 0
335361601, 0.0, 1.07e-07, 1e-08, 0
335620801, 0.0, 7.86e-08, 1e-08, 0
335880001, 0.0, 1.03e-07, 1e-08, 0
336139201, 0.0, 9.84e-08, 1e-08, 0
336398401, 0.0, 9.16e-08, 1e-08, 0
337176001, 0.0, 9.2e-08, 1e-08, 0
337435201, 0.0, 9.09e-08, 1e-08, 0
337694401, 0.0, 8.73e-08, 1e-08, 0
337953601, 0.0, 1.16e-07, 1e-08, 0
338731201, 0.43, 1.59e-07, 1e-08, 0
338990401, 0.0, 1.01e-07, 1e-08, 0
339249601, 0.0, 9.08e-08, 1e-08, 0
339508801, 0.09, 1.37e-07, 1e-08, 0
340027201, 0.01, 1.08e-07, 1e-08, 0
340286401, 0.0, 8.3e-08, 1e-08, 0
340545601, 0.06, 1.1e-07, 1e-08, 0
340804801, 0.0, 1.15e-07, 1e-08, 0
341064001, 0.0, 7.44e-08, 1e-08, 0
341323201, 0.25, 1.32e-07, 1e-08, 0
342100801, 0.75, 1.13e-07, 1e-08, 0
342360001, 0.0, 1.07e-07, 1e-08, 0
342619201, 0.0, 1.09e-07, 1e-08, 0
342878401, 0.0, 1.02e-07, 1e-08, 0
343137601, 0.08, 1.32e-07, 1e-08, 0
343656001, 0.0, 1.34e-07, 1e-08, 0
344174401, 0.0, 1.03e-07, 1e-08, 0
344433601, 0.0, 1.09e-07, 1e-08, 0
344692801, 0.11, 9.39e-08, 1e-08, 0
344952001, 0.0, 8.03e-08, 1e-08, 0
345211201, 0.0, 1.23e-07, 1e-08, 0
345470401, 0.0, 8.47e-08, 1e-08, 0
345729601, 0.82, 1.41e-07, 1e-08, 0
345988801, 0.0, 1.1e-07, 1e-08, 0
346248001, 0.0, 1.03e-07, 1e-08, 0
346507201, 0.0, 1.06e-07, 1e-08, 0
346766401, 0.0, 8.89e-08, 1e-08, 0
347025601, 0.0, 1.08e-07, 1e-08, 0
347284801, 0.0, 8.93e-08, 1e-08, 0
347544001, 0.0, 1.04e-07, 1e-08, 0
347803201, 0.71, 1.74e-07, 1e-08, 0
348062401, 0.2, 1.39e-07, 1e-08, 0
348321601, 0.0, 1.09e-07, 1e-08, 0
348840001, 0.1, 1.11e-07, 1e-08, 0
349099201, 0.0, 1.21e-07, 1e-08, 0
349358401, 0.19, 1.28e-07, 1e-08, 0
349617601, 0.0, 9.62e-08, 1e-08, 0
349876801, 0.0, 7.7e-08, 1e-08, 0
350136001, 0.0, 8.86e-08, 1e-08, 0
350913601, 0.0, 1.07e-07, 1e-08, 0
351172801, 0.16, 1.18e-07, 1e-08, 0
351950401, 0.0, 6.15e-08, 1e-08, 0
352209601, 0.0, 9.27e-08, 1e-08, 0
352728001, 0.0, 9.7e-08, 1e-08, 0
352987201, 0.0, 6.24e-08, 1e-08, 0
353246401, 0.0, 1.11e-07, 1e-08, 0
353505601, 0.0, 9.57e-08, 1e-08, 0
353764801, 0.0, 9.23e-08, 1e-08, 0
354024001, 0.0, 9.92e-08, 1e-08, 0
354283201, 0.31, 1.11e-07, 1e-08, 0
354542401, 0.0, 8.75e-08, 1e-08, 0
354801601, 0.6, 1.28e-07, 1e-08, 0
355060801, 0.0, 1.2e-07, 1e-08, 0
355320001, 0.72, 1.25e-07, 1e-08, 0
355579201, 0.0, 8.05e-08, 1e-08, 0
355838401, 0.0, 8.73e-08, 1e-08, 0
356356801, 0.0, 2.63e-07, 1e-08, 0
356616001, 0.01, 1.47e-07, 1e-08, 0
356875201, 0.27, 1.79e-07, 1e-08, 0
357134401, 0.0, 9.9e-08, 1e-08, 0
357393601, 0.0, 1.07e-07, 1e-08, 0
357652801, 0.0, 1.27e-07, 1e-08, 0
357912001, 0.0, 1.12e-07, 1e-08, 0
358171201, 0.06, 1.17e-07, 1e-08, 0
358430401, 0.0, 9.25e-08, 1e-08, 0
358689601, 0.0, 8.9e-08, 1e-08, 0
359467201, 0.01, 1.14e-07, 1e-08, 0
359726401, 0.0, 9.65e-08, 1e-08, 0
359985601, 0.0, 1.02e-07, 1e-08, 0
360244801, 0.0, 1.13e-07, 1e-08, 0
360504001, 0.0, 7.14e-08, 1e-08, 0
360763201, 0.0, 7.76e-08, 1e-08, 0
361022401, 0.0, 9.92e-08, 1e-08, 0
361281601, 0.0, 1.2e-07, 1e-08, 0
362059201, 0.34, 1.43e-07, 1e-08, 0
362318401, 0.25, 1.06e-07, 1e-08, 0
362577601, 0.03, 1.24e-07, 1e-08, 0
362836801, 0.0, 1.14e-07, 1e-08, 0
363355201, 0.0, 9.53e-08, 1e-08, 0
363614401, 0.0, 8.13e-08, 1e-08, 0
363873601, 0.0, 8.01e-08, 1e-08, 0
365688001, 0.08, 1.18e-07, 1e-08, 0
365947201, 0.0, 8.94e-08, 1e-08, 0
366465601, 0.0, 1.18e-07, 1e-08, 0
366724801, 0.0, 1.02e-07, 1e-08, 0
366984001, 0.02, 1.37e-07, 1e-08, 0
367243201, 0.0, 8.2e-08, 1e-08, 0
367761601, 0.0, 8.45e-08, 1e-08, 0
368020801, 0.0, 6.81e-08, 1e-08, 0
368539201, 0.0, 9.48e-08, 1e-08, 0
368798401, 0.0, 7.53e-08, 1e-08, 0
369057601, 0.0, 7.69e-08, 1e-08, 0
369316801, 0.0, 5.34e-08, 1e-08, 0
369576001, 0.0, 7.74e-08, 1e-08, 0
369835201, 0.13, 1e-07, 1e-08, 0
370094401, 0.52, 1.3e-07, 1e-08, 0
370353601, 0.0, 1.71e-07, 1e-08, 0
370872001, 0.18, 1.41e-07, 1e-08, 0
371390401, 0.0, 9.68e-08, 1e-08, 0
371649601, 0.64, 1.54e-07, 1e-08, 0
371908801, 0.0, 8.07e-08, 1e-08, 0
372168001, 0.3, 1.16e-07, 1e-08, 0
372686401, 0.0, 6.93e-08, 1e-08, 0
372945601, 0.0, 6.44e-08, 1e-08, 0
373204801, 0.0, 6.36e-08, 1e-08, 0
373464001, 0.0, 6.35e-08, 1e-08, 0
373723201, 0.0, 8.84e-08, 1e-08, 0
373982401, 0.0, 4.88e-08, 1e-08, 0
374500801, 0.1, 1.15e-07, 1e-08, 0
374760001, 0.0, 8.98e-08, 1e-08, 0
375019201, 0.0, 8.39e-08, 1e-08, 0
375278401, 0.0, 9.48e-08, 1e-08, 0
375796801, 0.0, 1.04e-07, 1e-08, 0
376574401, 0.0, 6.63e-08, 1e-08, 0
376833601, 0.0, 8.2e-08, 1e-08, 0
377352001, 0.81, 1.08e-07, 1e-08, 0
377611201, 0.0, 1.07e-07, 1e-08, 0
377870401, 0.0, 7.9e-08, 1e-08, 0
378129601, 0.0, 1.03e-07, 1e-08, 0
378648001, 0.64, 1.22e-07, 1e-08, 0
378907201, 0.18, 1.06e-07, 1e-08, 0
379166401, 0.0, 9.68e-08, 1e-08, 0
379425601, 0.0, 9.58e-08, 1e-08, 0
379684801, 0.49, 1.4e-07, 1e-08, 0
379944001, 0.0, 8.55e-08, 1e-08, 0
380203201, 0.0, 7.65e-08, 1e-08, 0
380462401, 0.0, 5.02e-08, 1e-08, 0
380721601, 0.0, 7.16e-08, 1e-08, 0
380980801, 0.96, 1e-07, 1e-08, 0
381240001, 0.0, 6.39e-08, 1e-08, 0
381499201, 0.29, 9.63e-08, 1e-08, 0
381758401, 0.0, 9.71e-08, 1e-08, 0
382017601, 0.46, 9e-08, 1e-08, 0
382276801, 0.01, 1.02e-07, 1e-08, 0
382536001, 0.12, 1.19e-07, 1e-08, 0
382795201, 0.0, 7.29e-08, 1e-08, 0
383054401, 0.0, 6.23e-08, 1e-08, 0
383313601, 0.0, 7.11e-08, 1e-08, 0
383572801, 0.0, 8.05e-08, 1e-08, 0
383832001, 0.0, 5.41e-08, 1e-08, 0
384091201, 0.12, 1.44e-07, 1e-08, 0
384350401, 0.0, 1.82e-07, 1e-08, 0
384609601, 0.21, 1.5e-07, 1e-08, 0
384868801, 0.45, 1.58e-07, 1e-08, 0
385128001, 0.03, 1.03e-07, 1e-08, 0
385387201, 0.18, 1.03e-07, 1e-08, 0
386164801, 0.2, 1.09e-07, 1e-08, 0
386424001, 0.13, 1.03e-07, 1e-08, 0
386683201, 0.0, 1.07e-07, 1e-08, 0
386942401, 0.0, 8.22e-08, 1e-08, 0
387460801, 0.59, 1.15e-07, 1e-08, 0
387979201, 0.0, 9.82e-08, 1e-08, 0
388238401, 0.0, 7.71e-08, 1e-08, 0
388756801, 0.0, 1.35e-07, 1e-08, 0
389016001, 0.0, 1.24e-07, 1e-08, 0
389534401, 0.9, 1.63e-07, 1e-08, 0
389793601, 0.51, 1.53e-07, 1e-08, 0
390052801, 0.0, 8.69e-08, 1e-08, 0
390312001, 0.0, 5.45e-08, 1e-08, 0
390830401, 0.9, 1.46e-07, 1e-08, 0
391348801, 0.0, 7.88e-08, 1e-08, 0
391608001, 0.0, 8.01e-08, 1e-08, 0
391867201, 0.15, 1.02e-07, 1e-08, 0
392126401, 0.0, 1.17e-07, 1e-08, 0
392644801, 0.0, 9.29e-08, 1e-08, 0
392904001, 0.24, 1.5e-07, 1e-08, 0
393163201, 0.31, 1.41e-07, 1e-08, 0
393422401, 0.0, 6.3e-08, 1e-08, 0
393681601, 0.0, 1.02e-07, 1e-08, 0
393940801, 0.73, 1.19e-07, 1e-08, 0
394200001, 0.0, 7.05e-08, 1e-08, 0
394459201, 0.01, 1.48e-07, 1e-08, 0
394718401, 0.0, 1.31e-07, 1e-08, 0
394977601, 0.23, 1.43e-07, 1e-08, 0
395236801, 0.05, 1.3e-07, 1e-08, 0
395496001, 0.0, 8.52e-08, 1e-08, 0
395755201, 0.07, 1.24e-07, 1e-08, 0
396273601, 0.0, 6.65e-08, 1e-08, 0
396532801, 0.0, 8.77e-08, 1e-08, 0
396792001, 0.0, 1e-07, 1e-08, 0
397051201, 0.0, 1.01e-07, 1e-08, 0
397310401, 0.0, 9.91e-08, 1e-08, 0
397569601, 0.0, 1.28e-07, 1e-08, 0
397828801, 0.0, 1.05e-07, 1e-08, 0
398347201, 0.01, 1.62e-07, 1e-08, 0
398606401, 0.0, 1.26e-07, 1e-08, 0
398865601, 0.0, 1.54e-07, 1e-08, 0
399124801, 0.0, 1.42e-07, 1e-08, 0
399384001, 0.0, 9.61e-08, 1e-08, 0
400420801, 0.0, 8.36e-08, 1e-08, 0
400939201, 0.0, 5.96e-08, 1e-08, 0
401198401, 0.84, 1.35e-07, 1e-08, 0
401457601, 0.0, 6.67e-08, 1e-08, 0
402235201, 0.0, 1.04e-07, 1e-08, 0
402494401, 0.0, 8.36e-08, 1e-08, 0
402753601, 0.09, 1.12e-07, 1e-08, 0
403012801, 0.0, 1.18e-07, 1e-08, 0
403272001, 0.0, 1.06e-07, 1e-08, 0
404049601, 0.0, 1.69e-07, 1e-08, 0
404568001, 0.0, 7.08e-08, 1e-08, 0
404827201, 0.0, 6.88e-08, 1e-08, 0
405604801, 0.0, 8.46e-08, 1e-08, 0
405864001, 0.21, 1.26e-07, 1e-08, 0
406123201, 0.0, 7.35e-08, 1e-08, 0
406382401, 0.0, 9.39e-08, 1e-08, 0
406641601, 0.0, 8.19e-08, 1e-08, 0
406900801, 0.0, 7.3e-08, 1e-08, 0
407160001, 0.0, 9.24e-08, 1e-08, 0
407419201, 0.29, 1.63e-07, 1e-08, 0
407678401, 0.37, 1.53e-07, 1e-08, 0
407937601, 0.0, 1.17e-07, 1e-08, 0
408196801, 0.07, 2.32e-07, 1e-08, 0
408456001, 0.0, 1.07e-07, 1e-08, 0
408715201, 0.17, 2.52e-07, 1e-08, 0
408974401, 0.0, 5.24e-07, 1e-08, 0
409233601, 0.0, 1.24e-07, 1e-08, 0
409492801, 0.0, 9.89e-08, 1e-08, 0
409752001, 0.0, 1.06e-07, 1e-08, 0
410270401, 0.0, 1.08e-07, 1e-08, 0
411048001, 0.0, 4.87e-08, 1e-08, 0
411825601, 0.0, 3.38e-08, 1e-08, 0
412603201, 0.0, 9.6e-08, 1e-08, 0
412862401, 0.0, 7.44e-08, 1e-08, 0
413121601, 0.2, 9.21e-08, 1e-08, 0
413380801, 0.0, 9.85e-08, 1e-08, 0
413640001, 0.0, 9.41e-08, 1e-08, 0
414417601, 0.34, 2.02e-07, 1e-08, 0
414676801, 0.0, 1.3e-07, 1e-08, 0
414936001, 0.0, 9.2e-08, 1e-08, 0
415195201, 0.0, 2.6e-06, 1e-08, 0
415454401, 0.0, 6.74e-08, 1e-08, 0
415713601, 0.08, 7.49e-08, 1e-08, 0
415972801, 0.0, 5.3e-08, 1e-08, 0
416232001, 0.0, 6.12e-08, 1e-08, 0
416491201, 0.0, 7.14e-08, 1e-08, 0
416750401, 0.0, 7.38e-08, 1e-08, 0
417009601, 0.0, 4.34e-08, 1e-08, 0
418046401, 0.0, 6.77e-08, 1e-08, 0
418305601, 0.0, 7.68e-08, 1e-08, 0
418564801, 0.0, 1.25e-07, 1e-08, 0
419083201, 0.0, 1.13e-07, 1e-08, 0
419860801, 0.85, 1.01e-07, 1e-08, 0
420120001, 0.0, 8.47e-08, 1e-08, 0
420379201, 0.0, 8.1e-08, 1e-08, 0
421156801, 0.0, 6.72e-08, 1e-08, 0
421675201, 0.0, 1.13e-07, 1e-08, 0
421934401, 0.01, 1.26e-07, 1e-08, 0
422193601, 0.0, 8.74e-08, 1e-08, 0
422712001, 0.0, 9.56e-08, 1e-08, 0
422971201, 0.01, 1.08e-07, 1e-08, 0
423230401, 0.16, 2.32e-07, 1e-08, 0
423489601, 0.0, 2.96e-07, 1e-08, 0
423748801, 0.0, 3.7e-07, 1e-08, 0
424008001, 0.0, 1.82e-07, 1e-08, 0
424267201, 0.0, 2.04e-07, 1e-08, 0
425304001, 0.29, 1.73e-07, 1e-08, 0
425563201, 0.0, 9.12e-08, 1e-08, 0
425822401, 0.0, 9.15e-08, 1e-08, 0
426081601, 0.0, 7.23e-08, 1e-08, 0
426600001, 0.05, 1.13e-07, 1e-08, 0
426859201, 0.01, 1.08e-07, 1e-08, 0
427118401, 0.0, 8.71e-08, 1e-08, 0
427377601, 0.0, 8.46e-08, 1e-08, 0
428155201, 0.0, 1.33e-07, 1e-08, 0
428414401, 0.0, 1e-07, 1e-08, 0
428673601, 0.01, 9.2e-08, 1e-08, 0
429192001, 0.67, 1.06e-07, 1e-08, 0
429451201, 0.03, 6.52e-08, 1e-08, 0
431006401, 0.0, 8.01e-08, 1e-08, 0
431524801, 0.35, 1.39e-07, 1e-08, 0
432302401, 0.0, 8.79e-08, 1e-08, 0
432561601, 0.0, 8.65e-08, 1e-08, 0
432820801, 0.0, 1.45e-07, 1e-08, 0
433080001, 0.0, 1.3e-07, 1e-08, 0
433598401, 0.1, 7.98e-08, 1e-08, 0
433857601, 0.0, 7.56e-08, 1e-08, 0
434635201, 0.04, 4.97e-08, 1e-08, 0
435153601, 0.0, 6.29e-08, 1e-08, 0
435412801, 0.13, 8.19e-08, 1e-08, 0
435672001, 0.71, 1.22e-07, 1e-08, 0
435931201, 0.0, 7.11e-08, 1e-08, 0
436449601, 0.0, 9.9e-08, 1e-08, 0
436708801, 0.0, 7.9e-08, 1e-08, 0
437227201, 0.06, 1.42e-07, 1e-08, 0
437745601, 0.14, 1.63e-07, 1e-08, 0
438004801, 0.0, 9.83e-08, 1e-08, 0
438264001, 0.0, 6.39e-08, 1e-08, 0
438523201, 0.19, 7.41e-08, 1e-08, 0
438782401, 0.0, 5.43e-08, 1e-08, 0
439041601, 0.0, 5.32e-08, 1e-08, 0
439560001, 0.0, 1.18e-07, 1e-08, 0
439819201, 0.06, 1.36e-07, 1e-08, 0
440078401, 0.0, 9.59e-08, 1e-08, 0
440596801, 0.0, 9.84e-08, 1e-08, 0
440856001, 0.0, 6.26e-08, 1e-08, 0
441374401, 0.0, 1.02e-07, 1e-08, 0
441892801, 0.0, 1.1e-07, 1e-08, 0
442152001, 0.0, 8.95e-08, 1e-08, 0
442670401, 0.0, 8.01e-08, 1e-08, 0
442929601, 0.0, 9.34e-08, 1e-08, 0
443188801, 0.0, 1.18e-07, 1e-08, 0
443966401, 0.0, 1.06e-07, 1e-08, 0
444225601, 0.05, 1.1e-07, 1e-08, 0
444484801, 0.0, 9.59e-08, 1e-08, 0
444744001, 0.9, 1.57e-07, 1e-08, 0
445003201, 0.0, 9.83e-08, 1e-08, 0
445521601, 0.26, 1.11e-07, 1e-08, 0
446040001, 0.0, 9.66e-08, 1e-08, 0
446299201, 0.0, 8.93e-08, 1e-08, 0
446558401, 0.0, 1.19e-07, 1e-08, 0
446817601, 0.0, 9.48e-08, 1e-08, 0
447076801, 0.04, 1.06e-07, 1e-08, 0
447336001, 0.01, 1.22e-07, 1e-08, 0
447595201, 0.06, 1.11e-07, 1e-08, 0
447854401, 0.0, 6.64e-08, 1e-08, 0
448113601, 0.0, 9.52e-08, 1e-08, 0
448372801, 0.0, 7.5e-08, 1e-08, 0
448632001, 0.0, 9.46e-08, 1e-08, 0
448891201, 0.0, 7.97e-08, 1e-08, 0
449150401, 0.31, 1.59e-07, 1e-08, 0
449409601, 0.0, 1.21e-07, 1e-08, 0
449668801, 0.0, 8.52e-08, 1e-08, 0
449928001, 0.0, 1.21e-07, 1e-08, 0
450187201, 0.0, 5.05e-08, 1e-08, 0
450705601, 0.0, 6.37e-08, 1e-08, 0
450964801, 0.0, 8.9e-08, 1e-08, 0
451224001, 0.01, 1.15e-07, 1e-08, 0
451742401, 0.91, 1.06e-07, 1e-08, 0
452001601, 0.4, 1.3e-07, 1e-08, 0
452260801, 0.0, 8.74e-08, 1e-08, 0
452520001, 0.0, 9.45e-08, 1e-08, 0
452779201, 0.0, 6.75e-08, 1e-08, 0
453038401, 0.0, 1.25e-07, 1e-08, 0
453297601, 0.05, 1.53e-07, 1e-08, 0
453556801, 0.28, 1.32e-07, 1e-08, 0
454075201, 0.0, 1.2e-07, 1e-08, 0
454334401, 0.0, 9.76e-08, 1e-08, 0
454593601, 0.0, 6.79e-08, 1e-08, 0
454852801, 0.0, 1.14e-07, 1e-08, 0
455112001, 0.0, 7.63e-08, 1e-08, 0
457185601, 0.15, 1.33e-07, 1e-08, 0
457963201, 0.0, 1.22e-07, 1e-08, 0
458222401, 0.37, 1.43e-07, 1e-08, 0
459000001, 0.0, 9.49e-08, 1e-08, 0
459259201, 0.0, 8.5e-08, 1e-08, 0
459518401, 0.0, 1e-07, 1e-08, 0
459777601, 0.0, 6.14e-08, 1e-08, 0
460296001, 0.0, 7.95e-08, 1e-08, 0
460555201, 0.24, 1.23e-07, 1e-08, 0
460814401, 0.29, 1.29e-07, 1e-08, 0
461073601, 0.0, 1.04e-07, 1e-08, 0
461332801, 0.05, 1.1e-07, 1e-08, 0
461592001, 0.56, 1.18e-07, 1e-08, 0
462110401, 0.0, 9.12e-08, 1e-08, 0
462369601, 0.0, 1.13e-07, 1e-08, 0
462628801, 0.27, 1.45e-07, 1e-08, 0
462888001, 0.0, 8.76e-08, 1e-08, 0
463147201, 0.23, 1.27e-07, 1e-08, 0
463406401, 0.0, 1.07e-07, 1e-08, 0
463924801, 0.0, 9.86e-08, 1e-08, 0
464184001, 0.0, 8.11e-08, 1e-08, 0
464443201, 0.0, 8.04e-08, 1e-08, 0
465220801, 0.06, 1.15e-07, 1e-08, 0
465480001, 0.06, 1.21e-07, 1e-08, 0
465739201, 0.0, 8.44e-08, 1e-08, 0
466257601, 0.4, 1.4e-07, 1e-08, 0
466516801, 0.86, 1.41e-07, 1e-08, 0
466776001, 0.0, 9.92e-08, 1e-08, 0
467035201, 0.0, 9.64e-08, 1e-08, 0
467294401, 0.4, 1.87e-07, 1e-08, 0
467553601, 0.0, 1.09e-07, 1e-08, 0
468072001, 0.0, 1.22e-07, 1e-08, 0
468331201, 0.9, 1.55e-07, 1e-08, 0
468590401, 0.0, 8.43e-08, 1e-08, 0
468849601, 0.0, 7.12e-08, 1e-08, 0
469108801, 0.0, 7.46e-08, 1e-08, 0
469368001, 0.0, 1.06e-07, 1e-08, 0
469886401, 0.0, 6.24e-08, 1e-08, 0
470145601, 0.0, 8.47e-08, 1e-08, 0
470404801, 0.0, 7.55e-08, 1e-08, 0
470664001, 0.0, 7.03e-08, 1e-08, 0
470923201, 0.0, 1.23e-07, 1e-08, 0
471182401, 0.43, 1.64e-07, 1e-08, 0
471441601, 0.0, 9.49e-08, 1e-08, 0
471700801, 0.0, 1.21e-07, 1e-08, 0
472478401, 0.0, 9.16e-08, 1e-08, 0
472737601, 0.0, 6.98e-08, 1e-08, 0
472996801, 0.0, 8.82e-08, 1e-08, 0
473256001, 0.0, 7.75e-08, 1e-08, 0
474033601, 0.0, 8.96e-08, 1e-08, 0
474292801, 0.09, 1.48e-07, 1e-08, 0
474552001, 0.0, 9.22e-08, 1e-08, 0
474811201, 0.0, 7.24e-08, 1e-08, 0
475070401, 0.0, 8.46e-08, 1e-08, 0
475329601, 0.44, 1.2e-07, 1e-08, 0
475588801, 0.0, 6.66e-08, 1e-08, 0
475848001, 0.04, 1.13e-07, 1e-08, 0
476107201, 0.0, 7.67e-08, 1e-08, 0
476366401, 0.0, 4.88e-08, 1e-08, 0
476625601, 0.0, 9.65e-08, 1e-08, 0
476884801, 0.28, 1.26e-07, 1e-08, 0
477144001, 0.0, 6.94e-08, 1e-08, 0
477921601, 0.0, 5.71e-08, 1e-08, 0
478180801, 0.14, 7e-08, 1e-08, 0
478699201, 0.0, 1.04e-07, 1e-08, 0
478958401, 0.0, 8.41e-08, 1e-08, 0
479217601, 0.0, 7.26e-08, 1e-08, 0
479476801, 0.0, 7.44e-08, 1e-08, 0
479736001, 0.86, 1.19e-07, 1e-08, 0
479995201, 0.0, 5.99e-08, 1e-08, 0
480254401, 0.0, 8.52e-08, 1e-08, 0
480513601, 0.09, 1.08e-07, 1e-08, 0
480772801, 0.0, 7.68e-08, 1e-08, 0
481032001, 0.0, 6.78e-08, 1e-08, 0
481550401, 0.0, 6.05e-08, 1e-08, 0
482587201, 0.0, 5.24e-08, 1e-08, 0
482846401, 0.15, 9.84e-08, 1e-08, 0
483105601, 0.0, 6.88e-08, 1e-08, 0
483364801, 0.0, 5.85e-08, 1e-08, 0
483624001, 0.0, 5.68e-08, 1e-08, 0
483883201, 0.0, 8.76e-08, 1e-08, 0
484142401, 0.0, 6.2e-08, 1e-08, 0
484401601, 0.01, 7.65e-08, 1e-08, 0
484660801, 0.01, 7.98e-08, 1e-08, 0
484920001, 0.0, 4.93e-08, 1e-08, 0
485179201, 0.61, 1.16e-07, 1e-08, 0
485438401, 0.0, 9.62e-08, 1e-08, 0
485956801, 0.0, 1.07e-07, 1e-08, 0
486216001, 0.0, 9.27e-08, 1e-08, 0
486475201, 0.0, 9.51e-08, 1e-08, 0
486734401, 0.58, 8.2e-08, 1e-08, 0
486993601, 0.0, 5.37e-08, 1e-08, 0
487252801, 0.0, 6.65e-08, 1e-08, 0
487771201, 0.0, 7.14e-08, 1e-08, 0
488030401, 0.0, 7.85e-08, 1e-08, 0
488289601, 0.86, 1.34e-07, 1e-08, 0
488548801, 0.0, 8.57e-08, 1e-08, 0
488808001, 0.0, 6.74e-08, 1e-08, 0
489067201, 0.0, 8.5e-08, 1e-08, 0
489585601, 0.0, 1.22e-07, 1e-08, 0
489844801, 0.0, 9.5e-08, 1e-08, 0
490363201, 0.79, 1.5e-07, 1e-08, 0
490881601, 0.0, 6.53e-08, 1e-08, 0
491918401, 0.0, 2.88e-07, 1e-08, 0
492436801, 0.0, 9.19e-08, 1e-08, 0
492696001, 0.0, 7.98e-08, 1e-08, 0
492955201, 0.0, 9.1e-08, 1e-08, 0
493214401, 0.0, 8.44e-08, 1e-08, 0
493473601, 0.0, 7.78e-08, 1e-08, 0
493992001, 0.0, 9.36e-08, 1e-08, 0
494510401, 0.63, 1.59e-07, 1e-08, 0
495028801, 0.0, 8.94e-08, 1e-08, 0
495288001, 0.0, 6.85e-08, 1e-08, 0
495547201, 0.0, 8.22e-08, 1e-08, 0
495806401, 0.74, 1.07e-07, 1e-08, 0
496065601, 0.0, 8.55e-08, 1e-08, 0
496584001, 0.2, 1.12e-07, 1e-08, 0
496843201, 0.0, 8.73e-08, 1e-08, 0
497102401, 0.0, 1.17e-07, 1e-08, 0
497361601, 0.0, 9.69e-08, 1e-08, 0
497880001, 0.0, 8.95e-08, 1e-08, 0
498139201, 0.0, 8.77e-08, 1e-08, 0
498916801, 0.07, 1.13e-07, 1e-08, 0
499176001, 0.0, 5.46e-08, 1e-08, 0
499435201, 0.35, 9.93e-08, 1e-08, 0
499694401, 0.0, 6.62e-08, 1e-08, 0
499953601, 0.23, 1.24e-07, 1e-08, 0
500212801, 0.0, 9.22e-08, 1e-08, 0
500472001, 0.0, 7.67e-08, 1e-08, 0
500731201, 0.0, 1.16e-07, 1e-08, 0
500990401, 0.0, 8.87e-08, 1e-08, 0
501249601, 0.0, 9.8e-08, 1e-08, 0
501508801, 0.0, 7.82e-08, 1e-08, 0
501768001, 0.11, 8.6e-08, 1e-08, 0
502027201, 0.0, 6.69e-08, 1e-08, 0
502286401, 0.0, 1.02e-07, 1e-08, 0
502545601, 0.0, 8.86e-08, 1e-08, 0
502804801, 0.0, 9e-08, 1e-08, 0
503064001, 0.0, 1.23e-07, 1e-08, 0
503323201, 0.0, 8.36e-08, 1e-08, 0
503841601, 0.0, 1.06e-07, 1e-08, 0
504360001, 0.02, 1.04e-07, 1e-08, 0
504878401, 0.27, 1.3e-07, 1e-08, 0
505137601, 0.86, 1.28e-07, 1e-08, 0
505396801, 0.78, 1.1e-07, 1e-08, 0
505915201, 0.0, 4.89e-08, 1e-08, 0
506174401, 0.03, 1.24e-07, 1e-08, 0
506692801, 0.09, 9.95e-08, 1e-08, 0
506952001, 0.0, 8.45e-08, 1e-08, 0
507211201, 0.0, 7.62e-08, 1e-08, 0
507470401, 0.0, 1.02e-07, 1e-08, 0
507729601, 0.0, 1.03e-07, 1e-08, 0
507988801, 0.0, 7.63e-08, 1e-08, 0
508507201, 0.0, 1.32e-07, 1e-08, 0
508766401, 0.0, 9.61e-08, 1e-08, 0
509284801, 0.0, 8.75e-08, 1e-08, 0
509544001, 0.0, 8.6e-08, 1e-08, 0
509803201, 0.57, 1.11e-07, 1e-08, 0
510062401, 0.0, 7.43e-08, 1e-08, 0
510580801, 0.0, 9.7e-08, 1e-08, 0
510840001, 0.0, 7.68e-08, 1e-08, 0
511099201, 0.0, 1.09e-07, 1e-08, 0
511358401, 0.0, 6.18e-08, 1e-08, 0
511617601, 0.0, 6e-08, 1e-08, 0
511876801, 0.04, 1.03e-07, 1e-08, 0
512136001, 0.75, 1.2e-07, 1e-08, 0
512654401, 0.37, 1.04e-07, 1e-08, 0
513691201, 0.0, 1.07e-07, 1e-08, 0
513950401, 0.0, 9.97e-08, 1e-08, 0
514728001, 0.04, 8.43e-08, 1e-08, 0
514987201, 0.0, 6.82e-08, 1e-08, 0
515505601, 0.24, 9.29e-08, 1e-08, 0
515764801, 0.97, 1.46e-07, 1e-08, 0
516024001, 0.0, 8.23e-08, 1e-08, 0
516283201, 0.01, 1.03e-07, 1e-08, 0
516801601, 0.0, 1.02e-07, 1e-08, 0
517320001, 0.0, 9.29e-08, 1e-08, 0
517579201, 0.04, 1.39e-07, 1e-08, 0
517838401, 0.0, 1.02e-07, 1e-08, 0
518097601, 0.0, 1.01e-07, 1e-08, 0
518356801, 0.0, 8.67e-08, 1e-08, 0
518875201, 0.0, 7.14e-08, 1e-08, 0
519134401, 0.81, 1.04e-07, 1e-08, 0
519393601, 0.0, 5.73e-08, 1e-08, 0
519652801, 0.93, 1.1e-07, 1e-08, 0
519912001, 0.0, 8.06e-08, 1e-08, 0
520171201, 0.0, 6.47e-08, 1e-08, 0
520430401, 0.0, 1.58e-07, 1e-08, 0
520689601, 0.19, 1.56e-07, 1e-08, 0
520948801, 0.11, 1.08e-07, 1e-08, 0
521208001, 0.0, 9.68e-08, 1e-08, 0
521467201, 0.0, 1.1e-07, 1e-08, 0
521726401, 0.97, 1.25e-07, 1e-08, 0
521985601, 0.0, 9.65e-08, 1e-08, 0
522244801, 0.0, 9.1e-08, 1e-08, 0
522504001, 0.13, 1.05e-07, 1e-08, 0
522763201, 0.0, 7.77e-08, 1e-08, 0
523022401, 0.0, 9.03e-08, 1e-08, 0
523281601, 0.0, 7.87e-08, 1e-08, 0
523540801, 0.0, 9.26e-08, 1e-08, 0
523800001, 0.0, 1.02e-07, 1e-08, 0
524059201, 0.05, 1.13e-07, 1e-08, 0
525614401, 0.0, 9.04e-08, 1e-08, 0
525873601, 0.0, 1.16e-07, 1e-08, 0
526392001, 0.0, 1.22e-07, 1e-08, 0
526651201, 0.0, 9.57e-08, 1e-08, 0
526910401, 0.0, 9.83e-08, 1e-08, 0
527169601, 0.0, 9.39e-08, 1e-08, 0
527428801, 0.0, 7.41e-08, 1e-08, 0
527688001, 0.0, 9.01e-08, 1e-08, 0
528724801, 0.0, 7.28e-08, 1e-08, 0
528984001, 0.46, 1.03e-07, 1e-08, 0
529243201, 0.0, 1.07e-07, 1e-08, 0
529502401, 0.0, 8.41e-08, 1e-08, 0
529761601, 0.0, 6.31e-08, 1e-08, 0
530020801, 0.0, 6.41e-08, 1e-08, 0
530280001, 0.0, 1.09e-07, 1e-08, 0
530539201, 0.0, 6.85e-08, 1e-08, 0
531057601, 0.0, 1.14e-07, 1e-08, 0
531316801, 0.03, 1.35e-07, 1e-08, 0
531576001, 0.0, 1.18e-07, 1e-08, 0
532094401, 0.0, 8.39e-08, 1e-08, 0
532353601, 0.0, 9.97e-08, 1e-08, 0
533131201, 0.03, 1.17e-07, 1e-08, 0
533390401, 0.0, 9.74e-08, 1e-08, 0
533649601, 0.0, 1.04e-07, 1e-08, 0
533908801, 0.0, 6.12e-08, 1e-08, 0
534168001, 0.0, 8.86e-08, 1e-08, 0
534427201, 0.0, 7.03e-08, 1e-08, 0
535204801, 0.0, 1.01e-07, 1e-08, 0
535464001, 0.0, 1.05e-07, 1e-08, 0
535723201, 0.0, 9.84e-08, 1e-08, 0
535982401, 0.0, 8.54e-08, 1e-08, 0
536241601, 0.0, 9.71e-08, 1e-08, 0
536500801, 0.0, 7.47e-08, 1e-08, 0
536760001, 0.0, 8.45e-08, 1e-08, 0
537019201, 0.21, 1.02e-07, 1e-08, 0
537278401, 0.0, 8.13e-08, 1e-08, 0
537537601, 0.0, 7.08e-08, 1e-08, 0
537796801, 0.0, 1.13e-07, 1e-08, 0
538056001, 0.0, 4.95e-07, 1e-08, 0
538315201, 0.0, 1.99e-07, 1e-08, 0
538574401, 0.0, 9.31e-08, 1e-08, 0
538833601, 0.0, 6.87e-08, 1e-08, 0
539092801, 0.0, 9.76e-08, 1e-08, 0
539352001, 0.0, 1.78e-07, 1e-08, 0
539611201, 0.0, 1.37e-07, 1e-08, 0
539870401, 0.14, 9.79e-08, 1e-08, 0
540129601, 0.0, 8.99e-08, 1e-08, 0
540388801, 0.0, 6.34e-08, 1e-08, 0
541425601, 0.0, 8.4e-08, 1e-08, 0
541684801, 0.0, 8.59e-08, 1e-08, 0
542203201, 0.0, 6.6e-08, 1e-08, 0
542462401, 0.51, 1.27e-07, 1e-08, 0
542721601, 0.11, 1.36e-07, 1e-08, 0
542980801, 0.84, 5.69e-07, 1e-08, 0
544536001, 0.0, 2.35e-07, 1e-08, 0
544795201, 0.02, 1.68e-07, 1e-08, 0
545054401, 0.0, 9.4e-08, 1e-08, 0
545313601, 0.0, 1.17e-07, 1e-08, 0
545572801, 0.0, 1.49e-07, 1e-08, 0
545832001, 0.0, 3.49e-07, 1e-08, 0
546091201, 0.0, 1.2e-06, 1e-08, 101
546350401, 0.0, -1.0, 1e-08, 101
547128001, 0.0, 5.39e-08, 1e-08, 0
547387201, 0.08, 7.33e-08, 1e-08, 0
547646401, 0.0, 3.83e-08, 1e-08, 0
547905601, 0.78, 1.12e-07, 1e-08, 0
548424001, 0.0, 3.39e-06, 1e-08, 101
548683201, 0.24, 8.31e-08, 1e-08, 0
548942401, 0.0, 4.94e-08, 1e-08, 0
549201601, 0.0, 4.49e-08, 1e-08, 0
549460801, 0.0, 9.52e-08, 1e-08, 0
549720001, 0.0, 5.37e-08, 1e-08, 0
549979201, 0.0, 6.34e-08, 1e-08, 0
550238401, 0.22, 1.04e-07, 1e-08, 0
550497601, 0.85, 5.05e-07, 1e-08, 0
550756801, 0.0, 2.22e-06, 1e-08, 101
551016001, 0.0, 1.87e-07, 1e-08, 0
551275201, 0.0, 4.06e-08, 1e-08, 0
551534401, 0.0, 3.97e-08, 1e-08, 0
551793601, 0.0, 8.91e-07, 1e-08, 0
552571201, 0.0, 5.41e-08, 1e-08, 0
552830401, 0.0, 4e-08, 1e-08, 0
553608001, 0.11, 8.65e-08, 1e-08, 0
553867201, 0.0, 6.85e-08, 1e-08, 0
554126401, 0.0, 7.7e-08, 1e-08, 0
554385601, 0.0, 1.48e-07, 1e-08, 0
554644801, 0.0, 1.81e-07, 1e-08, 0
554904001, 0.05, 9.33e-08, 1e-08, 0
555163201, 0.0, 3.67e-08, 1e-08, 0
555422401, 0.0, 6.07e-08, 1e-08, 0
555681601, 0.0, 3.92e-08, 1e-08, 0
556718401, 0.0, 8.89e-08, 1e-08, 0
556977601, 0.0, 7.39e-08, 1e-08, 0
557236801, 0.01, 7.03e-08, 1e-08, 0
557496001, 0.06, 7.42e-08, 1e-08, 0
557755201, 0.0, 7.41e-08, 1e-08, 0
558014401, 0.0, 2.86e-07, 1e-08, 0
558273601, 0.0, 1.18e-07, 1e-08, 0
558532801, 0.0, 9.07e-08, 1e-08, 0
558792001, 0.0, 7.65e-08, 1e-08, 0
559051201, 0.0, 5.81e-08, 1e-08, 0
559310401, 0.42, 8.57e-08, 1e-08, 0
559569601, 0.0, 7.65e-08, 1e-08, 0
560088001, 0.0, 6.93e-08, 1e-08, 0
560347201, 0.0, 4.32e-08, 1e-08, 0
560606401, 0.03, 1.74e-07, 1e-08, 0
562161601, 0.11, 7.92e-08, 1e-08, 0
562420801, 0.0, 5.4e-08, 1e-08, 0
562680001, 0.0, 5.92e-08, 1e-08, 0
562939201, 0.0, 4.89e-08, 1e-08, 0
563198401, 0.38, 9.48e-08, 1e-08, 0
563457601, 0.0, 7.95e-08, 1e-08, 0
563976001, 0.01, 6.51e-08, 1e-08, 0
564494401, 0.0, 4.59e-08, 1e-08, 0
564753601, 0.0, 6.15e-08, 1e-08, 0
565012801, 0.0, 7.39e-08, 1e-08, 0
565272001, 0.0, 5.46e-08, 1e-08, 0
565531201, 0.0, 9.11e-08, 1e-08, 0
565790401, 0.0, 7.17e-08, 1e-08, 0
566049601, 0.0, 3.96e-08, 1e-08, 0
566308801, 0.0, 3.63e-08, 1e-08, 0
566568001, 0.0, 5.18e-08, 1e-08, 0
566827201, 0.0, 6.59e-08, 1e-08, 0
567086401, 0.2, 7.23e-08, 1e-08, 0
567345601, 0.0, 4.3e-08, 1e-08, 0
567604801, 0.49, 8.33e-08, 1e-08, 0
567864001, 0.0, 6.35e-08, 1e-08, 0
568123201, 0.0, 5.21e-08, 1e-08, 0
568641601, 0.0, 7.56e-08, 1e-08, 0
568900801, 0.0, 6.45e-08, 1e-08, 0
569160001, 0.0, 4.77e-08, 1e-08, 0
569678401, 0.0, 6.15e-08, 1e-08, 0
569937601, 0.0, 6.7e-08, 1e-08, 0
570196801, 0.09, 6.1e-08, 1e-08, 0
570456001, 0.0, 3.99e-08, 1e-08, 0
570715201, 0.0, 5.05e-08, 1e-08, 0
570974401, 0.1, 6.3e-08, 1e-08, 0
571233601, 0.0, 4.37e-08, 1e-08, 0
571752001, 0.0, 7.34e-08, 1e-08, 0
572011201, 0.09, 8.36e-08, 1e-08, 0
572270401, 0.0, 7.82e-08, 1e-08, 0
572529601, 0.0, 7.8e-08, 1e-08, 0
573048001, 0.0, 1.1e-07, 1e-08, 0
573307201, 0.0, 1.01e-07, 1e-08, 0
573566401, 0.02, 1.01e-07, 1e-08, 0
573825601, 0.0, 5.55e-08, 1e-08, 0
574084801, 0.0, 8.27e-08, 1e-08, 0
574344001, 0.0, 7.35e-08, 1e-08, 0
574603201, 0.0, 6.99e-08, 1e-08, 0
574862401, 0.63, 1.08e-07, 1e-08, 0
575380801, 0.0, 6.7e-08, 1e-08, 0
575640001, 0.0, 7.97e-08, 1e-08, 0
575899201, 0.0, 7.53e-08, 1e-08, 0
576158401, 0.81, 1.26e-07, 1e-08, 0
576417601, 0.34, 1.16e-07, 1e-08, 0
576676801, 0.0, 1.05e-07, 1e-08, 0
576936001, 0.09, 9e-08, 1e-08, 0
577195201, 0.0, 5.04e-08, 1e-08, 0
577454401, 0.0, 5.52e-08, 1e-08, 0
577713601, 0.0, 4.44e-08, 1e-08, 0
578232001, 0.0, 6.63e-08, 1e-08, 0
578491201, 0.0, 5.63e-08, 1e-08, 0
578750401, 0.0, 5.77e-08, 1e-08, 0
579009601, 0.0, 6.54e-08, 1e-08, 0
579268801, 0.0, 8.19e-08, 1e-08, 0
579787201, 0.52, 6.75e-08, 1e-08, 0
580046401, 0.0, 8.65e-08, 1e-08, 0
580564801, 0.0, 8.11e-08, 1e-08, 0
581342401, 0.48, 1.01e-07, 1e-08, 0
581601601, 0.0, 6.4e-08, 1e-08, 0
581860801, 0.0, 5.87e-08, 1e-08, 0
582120001, 0.16, 7.09e-08, 1e-08, 0
582379201, 0.0, 8.64e-08, 1e-08, 0
582638401, 0.74, 1.14e-07, 1e-08, 0
582897601, 0.05, 8.7e-08, 1e-08, 0
583156801, 0.0, 8.01e-08, 1e-08, 0
583416001, 0.0, 7.95e-08, 1e-08, 0
583675201, 0.0, 7.23e-08, 1e-08, 0
583934401, 0.45, 1.02e-07, 1e-08, 0
584193601, 0.07, 9.09e-08, 1e-08, 0
584452801, 0.0, 4.51e-08, 1e-08, 0
584971201, 0.2, 8.11e-08, 1e-08, 0
585230401, 0.0, 6.11e-08, 1e-08, 0
585489601, 0.0, 5.66e-08, 1e-08, 0
585748801, 0.0, 5.94e-08, 1e-08, 0
586008001, 0.0, 6.38e-08, 1e-08, 0
586267201, 0.0, 1.2e-07, 1e-08, 0
586526401, 0.02, 1.58e-07, 1e-08, 0
587044801, 0.0, 7.83e-08, 1e-08, 0
587304001, 0.07, 1.09e-07, 1e-08, 0
587822401, 0.4, 1.02e-07, 1e-08, 0
588340801, 0.63, 9.41e-08, 1e-08, 0
588600001, 0.0, 6.65e-08, 1e-08, 0
588859201, 0.0, 4.86e-08, 1e-08, 0
589118401, 0.04, 6.89e-08, 1e-08, 0
589636801, 0.12, 8.96e-08, 1e-08, 0
589896001, 0.0, 1.13e-07, 1e-08, 0
590155201, 0.0, 9.41e-08, 1e-08, 0
590414401, 0.0, 9.7e-08, 1e-08, 0
590673601, 0.03, 1.21e-07, 1e-08, 0
590932801, 0.0, 1.06e-07, 1e-08, 0
591192001, 0.81, 9.8e-08, 1e-08, 0
591451201, 0.0, 5.54e-08, 1e-08, 0
591710401, 0.0, 4.28e-08, 1e-08, 0
591969601, 0.0, 9.38e-08, 1e-08, 0
592228801, 0.0, 5.94e-08, 1e-08, 0
592488001, 0.35, 1.17e-07, 1e-08, 0
592747201, 0.0, 8.99e-08, 1e-08, 0
593265601, 0.0, 8.99e-08, 1e-08, 0
593524801, 0.0, 7.51e-08, 1e-08, 0
593784001, 0.0, 8.43e-08, 1e-08, 0
594043201, 0.0, 7.14e-08, 1e-08, 0
594561601, 0.0, 6.73e-08, 1e-08, 0
594820801, 0.01, 6.71e-08, 1e-08, 0
595080001, 0.06, 7.1e-08, 1e-08, 0
595339201, 0.0, 5.04e-08, 1e-08, 0
595598401, 0.0, 4.16e-08, 1e-08, 0
596116801, 0.0, 6.14e-08, 1e-08, 0
596376001, 0.0, 8.57e-08, 1e-08, 0
596635201, 0.0, 5.19e-08, 1e-08, 0
596894401, 0.0, 5.45e-08, 1e-08, 0
597153601, 0.0, 6.22e-08, 1e-08, 0
597672001, 0.0, 9.12e-08, 1e-08, 0
597931201, 0.0, 6.06e-08, 1e-08, 0
598190401, 0.0, 7.43e-08, 1e-08, 0
598449601, 0.0, 3.93e-08, 1e-08, 0
598708801, 0.04, 6.57e-08, 1e-08, 0
599227201, 0.97, 7.24e-08, 1e-08, 0
599486401, 0.0, 5.73e-08, 1e-08, 0
599745601, 0.0, 6.39e-08, 1e-08, 0
600004801, 0.08, 8.04e-08, 1e-08, 0
600523201, 0.17, 9.29e-08, 1e-08, 0
600782401, 0.0, 6.01e-08, 1e-08, 0
601041601, 0.0, 6.41e-08, 1e-08, 0
601300801, 0.0, 5.66e-08, 1e-08, 0
601819201, 0.23, 1.02e-07, 1e-08, 0
602078401, 0.0, 9.5e-08, 1e-08, 0
602337601, 0.0, 8.93e-08, 1e-08, 0
602596801, 0.0, 4.99e-08, 1e-08, 0
603115201, 0.0, 5.65e-08, 1e-08, 0
603374401, 0.34, 8.52e-08, 1e-08, 0
603633601, 0.0, 7.9e-08, 1e-08, 0
603892801, 0.04, 8.81e-08, 1e-08, 0
604152001, 0.63, 1.02e-07, 1e-08, 0
604670401, 0.0, 1.08e-07, 1e-08, 0
604929601, 0.02, 1.07e-07, 1e-08, 0
605188801, 0.0, 7.86e-08, 1e-08, 0
605448001, 0.0, 8.06e-08, 1e-08, 0
605966401, 0.0, 6.79e-08, 1e-08, 0
606225601, 0.0, 8.61e-08, 1e-08, 0
606484801, 0.0, 8.34e-08, 1e-08, 0
606744001, 0.0, 9.2e-08, 1e-08, 0
607003201, 0.0, 6.97e-08, 1e-08, 0
607262401, 0.0, 5.25e-08, 1e-08, 0
607780801, 0.75, 1.13e-07, 1e-08, 0
608040001, 0.0, 6.92e-08, 1e-08, 0
608299201, 0.0, 1.01e-07, 1e-08, 0
608558401, 0.09, 1.05e-07, 1e-08, 0
608817601, 0.0, 7.14e-08, 1e-08, 0
609076801, 0.08, 9.09e-08, 1e-08, 0
609336001, 0.0, 5.15e-08, 1e-08, 0
609595201, 0.0, 6.11e-08, 1e-08, 0
609854401, 0.0, 4.34e-08, 1e-08, 0
610113601, 0.0, 8.03e-08, 1e-08, 0
610372801, 0.71, 1.25e-07, 1e-08, 0
610632001, 0.0, 8.15e-08, 1e-08, 0
610891201, 0.0, 8.47e-08, 1e-08, 0
611409601, 0.0, 8.36e-08, 1e-08, 0
611668801, 0.0, 5.36e-08, 1e-08, 0
611928001, 0.2, 1.06e-07, 1e-08, 0
612187201, 0.0, 8.39e-08, 1e-08, 0
612446401, 0.0, 5.99e-08, 1e-08, 0
612705601, 0.0, 6.6e-08, 1e-08, 0
613224001, 0.0, 4.19e-08, 1e-08, 0
613742401, 0.24, 9.71e-08, 1e-08, 0
614001601, 0.5, 9.27e-08, 1e-08, 0
614260801, 0.18, 1.28e-07, 1e-08, 0
614779201, 0.0, 7.94e-08, 1e-08, 0
615038401, 0.0, 6.89e-08, 1e-08, 0
615297601, 0.0, 4.97e-08, 1e-08, 0
615816001, 0.0, 5.45e-08, 1e-08, 0
616075201, 0.0, 5.63e-08, 1e-08, 0
616593601, 0.2, 5.91e-08, 1e-08, 0
616852801, 0.0, 5.59e-08, 1e-08, 0
617112001, 0.0, 4.58e-08, 1e-08, 0
617371201, 0.67, 8.2e-08, 1e-08, 0
617630401, 0.0, 6.79e-08, 1e-08, 0
617889601, 0.0, 4.72e-08, 1e-08, 0
618148801, 0.33, 1.24e-07, 1e-08, 0
618408001, 0.0, 5.39e-08, 1e-08, 0
618667201, 0.0, 7.97e-08, 1e-08, 0
618926401, 0.0, 5.98e-08, 1e-08, 0
619185601, 0.0, 6e-08, 1e-08, 0
619444801, 0.0, 8.57e-08, 1e-08, 0
619704001, 0.16, 8.73e-08, 1e-08, 0
619963201, 0.0, 5.84e-08, 1e-08, 0
620481601, 0.05, 7.94e-08, 1e-08, 0
621000001, 0.0, 5e-08, 1e-08, 0
621259201, 0.0, 6.33e-08, 1e-08, 0
621518401, 0.0, 6.77e-08, 1e-08, 0
621777601, 0.0, 7.78e-08, 1e-08, 0
622036801, 0.0, 1.28e-07, 1e-08, 0
622555201, 0.0, 1.14e-07, 1e-08, 0
622814401, 0.0, 9.77e-08, 1e-08, 0
623332801, 0.0, 4e-08, 1e-08, 0
623592001, 0.86, 7.72e-08, 1e-08, 0
623851201, 0.37, 1.11e-07, 1e-08, 0
624110401, 0.0, 6.68e-08, 1e-08, 0
624369601, 0.0, 6.36e-08, 1e-08, 0
624628801, 0.0, 9.99e-08, 1e-08, 0
624888001, 0.0, 5.44e-08, 1e-08, 0
625147201, 0.0, 7.02e-08, 1e-08, 0
625406401, 0.57, 9.63e-08, 1e-08, 0
625665601, 0.0, 6.56e-08, 1e-08, 0
625924801, 0.0, 6.86e-08, 1e-08, 0
626184001, 0.0, 8.5e-08, 1e-08, 0
626443201, 0.35, 1.06e-07, 1e-08, 0
626702401, 0.0, 4.95e-08, 1e-08, 0
626961601, 0.0, 6.9e-08, 1e-08, 0
627220801, 0.0, 7.5e-08, 1e-08, 0
627480001, 0.16, 8.07e-08, 1e-08, 0
627739201, 0.0, 7.38e-08, 1e-08, 0
627998401, 0.0, 4.53e-08, 1e-08, 0
628257601, 0.0, 5.88e-08, 1e-08, 0
628516801, 0.0, 6.28e-08, 1e-08, 0
628776001, 0.0, 5.61e-08, 1e-08, 0
629035201, 0.0, 5.67e-08, 1e-08, 0
629294401, 0.0, 8.16e-08, 1e-08, 0
629553601, 0.0, 6.41e-08, 1e-08, 0
629812801, 0.07, 8.57e-08, 1e-08, 0
630072001, 0.0, 5.55e-08, 1e-08, 0
630331201, 0.0, 3.01e-08, 1e-08, 0
631108801, 0.0, 4.91e-08, 1e-08, 0
631368001, 0.85, 8.11e-08, 1e-08, 0
631627201, 0.0, 6.32e-08, 1e-08, 0
631886401, 0.0, 4.61e-08, 1e-08, 0
632404801, 0.0, 7.77e-08, 1e-08, 0
632664001, 0.95, 1.19e-07, 1e-08, 0
632923201, 0.38, 9.53e-08, 1e-08, 0
633441601, 0.0, 5.62e-08, 1e-08, 0
633700801, 0.0, 5.14e-08, 1e-08, 0
633960001, 0.0, 8.95e-08, 1e-08, 0
634478401, 0.81, 8.79e-08, 1e-08, 0
634737601, 0.01, 4.19e-08, 1e-08, 0
634996801, 0.0, 4.94e-08, 1e-08, 0
635515201, 0.0, 5.16e-08, 1e-08, 0
635774401, 0.0, 7.72e-08, 1e-08, 0
636033601, 0.0, 8.12e-08, 1e-08, 0
636292801, 0.0, 7.03e-08, 1e-08, 0
636811201, 0.0, 6.01e-08, 1e-08, 0
637070401, 0.35, 1.07e-07, 1e-08, 0
637329601, 0.0, 9.09e-08, 1e-08, 0
637588801, 0.0, 6.65e-08, 1e-08, 0
637848001, 0.0, 6.29e-08, 1e-08, 0
638107201, 0.0, 6.26e-08, 1e-08, 0
638366401, 0.0, 8.14e-08, 1e-08, 0
638625601, 0.0, 8.38e-08, 1e-08, 0
638884801, 0.0, 6.29e-08, 1e-08, 0
639144001, 0.0, 5.64e-08, 1e-08, 0
639403201, 0.77, 1.05e-07, 1e-08, 0
639662401, 0.06, 7.18e-08, 1e-08, 0
639921601, 0.0, 6.24e-08, 1e-08, 0
640180801, 0.25, 1.24e-07, 1e-08, 0
640440001, 0.0, 8.84e-08, 1e-08, 0
640699201, 0.0, 6.2e-08, 1e-08, 0
640958401, 0.81, 1.04e-07, 1e-08, 0
641217601, 0.0, 7.88e-08, 1e-08, 0
641476801, 0.01, 7.14e-08, 1e-08, 0
641736001, 0.0, 4.78e-08, 1e-08, 0
641995201, 0.0, 5.44e-08, 1e-08, 0
642254401, 0.0, 6.99e-08, 1e-08, 0
642772801, 0.21, 1.06e-07, 1e-08, 0
643032001, 0.0, 8.22e-08, 1e-08, 0
643291201, 0.0, 7.89e-08, 1e-08, 0
643550401, 0.0, 1.05e-07, 1e-08, 0
644068801, 0.0, 8.25e-08, 1e-08, 0
644328001, 0.0, 4.66e-08, 1e-08, 0
644587201, 0.0, 4.43e-08, 1e-08, 0
644846401, 0.0, 4.81e-08, 1e-08, 0
645105601, 0.0, 6.41e-08, 1e-08, 0
645624001, 0.0, 5.75e-08, 1e-08, 0
645883201, 0.0, 3.78e-08, 1e-08, 0
646142401, 0.54, 1.33e-07, 1e-08, 0
646660801, 0.19, 8.16e-08, 1e-08, 0
646920001, 0.0, 7.46e-08, 1e-08, 0
647179201, 0.2, 9.68e-08, 1e-08, 0
647438401, 0.0, 7.03e-08, 1e-08, 0
647697601, 0.06, 9.36e-08, 1e-08, 0
647956801, 0.0, 7.64e-08, 1e-08, 0
648216001, 0.0, 4.22e-08, 1e-08, 0
648475201, 0.04, 6.67e-08, 1e-08, 0
648734401, 0.01, 6.58e-08, 1e-08, 0
648993601, 0.0, 3.93e-08, 1e-08, 0
649252801, 0.0, 6.68e-08, 1e-08, 0
649771201, 0.0, 5.33e-08, 1e-08, 0
650030401, 0.0, 1.31e-07, 1e-08, 0
650289601, 0.0, 6.58e-08, 1e-08, 0
650548801, 0.0, 7.48e-08, 1e-08, 0
650808001, 0.0, 8.1e-08, 1e-08, 0
651326401, 0.0, 8.23e-08, 1e-08, 0
651585601, 0.0, 4.41e-08, 1e-08, 0
651844801, 0.0, 4.4e-08, 1e-08, 0
652104001, 0.0, 5.9e-08, 1e-08, 0
652622401, 0.0, 6.55e-08, 1e-08, 0
652881601, 0.8, 1.05e-07, 1e-08, 0
653140801, 0.39, 8.59e-08, 1e-08, 0
653659201, 0.12, 1.14e-07, 1e-08, 0
653918401, 0.0, 7.79e-08, 1e-08, 0
654177601, 0.0, 5.96e-08, 1e-08, 0
654436801, 0.06, 1.1e-07, 1e-08, 0
654696001, 0.0, 5.01e-08, 1e-08, 0
654955201, 0.01, 7.13e-08, 1e-08, 0
655214401, 0.12, 7.65e-08, 1e-08, 0
655473601, 0.0, 4.85e-08, 1e-08, 0
655732801, 0.0, 4.76e-08, 1e-08, 0
655992001, 0.0, 7.4e-08, 1e-08, 0
656251201, 0.0, 4.7e-08, 1e-08, 0
656510401, 0.41, 9.01e-08, 1e-08, 0
656769601, 0.0, 6.23e-08, 1e-08, 0
657028801, 0.0, 8.93e-08, 1e-08, 0
657288001, 0.77, 8.28e-08, 1e-08, 0
657806401, 0.14, 8.05e-08, 1e-08, 0
658065601, 0.0, 5.63e-08, 1e-08, 0
658324801, 0.0, 7.22e-08, 1e-08, 0
658584001, 0.06, 6.99e-08, 1e-08, 0
658843201, 0.0, 4.08e-08, 1e-08, 0
659102401, 0.12, 8.21e-08, 1e-08, 0
659361601, 0.0, 6.88e-08, 1e-08, 0
659620801, 0.17, 8.07e-08, 1e-08, 0
659880001, 0.0, 4.8e-08, 1e-08, 0
660139201, 0.0, 6.07e-08, 1e-08, 0
660657601, 0.0, 5.65e-08, 1e-08, 0
661176001, 0.0, 5.18e-08, 1e-08, 0
661435201, 0.0, 5.95e-08, 1e-08, 0
661694401, 0.0, 6.39e-08, 1e-08, 0
661953601, 0.44, 9.2e-08, 1e-08, 0
662212801, 0.0, 4.6e-08, 1e-08, 0
662472001, 0.0, 4.36e-08, 1e-08, 0
662731201, 0.0, 4.45e-08, 1e-08, 0
662990401, 0.88, 7.1e-08, 1e-08, 0
663249601, 0.0, 3.33e-08, 1e-08, 0
663508801, 0.0, 6.24e-08, 1e-08, 0
663768001, 0.0, 4.71e-08, 1e-08, 0
664027201, 0.0, 5.17e-08, 1e-08, 0
664286401, 0.0, 8.08e-08, 1e-08, 0
664545601, 0.0, 6.19e-08, 1e-08, 0
664804801, 0.0, 8.73e-08, 1e-08, 0
665064001, 0.0, 5.59e-08, 1e-08, 0
665323201, 0.0, 6.39e-08, 1e-08, 0
665841601, 0.33, 9.78e-08, 1e-08, 0
666100801, 0.0, 8.29e-08, 1e-08, 0
666619201, 0.0, 5.14e-08, 1e-08, 0
666878401, 0.0, 6.11e-08, 1e-08, 0
667137601, 0.22, 8.29e-08, 1e-08, 0
667396801, 0.0, 6.99e-08, 1e-08, 0
667656001, 0.0, 9.95e-08, 1e-08, 0
667915201, 0.24, 9.64e-08, 1e-08, 0
668433601, 0.0, 6.21e-08, 1e-08, 0
668692801, 0.0, 6.45e-08, 1e-08, 0
668952001, 0.52, 1.33e-07, 1e-08, 0
669211201, 0.0, 9.01e-08, 1e-08, 0
669470401, 0.0, 5.57e-08, 1e-08, 0
669729601, 0.0, 6.65e-08, 1e-08, 0
669988801, 0.0, 6.39e-08, 1e-08, 0
670248001, 0.3, 8.24e-08, 1e-08, 0
670507201, 0.0, 8.21e-08, 1e-08, 0
670766401, 0.31, 1.05e-07, 1e-08, 0
671025601, 0.0, 5.1e-08, 1e-08, 0
671284801, 0.0, 6.76e-08, 1e-08, 0
671544001, 0.57, 1.07e-07, 1e-08, 0
672062401, 0.0, 6.61e-08, 1e-08, 0
672321601, 0.0, 7.05e-08, 1e-08, 0
672840001, 0.0, 7.19e-08, 1e-08, 0
673358401, 0.0, 5.61e-08, 1e-08, 0
673617601, 0.0, 3.95e-08, 1e-08, 0
673876801, 0.73, 8.9e-08, 1e-08, 0
674136001, 0.0, 1e-07, 1e-08, 0
674395201, 0.0, 7.78e-08, 1e-08, 0
674654401, 0.0, 7.73e-08, 1e-08, 0
675172801, 0.36, 8.21e-08, 1e-08, 0
675691201, 0.0, 6.64e-08, 1e-08, 0
675950401, 0.0, 8.26e-08, 1e-08, 0
676209601, 0.0, 6.43e-08, 1e-08, 0
676468801, 0.0, 4.72e-08, 1e-08, 0
676987201, 0.0, 5.1e-08, 1e-08, 0
677246401, 0.2, 8.21e-08, 1e-08, 0
677505601, 0.14, 8.61e-08, 1e-08, 0
677764801, 0.09, 9.39e-08, 1e-08, 0
678024001, 0.0, 6.43e-08, 1e-08, 0
678283201, 0.0, 5.31e-08, 1e-08, 0
678542401, 0.0, 6.69e-08, 1e-08, 0
678801601, 0.0, 8.63e-08, 1e-08, 0
679060801, 0.0, 5.63e-08, 1e-08, 0
679320001, 0.4, 1.06e-07, 1e-08, 0
679838401, 0.67, 8.9e-08, 1e-08, 0
680097601, 0.0, 4.65e-08, 1e-08, 0
680356801, 0.0, 6.21e-08, 1e-08, 0
680616001, 0.01, 6.23e-08, 1e-08, 0
680875201, 0.0, 4.26e-08, 1e-08, 0
681134401, 0.0, 3.63e-08, 1e-08, 0
681393601, 0.0, 4.75e-08, 1e-08, 0
681652801, 0.0, 7.49e-08, 1e-08, 0
681912001, 0.03, 1.14e-07, 1e-08, 0
682171201, 0.0, 9.27e-08, 1e-08, 0
682430401, 0.0, 7.51e-08, 1e-08, 0
682689601, 0.0, 1.04e-07, 1e-08, 0
682948801, 0.0, 8.15e-08, 1e-08, 0
683467201, 0.0, 7e-08, 1e-08, 0
683726401, 0.21, 9.05e-08, 1e-08, 0
684244801, 0.7, 9.53e-08, 1e-08, 0
684504001, 0.0, 5.77e-08, 1e-08, 0
684763201, 0.61, 9.62e-08, 1e-08, 0
685022401, 0.0, 6.54e-08, 1e-08, 0
685281601, 0.0, 6.21e-08, 1e-08, 0
685540801, 0.54, 1.31e-07, 1e-08, 0
686059201, 0.0, 9.2e-08, 1e-08, 0
686318401, 0.64, 1.27e-07, 1e-08, 0
686577601, 0.0, 7.58e-08, 1e-08, 0
686836801, 0.0, 3.75e-08, 1e-08, 0
687096001, 0.03, 7.09e-08, 1e-08, 0
687355201, 0.25, 6.92e-08, 1e-08, 0
687614401, 0.0, 6.96e-08, 1e-08, 0
687873601, 0.0, 4.61e-08, 1e-08, 0
688132801, 0.0, 5.78e-08, 1e-08, 0
688392001, 0.0, 6.74e-08, 1e-08, 0
688651201, 0.37, 9.61e-08, 1e-08, 0
688910401, 0.0, 6e-08, 1e-08, 0
689169601, 0.64, 9.14e-08, 1e-08, 0
689428801, 0.0, 7.09e-08, 1e-08, 0
689688001, 0.0, 6.31e-08, 1e-08, 0
689947201, 0.0, 6.38e-08, 1e-08, 0
690206401, 0.0, 4.52e-08, 1e-08, 0
690465601, 0.2, 5.78e-08, 1e-08, 0
690984001, 0.0, 6.31e-08, 1e-08, 0
691502401, 0.0, 5.06e-08, 1e-08, 0
691761601, 0.0, 5.12e-08, 1e-08, 0
692020801, 0.0, 5.75e-08, 1e-08, 0
692280001, 0.37, 9.48e-08, 1e-08, 0
692539201, 0.0, 5.94e-08, 1e-08, 0
692798401, 0.0, 5.74e-08, 1e-08, 0
693316801, 0.0, 8.28e-08, 1e-08, 0
693576001, 0.0, 7.46e-08, 1e-08, 0
693835201, 0.0, 7.12e-08, 1e-08, 0
694353601, 0.0, 4.46e-08, 1e-08, 0
694612801, 0.99, 5.08e-08, 1e-08, 0
694872001, 0.61, 8.42e-08, 1e-08, 0
695131201, 0.43, 7.93e-08, 1e-08, 0
695390401, 0.0, 5.71e-08, 1e-08, 0
695649601, 0.0, 6.77e-08, 1e-08, 0
696168001, 0.0, 1.14e-07, 1e-08, 0
696427201, 0.0, 8.06e-08, 1e-08, 0
696686401, 0.0, 5.07e-08, 1e-08, 0
696945601, 0.0, 8.21e-08, 1e-08, 0
697204801, 0.44, 8.71e-08, 1e-08, 0
697464001, 0.0, 7.41e-08, 1e-08, 0
697723201, 0.0, 5.52e-08, 1e-08, 0
697982401, 0.0, 7.85e-08, 1e-08, 0
698241601, 0.0, 5.65e-08, 1e-08, 0
698500801, 0.0, 6.51e-08, 1e-08, 0
699019201, 0.0, 5.87e-08, 1e-08, 0
699278401, 0.0, 5.72e-08, 1e-08, 0
699537601, 0.86, 1.11e-07, 1e-08, 0
699796801, 0.0, 5.11e-08, 1e-08, 0
700056001, 0.0, 6.69e-08, 1e-08, 0
700574401, 0.0, 7.42e-08, 1e-08, 0
700833601, 0.0, 7.25e-08, 1e-08, 0
701352001, 0.0, 6.54e-08, 1e-08, 0
701611201, 0.0, 6.01e-08, 1e-08, 0
701870401, 0.0, 7.18e-08, 1e-08, 0
702129601, 0.0, 7.68e-08, 1e-08, 0
702388801, 0.0, 6.17e-08, 1e-08, 0
702648001, 0.0, 9.46e-08, 1e-08, 0
702907201, 0.0, 6.44e-08, 1e-08, 0
703166401, 0.0, 5.18e-08, 1e-08, 0
703684801, 0.0, 5.76e-08, 1e-08, 0
704203201, 0.0, 7.05e-08, 1e-08, 0
704721601, 0.0, 6.45e-08, 1e-08, 0
705499201, 0.53, 8.78e-08, 1e-08, 0
705758401, 0.0, 5.72e-08, 1e-08, 0
706017601, 0.14, 8.98e-08, 1e-08, 0
706276801, 0.18, 9.12e-08, 1e-08, 0
706536001, 0.0, 5.41e-08, 1e-08, 0
707572801, 0.0, 6.85e-08, 1e-08, 0
707832001, 0.0, 5.31e-08, 1e-08, 0
708091201, 0.0, 3.97e-08, 1e-08, 0
708350401, 0.0, 4.7e-08, 1e-08, 0
708609601, 0.16, 6.93e-08, 1e-08, 0
708868801, 0.0, 5.75e-08, 1e-08, 0
709128001, 0.0, 5.28e-08, 1e-08, 0
709387201, 0.46, 6.93e-08, 1e-08, 0
709646401, 0.0, 5.08e-08, 1e-08, 0
709905601, 0.0, 7.6e-08, 1e-08, 0
710424001, 0.0, 5.81e-08, 1e-08, 0
710683201, 0.0, 7.57e-08, 1e-08, 0
710942401, 0.01, 7.3e-08, 1e-08, 0
711201601, 0.0, 6.95e-08, 1e-08, 0
711460801, 0.13, 1.19e-07, 1e-08, 0
711979201, 0.0, 4.58e-08, 1e-08, 0
712238401, 0.0, 4.42e-08, 1e-08, 0
712497601, 0.74, 7.04e-08, 1e-08, 0
712756801, 0.97, 6.45e-08, 1e-08, 0
713016001, 0.04, 6.39e-08, 1e-08, 0
713275201, 0.0, 6e-08, 1e-08, 0
713534401, 0.0, 8.44e-08, 1e-08, 0
714052801, 0.01, 1.15e-07, 1e-08, 0
714312001, 0.13, 1.01e-07, 1e-08, 0
714571201, 0.0, 8.23e-08, 1e-08, 0
715089601, 0.26, 9.67e-08, 1e-08, 0
715348801, 0.0, 6.74e-08, 1e-08, 0
715608001, 0.67, 9.88e-08, 1e-08, 0
715867201, 0.0, 4.43e-08, 1e-08, 0
716126401, 0.0, 5.45e-08, 1e-08, 0
716385601, 0.0, 5.6e-08, 1e-08, 0
716644801, 0.0, 6.94e-08, 1e-08, 0
716904001, 0.23, 9e-08, 1e-08, 0
717163201, 0.0, 5.56e-08, 1e-08, 0
717422401, 0.0, 6.83e-08, 1e-08, 0
717681601, 0.0, 1.07e-07, 1e-08, 0
717940801, 0.47, 1.19e-07, 1e-08, 0
718200001, 0.0, 9.67e-08, 1e-08, 0
718459201, 0.0, 6.84e-08, 1e-08, 0
718977601, 0.01, 5.91e-08, 1e-08, 0
719236801, 0.0, 5.17e-08, 1e-08, 0
719496001, 0.0, 4.59e-08, 1e-08, 0
719755201, 0.0, 6.55e-08, 1e-08, 0
720014401, 0.0, 5.44e-08, 1e-08, 0
720273601, 0.0, 7.18e-08, 1e-08, 0
720532801, 0.0, 7.12e-08, 1e-08, 0
720792001, 0.0, 8.89e-08, 1e-08, 0
721051201, 0.41, 9.49e-08, 1e-08, 0
721310401, 0.02, 7.71e-08, 1e-08, 0
721569601, 0.14, 1.09e-07, 1e-08, 0
721828801, 0.23, 1.02e-07, 1e-08, 0
722347201, 0.32, 7.72e-08, 1e-08, 0
722606401, 0.0, 5.24e-08, 1e-08, 0
722865601, 0.0, 5.7e-08, 1e-08, 0
723124801, 0.0, 4.25e-08, 1e-08, 0
723384001, 0.0, 5.5e-08, 1e-08, 0
723643201, 0.15, 8.35e-08, 1e-08, 0
723902401, 0.0, 7.1e-08, 1e-08, 0
724161601, 0.05, 8.88e-08, 1e-08, 0
724420801, 0.0, 6.99e-08, 1e-08, 0
724939201, 0.0, 6.07e-08, 1e-08, 0
725457601, 0.0, 9.17e-08, 1e-08, 0
725976001, 0.0, 5.23e-08, 1e-08, 0
726235201, 0.0, 5.12e-08, 1e-08, 0
726494401, 0.0, 4.3e-08, 1e-08, 0
726753601, 0.0, 5.84e-08, 1e-08, 0
727012801, 0.0, 3.83e-08, 1e-08, 0
727272001, 0.02, 8.9e-08, 1e-08, 0
727531201, 0.0, 5.83e-08, 1e-08, 0
727790401, 0.0, 8.13e-08, 1e-08, 0
728049601, 0.0, 5.57e-08, 1e-08, 0
728308801, 0.0, 5.22e-08, 1e-08, 0
728568001, 0.0, 6.27e-08, 1e-08, 0
728827201, 0.0, 8.19e-08, 1e-08, 0
729086401, 0.0, 7.08e-08, 1e-08, 0
729345601, 0.0, 6.15e-08, 1e-08, 0
729604801, 0.0, 4.85e-08, 1e-08, 0
729864001, 0.0, 6.77e-08, 1e-08, 0
730123201, 0.43, 9.21e-08, 1e-08, 0
730900801, 0.68, 1.21e-07, 1e-08, 0
731160001, 0.0, 7.11e-08, 1e-08, 0
731419201, 0.0, 7.71e-08, 1e-08, 0
731937601, 0.96, 1.21e-07, 1e-08, 0
732196801, 0.0, 9.5e-08, 1e-08, 0
732456001, 0.0, 8.16e-08, 1e-08, 0
732974401, 0.0, 5.22e-08, 1e-08, 0
733233601, 0.0, 7.69e-08, 1e-08, 0
733492801, 0.0, 8.68e-08, 1e-08, 0
733752001, 0.02, 9.31e-08, 1e-08, 0
734011201, 0.0, 6.8e-08, 1e-08, 0
734270401, 0.0, 8.84e-08, 1e-08, 0
734529601, 0.04, 8.34e-08, 1e-08, 0
735048001, 0.0, 7.24e-08, 1e-08, 0
735566401, 0.0, 8.35e-08, 1e-08, 0
735825601, 0.0, 9.66e-08, 1e-08, 0
736084801, 0.37, 7.91e-08, 1e-08, 0
736344001, 0.0, 7.63e-08, 1e-08, 0
736862401, 0.14, 9.77e-08, 1e-08, 0
737121601, 0.98, 1.04e-07, 1e-08, 0
737380801, 0.0, 5.32e-08, 1e-08, 0
737640001, 0.0, 8.23e-08, 1e-08, 0
737899201, 0.0, 7.87e-08, 1e-08, 0
738158401, 0.0, 5.87e-08, 1e-08, 0
738417601, 0.0, 4.56e-08, 1e-08, 0
738676801, 0.0, 6.53e-08, 1e-08, 0
738936001, 0.0, 6.74e-08, 1e-08, 0
739195201, 0.02, 8.23e-08, 1e-08, 0
739454401, 0.0, 8.79e-08, 1e-08, 0
739713601, 0.47, 7.81e-08, 1e-08, 0
739972801, 0.0, 2.69e-08, 1e-08, 0
740232001, 0.0, 4.6e-08, 1e-08, 0
740491201, 0.0, 6.01e-08, 1e-08, 0
740750401, 0.0, 6.42e-08, 1e-08, 0
741268801, 0.0, 1e-07, 1e-08, 0
741528001, 0.0, 5.88e-08, 1e-08, 0
741787201, 0.0, 6.32e-08, 1e-08, 0
742046401, 0.0, 8.39e-08, 1e-08, 0
