timestamp, ts, flux, flux_error, photon_index, photon_index_interval, fit_tolerance, fit_convergence
239716801, 8.88, 2.75e-08, 3.24e-08, 1.98, 0.6, 1e-08, 0
239976001, 2.55, 6.59e-08, 4.93e-08, 2.83, 0.77, 1e-08, 0
240235201, 1.53, 3.19e-08, 3.68e-08, 2.32, 0.77, 1e-08, 0
240494401, 2.5, 7.7e-08, 7.3e-08, 3.71, 6.21, 1e-08, 102
240753601, 4.33, 1.08e-07, 6.9e-08, 3.98, 4.62, 1e-08, 102
241012801, 2.45, 1.18e-08, 1.79e-08, 1.81, 0.82, 1e-08, 0
241272001, 11.12, 1.26e-07, 5.58e-08, 2.54, 0.41, 1e-08, 0
241790401, 1.36, 2.76e-08, 3.05e-08, 2.3, 0.66, 1e-08, 0
242049601, 7.46, 1.02e-07, 6.38e-08, 2.93, 0.65, 1e-08, 0
242568001, 3.84, 4.73e-08, 3.91e-08, 2.36, 0.53, 1e-08, 0
242827201, 1.93, 3.53e-08, 3.89e-08, 2.48, 0.7, 1e-08, 0
243086401, 3.97, 7.95e-08, 5.03e-08, 3.32, 1.49, 1e-08, 0
244382401, 1.0, 3.09e-08, 3.75e-08, 2.73, 1.11, 1e-08, 0
245160001, 1.95, 5.26e-08, 5.24e-08, 5.84, 6.41, 1e-08, 102
245678401, 1.26, 1.42e-08, 2.34e-08, 1.99, 0.87, 1e-08, 0
245937601, 2.37, 3.96e-08, 3.68e-08, 2.06, 0.54, 1e-08, 0
246974401, 11.92, 1.13e-07, 5.19e-08, 2.74, 0.5, 1e-08, 0
247233601, 1.85, 2.31e-08, 2.64e-08, 2.23, 0.66, 1e-08, 0
247752001, 5.68, 5e-08, 3.3e-08, 2.28, 0.44, 1e-08, 0
248011201, 5.35, 8.85e-08, 4.87e-08, 3.07, 0.78, 1e-08, 0
248270401, 4.5, 3.21e-08, 2.9e-08, 2.07, 0.51, 1e-08, 0
248529601, 3.64, 4.68e-08, 7.4e-08, 2.72, 1.37, 1e-08, 0
249825601, 1.29, 5.24e-08, 5.34e-08, 3.28, 1.53, 1e-08, 0
250603201, 7.68, 1.4e-07, 8.99e-08, 3.52, 1.94, 1e-08, 0
251121601, 9.27, 1.49e-07, 6.39e-08, 3.7, 1.22, 1e-08, 0
251380801, 6.08, 1.14e-07, 5.78e-08, 6.81, 3.68, 1e-08, 102
251899201, 4.45, 9.44e-08, 5.64e-08, 6.04, 4.12, 1e-08, 102
252158401, 3.25, 4.41e-08, 5.27e-08, 2.67, 1.13, 1e-08, 0
252936001, 3.26, 8.91e-08, 5.68e-08, 4.39, 4.58, 1e-08, 102
253195201, 3.97, 5.08e-08, 3.87e-08, 2.45, 0.54, 1e-08, 0
253713601, 9.71, 7.76e-08, 4.94e-08, 2.46, 0.47, 1e-08, 0
253972801, 9.64, 1.32e-07, 6.61e-08, 3.07, 0.73, 1e-08, 0
254750401, 1.37, 7.34e-08, 7.26e-08, 3.61, 2.66, 1e-08, 0
255268801, 3.83, 1.15e-07, 8.72e-08, 2.88, 0.87, 1e-08, 0
255528001, 3.98, 7.03e-08, 5.18e-08, 2.52, 0.65, 1e-08, 0
257601601, 3.84, 8.26e-08, 4.94e-08, 5.92, 4.42, 1e-08, 102
257860801, 2.13, 5.29e-08, 5.45e-07, 8.25, 5.32, 1e-08, 102
258379201, 1.15, 4.99e-09, 8.93e-09, 1.26, 0.8, 1e-08, 0
258897601, 2.82, 5.04e-08, 4.56e-08, 2.26, 0.66, 1e-08, 0
259416001, 4.05, 4.19e-08, 4.62e-08, 1.86, 0.6, 1e-08, 0
259934401, 1.06, 5.7e-08, 6.22e-08, 3.07, 2.06, 1e-08, 0
260193601, 10.25, 1.18e-07, 5.49e-08, 2.54, 0.53, 1e-08, 0
260452801, 10.11, 4.22e-08, 2.6e-08, 1.82, 0.33, 1e-08, 0
260971201, 5.26, 8.22e-08, 5.9e-07, 8.47, 3.71, 1e-08, 102
261489601, 1.17, 4.17e-08, 5.76e-08, 3.08, 2.55, 1e-08, 0
261748801, 12.43, 1.72e-08, 1.52e-08, 1.51, 0.4, 1e-08, 0
262008001, 6.85, 6.07e-08, 4.95e-08, 2.63, 0.7, 1e-08, 0
262267201, 8.02, 7.17e-08, 3.72e-08, 2.23, 0.35, 1e-08, 0
262526401, 14.44, 3.72e-08, 3.1e-08, 1.86, 0.42, 1e-08, 0
262785601, 28.34, 5.01e-08, 2.99e-08, 1.63, 0.29, 1e-08, 0
263044801, 25.75, 9.52e-08, 5.2e-08, 2.0, 0.32, 1e-08, 0
263304001, 6.46, 7.14e-08, 4.66e-08, 2.22, 0.41, 1e-08, 0
263563201, 2.49, 3.02e-08, 2.92e-08, 2.21, 0.64, 1e-08, 0
264081601, 3.86, 9.85e-08, 6.33e-08, 3.57, 5.09, 1e-08, 102
264340801, 9.04, 9.3e-08, 5.11e-08, 2.25, 0.44, 1e-08, 0
264859201, 10.0, 5.04e-09, 7.37e-09, 1.15, 0.74, 1e-08, 0
266155201, 2.17, 6.03e-08, 4.67e-08, 8.32, 0.4, 1e-08, 0
266414401, 4.98, 8e-08, 5.7e-08, 3.23, 1.35, 1e-08, 0
266673601, 2.74, 2.01e-08, 2.19e-08, 2.11, 0.63, 1e-08, 0
266932801, 1.21, 1.21e-08, 1.95e-08, 1.99, 0.82, 1e-08, 0
267192001, 1.63, 3.54e-08, 3.65e-08, 2.7, 0.89, 1e-08, 0
267451201, 2.32, 1.32e-08, 1.48e-08, 1.75, 0.54, 1e-08, 0
267710401, 13.51, 5.17e-08, 4.49e-08, 2.01, 0.49, 1e-08, 0
267969601, 12.32, 3.86e-08, 3.5e-08, 1.94, 0.48, 1e-08, 0
268228801, 7.15, 1.45e-07, 8.51e-08, 3.35, 6.23, 1e-08, 0
268488001, 10.45, 6.14e-08, 4.07e-08, 1.83, 0.38, 1e-08, 0
268747201, 7.02, 1.32e-07, 7.62e-08, 2.89, 0.73, 1e-08, 0
269006401, 30.03, 1.91e-07, 6.2e-08, 2.16, 0.24, 1e-08, 0
269265601, 13.42, 7.39e-08, 4.2e-08, 2.04, 0.35, 1e-08, 0
269524801, 11.93, 1.23e-07, 5.81e-08, 2.49, 0.44, 1e-08, 0
269784001, 8.93, 1.29e-07, 6.52e-08, 3.0, 0.78, 1e-08, 0
270043201, 13.78, 7.73e-08, 4.84e-08, 2.19, 0.39, 1e-08, 0
270302401, 53.88, 2.07e-07, 6.4e-08, 2.3, 0.24, 1e-08, 0
270561601, 37.13, 9.24e-08, 4.25e-08, 1.9, 0.24, 1e-08, 0
270820801, 26.9, 2.21e-07, 6.7e-08, 2.71, 0.33, 1e-08, 0
271080001, 9.26, 6.82e-08, 4.09e-08, 2.1, 0.36, 1e-08, 0
271339201, 5.73, 6.08e-08, 4.51e-08, 2.17, 0.43, 1e-08, 0
271598401, 1.44, 2.77e-08, 3.26e-08, 2.12, 0.64, 1e-08, 0
271857601, 11.33, 1.4e-07, 6.42e-08, 2.71, 0.46, 1e-08, 0
272376001, 1.7, 1.81e-08, 2.01e-08, 1.96, 0.58, 1e-08, 0
272894401, 7.9, 1.02e-07, 5.42e-08, 2.68, 0.54, 1e-08, 0
273153601, 3.32, 9.51e-08, 8.6e-07, 8.55, 4.67, 1e-08, 102
273412801, 14.33, 1.19e-07, 6.31e-08, 2.38, 0.4, 1e-08, 0
273672001, 7.57, 3.83e-09, 3.89e-09, 0.0, 0, 1e-08, 0
273931201, 2.13, 8.71e-08, 6.6e-08, 4.03, 5.98, 1e-08, 102
274190401, 4.13, 7.91e-08, 6e-08, 2.59, 0.6, 1e-08, 0
274449601, 2.68, 1.19e-07, 8.58e-08, 4.32, 5.22, 1e-08, 102
275227201, 5.43, 1.51e-07, 8.38e-08, 8.18, 3.94, 1e-08, 102
275486401, 1.21, 6.1e-08, 5.91e-08, 4.02, 8.01, 1e-08, 102
275745601, 5.39, 4.58e-08, 3.88e-08, 2.1, 0.5, 1e-08, 0
276004801, 1.48, 5.4e-08, 6.3e-08, 2.53, 0.77, 1e-08, 0
276523201, 4.97, 1.02e-07, 7.7e-08, 2.55, 0.58, 1e-08, 0
276782401, 14.09, 7.05e-08, 3.55e-08, 1.74, 0.28, 1e-08, 0
277300801, 5.25, 2.3e-08, 2.49e-08, 1.72, 0.53, 1e-08, 0
277560001, 1.75, 7.7e-08, 6.72e-08, 4.85, 6.27, 1e-08, 102
278596801, 5.4, 5.35e-09, 6.33e-09, 1.23, 0.61, 1e-08, 0
279633601, 5.44, 1.4e-07, 7.91e-08, 3.57, 1.25, 1e-08, 0
279892801, 10.34, 8.19e-08, 6.12e-08, 2.56, 0.58, 1e-08, 0
280411201, 2.14, 8.49e-08, 6.53e-08, 4.14, 6.13, 1e-08, 102
280670401, 1.57, 4.53e-08, 5.18e-08, 2.69, 0.93, 1e-08, 0
280929601, 5.35, 8.77e-08, 5.82e-08, 2.23, 0.44, 1e-08, 0
281448001, 1.63, 9.23e-08, 8.36e-08, 4.14, 6.63, 1e-08, 102
281707201, 1.69, 6.72e-09, 1.14e-08, 1.31, 0.75, 1e-08, 0
281966401, 3.53, 6.45e-08, 4.87e-08, 2.35, 0.55, 1e-08, 0
282484801, 17.24, 4.6e-08, 3.64e-08, 1.72, 0.36, 1e-08, 0
283003201, 1.23, 1.9e-08, 2.37e-08, 1.94, 0.6, 1e-08, 0
283262401, 1.17, 2.72e-08, 3.86e-08, 2.17, 0.87, 1e-08, 0
283521601, 2.86, 1.03e-07, 7.52e-08, 8.19, 5.02, 1e-08, 102
283780801, 9.64, 7.78e-08, 5.43e-08, 2.23, 0.47, 1e-08, 0
284299201, 3.98, 1.2e-07, 9.69e-07, 8.66, 4.18, 1e-08, 102
285595201, 1.82, 9.21e-08, 7.39e-08, 5.06, 6.14, 1e-08, 102
286372801, 3.82, 9e-08, 6.12e-08, 2.56, 0.67, 1e-08, 0
286632001, 1.13, 2.21e-08, 3.36e-08, 2.16, 0.89, 1e-08, 0
287409601, 1.15, 1.94e-08, 2.78e-08, 2.32, 0.99, 1e-08, 0
287668801, 2.35, 1.84e-08, 2.76e-08, 2.08, 0.86, 1e-08, 0
287928001, 9.42, 8.73e-08, 5.47e-08, 2.26, 0.46, 1e-08, 0
288187201, 4.88, 1.27e-07, 7.11e-08, 8.69, 0.29, 1e-08, 0
288446401, 4.65, 3.01e-08, 3.86e-08, 2.04, 0.68, 1e-08, 0
288705601, 1.12, 2.21e-08, 2.92e-08, 2.02, 0.67, 1e-08, 0
289224001, 1.27, 5.22e-08, 8.88e-08, 3.38, 8.95, 1e-08, 102
289742401, 8.2, 1.62e-07, 7.21e-08, 3.54, 1.32, 1e-08, 0
290001601, 1.45, 2.01e-08, 2.4e-08, 2.03, 0.63, 1e-08, 0
290260801, 3.99, 1.04e-07, 6.4e-08, 2.95, 0.69, 1e-08, 0
290779201, 2.06, 3.11e-08, 3.14e-08, 2.01, 0.53, 1e-08, 0
291038401, 4.97, 1.11e-08, 1.28e-08, 1.41, 0.55, 1e-08, 0
291556801, 15.98, 1.26e-07, 6.28e-08, 2.24, 0.36, 1e-08, 0
291816001, 4.41, 7.19e-09, 9.13e-09, 1.38, 0.61, 1e-08, 0
292334401, 12.57, 1.49e-07, 7.31e-08, 2.58, 0.47, 1e-08, 0
292593601, 6.02, 1.29e-07, 6.9e-08, 3.05, 0.6, 1e-08, 0
292852801, 3.39, 7.21e-08, 5.71e-08, 2.6, 0.71, 1e-08, 0
293112001, 2.89, 9.57e-08, 6.63e-08, 2.98, 1.08, 1e-08, 0
293630401, 5.55, 3.31e-08, 3.5e-08, 1.89, 0.52, 1e-08, 0
293889601, 3.4, 3.4e-08, 3.32e-08, 2.18, 0.58, 1e-08, 0
294667201, 2.03, 7.83e-08, 6.37e-08, 5.29, 5.68, 1e-08, 102
294926401, 3.86, 1.67e-08, 2.74e-08, 1.75, 0.76, 1e-08, 0
295185601, 3.54, 9.05e-08, 5.76e-08, 3.84, 4.88, 1e-08, 102
295444801, 7.56, 2.58e-08, 2.15e-08, 1.65, 0.39, 1e-08, 0
295704001, 3.16, 8.22e-09, 1.13e-08, 1.61, 0.71, 1e-08, 0
296222401, 4.49, 8.08e-08, 5.79e-08, 2.76, 0.76, 1e-08, 0
296481601, 1.27, 3.99e-08, 4.32e-08, 2.71, 1.14, 1e-08, 0
298296001, 1.9, 5.44e-08, 6.08e-08, 2.81, 1.21, 1e-08, 0
298814401, 4.63, 1.05e-08, 1.7e-08, 1.54, 0.74, 1e-08, 0
300110401, 2.85, 3.78e-08, 3.52e-08, 2.12, 0.59, 1e-08, 0
300369601, 1.86, 8.53e-08, 6.86e-08, 4.0, 6.28, 1e-08, 102
300628801, 4.59, 7.83e-08, 5.46e-08, 2.55, 0.59, 1e-08, 0
301147201, 5.05, 1.24e-07, 6.71e-08, 3.45, 0.97, 1e-08, 0
301406401, 2.55, 9.68e-08, 7.94e-08, 4.13, 5.53, 1e-08, 102
301924801, 4.19, 1.25e-07, 7.3e-08, 4.21, 4.45, 1e-08, 102
302184001, 3.64, 3.49e-08, 3.93e-08, 2.05, 0.61, 1e-08, 0
302443201, 1.15, 7.33e-08, 7.98e-08, 3.16, 1.14, 1e-08, 0
302702401, 2.72, 5.83e-09, 7.25e-09, 1.15, 0.56, 1e-08, 0
303220801, 6.05, 1.28e-07, 7.19e-08, 3.1, 0.72, 1e-08, 0
304776001, 11.59, 2.16e-07, 8.4e-08, 5.57, 2.8, 1e-08, 102
305035201, 3.3, 7.44e-08, 5.86e-08, 2.79, 0.85, 1e-08, 0
305294401, 2.96, 2.31e-08, 2.55e-08, 1.98, 0.63, 1e-08, 0
305553601, 2.01, 6.24e-08, 5.44e-08, 3.51, 6.99, 1e-08, 102
306072001, 2.09, 6.94e-08, 8.06e-08, 3.35, 7.13, 1e-08, 102
306331201, 1.06, 5.51e-08, 6.08e-08, 8.27, 0.57, 1e-08, 0
306849601, 5.18, 1.37e-07, 7.21e-08, 7.76, 3.77, 1e-08, 102
307108801, 21.36, 1.87e-08, 1.62e-08, 1.64, 0.41, 1e-08, 0
307368001, 4.82, 1.59e-08, 2.28e-08, 1.76, 0.62, 1e-08, 0
307886401, 6.25, 1.89e-08, 1.61e-08, 1.55, 0.39, 1e-08, 0
308404801, 3.22, 1.09e-07, 7.78e-08, 3.3, 1.72, 1e-08, 0
308664001, 4.86, 1.14e-07, 8.41e-08, 2.67, 0.74, 1e-08, 0
308923201, 12.11, 4.15e-08, 3.01e-08, 1.68, 0.35, 1e-08, 0
309182401, 1.89, 3.42e-09, 1.12e-08, 0.77, 0.63, 1e-08, 0
309441601, 5.14, 1.22e-07, 6.7e-08, 3.36, 1.1, 1e-08, 0
309960001, 9.92, 5.4e-08, 3.97e-08, 2.08, 0.49, 1e-08, 0
310219201, 1.63, 6.55e-08, 8.04e-08, 3.32, 7.79, 1e-08, 102
311256001, 3.41, 4.67e-08, 4.57e-08, 2.28, 0.6, 1e-08, 0
312033601, 3.57, 8.96e-08, 6.34e-08, 2.84, 0.69, 1e-08, 0
312292801, 2.57, 1.23e-08, 1.38e-08, 1.65, 0.57, 1e-08, 0
312811201, 5.17, 1.61e-07, 8.81e-08, 5.26, 3.81, 1e-08, 102
313070401, 8.19, 5.37e-08, 9.84e-08, 2.07, 1.06, 1e-08, 0
313329601, 1.78, 7.46e-08, 6.62e-08, 3.2, 1.25, 1e-08, 0
315144001, 2.53, 7.02e-08, 6.67e-08, 2.89, 0.99, 1e-08, 0
315662401, 7.36, 1.6e-07, 1.02e-07, 2.7, 0.59, 1e-08, 0
315921601, 1.78, 1e-07, 9.12e-08, 3.59, 1.19, 1e-08, 0
316440001, 2.69, 1.1e-07, 7.69e-08, 5.04, 5.2, 1e-08, 102
316958401, 1.36, 6.61e-08, 6.8e-08, 3.88, 7.67, 1e-08, 102
317217601, 2.89, 1.19e-07, 7.8e-08, 5.02, 4.95, 1e-08, 102
317476801, 2.68, 3.53e-08, 3.8e-08, 2.29, 0.68, 1e-08, 0
317995201, 2.36, 8.28e-08, 6.12e-08, 4.11, 5.94, 1e-08, 102
318772801, 1.59, 3e-08, 3.53e-08, 2.04, 0.61, 1e-08, 0
319291201, 7.64, 1.95e-07, 9.97e-07, 8.91, 2.64, 1e-08, 102
319550401, 2.81, 9.11e-08, 6.4e-08, 3.2, 1.33, 1e-08, 0
320328001, 7.33, 8.46e-08, 5.12e-08, 2.48, 0.48, 1e-08, 0
321105601, 1.36, 6.89e-08, 6.41e-08, 4.38, 7.09, 1e-08, 102
321364801, 2.55, 2.99e-08, 2.82e-08, 1.98, 0.55, 1e-08, 0
323179201, 4.16, 8.91e-08, 6.18e-08, 2.92, 0.83, 1e-08, 0
323956801, 1.46, 5.15e-08, 4.97e-08, 2.68, 0.71, 1e-08, 0
324475201, 1.42, 2.97e-08, 2.88e-08, 2.74, 0.78, 1e-08, 0
324734401, 1.79, 3.43e-08, 3.03e-08, 3.08, 1.53, 1e-08, 0
324993601, 1.77, 4.6e-08, 4.17e-08, 2.65, 1.02, 1e-08, 0
325252801, 1.13, 2.95e-08, 3.97e-08, 2.26, 0.76, 1e-08, 0
326030401, 2.4, 8.24e-08, 1.03e-07, 3.38, 3.64, 1e-08, 0
326548801, 1.05, 6.83e-08, 7.45e-08, 4.24, 8.26, 1e-08, 102
326808001, 1.77, 6.99e-08, 8.32e-08, 2.99, 1.53, 1e-08, 0
327067201, 3.62, 1.21e-07, 9.92e-08, 3.05, 1.13, 1e-08, 0
327326401, 2.36, 7.33e-08, 6.57e-08, 2.56, 0.81, 1e-08, 0
327585601, 2.3, 1.05e-07, 8.78e-08, 3.95, 5.86, 1e-08, 102
329140801, 2.88, 4.65e-08, 4.2e-08, 2.39, 0.64, 1e-08, 0
329400001, 3.4, 1.03e-07, 6.79e-08, 8.59, 0.34, 1e-08, 0
330436801, 5.48, 1.43e-07, 3.41e-06, 7.5, 6.14, 1e-08, 0
330955201, 1.5, 6.69e-08, 1.08e-07, 3.27, 8.12, 1e-08, 102
331214401, 1.14, 7.7e-08, 7.83e-08, 5.71, 7.36, 1e-08, 102
331732801, 3.63, 1.45e-07, 9.08e-08, 3.83, 1.75, 1e-08, 0
333028801, 2.64, 9.31e-08, 8.66e-07, 8.53, 4.8, 1e-08, 102
335620801, 5.89, 1.27e-07, 6.5e-08, 3.57, 4.04, 1e-08, 102
335880001, 1.11, 1.5e-08, 2.03e-08, 1.84, 0.65, 1e-08, 0
336657601, 5.59, 1.4e-07, 7.91e-08, 3.08, 0.71, 1e-08, 0
336916801, 2.03, 5.85e-08, 7.24e-08, 3.19, 2.02, 1e-08, 0
337435201, 11.46, 1.39e-07, 6.02e-08, 2.92, 0.54, 1e-08, 0
337694401, 1.66, 2.03e-08, 3.5e-08, 1.77, 0.85, 1e-08, 0
337953601, 1.2, 6.35e-08, 6.45e-08, 5.31, 7.16, 1e-08, 102
338990401, 3.04, 9.66e-08, 6.56e-08, 4.2, 5.29, 1e-08, 102
339249601, 4.88, 6.51e-08, 4.8e-08, 2.26, 0.52, 1e-08, 0
340545601, 2.73, 1.16e-08, 1.66e-08, 1.88, 0.76, 1e-08, 0
341064001, 3.62, 1.15e-07, 7.21e-08, 4.61, 4.48, 1e-08, 102
341323201, 4.16, 6.42e-08, 5.48e-08, 2.49, 0.68, 1e-08, 0
341582401, 7.06, 4.92e-08, 3.72e-08, 2.12, 0.47, 1e-08, 0
343915201, 3.09, 1.03e-07, 7e-08, 3.22, 1.05, 1e-08, 0
344174401, 5.83, 6.45e-09, 9.33e-09, 1.35, 0.68, 1e-08, 0
344692801, 4.75, 1.12e-07, 6.3e-08, 2.93, 0.62, 1e-08, 0
345729601, 11.85, 2.33e-07, 9.6e-08, 3.75, 3.1, 1e-08, 0
345988801, 2.66, 4.76e-08, 4.37e-08, 2.29, 0.57, 1e-08, 0
346507201, 1.19, 3.12e-08, 5.21e-08, 2.27, 1.02, 1e-08, 0
347025601, 1.42, 4.66e-08, 4.74e-08, 3.08, 1.1, 1e-08, 0
347544001, 12.6, 2.34e-07, 8.9e-08, 4.63, 2.67, 1e-08, 102
348321601, 2.95, 1.15e-07, 8.5e-08, 4.15, 5.08, 1e-08, 102
348840001, 4.67, 1.58e-07, 8.91e-08, 4.75, 3.98, 1e-08, 102
349358401, 6.83, 9.5e-09, 9e-09, 1.19, 0.47, 1e-08, 0
350913601, 3.3, 5.41e-08, 4.6e-08, 2.14, 0.5, 1e-08, 0
351172801, 7.96, 7.68e-08, 5.82e-08, 2.35, 0.61, 1e-08, 0
351950401, 1.54, 9.34e-09, 1.41e-08, 1.81, 0.81, 1e-08, 0
352468801, 1.27, 6.86e-08, 6.44e-08, 5.71, 7.13, 1e-08, 102
354024001, 1.54, 7.31e-08, 6.69e-08, 4.43, 6.77, 1e-08, 102
354542401, 5.54, 3.07e-09, 3.21e-09, 0.31, 0.95, 1e-08, 0
355060801, 1.11, 5.68e-08, 6.7e-08, 2.8, 1.13, 1e-08, 0
355579201, 1.97, 2.42e-08, 2.9e-08, 2.04, 0.64, 1e-08, 0
356097601, 1.34, 6.15e-08, 5.67e-08, 5.0, 7.33, 1e-08, 102
357393601, 5.11, 2.07e-08, 2.02e-08, 1.54, 0.46, 1e-08, 0
357652801, 3.6, 1.21e-07, 7.8e-08, 3.64, 4.94, 1e-08, 102
357912001, 1.46, 8.98e-08, 7.83e-08, 5.9, 6.56, 1e-08, 102
358171201, 2.66, 9.75e-08, 6.84e-08, 4.24, 5.49, 1e-08, 102
358948801, 3.41, 1.17e-07, 1e-06, 8.65, 4.42, 1e-08, 102
359208001, 8.37, 9.45e-08, 5.62e-08, 2.46, 0.42, 1e-08, 0
359985601, 9.0, 1.87e-07, 8.4e-08, 3.41, 0.61, 1e-08, 0
360244801, 2.38, 2.3e-08, 2.73e-08, 1.95, 0.61, 1e-08, 0
361540801, 2.39, 4.71e-08, 4.6e-08, 2.5, 0.67, 1e-08, 0
361800001, 2.34, 7.92e-08, 8.33e-07, 8.45, 5.43, 1e-08, 102
362836801, 1.63, 8.83e-09, 1.09e-08, 1.09, 0.53, 1e-08, 0
363873601, 2.42, 2.72e-08, 3.85e-08, 2.14, 0.82, 1e-08, 0
364132801, 1.32, 8.45e-08, 9.97e-07, 8.49, 6.14, 1e-08, 102
364392001, 1.94, 7.46e-09, 1.12e-08, 1.49, 0.7, 1e-08, 0
364651201, 1.13, 7e-08, 7.08e-08, 4.05, 8.1, 1e-08, 102
364910401, 2.17, 7.89e-08, 6.4e-08, 2.81, 0.82, 1e-08, 0
365428801, 2.77, 5.83e-08, 5.09e-08, 2.35, 0.62, 1e-08, 0
365688001, 2.04, 1.27e-08, 1.69e-08, 1.77, 0.69, 1e-08, 0
366984001, 3.01, 1.15e-07, 8.11e-08, 5.57, 4.96, 1e-08, 102
367243201, 4.16, 8.96e-08, 6.65e-08, 2.89, 0.77, 1e-08, 0
368280001, 3.83, 8.64e-08, 5.98e-08, 2.69, 0.66, 1e-08, 0
368539201, 1.85, 7.44e-08, 7.08e-08, 3.11, 1.15, 1e-08, 0
368798401, 2.45, 4.4e-08, 4.65e-08, 2.39, 0.73, 1e-08, 0
369057601, 2.78, 9.9e-08, 6.79e-08, 6.24, 4.97, 1e-08, 102
369316801, 1.04, 3.19e-08, 4.11e-08, 2.84, 1.41, 1e-08, 0
369576001, 1.0, NaN, NaN, NaN, NaN, 1e-08, 0
371649601, 4.57, 1.57e-08, 2.07e-08, 1.74, 0.62, 1e-08, 0
372168001, 1.16, 4.58e-08, 5.91e-07, 8.18, 6.68, 1e-08, 102
372427201, 1.21, 1.16e-08, 1.99e-08, 1.83, 0.86, 1e-08, 0
373464001, 1.35, 5.57e-08, 5.5e-08, 3.02, 1.44, 1e-08, 0
373723201, 1.21, 5.59e-08, 5.62e-08, 5.88, 7.46, 1e-08, 102
375278401, 4.07, 1.24e-07, 9.26e-07, 8.68, 3.87, 1e-08, 102
376056001, 2.55, 1.11e-07, 7.53e-08, 4.4, 5.29, 1e-08, 102
376315201, 7.16, 1.81e-08, 1.88e-08, 1.61, 0.46, 1e-08, 0
378388801, 3.17, 8.7e-08, 6.07e-08, 2.95, 0.77, 1e-08, 0
379944001, 3.87, 1.23e-07, 7.71e-08, 4.28, 4.68, 1e-08, 102
380203201, 6.85, 1.83e-07, 8.91e-08, 3.66, 1.57, 1e-08, 0
380462401, 3.16, 7.62e-09, 8.3e-09, 1.24, 0.84, 1e-08, 0
380980801, 6.54, 8.54e-08, 5.64e-08, 2.23, 0.44, 1e-08, 0
382795201, 1.86, 8.91e-08, 7.39e-08, 6.32, 6.05, 1e-08, 102
383572801, 7.07, 9.23e-09, 1.26e-08, 1.45, 0.64, 1e-08, 0
384091201, 4.73, 8.43e-08, 6.19e-07, 8.48, 3.79, 1e-08, 102
384350401, 1.96, 4.25e-08, 3.47e-08, 2.91, 0.89, 1e-08, 0
385646401, 2.1, 8.37e-08, 6.71e-08, 4.91, 6.05, 1e-08, 102
385905601, 4.92, 1.2e-07, 6.69e-08, 7.0, 4.13, 1e-08, 102
386683201, 6.06, 1.39e-07, 7.35e-07, 8.74, 2.73, 1e-08, 102
387460801, 1.3, 7.85e-08, 8.36e-08, 3.45, 7.92, 1e-08, 102
389534401, 2.53, 2.83e-08, 5.31e-08, 2.33, 1.29, 1e-08, 0
390312001, 2.07, 1.36e-07, 1.1e-07, 4.22, 5.92, 1e-08, 102
390830401, 4.36, 1.64e-07, 9.51e-08, 4.13, 4.21, 1e-08, 102
392385601, 2.46, 8.29e-08, 6.21e-08, 8.07, 5.44, 1e-08, 102
392904001, 1.71, 3.59e-08, 3.9e-08, 2.1, 0.61, 1e-08, 0
397569601, 1.22, 4.22e-08, 4.58e-08, 2.71, 1.12, 1e-08, 0
398088001, 3.88, 9.48e-08, 5.82e-08, 4.82, 4.74, 1e-08, 102
399124801, 1.25, 7.55e-08, 8.15e-08, 4.18, 7.37, 1e-08, 102
399384001, 3.21, 1.43e-08, 1.88e-08, 1.83, 0.65, 1e-08, 0
400420801, 1.11, 2.55e-08, 3.15e-08, 2.31, 0.71, 1e-08, 0
400680001, 2.51, 1.65e-08, 2.26e-08, 1.87, 0.76, 1e-08, 0
401976001, 4.52, 5.42e-08, 4.29e-08, 2.35, 0.54, 1e-08, 0
402494401, 1.4, 6.76e-08, 6.13e-08, 4.92, 6.88, 1e-08, 102
404308801, 6.51, 1.39e-07, 6.79e-08, 4.53, 3.53, 1e-08, 102
404568001, 6.78, 2.18e-07, 1.11e-07, 3.39, 1.29, 1e-08, 0
405604801, 1.07, 2.91e-08, 3.46e-08, 2.79, 0.99, 1e-08, 0
405864001, 1.91, 6.63e-08, 5.88e-08, 3.78, 6.85, 1e-08, 102
406382401, 1.45, 4.81e-08, 5e-08, 3.26, 1.74, 1e-08, 0
408196801, 1.04, 1.89e-08, 3.36e-08, 1.83, 0.94, 1e-08, 0
410011201, 3.4, 1.23e-07, 7.92e-08, 3.3, 1.25, 1e-08, 0
411825601, 1.92, 6.57e-08, 6.04e-08, 3.33, 1.38, 1e-08, 0
413899201, 1.96, 1.01e-07, 7.98e-08, 5.1, 5.8, 1e-08, 102
414676801, 2.95, 9.54e-09, 1.6e-08, 1.6, 0.81, 1e-08, 0
415454401, 1.08, 3.76e-09, 8.03e-09, 1.1, 0.65, 1e-08, 0
416750401, 4.19, 1.29e-07, 7.61e-08, 4.19, 4.45, 1e-08, 102
418046401, 5.05, 1.52e-07, 8.41e-08, 4.6, 4.26, 1e-08, 102
418305601, 2.18, 7.47e-08, 6.03e-08, 3.22, 1.07, 1e-08, 0
419860801, 5.29, 1.74e-08, 4.55e-08, 1.58, 1.11, 1e-08, 0
420120001, 2.37, 7.53e-08, 5.75e-08, 4.81, 5.76, 1e-08, 102
420638401, 1.66, 7.13e-08, 6.49e-08, 3.28, 1.64, 1e-08, 0
420897601, 1.52, 7.05e-08, 6.72e-08, 3.15, 1.01, 1e-08, 0
421675201, 2.6, 1.05e-07, 8.01e-08, 3.49, 2.89, 1e-08, 0
422971201, 2.49, 9.31e-08, 6.97e-08, 3.83, 5.78, 1e-08, 102
423230401, 5.47, 1.12e-07, 6.42e-08, 8.63, 0.3, 1e-08, 0
424785601, 8.57, 1.98e-07, 8.7e-08, 4.33, 3.3, 1e-08, 102
425563201, 2.86, 1.02e-07, 7.17e-08, 4.03, 5.58, 1e-08, 102
426340801, 2.0, 3.32e-08, 4.6e-08, 2.14, 0.75, 1e-08, 0
427118401, 2.21, 2.16e-08, 2.53e-08, 1.74, 0.56, 1e-08, 0
428932801, 4.29, 3.56e-08, 3.43e-08, 2.12, 0.61, 1e-08, 0
429192001, 7.56, 1.12e-07, 7.68e-08, 2.56, 0.61, 1e-08, 0
429451201, 2.67, 7.01e-08, 6e-08, 2.76, 0.92, 1e-08, 0
429969601, 1.3, 2.59e-08, 3.13e-08, 2.07, 0.64, 1e-08, 0
431006401, 2.67, 8.34e-08, 6.87e-08, 2.82, 0.8, 1e-08, 0
432302401, 4.25, 4.54e-08, 3.63e-08, 2.15, 0.51, 1e-08, 0
432561601, 3.29, 9.05e-08, 7.34e-08, 2.49, 0.75, 1e-08, 0
433339201, 1.35, 8e-08, 7.51e-08, 3.99, 7.48, 1e-08, 102
433598401, 1.87, 8.89e-08, 7.51e-08, 4.53, 5.99, 1e-08, 102
434376001, 2.39, 2.42e-08, 2.89e-08, 2.01, 0.71, 1e-08, 0
434635201, 6.22, 1.17e-07, 6.49e-08, 3.42, 1.86, 1e-08, 0
434894401, 3.57, 2.99e-08, 4.27e-08, 2.09, 0.82, 1e-08, 0
436708801, 1.99, 6.44e-08, 5.66e-08, 2.54, 0.6, 1e-08, 0
436968001, 4.91, 1.58e-07, 8.4e-08, 6.45, 3.83, 1e-08, 102
438004801, 1.58, 6.79e-08, 6.73e-08, 3.75, 7.47, 1e-08, 102
438264001, 8.68, 1.61e-07, 7.3e-08, 4.89, 3.41, 1e-08, 102
438523201, 3.26, 9.08e-08, 6.54e-08, 3.11, 1.13, 1e-08, 0
438782401, 4.49, 1.05e-07, 6.71e-08, 3.59, 2.77, 1e-08, 0
439041601, 2.1, 8.16e-08, 8.22e-08, 3.53, 6.97, 1e-08, 0
439560001, 1.13, 3.79e-08, 4.29e-08, 2.3, 0.69, 1e-08, 0
440337601, 5.4, 1.35e-08, 1.53e-08, 1.5, 0.52, 1e-08, 0
440596801, 1.89, 9.71e-09, 1.63e-08, 1.74, 0.89, 1e-08, 0
442152001, 2.4, 1.05e-07, 1.01e-06, 8.59, 4.96, 1e-08, 102
445780801, 7.3, 9.62e-08, 5.69e-08, 2.44, 0.54, 1e-08, 0
446299201, 1.11, 4.93e-08, 5.47e-08, 2.96, 1.1, 1e-08, 0
448891201, 1.62, 1.14e-08, 1.68e-08, 1.65, 0.68, 1e-08, 0
449409601, 1.71, 6.11e-08, 6.79e-08, 2.84, 1.06, 1e-08, 0
449928001, 1.11, 3.6e-08, 4.54e-08, 2.36, 0.88, 1e-08, 0
450187201, 1.05, 6.21e-08, 6.79e-08, 3.25, 2.06, 1e-08, 0
450446401, 1.9, 5.29e-08, 5.42e-08, 2.69, 0.81, 1e-08, 0
450705601, 3.84, 7.71e-08, 5.07e-08, 2.54, 0.5, 1e-08, 0
450964801, 2.66, 8.8e-08, 2.54e-07, 2.94, 9.08, 1e-08, 0
452001601, 1.1, 4.49e-08, 5.4e-08, 3.18, 1.34, 1e-08, 0
452520001, 4.01, 5.04e-08, 5.25e-08, 2.28, 0.68, 1e-08, 0
453297601, 4.92, 1.04e-07, 6.08e-08, 3.0, 0.7, 1e-08, 0
454593601, 1.32, 7.94e-08, 7.88e-08, 4.81, 6.86, 1e-08, 102
455630401, 2.64, 1.57e-08, 2.73e-08, 1.81, 0.86, 1e-08, 0
455889601, 7.16, 1.94e-07, 9.6e-08, 4.09, 3.82, 1e-08, 0
456148801, 7.42, 4.91e-08, 4.21e-08, 1.99, 0.46, 1e-08, 0
456408001, 2.21, 9.7e-08, 1.03e-06, 8.56, 5.5, 1e-08, 102
458222401, 1.1, 5.96e-08, 6.76e-08, 3.69, 8.29, 1e-08, 102
459259201, 1.99, 8.15e-08, 6.84e-08, 2.94, 0.88, 1e-08, 0
459777601, 2.01, 5.33e-09, 7.94e-09, 1.34, 0.69, 1e-08, 0
460814401, 1.21, 8.21e-08, 8.08e-08, 5.41, 7.25, 1e-08, 102
461332801, 1.38, 6.58e-08, 6.23e-08, 4.32, 7.2, 1e-08, 102
461592001, 10.85, 1.77e-07, 7.2e-08, 8.86, 0.21, 1e-08, 0
461851201, 7.66, 1.39e-07, 6.78e-08, 4.9, 3.58, 1e-08, 102
463406401, 1.97, 8.05e-08, 6.83e-08, 3.96, 6.1, 1e-08, 102
463924801, 2.15, 6.31e-08, 5.28e-08, 5.14, 5.98, 1e-08, 102
464184001, 1.12, 5.45e-08, 5.97e-08, 5.62, 7.49, 1e-08, 102
464702401, 1.59, 1.7e-08, 2.19e-08, 1.89, 0.72, 1e-08, 0
464961601, 1.06, 4.46e-08, 1.13e-07, 3.38, 10.2, 1e-08, 102
465220801, 1.66, 2.41e-08, 3.1e-08, 2.13, 0.74, 1e-08, 0
466257601, 1.98, 7.2e-08, 6.09e-08, 4.06, 6.09, 1e-08, 102
468072001, 5.92, 1.51e-07, 7.62e-08, 2.99, 0.64, 1e-08, 0
468331201, 6.81, 8.82e-08, 4.96e-08, 2.43, 0.45, 1e-08, 0
468590401, 10.46, 1.04e-07, 5.6e-08, 2.38, 0.4, 1e-08, 0
468849601, 14.23, 1.2e-07, 5.79e-08, 2.47, 0.43, 1e-08, 0
469108801, 8.62, 1.24e-07, 6e-08, 2.71, 0.47, 1e-08, 0
469368001, 5.52, 1.36e-07, 7.58e-08, 3.85, 3.87, 1e-08, 102
469627201, 3.94, 9.29e-08, 6.22e-08, 3.01, 0.83, 1e-08, 0
469886401, 10.07, 1.56e-07, 7.31e-08, 2.73, 0.43, 1e-08, 0
470145601, 8.02, 1.11e-08, 1.16e-08, 1.3, 0.49, 1e-08, 0
470404801, 12.92, 8.24e-08, 5.55e-08, 2.12, 0.44, 1e-08, 0
470664001, 2.1, 3.87e-08, 4.42e-08, 2.38, 0.87, 1e-08, 0
471182401, 3.15, 1.05e-07, 7e-08, 4.47, 4.99, 1e-08, 102
471441601, 12.42, 1.87e-07, 7.6e-08, 3.42, 0.96, 1e-08, 0
471700801, 3.37, 4.25e-08, 4.23e-08, 2.19, 0.73, 1e-08, 0
472219201, 4.53, 1e-07, 6.81e-08, 2.95, 0.73, 1e-08, 0
472478401, 3.44, 7.44e-08, 5.84e-08, 2.55, 0.55, 1e-08, 0
472737601, 3.94, 4.72e-08, 3.72e-08, 2.06, 0.46, 1e-08, 0
473256001, 3.81, 7.14e-08, 5.17e-08, 2.63, 0.66, 1e-08, 0
473515201, 3.21, 3.42e-08, 4.22e-08, 2.25, 0.88, 1e-08, 0
473774401, 18.68, 6.67e-08, 4.15e-08, 1.89, 0.34, 1e-08, 0
474033601, 24.8, 1.16e-07, 4.31e-08, 2.41, 0.29, 1e-08, 0
474292801, 3.38, 3.78e-08, 2.61e-08, 2.54, 0.54, 1e-08, 0
474552001, 9.14, 1.05e-07, 5.42e-08, 2.46, 0.45, 1e-08, 0
474811201, 1.48, 4.92e-08, 4.86e-08, 2.31, 0.78, 1e-08, 0
475070401, 1.26, 4.39e-08, 5.79e-08, 2.7, 1.58, 1e-08, 0
475588801, 1.85, 1.68e-08, 2.31e-08, 1.89, 0.91, 1e-08, 0
475848001, 12.86, 9.65e-08, 6.56e-08, 2.34, 0.52, 1e-08, 0
476107201, 11.65, 8e-08, 4.89e-08, 2.16, 0.43, 1e-08, 0
476625601, 2.24, 5.08e-08, 4.87e-08, 2.35, 0.83, 1e-08, 0
476884801, 1.76, 8.46e-08, 7.55e-08, 3.11, 1.7, 1e-08, 0
477403201, 1.32, 1.1e-08, 1.54e-08, 1.78, 0.69, 1e-08, 0
477921601, 3.48, 1.07e-07, 6.98e-08, 3.84, 4.9, 1e-08, 102
478699201, 9.08, 4.43e-08, 3.76e-08, 1.77, 0.43, 1e-08, 0
478958401, 3.52, 4.09e-08, 4.4e-08, 2.35, 0.74, 1e-08, 0
479217601, 3.81, 1.51e-07, 9.2e-08, 5.43, 4.29, 1e-08, 102
479995201, 1.45, 5.66e-08, 6.88e-07, 8.28, 6.29, 1e-08, 102
481032001, 1.14, 6.37e-08, 6.84e-08, 4.13, 8.12, 1e-08, 102
481550401, 6.24, 1.19e-07, 6.7e-08, 2.48, 0.44, 1e-08, 0
481809601, 1.32, 4.96e-08, 5.46e-08, 2.5, 0.82, 1e-08, 0
482068801, 7.05, 1.49e-07, 7.09e-08, 7.78, 3.49, 1e-08, 102
482587201, 1.24, 6e-08, 5.92e-08, 5.28, 7.56, 1e-08, 102
483364801, 3.27, 5.62e-08, 4.56e-08, 2.36, 0.59, 1e-08, 0
483624001, 2.85, 5.19e-08, 5.49e-08, 2.39, 0.79, 1e-08, 0
483883201, 6.96, 9.79e-08, 7.81e-08, 2.68, 0.64, 1e-08, 0
484401601, 1.33, 5.39e-08, 7e-07, 8.26, 6.71, 1e-08, 102
484920001, 3.15, 8.3e-08, 7.66e-07, 8.48, 4.76, 1e-08, 102
485179201, 3.42, 9.78e-09, 1.25e-08, 1.49, 0.58, 1e-08, 0
485438401, 1.98, 7.57e-08, 6.41e-08, 3.01, 1.31, 1e-08, 0
486216001, 3.43, 7.65e-08, 6.67e-08, 2.99, 0.87, 1e-08, 0
486993601, 7.37, 8.07e-09, 1.02e-08, 1.36, 0.58, 1e-08, 0
487512001, 6.3, 1.53e-08, 1.53e-08, 1.63, 0.51, 1e-08, 0
487771201, 3.51, 8.93e-08, 6.38e-08, 2.67, 0.71, 1e-08, 0
488030401, 2.19, 6.74e-08, 7.26e-08, 2.66, 0.99, 1e-08, 0
488289601, 1.97, 6.11e-08, 8.18e-08, 2.58, 1.09, 1e-08, 0
489067201, 2.78, 7.84e-08, 5.86e-08, 4.91, 5.32, 1e-08, 102
489326401, 3.32, 6.37e-08, 6.14e-08, 2.59, 0.73, 1e-08, 0
490363201, 1.31, 1.67e-08, 2.02e-08, 1.55, 0.48, 1e-08, 0
490881601, 3.29, 1.44e-08, 2.12e-08, 1.77, 0.71, 1e-08, 0
491918401, 10.76, 2.23e-08, 2.07e-08, 1.73, 0.46, 1e-08, 0
492177601, 7.31, 6.69e-08, 4.12e-08, 2.24, 0.42, 1e-08, 0
492436801, 3.58, 1.21e-07, 7.9e-08, 3.08, 0.78, 1e-08, 0
492955201, 5.31, 1.33e-07, 8.41e-08, 3.36, 1.59, 1e-08, 0
494510401, 1.89, 6.74e-08, 6.14e-08, 2.77, 0.89, 1e-08, 0
495028801, 1.86, 6.62e-08, 6.27e-08, 2.88, 0.87, 1e-08, 0
495288001, 1.33, 6.05e-08, 5.87e-08, 4.39, 7.32, 1e-08, 102
495547201, 4.57, 1.3e-07, 7.32e-08, 4.1, 4.25, 1e-08, 102
495806401, 2.63, 1e-07, 6.79e-08, 5.21, 5.03, 1e-08, 102
496065601, 3.22, 8.92e-08, 5.78e-08, 7.94, 4.7, 1e-08, 102
496843201, 1.13, 8.12e-08, 8.29e-08, 4.9, 7.54, 1e-08, 102
497880001, 9.84, 5.6e-08, 3.09e-08, 2.04, 0.36, 1e-08, 0
498398401, 5.84, 1.99e-08, 2e-08, 1.84, 0.53, 1e-08, 0
499176001, 1.38, 1.22e-08, 1.92e-08, 1.86, 0.81, 1e-08, 0
499694401, 1.36, 2.83e-08, 3.84e-08, 2.43, 0.86, 1e-08, 0
499953601, 3.06, 7e-08, 5.52e-08, 2.59, 0.69, 1e-08, 0
500472001, 1.04, 4.6e-08, 5.22e-08, 8.18, 0.59, 1e-08, 0
504619201, 6.9, 2.08e-07, 9.9e-08, 6.0, 3.33, 1e-08, 102
505137601, 2.86, 6.64e-08, 6.06e-08, 2.57, 0.66, 1e-08, 0
505915201, 2.24, 1.36e-08, 2.07e-08, 1.93, 0.8, 1e-08, 0
506952001, 2.08, 3.46e-08, 3.48e-08, 2.2, 0.63, 1e-08, 0
507729601, 6.05, 1.11e-07, 6.02e-08, 3.24, 0.98, 1e-08, 0
508248001, 6.03, 3.86e-08, 3.66e-08, 2.08, 0.57, 1e-08, 0
510062401, 2.93, 6.74e-08, 5.76e-08, 2.89, 0.92, 1e-08, 0
510321601, 3.16, 1.01e-07, 6.72e-08, 3.72, 2.07, 1e-08, 0
510840001, 1.24, 6.53e-08, 6.89e-08, 5.48, 6.98, 1e-08, 102
511099201, 2.28, 4.53e-08, 4.66e-08, 2.51, 0.74, 1e-08, 0
511617601, 4.9, 9.26e-08, 5.53e-08, 2.71, 0.55, 1e-08, 0
513691201, 5.08, 1.63e-08, 1.85e-08, 1.65, 0.53, 1e-08, 0
514209601, 3.3, 1.2e-07, 7.59e-08, 6.01, 4.67, 1e-08, 102
514728001, 6.53, 2.59e-08, 5.35e-08, 2.02, 1.07, 1e-08, 0
514987201, 5.48, 1.5e-07, 8.42e-08, 4.1, 4.04, 1e-08, 102
515246401, 1.81, 1.2e-07, 2.63e-06, 4.87, 5.94, 1e-08, 102
515505601, 6.44, 2.62e-08, 2.57e-08, 1.81, 0.5, 1e-08, 0
516024001, 1.14, 2.24e-08, 3.37e-08, 2.37, 0.96, 1e-08, 0
516542401, 7.3, 1.54e-07, 7.2e-08, 3.75, 1.62, 1e-08, 0
517060801, 2.97, 7.95e-08, 7.85e-07, 8.46, 5.09, 1e-08, 102
518356801, 1.68, 3.58e-08, 4.04e-08, 2.02, 0.61, 1e-08, 0
518616001, 1.7, 2.73e-08, 2.61e-08, 2.26, 0.64, 1e-08, 0
518875201, 2.05, 7.18e-08, 5.5e-08, 4.17, 6.04, 1e-08, 102
519393601, 8.1, 3.98e-08, 3.88e-08, 2.01, 0.52, 1e-08, 0
520689601, 1.31, 4.13e-08, 4.67e-08, 2.47, 0.77, 1e-08, 0
521467201, 1.31, 5.92e-08, 5.96e-08, 5.05, 7.2, 1e-08, 102
521985601, 1.18, 5.76e-08, 6.22e-08, 3.21, 1.4, 1e-08, 0
522244801, 5.74, 4.35e-08, 4.51e-08, 2.08, 0.58, 1e-08, 0
522763201, 1.64, 8.49e-08, 7.72e-08, 3.35, 1.85, 1e-08, 0
525096001, 4.37, 1.37e-07, 7.48e-08, 8.62, 4, 1e-08, 102
526910401, 4.02, 6.67e-08, 4.75e-08, 2.39, 0.55, 1e-08, 0
527169601, 1.61, 7.76e-08, 7.13e-08, 8.44, 0.47, 1e-08, 0
528724801, 1.75, 7.06e-08, 6.22e-08, 4.05, 6.71, 1e-08, 102
530020801, 1.03, 4.54e-08, 5.02e-08, 4.89, 8.16, 1e-08, 102
531316801, 1.5, 5.03e-08, 1.04e-06, 8.04, 5.3, 1e-08, 0
531576001, 2.6, 8.57e-08, 6.23e-08, 3.53, 1.48, 1e-08, 0
532612801, 1.29, 2.78e-08, 3.55e-08, 2.34, 0.8, 1e-08, 0
533908801, 4.44, 1.15e-07, 7.81e-08, 3.03, 1.08, 1e-08, 0
537278401, 1.55, 4.73e-08, 6.9e-08, 2.45, 1.13, 1e-08, 0
538315201, 6.45, 2.1e-07, 1.05e-07, 4.1, 3.72, 1e-08, 102
538574401, 2.74, 3.11e-08, 3.08e-08, 1.99, 0.58, 1e-08, 0
539352001, 1.64, 8.47e-08, 7.75e-08, 8.49, 0.47, 1e-08, 0
540388801, 13.7, 1.82e-07, 7.2e-08, 2.92, 0.56, 1e-08, 0
540907201, 1.29, 7.17e-08, 7.24e-08, 4.14, 7.27, 1e-08, 102
541166401, 3.92, 9.35e-08, 7.54e-08, 2.66, 0.83, 1e-08, 0
541684801, 5.17, 1.04e-07, 7.08e-08, 3.2, 0.73, 1e-08, 0
542203201, 2.15, 8.47e-08, 8.68e-07, 8.49, 5.29, 1e-08, 102
542462401, 1.62, 6.12e-08, 5.6e-08, 6.53, 6.75, 1e-08, 102
545054401, 1.37, 2.21e-07, 2.9e-07, 2.56, 1.04, 1e-08, 0
545313601, 3.39, 1.88e-07, 1.3e-07, 3.11, 1.18, 1e-08, 0
545832001, 4.0, 1.26e-07, 7.59e-08, 3.67, 1.59, 1e-08, 0
546350401, 1.66, 5.55e-08, 3.2e-07, 4.77, 1.56, 1e-08, 0
546609601, 1.49, 9.08e-09, 1.42e-08, 1.69, 0.65, 1e-08, 0
547128001, 4.73, 1.17e-07, 7.91e-08, 2.72, 0.58, 1e-08, 0
549460801, 1.12, 3.6e-08, 4.21e-08, 2.73, 0.97, 1e-08, 0
549979201, 4.03, 1.09e-07, 6.28e-08, 3.86, 4.49, 1e-08, 102
550238401, 1.12, 5.49e-08, 5.89e-08, 3.05, 1.43, 1e-08, 0
550497601, 2.3, 5.98e-08, 4.82e-08, 2.95, 0.82, 1e-08, 0
551534401, 4.39, 1.74e-07, 1.06e-07, 3.11, 0.7, 1e-08, 0
551793601, 1.9, 8.59e-08, 7.21e-08, 4.96, 6.06, 1e-08, 102
555163201, 3.07, 1.27e-07, 9.49e-08, 2.64, 0.62, 1e-08, 0
555422401, 3.61, 1.85e-08, 2.27e-08, 1.64, 0.65, 1e-08, 0
556200001, 2.01, 7.26e-08, 6.46e-08, 3.43, 6.56, 1e-08, 102
556459201, 3.8, 2.21e-08, 3.9e-08, 2.01, 0.94, 1e-08, 0
556718401, 1.21, 6.06e-08, 7.81e-08, 2.61, 0.87, 1e-08, 0
557236801, 4.19, 1.27e-07, 8.19e-08, 3.31, 1.03, 1e-08, 0
558792001, 2.66, 6.12e-08, 4.19e-08, 3.54, 5.7, 1e-08, 102
559051201, 1.21, 5.14e-08, 5.27e-08, 3.61, 7.97, 1e-08, 102
559310401, 3.08, 9.67e-08, 6.5e-08, 3.81, 5.27, 1e-08, 102
561124801, 3.19, 4.88e-08, 4.7e-08, 1.96, 0.54, 1e-08, 0
562680001, 1.18, 8.36e-09, 1.54e-08, 1.99, 0.96, 1e-08, 0
563198401, 2.76, 9.23e-08, 6.37e-08, 3.75, 5.33, 1e-08, 102
563457601, 2.54, 1.76e-08, 2.34e-08, 2.03, 0.74, 1e-08, 0
564235201, 1.8, 4.46e-08, 6.54e-08, 2.77, 1.21, 1e-08, 0
565272001, 4.77, 1.62e-08, 1.88e-08, 1.76, 0.53, 1e-08, 0
565790401, 1.59, 4.56e-08, 4.97e-08, 2.61, 0.8, 1e-08, 0
566049601, 8.4, 6.96e-08, 4.22e-08, 2.32, 0.42, 1e-08, 0
566308801, 4.83, 6.1e-08, 3.68e-08, 2.64, 0.54, 1e-08, 0
566568001, 16.16, 3.69e-07, 1.56e-07, 3.04, 0.48, 1e-08, 0
568641601, 3.0, 6.53e-08, 6.15e-08, 2.55, 0.73, 1e-08, 0
568900801, 7.43, 1.37e-08, 1.84e-08, 1.59, 0.6, 1e-08, 0
569160001, 6.3, 1.52e-07, 8.12e-08, 5.68, 3.62, 1e-08, 102
569678401, 3.34, 2.69e-08, 3.57e-08, 2.07, 0.7, 1e-08, 0
569937601, 10.38, 3.79e-09, 4.36e-09, 0.82, 0.72, 1e-08, 0
570196801, 3.9, 7.03e-09, 1.01e-08, 1.47, 0.69, 1e-08, 0
570456001, 1.11, 4.76e-08, 6.25e-08, 2.94, 3.6, 1e-08, 0
571233601, 6.0, 9.8e-08, 1.09e-07, 1.38, 0.57, 1e-08, 0
571492801, 8.72, 4.43e-07, 4.76e-07, 2.26, 0.75, 1e-08, 0
571752001, 2.22, 5.55e-07, 5.57e-07, 4.77, 4.78, 1e-08, 0
572011201, 1.22, 4.67e-07, 5.74e-07, 5.82, 8.24, 1e-08, 102
573048001, 3.82, 1.43e-07, 9.29e-08, 3.74, 1.74, 1e-08, 0
573307201, 3.91, 1.59e-08, 2.18e-08, 1.86, 0.72, 1e-08, 0
574084801, 11.17, 8.48e-08, 5.52e-08, 2.1, 0.4, 1e-08, 0
574344001, 5.75, 1.03e-07, 6.22e-08, 2.41, 0.41, 1e-08, 0
574603201, 14.44, 1.15e-07, 6.2e-08, 2.32, 0.4, 1e-08, 0
574862401, 11.33, 1.66e-07, 7.89e-08, 2.49, 0.41, 1e-08, 0
575121601, 5.32, 1.47e-07, 8.49e-08, 2.79, 0.53, 1e-08, 0
575380801, 6.18, 3.58e-08, 3.43e-08, 2.06, 0.59, 1e-08, 0
576158401, 4.27, 3.8e-08, 3.24e-08, 1.9, 0.46, 1e-08, 0
576417601, 2.54, 8.29e-08, 6.42e-08, 2.98, 0.92, 1e-08, 0
576936001, 5.08, 3.23e-08, 3.2e-08, 1.94, 0.69, 1e-08, 0
577454401, 5.1, 8.28e-08, 5.24e-08, 2.95, 0.73, 1e-08, 0
577713601, 7.89, 8.02e-08, 4.76e-08, 2.5, 0.49, 1e-08, 0
577972801, 2.61, 3.06e-08, 3.55e-08, 2.22, 0.7, 1e-08, 0
578491201, 1.38, 4.22e-08, 4.59e-08, 2.43, 0.77, 1e-08, 0
579268801, 9.74, 9e-08, 4.8e-08, 2.06, 0.33, 1e-08, 0
579528001, 8.52, 8.15e-08, 5.06e-08, 2.2, 0.45, 1e-08, 0
579787201, 2.54, 9.74e-08, 7.14e-08, 5.52, 5.42, 1e-08, 102
580305601, 5.33, 1.02e-07, 5.89e-08, 3.11, 0.94, 1e-08, 0
580824001, 2.12, 4.4e-08, 4.35e-08, 2.33, 0.62, 1e-08, 0
581342401, 1.59, 3.89e-08, 3.92e-08, 2.67, 1.02, 1e-08, 0
581860801, 2.76, 5.92e-08, 4.68e-08, 2.45, 0.55, 1e-08, 0
582120001, 3.77, 9.58e-08, 5.9e-08, 3.11, 0.8, 1e-08, 0
582379201, 8.45, 8.08e-08, 8.11e-08, 2.32, 0.66, 1e-08, 0
582638401, 3.68, 5.79e-08, 5.1e-08, 2.27, 0.6, 1e-08, 0
582897601, 4.0, 5.15e-08, 4.17e-08, 2.22, 0.53, 1e-08, 0
583156801, 4.24, 1.11e-07, 1.01e-07, 3.38, 5.09, 1e-08, 102
583416001, 4.71, 1.21e-07, 7.3e-08, 6.94, 4.14, 1e-08, 102
583675201, 2.77, 9.34e-08, 7.48e-08, 3.16, 1.13, 1e-08, 0
584193601, 4.65, 8.94e-08, 6.07e-08, 2.11, 0.43, 1e-08, 0
584452801, 4.05, 3.2e-08, 5.32e-08, 1.59, 0.7, 1e-08, 0
584712001, 5.27, 1.39e-07, 2.19e-07, 1.83, 0.81, 1e-08, 0
586785601, 11.86, 5.66e-08, 4.36e-08, 1.91, 0.41, 1e-08, 0
587304001, 4.96, 1.38e-07, 7.69e-08, 3.38, 1.48, 1e-08, 0
587563201, 1.84, 5.16e-08, 5.04e-08, 2.82, 0.97, 1e-08, 0
587822401, 3.48, 7.28e-08, 5.1e-08, 2.7, 0.62, 1e-08, 0
588340801, 2.11, 7.38e-08, 7.03e-08, 2.94, 1.02, 1e-08, 0
588600001, 1.88, 3.18e-08, 3.31e-08, 2.06, 0.56, 1e-08, 0
588859201, 4.42, 9.9e-08, 6.49e-08, 2.63, 0.68, 1e-08, 0
589118401, 6.68, 1.08e-07, 6.7e-08, 2.63, 0.55, 1e-08, 0
589377601, 1.05, 2.32e-08, 3.25e-08, 2.08, 0.76, 1e-08, 0
589636801, 6.79, 1.4e-07, 7.41e-08, 2.66, 0.48, 1e-08, 0
589896001, 29.44, 1.26e-07, 6.51e-08, 2.07, 0.33, 1e-08, 0
590155201, 24.78, 2.64e-07, 8.55e-08, 2.94, 0.42, 1e-08, 0
590414401, 43.6, 2.88e-07, 7.75e-08, 2.53, 0.25, 1e-08, 0
590673601, 128.55, 3.8e-07, 7.6e-08, 2.13, 0.15, 1e-08, 0
590932801, 27.12, 1.71e-07, 6.5e-08, 2.23, 0.29, 1e-08, 0
591192001, 52.29, 1.25e-07, 4.38e-08, 1.96, 0.22, 1e-08, 0
591451201, 15.56, 1.09e-07, 4.52e-08, 2.39, 0.37, 1e-08, 0
591710401, 18.65, 1.12e-07, 5.07e-08, 2.26, 0.32, 1e-08, 0
591969601, 7.73, 6.42e-08, 4.46e-08, 2.14, 0.42, 1e-08, 0
592488001, 1.82, 3.68e-08, 4.12e-08, 2.41, 0.9, 1e-08, 0
592747201, 3.66, 7.37e-08, 4.93e-08, 2.71, 0.6, 1e-08, 0
593006401, 1.21, 4.59e-08, 4.87e-08, 3.12, 1.05, 1e-08, 0
593265601, 1.01, 6.79e-08, 7.3e-08, 5.01, 7.75, 1e-08, 102
593784001, 6.03, 4.28e-08, 3.87e-08, 2.17, 0.53, 1e-08, 0
594043201, 3.34, 9.46e-08, 1.22e-06, 6.65, 3.33, 1e-08, 0
595339201, 7.44, 7.7e-08, 4.8e-08, 2.38, 0.46, 1e-08, 0
595598401, 1.38, 2.89e-08, 4.07e-08, 1.99, 0.89, 1e-08, 0
595857601, 2.23, 1.8e-08, 1.95e-08, 1.81, 0.57, 1e-08, 0
596635201, 3.22, 7.91e-08, 5.5e-08, 2.71, 1.18, 1e-08, 0
596894401, 7.49, 9.16e-08, 6.44e-08, 2.75, 0.62, 1e-08, 0
597412801, 1.05, 3.35e-08, 4.67e-08, 2.54, 1.19, 1e-08, 0
597672001, 13.32, 5.4e-08, 3.82e-08, 1.91, 0.38, 1e-08, 0
599227201, 2.3, 4.79e-07, 5.02e-07, 2.71, 0.94, 1e-08, 0
599486401, 4.07, 9.06e-07, 9.52e-07, 2.62, 0.98, 1e-08, 0
600264001, 4.1, 1.61e-07, 9.92e-08, 2.68, 0.55, 1e-08, 0
600523201, 3.61, 1.19e-07, 8.07e-08, 2.99, 0.67, 1e-08, 0
601041601, 4.0, 8.93e-08, 6.26e-08, 2.47, 0.54, 1e-08, 0
601300801, 1.77, 4.62e-08, 5.69e-08, 2.81, 1.05, 1e-08, 0
602078401, 2.02, 7.46e-08, 6.05e-08, 3.1, 1.24, 1e-08, 0
602596801, 2.14, 1.03e-07, 1.3e-07, 2.36, 0.83, 1e-08, 0
602856001, 2.56, 1.48e-07, 1.73e-07, 2.04, 0.75, 1e-08, 0
603374401, 7.77, 3.98e-07, 2.89e-07, 2.63, 0.63, 1e-08, 0
603892801, 6.58, 1.26e-07, 9.63e-07, 8.69, 3.93, 1e-08, 102
604152001, 12.21, 2.03e-07, 7.7e-08, 5.46, 2.72, 1e-08, 102
604411201, 8.8, 9.2e-08, 5.57e-08, 2.44, 0.49, 1e-08, 0
604670401, 2.73, 1.07e-07, 7.58e-08, 4.11, 5.5, 1e-08, 102
604929601, 8.2, 1.18e-07, 7.22e-08, 2.42, 0.46, 1e-08, 0
606225601, 1.54, 3.46e-08, 3.73e-08, 2.02, 0.71, 1e-08, 0
606484801, 5.2, 1.25e-07, 6.99e-08, 8.09, 4.09, 1e-08, 102
606744001, 2.39, 1.03e-08, 1.75e-08, 1.18, 0.52, 1e-08, 0
607003201, 4.44, 4.81e-08, 6.9e-08, 2.32, 0.88, 1e-08, 0
607262401, 11.07, 2e-07, 8e-08, 3.17, 0.57, 1e-08, 0
607521601, 3.3, 9.95e-08, 6.55e-08, 8.57, 0.34, 1e-08, 0
607780801, 1.88, 5.87e-08, 5.05e-08, 2.68, 0.82, 1e-08, 0
608040001, 5.1, 1.13e-07, 7.01e-08, 3.32, 2.09, 1e-08, 0
609336001, 6.64, 6.49e-08, 4.52e-08, 2.34, 0.52, 1e-08, 0
609595201, 12.71, 5.7e-08, 3.22e-08, 1.98, 0.32, 1e-08, 0
609854401, 2.46, 2.23e-08, 2.7e-08, 2.3, 0.79, 1e-08, 0
610113601, 4.59, 5.9e-08, 5.02e-08, 2.29, 0.57, 1e-08, 0
610372801, 7.17, 6.86e-08, 5.12e-08, 2.27, 0.52, 1e-08, 0
611150401, 7.17, 1.35e-07, 6.98e-08, 2.76, 0.54, 1e-08, 0
611409601, 1.67, 7.23e-09, 1.12e-08, 1.47, 0.68, 1e-08, 0
611668801, 8.45, 7.91e-08, 4.68e-08, 2.32, 0.42, 1e-08, 0
611928001, 13.64, 7.66e-08, 4.95e-08, 2.1, 0.41, 1e-08, 0
612446401, 7.57, 5.68e-08, 4.18e-08, 1.89, 0.41, 1e-08, 0
612705601, 4.45, 3.26e-08, 2.6e-08, 1.7, 0.41, 1e-08, 0
612964801, 2.1, 7.36e-08, 6.33e-08, 2.85, 0.92, 1e-08, 0
613224001, 3.66, 9.27e-08, 7.42e-08, 2.5, 0.62, 1e-08, 0
613742401, 1.99, 7.72e-08, 7.29e-08, 3.16, 1.06, 1e-08, 0
614001601, 6.67, 3.19e-08, 3.42e-08, 1.83, 0.53, 1e-08, 0
614520001, 7.04, 1.23e-07, 6.72e-08, 2.78, 0.54, 1e-08, 0
614779201, 5.25, 1.68e-08, 2.14e-08, 1.64, 0.57, 1e-08, 0
615556801, 3.62, 8.76e-08, 6.83e-08, 2.38, 0.56, 1e-08, 0
617112001, 5.66, 1.47e-06, 1.06e-06, 4.21, 1.49, 1e-08, 0
617889601, 7.81, 9.36e-08, 1.03e-07, 1.74, 0.57, 1e-08, 0
619444801, 1.56, 8.13e-09, 1.5e-08, 1.72, 0.9, 1e-08, 0
620481601, 9.47, 6.74e-08, 4.97e-08, 2.07, 0.41, 1e-08, 0
620740801, 1.8, 1.1e-08, 1.63e-08, 1.8, 0.77, 1e-08, 0
621000001, 5.49, 6.98e-09, 1.1e-08, 1.3, 0.73, 1e-08, 0
621259201, 8.12, 7.28e-08, 5.3e-08, 2.47, 0.54, 1e-08, 0
621518401, 1.31, 5.8e-08, 5.59e-08, 3.66, 8.03, 1e-08, 102
621777601, 1.2, 5.96e-08, 6.23e-08, 3.18, 1.85, 1e-08, 0
622036801, 4.1, 6.19e-08, 5.13e-08, 2.2, 0.51, 1e-08, 0
622296001, 1.33, 4.52e-08, 4.66e-08, 3.08, 1.37, 1e-08, 0
622555201, 4.72, 6.13e-08, 4.98e-08, 2.39, 0.56, 1e-08, 0
622814401, 3.16, 9.62e-08, 6.19e-08, 4.2, 5.05, 1e-08, 102
623073601, 4.42, 6.79e-08, 4.12e-08, 3.03, 0.89, 1e-08, 0
623332801, 20.99, 4.6e-08, 2.97e-08, 1.79, 0.32, 1e-08, 0
623592001, 3.78, 2.88e-08, 2.42e-08, 1.94, 0.44, 1e-08, 0
623851201, 3.07, 7.9e-08, 5.98e-08, 3.02, 0.79, 1e-08, 0
624110401, 13.97, 7.7e-08, 4.19e-08, 2.03, 0.35, 1e-08, 0
624369601, 17.83, 5.86e-08, 3.61e-08, 1.98, 0.34, 1e-08, 0
624628801, 2.89, 7.46e-08, 5.97e-08, 3.09, 0.87, 1e-08, 0
624888001, 8.8, 1.57e-07, 6.72e-08, 5.95, 3.07, 1e-08, 102
625147201, 1.22, 4.51e-08, 5.34e-08, 2.49, 0.86, 1e-08, 0
625406401, 10.09, 9.5e-08, 5.09e-08, 2.36, 0.39, 1e-08, 0
625665601, 17.61, 7.4e-08, 3.98e-08, 1.91, 0.32, 1e-08, 0
625924801, 14.84, 1.53e-07, 6.4e-08, 2.48, 0.38, 1e-08, 0
626184001, 10.62, 1.38e-07, 6e-08, 2.64, 0.41, 1e-08, 0
626702401, 8.91, 1.19e-07, 5.62e-08, 2.48, 0.4, 1e-08, 0
626961601, 15.88, 6.47e-08, 3.15e-08, 1.85, 0.29, 1e-08, 0
627220801, 9.27, 1.1e-07, 5.4e-08, 2.55, 0.46, 1e-08, 0
627480001, 15.8, 1.17e-07, 6.09e-08, 2.38, 0.37, 1e-08, 0
627739201, 2.51, 9.95e-08, 7.34e-08, 4.17, 5.36, 1e-08, 102
627998401, 8.52, 8.69e-08, 5.29e-08, 2.45, 0.46, 1e-08, 0
628257601, 3.29, 7.9e-09, 1.26e-08, 1.42, 0.72, 1e-08, 0
628516801, 6.13, 1.09e-07, 6.5e-08, 2.75, 0.65, 1e-08, 0
628776001, 4.26, 1.02e-07, 6.32e-08, 3.43, 1.46, 1e-08, 0
629294401, 2.88, 5.05e-08, 4.49e-08, 2.15, 0.52, 1e-08, 0
629553601, 3.45, 1.25e-07, 7.99e-08, 4.91, 4.51, 1e-08, 102
629812801, 5.7, 1.37e-07, 7.5e-08, 3.19, 0.67, 1e-08, 0
630849601, 4.83, 1.13e-06, 7.78e-07, 3.79, 1.07, 1e-08, 0
632145601, 10.25, 6.97e-08, 5.62e-08, 2.1, 0.51, 1e-08, 0
632404801, 1.76, 4.82e-08, 5.07e-08, 2.11, 0.56, 1e-08, 0
632664001, 2.55, 7.96e-08, 6.42e-08, 2.74, 0.95, 1e-08, 0
632923201, 8.25, 3.06e-08, 3.69e-08, 1.82, 0.59, 1e-08, 0
633182401, 2.2, 2.54e-08, 3.09e-08, 2.02, 0.64, 1e-08, 0
633700801, 3.85, 2.81e-08, 3.94e-08, 2.07, 0.72, 1e-08, 0
633960001, 7.0, 2.18e-08, 2.35e-08, 1.72, 0.51, 1e-08, 0
634219201, 4.11, 1.17e-07, 7.29e-08, 8.65, 0.32, 1e-08, 0
634737601, 11.39, 2.52e-07, 1.71e-07, 1.88, 0.38, 1e-08, 0
635256001, 1.09, 2.91e-07, 3.57e-07, 4.29, 8.48, 1e-08, 102
635515201, 1.08, 8.83e-08, 1.19e-07, 2.37, 0.86, 1e-08, 0
636033601, 7.94, 7.13e-08, 4.45e-08, 2.37, 0.47, 1e-08, 0
636552001, 1.09, 5.27e-08, 5.63e-08, 3.37, 9.06, 1e-08, 102
636811201, 4.01, 1.22e-07, 8.01e-08, 2.73, 0.61, 1e-08, 0
637070401, 2.95, 2.14e-08, 3.42e-08, 2.01, 0.89, 1e-08, 0
637848001, 4.27, 6.77e-08, 5.05e-08, 2.17, 0.52, 1e-08, 0
638107201, 2.17, 9.11e-08, 1.96e-06, 6.09, 5.66, 1e-08, 102
638625601, 2.92, 8.54e-08, 6.86e-08, 2.8, 0.8, 1e-08, 0
639144001, 5.34, 1.49e-07, 8e-08, 4.19, 4.09, 1e-08, 102
639403201, 5.47, 1.22e-07, 6.89e-08, 6.23, 4, 1e-08, 102
639662401, 8.2, 1.56e-07, 7.31e-08, 3.27, 0.79, 1e-08, 0
639921601, 4.54, 9.29e-09, 1.17e-08, 1.42, 0.57, 1e-08, 0
640699201, 1.39, 3.56e-08, 5.19e-08, 2.54, 1.69, 1e-08, 0
640958401, 2.04, 2.29e-08, 3.09e-08, 2.37, 0.87, 1e-08, 0
641736001, 6.19, 6.03e-08, 3.64e-08, 2.29, 0.41, 1e-08, 0
641995201, 1.4, 2.44e-08, 3.3e-08, 1.97, 0.71, 1e-08, 0
642254401, 10.86, 1.41e-07, 6.58e-08, 2.44, 0.41, 1e-08, 0
642513601, 14.21, 3.24e-08, 2.89e-08, 1.61, 0.41, 1e-08, 0
643032001, 1.08, 1.85e-08, 3.06e-08, 2.03, 0.84, 1e-08, 0
643550401, 2.44, 1.06e-07, 7.99e-08, 3.4, 1.51, 1e-08, 0
643809601, 27.62, 2e-07, 6.9e-08, 2.28, 0.28, 1e-08, 0
644068801, 2.2, 2.08e-08, 5.18e-08, 1.82, 1.79, 1e-08, 0
644328001, 2.03, 1.02e-07, 8.38e-08, 3.77, 6.31, 1e-08, 102
644587201, 4.45, 8e-08, 7.23e-08, 2.25, 0.66, 1e-08, 0
644846401, 14.37, 2.54e-07, 9.3e-08, 4.39, 2.73, 1e-08, 102
645105601, 6.31, 5.79e-08, 6.09e-08, 2.06, 0.59, 1e-08, 0
645364801, 2.15, 8.28e-08, 7.13e-08, 2.56, 0.77, 1e-08, 0
645624001, 8.85, 2.22e-08, 2.88e-08, 1.67, 0.62, 1e-08, 0
646142401, 2.13, 1.13e-07, 9.12e-08, 3.59, 1.11, 1e-08, 0
646401601, 17.31, 5.09e-08, 3.87e-08, 1.83, 0.39, 1e-08, 0
646660801, 11.75, 7.17e-08, 4.34e-08, 1.87, 0.3, 1e-08, 0
646920001, 9.3, 4.93e-08, 3.35e-08, 1.96, 0.41, 1e-08, 0
647179201, 9.59, 6.74e-08, 4.25e-08, 1.98, 0.34, 1e-08, 0
647438401, 13.07, 1.4e-07, 7.48e-08, 2.37, 0.38, 1e-08, 0
647697601, 1.31, 6.65e-08, 6.64e-08, 3.12, 1.37, 1e-08, 0
647956801, 1.7, 4.1e-08, 5.23e-08, 2.18, 0.74, 1e-08, 0
648216001, 16.29, 6.71e-08, 4.38e-08, 1.64, 0.34, 1e-08, 0
649252801, 3.33, 1.41e-06, 1.12e-06, 3.92, 1.68, 1e-08, 0
649512001, 3.29, 3.82e-07, 4.21e-07, 2.79, 0.96, 1e-08, 0
650289601, 7.36, 1.29e-07, 7.22e-08, 2.53, 0.54, 1e-08, 0
650808001, 2.11, 2.07e-08, 5.16e-08, 2.07, 1.29, 1e-08, 0
651067201, 4.19, 9.39e-08, 6.9e-08, 3.2, 1.09, 1e-08, 0
651585601, 3.77, 6.97e-08, 5.64e-08, 2.89, 0.87, 1e-08, 0
651844801, 2.29, 8.03e-08, 6.37e-08, 5.14, 5.57, 1e-08, 102
652104001, 1.58, 6.92e-08, 7.73e-07, 8.39, 5.77, 1e-08, 102
652363201, 14.24, 1.24e-07, 5.8e-08, 2.36, 0.35, 1e-08, 0
652622401, 1.74, 3.62e-08, 3.94e-08, 2.42, 0.77, 1e-08, 0
652881601, 6.46, 6.39e-08, 4.41e-08, 2.24, 0.45, 1e-08, 0
653140801, 3.57, 6.97e-08, 5.21e-08, 2.66, 0.65, 1e-08, 0
653400001, 13.99, 3.03e-08, 2.48e-08, 1.46, 0.37, 1e-08, 0
653659201, 2.75, 2.54e-08, 2.6e-08, 2.06, 0.62, 1e-08, 0
653918401, 1.93, 7.03e-08, 5.78e-08, 3.77, 6.42, 1e-08, 102
654436801, 1.85, 3.53e-08, 3.77e-08, 2.26, 0.73, 1e-08, 0
654696001, 5.56, 1.38e-07, 6.98e-08, 4.48, 3.78, 1e-08, 102
654955201, 8.35, 9.7e-08, 4.5e-08, 3.0, 0.74, 1e-08, 0
655214401, 6.45, 8.55e-08, 4.36e-08, 3.16, 0.85, 1e-08, 0
655473601, 6.23, 8.5e-08, 5.22e-08, 2.56, 0.63, 1e-08, 0
655732801, 2.29, 4.79e-08, 5.08e-07, 8.2, 5.48, 1e-08, 102
655992001, 1.26, 1.86e-08, 2.61e-08, 2.15, 0.8, 1e-08, 0
656510401, 1.5, 1.42e-08, 2.05e-08, 1.93, 0.71, 1e-08, 0
657028801, 4.5, 1.7e-08, 1.75e-08, 1.56, 0.46, 1e-08, 0
657288001, 1.11, 2.92e-08, 4.13e-08, 2.33, 0.9, 1e-08, 0
657547201, 2.68, 8.39e-08, 5.92e-08, 6.63, 5.13, 1e-08, 102
657806401, 5.67, 1.44e-07, 7.32e-08, 5.33, 3.63, 1e-08, 102
658324801, 3.16, 9.99e-08, 6.68e-08, 3.91, 5.1, 1e-08, 102
658843201, 2.01, 6.93e-09, 9.58e-09, 1.55, 0.68, 1e-08, 0
659102401, 1.81, 7.85e-08, 6.37e-08, 3.93, 6.3, 1e-08, 102
659880001, 1.01, 5.48e-08, 5.74e-08, 5.16, 7.99, 1e-08, 102
660139201, 2.95, 3.6e-08, 6.69e-08, 2.2, 1.07, 1e-08, 0
660657601, 1.12, 2.35e-08, 3.62e-08, 2.39, 0.92, 1e-08, 0
661176001, 6.93, 1.46e-07, 7.18e-08, 8.02, 3.46, 1e-08, 102
661435201, 2.04, 7.35e-08, 6.24e-08, 2.91, 0.94, 1e-08, 0
661694401, 2.48, 8.09e-08, 6.6e-08, 3.07, 0.76, 1e-08, 0
663768001, 1.12, 4.24e-07, 5.32e-07, 3.3, 1.37, 1e-08, 0
664027201, 2.04, 1.02e-07, 8.58e-08, 3.45, 1.82, 1e-08, 0
664804801, 2.99, 2.06e-08, 2.18e-08, 1.77, 0.55, 1e-08, 0
665064001, 2.65, 2.88e-08, 3.01e-08, 2.07, 0.62, 1e-08, 0
665323201, 27.16, 1.37e-07, 5.82e-08, 2.21, 0.31, 1e-08, 0
665582401, 7.2, 6.98e-08, 6e-08, 2.27, 0.55, 1e-08, 0
665841601, 9.72, 4.34e-08, 3.54e-08, 1.86, 0.41, 1e-08, 0
666100801, 9.1, 8.72e-08, 5.49e-08, 2.09, 0.37, 1e-08, 0
666360001, 28.41, 2.3e-07, 1.05e-07, 2.3, 0.32, 1e-08, 0
666619201, 1.83, 1.65e-07, 1.69e-07, 4.14, 6.99, 1e-08, 102
666878401, 1.82, 2.28e-07, 2.18e-07, 3.3, 1.07, 1e-08, 0
667396801, 4.52, 2.4e-07, 1.57e-07, 9.01, 0.34, 1e-08, 0
667656001, 8.43, 1.26e-07, 7.51e-08, 2.54, 0.66, 1e-08, 0
667915201, 11.55, 7.89e-08, 5.44e-08, 2.24, 0.48, 1e-08, 0
668174401, 6.62, 1.03e-07, 6.42e-08, 2.82, 0.63, 1e-08, 0
668433601, 4.35, 1.08e-07, 6.89e-08, 3.11, 0.92, 1e-08, 0
668692801, 10.05, 2.74e-07, 1.4e-07, 4.02, 6.55, 1e-08, 0
668952001, 11.27, 7.56e-08, 4.83e-08, 1.92, 0.39, 1e-08, 0
669211201, 2.75, 3.02e-08, 4.95e-08, 1.98, 0.82, 1e-08, 0
669470401, 4.35, 9.55e-08, 6.23e-08, 2.61, 0.57, 1e-08, 0
670248001, 5.3, 8.1e-08, 6.03e-08, 2.37, 0.49, 1e-08, 0
670766401, 1.13, 6.62e-08, 9.34e-07, 8.36, 7.29, 1e-08, 102
671025601, 1.85, 7.01e-09, 1.12e-08, 1.31, 0.74, 1e-08, 0
671284801, 9.21, 1.5e-07, 7.28e-08, 2.82, 0.54, 1e-08, 0
671544001, 12.35, 1.87e-07, 7.3e-08, 3.92, 3.02, 1e-08, 102
672062401, 7.52, 8.08e-08, 4.72e-08, 2.26, 0.45, 1e-08, 0
672321601, 10.05, 9.22e-08, 5.47e-08, 2.4, 0.53, 1e-08, 0
672580801, 1.31, 2.7e-08, 3.2e-08, 2.28, 0.69, 1e-08, 0
672840001, 18.75, 1.02e-07, 3.89e-08, 2.28, 0.29, 1e-08, 0
673099201, 5.71, 9.08e-08, 5.29e-08, 3.2, 0.75, 1e-08, 0
673358401, 9.92, 1.71e-08, 1.43e-08, 1.61, 0.41, 1e-08, 0
673617601, 9.04, 3.6e-08, 2.72e-08, 1.92, 0.39, 1e-08, 0
673876801, 2.04, 4.59e-09, 7.11e-09, 1.31, 0.72, 1e-08, 0
674136001, 1.99, 8.19e-08, 7.39e-08, 3.23, 1.7, 1e-08, 0
674913601, 4.02, 6.54e-08, 5.18e-08, 2.23, 0.55, 1e-08, 0
675172801, 9.6, 1.48e-07, 7.92e-08, 2.72, 0.5, 1e-08, 0
675950401, 4.21, 3.17e-08, 3.27e-08, 1.85, 0.51, 1e-08, 0
676728001, 2.37, 1.08e-07, 8.88e-08, 2.92, 0.79, 1e-08, 0
677246401, 1.63, 1.23e-07, 1.24e-06, 5.41, 2.69, 1e-08, 0
678283201, 3.32, 1.29e-07, 8.52e-08, 6.19, 4.67, 1e-08, 102
678801601, 2.97, 2.28e-08, 2.86e-08, 1.83, 0.63, 1e-08, 0
679060801, 17.63, 1.74e-07, 7.1e-08, 2.74, 0.42, 1e-08, 0
679320001, 1.35, 1.1e-08, 1.6e-08, 1.53, 0.62, 1e-08, 0
679838401, 2.11, 1.11e-07, 8.51e-08, 4.17, 6.01, 1e-08, 102
680356801, 5.68, 2.83e-07, 1.72e-07, 2.59, 0.52, 1e-08, 0
681393601, 1.19, 8.29e-08, 1.54e-07, 2.18, 1.15, 1e-08, 0
681652801, 7.3, 1.6e-07, 1.52e-07, 2.07, 0.57, 1e-08, 0
681912001, 3.7, 1.91e-08, 2.46e-08, 1.91, 0.67, 1e-08, 0
682171201, 11.27, 1.1e-07, 7.01e-08, 2.51, 0.5, 1e-08, 0
682430401, 19.65, 1.53e-07, 8.48e-08, 2.51, 0.45, 1e-08, 0
682689601, 12.76, 5.87e-08, 4.31e-08, 2.04, 0.42, 1e-08, 0
682948801, 5.76, 1.43e-07, 8.08e-08, 3.08, 0.65, 1e-08, 0
683208001, 1.75, 8.68e-08, 9.74e-08, 3.27, 4.08, 1e-08, 0
683467201, 3.7, 6.5e-08, 5.22e-08, 2.4, 0.62, 1e-08, 0
683726401, 1.37, 5.11e-08, 4.67e-08, 4.32, 7.59, 1e-08, 102
684244801, 7.25, 1e-07, 5.79e-08, 2.45, 0.48, 1e-08, 0
684504001, 34.71, 3.19e-07, 8.8e-08, 2.91, 0.34, 1e-08, 0
684763201, 5.94, 1.16e-07, 5.81e-08, 3.49, 2.18, 1e-08, 0
685022401, 6.39, 8.46e-08, 5.13e-08, 2.62, 0.58, 1e-08, 0
685281601, 23.07, 1.48e-07, 6.18e-08, 2.34, 0.33, 1e-08, 0
685540801, 4.83, 2.87e-08, 2.32e-08, 1.67, 0.38, 1e-08, 0
685800001, 5.33, 5.66e-08, 4.62e-08, 2.22, 0.58, 1e-08, 0
686059201, 4.17, 7.07e-08, 5.42e-08, 2.8, 0.75, 1e-08, 0
686318401, 5.72, 5.38e-08, 4.63e-08, 2.19, 0.56, 1e-08, 0
686577601, 3.65, 4.03e-08, 3.04e-08, 2.27, 0.51, 1e-08, 0
687355201, 1.88, 5.19e-08, 4.4e-08, 3.65, 6.7, 1e-08, 102
688132801, 3.92, 3.08e-08, 3.57e-08, 2.14, 0.65, 1e-08, 0
688392001, 23.02, 1.52e-07, 5.4e-08, 2.36, 0.3, 1e-08, 0
689947201, 3.51, 6.89e-08, 5.1e-08, 2.65, 0.83, 1e-08, 0
690206401, 2.6, 8.09e-08, 2.22e-07, 10.0, 0, 1e-08, 1
690724801, 2.47, 1.26e-07, 9.6e-08, 4.23, 1.7, 1e-08, 0
690984001, 2.61, 1.32e-08, 1.67e-08, 1.61, 0.6, 1e-08, 0
693316801, 1.28, 3.74e-08, 4.93e-08, 2.57, 0.96, 1e-08, 0
696168001, 11.95, 9.06e-08, 5.26e-08, 2.28, 0.41, 1e-08, 0
696427201, 1.09, 3.8e-08, 4.92e-08, 2.46, 0.72, 1e-08, 0
696686401, 1.26, 4.42e-08, 4.69e-08, 2.62, 0.83, 1e-08, 0
696945601, 3.61, 4.19e-08, 3.43e-08, 2.05, 0.51, 1e-08, 0
697204801, 3.53, 5.31e-08, 4.53e-08, 2.43, 0.62, 1e-08, 0
697723201, 3.18, 6.54e-08, 7.37e-08, 2.66, 0.91, 1e-08, 0
697982401, 2.19, 3.91e-08, 4.59e-08, 2.23, 0.72, 1e-08, 0
698241601, 1.77, 8.13e-08, 8.38e-08, 5.65, 6.85, 1e-08, 102
698500801, 4.25, 1.97e-07, 1.35e-07, 2.89, 0.82, 1e-08, 0
698760001, 2.17, 4.6e-08, 6.2e-08, 1.93, 0.7, 1e-08, 0
699019201, 13.95, 1.77e-07, 1.06e-07, 2.1, 0.41, 1e-08, 0
699537601, 8.52, 5.54e-08, 3.73e-08, 2.08, 0.44, 1e-08, 0
699796801, 5.56, 7.62e-08, 5.06e-08, 2.48, 0.53, 1e-08, 0
700315201, 7.01, 5.92e-08, 4.19e-08, 2.28, 0.56, 1e-08, 0
700574401, 1.82, 8.26e-09, 1.07e-08, 1.34, 0.58, 1e-08, 0
700833601, 14.9, 8.86e-08, 4.92e-08, 2.12, 0.34, 1e-08, 0
701092801, 2.2, 4.46e-08, 4.03e-08, 2.49, 0.61, 1e-08, 0
701611201, 8.72, 1.75e-07, 7.7e-08, 5.46, 3.25, 1e-08, 102
701870401, 4.25, 1.24e-07, 1.44e-07, 3.19, 4.27, 1e-08, 0
702388801, 1.07, 4.72e-08, 5.88e-08, 2.66, 0.93, 1e-08, 0
702907201, 2.96, 1.19e-07, 7.99e-08, 4.47, 5.22, 1e-08, 102
703166401, 26.58, 1.75e-07, 6.8e-08, 2.26, 0.32, 1e-08, 0
704203201, 3.67, 4.98e-08, 4.19e-08, 2.15, 0.57, 1e-08, 0
704462401, 6.37, 2.02e-08, 2.19e-08, 1.79, 0.54, 1e-08, 0
704721601, 5.98, 7.96e-08, 4.65e-08, 2.76, 0.52, 1e-08, 0
704980801, 8.69, 4.96e-08, 3.16e-08, 1.97, 0.37, 1e-08, 0
705758401, 12.27, 3.25e-08, 2.81e-08, 1.73, 0.41, 1e-08, 0
706536001, 4.25, 1.1e-07, 6.7e-08, 3.52, 1.21, 1e-08, 0
707313601, 1.1, 1.39e-08, 3.02e-08, 1.98, 1.1, 1e-08, 0
707572801, 1.3, 4.79e-08, 4.78e-08, 6.72, 7.74, 1e-08, 102
707832001, 2.5, 1.79e-08, 2.56e-08, 1.81, 0.73, 1e-08, 0
708350401, 18.72, 4.71e-08, 5e-08, 1.5, 0.49, 1e-08, 0
708609601, 1.28, 1.07e-07, 1.15e-07, 4.34, 7, 1e-08, 102
708868801, 9.99, 6.28e-08, 4.22e-08, 1.81, 0.37, 1e-08, 0
709387201, 8.21, 6.22e-08, 4.87e-08, 1.79, 0.4, 1e-08, 0
709646401, 11.15, 4.76e-09, 5.52e-09, 0.81, 0.73, 1e-08, 0
710164801, 2.27, 8.16e-08, 7.85e-08, 3.43, 6.63, 1e-08, 102
710424001, 7.62, 4.98e-08, 4.86e-08, 2.02, 0.54, 1e-08, 0
710683201, 5.79, 1.15e-07, 7.31e-08, 2.83, 0.7, 1e-08, 0
710942401, 6.58, 1.01e-07, 1.31e-07, 2.67, 1.63, 1e-08, 0
711201601, 2.87, 2.53e-08, 2.8e-08, 1.96, 0.56, 1e-08, 0
711460801, 14.12, 3.12e-07, 3.04e-06, 7.61, 2.51, 1e-08, 0
711720001, 1.92, 3.76e-08, 3.67e-08, 2.08, 0.61, 1e-08, 0
712238401, 12.72, 7.79e-07, 3.09e-07, 3.65, 0.77, 1e-08, 0
713016001, 3.16, 1.83e-07, 1.69e-07, 2.15, 0.58, 1e-08, 0
713275201, 2.48, 6.09e-08, 7.52e-08, 1.46, 0.58, 1e-08, 0
713534401, 3.04, 1.58e-07, 1.61e-06, 7.94, 2.63, 1e-08, 0
713793601, 7.59, 6.14e-09, 6.05e-09, 0.89, 0.51, 1e-08, 0
714312001, 1.78, 2.35e-08, 3.02e-08, 2.09, 0.71, 1e-08, 0
714571201, 5.8, 1.32e-07, 7.2e-08, 3.48, 1.5, 1e-08, 0
714830401, 1.19, 4.05e-08, 5.74e-08, 2.66, 1.05, 1e-08, 0
715089601, 1.41, 6.69e-08, 7.43e-08, 3.1, 1.31, 1e-08, 0
716385601, 2.48, 6.36e-08, 6.56e-08, 2.68, 0.95, 1e-08, 0
717163201, 1.49, 6.09e-08, 1.32e-06, 6.54, 5.57, 1e-08, 0
717681601, 5.07, 6.06e-08, 5.64e-08, 2.22, 0.61, 1e-08, 0
718200001, 1.03, 1.81e-08, 2.62e-08, 1.99, 0.68, 1e-08, 0
718718401, 2.04, 2.22e-08, 3.38e-08, 2.26, 0.95, 1e-08, 0
718977601, 2.89, 7.08e-08, 5.14e-08, 3.68, 5.12, 1e-08, 0
719236801, 3.77, 3.79e-08, 3.51e-08, 2.4, 0.64, 1e-08, 0
719496001, 8.17, 1.19e-07, 5.6e-08, 2.79, 0.61, 1e-08, 0
719755201, 2.88, 6.52e-08, 5.28e-08, 2.88, 0.79, 1e-08, 0
721051201, 5.34, 1.07e-07, 6.1e-08, 3.28, 1.4, 1e-08, 0
721310401, 4.66, 4.74e-08, 3.77e-08, 2.17, 0.53, 1e-08, 0
721828801, 2.97, 7.09e-08, 5.43e-08, 2.87, 0.75, 1e-08, 0
722347201, 2.62, 4.49e-08, 4.72e-08, 2.41, 0.76, 1e-08, 0
722606401, 24.11, 7.78e-08, 3.92e-08, 1.91, 0.3, 1e-08, 0
723384001, 1.26, 1.14e-08, 1.87e-08, 1.84, 0.81, 1e-08, 0
723643201, 2.48, 5.06e-08, 6.76e-08, 2.45, 0.95, 1e-08, 0
724420801, 1.49, 5.13e-08, 5.45e-08, 2.8, 0.79, 1e-08, 0
724680001, 2.71, 4.96e-08, 4.83e-08, 2.47, 0.72, 1e-08, 0
725976001, 3.51, 3.41e-07, 2.74e-07, 3.81, 2.09, 1e-08, 0
727531201, 4.02, 5.59e-08, 7.53e-08, 1.85, 0.72, 1e-08, 0
727790401, 1.73, 4.13e-08, 5.25e-08, 2.31, 0.81, 1e-08, 0
728308801, 8.02, 1.29e-07, 7.52e-08, 2.69, 0.58, 1e-08, 0
729086401, 2.93, 2.51e-08, 3.85e-08, 2.13, 0.85, 1e-08, 0
729345601, 15.78, 4.93e-08, 5.17e-08, 1.97, 0.56, 1e-08, 0
729864001, 1.57, 6.06e-08, 6.24e-08, 2.58, 0.73, 1e-08, 0
730123201, 1.91, 1.08e-07, 1.07e-07, 2.99, 1.08, 1e-08, 0
730382401, 19.13, 4.55e-07, 1.63e-07, 3.21, 0.57, 1e-08, 0
730641601, 9.93, 4.12e-08, 3.39e-08, 1.6, 0.44, 1e-08, 0
730900801, 3.86, 1.58e-07, 1.29e-07, 3.43, 2.69, 1e-08, 0
731160001, 5.85, 3.37e-08, 4.89e-08, 1.73, 0.73, 1e-08, 0
731419201, 7.15, 1.12e-07, 5.91e-08, 2.52, 0.44, 1e-08, 0
731678401, 24.09, 1.46e-07, 5.4e-08, 2.21, 0.28, 1e-08, 0
731937601, 9.97, 1.83e-07, 7.6e-08, 2.95, 0.66, 1e-08, 0
732196801, 2.01, 3.66e-08, 4.16e-08, 1.97, 0.59, 1e-08, 0
732456001, 1.36, 1.31e-08, 1.89e-08, 1.69, 0.64, 1e-08, 0
732715201, 3.37, 9.39e-08, 5.93e-08, 4.06, 4.91, 1e-08, 102
732974401, 11.78, 9.11e-08, 5e-08, 2.32, 0.38, 1e-08, 0
733233601, 5.35, 6.81e-08, 4.88e-08, 2.46, 0.57, 1e-08, 0
733492801, 4.12, 1.11e-07, 6.79e-08, 3.89, 4.8, 1e-08, 102
733752001, 4.19, 5.45e-08, 4.39e-08, 2.16, 0.49, 1e-08, 0
734011201, 7.46, 1.32e-07, 6.78e-08, 3.12, 0.6, 1e-08, 0
734270401, 38.99, 1.98e-07, 7.5e-08, 2.22, 0.27, 1e-08, 0
734529601, 43.98, 2.54e-07, 9.25e-08, 2.09, 0.25, 1e-08, 0
735048001, 16.96, 1.17e-07, 5.4e-08, 2.35, 0.36, 1e-08, 0
735307201, 18.91, 1.98e-07, 7.4e-08, 2.76, 0.43, 1e-08, 0
735566401, 19.37, 8.98e-08, 4.54e-08, 1.99, 0.31, 1e-08, 0
735825601, 11.68, 1.07e-07, 5.7e-08, 2.34, 0.39, 1e-08, 0
736084801, 3.34, 7.95e-08, 8.45e-08, 3.1, 3.89, 1e-08, 0
736344001, 9.16, 5.23e-08, 3.21e-08, 2.02, 0.36, 1e-08, 0
736862401, 4.18, 6.69e-08, 4.23e-08, 2.6, 0.55, 1e-08, 0
737380801, 25.56, 9.79e-08, 4.23e-08, 2.13, 0.29, 1e-08, 0
737640001, 27.44, 1.58e-07, 6.78e-08, 2.15, 0.31, 1e-08, 0
737899201, 44.78, 1.67e-07, 5.9e-08, 1.93, 0.21, 1e-08, 0
738158401, 29.24, 4.81e-08, 3.23e-08, 1.63, 0.34, 1e-08, 0
738417601, 12.44, 1.04e-07, 6.09e-08, 2.31, 0.41, 1e-08, 0
738676801, 23.8, 1.8e-07, 7.4e-08, 2.35, 0.3, 1e-08, 0
738936001, 19.84, 2.28e-07, 8.9e-08, 2.51, 0.33, 1e-08, 0
739195201, 3.52, 3.6e-08, 3.7e-08, 2.08, 0.63, 1e-08, 0
739454401, 4.2, 1.13e-07, 7.51e-08, 2.76, 0.62, 1e-08, 0
739972801, 17.11, 6.87e-08, 4.71e-08, 1.7, 0.36, 1e-08, 0
740232001, 2.05, 1.2e-07, 1.01e-07, 2.8, 0.91, 1e-08, 0
740491201, 7.64, 1.96e-07, 1.12e-07, 2.56, 0.51, 1e-08, 0
740750401, 7.08, 3.23e-07, 1.7e-07, 3.53, 0.74, 1e-08, 0
741528001, 6.84, 2.18e-07, 1.15e-07, 3.14, 0.75, 1e-08, 0
741787201, 4.32, 6.04e-08, 5.85e-08, 2.36, 0.71, 1e-08, 0
742046401, 4.96, 1.42e-07, 1.12e-07, 3.36, 4.73, 1e-08, 102
