timestamp, ts, flux, flux_error, photon_index, photon_index_interval, fit_tolerance, fit_convergence
239716801, 1.9, 2.64e-08, 2.52e-08, 2.27, 0, 1e-08, 0
239976001, 6.38, 9.23e-08, 4.67e-08, 2.27, 0, 1e-08, 0
240494401, 8.17, 8.13e-08, 3.99e-08, 2.27, 0, 1e-08, 0
240753601, 28.41, 1.7e-07, 5.3e-08, 2.27, 0, 1e-08, 0
241012801, 5.82, 8.02e-08, 4.79e-08, 2.27, 0, 1e-08, 0
241272001, 10.94, 1.4e-07, 5.71e-08, 2.27, 0, 1e-08, 0
241790401, 7.91, 5.52e-08, 3.42e-08, 2.27, 0, 1e-08, 0
242049601, 12.18, 6.73e-08, 3.24e-08, 2.27, 0, 1e-08, 0
242308801, 5.5, 3.58e-08, 2.49e-08, 2.27, 0, 1e-08, 0
242568001, 7.39, 8.02e-08, 3.79e-08, 2.27, 0, 1e-08, 0
243345601, 5.88, 7.69e-08, 3.93e-08, 2.27, 0, 1e-08, 0
243604801, 3.73, 4.79e-08, 3.15e-08, 2.27, 0, 1e-08, 0
244123201, 40.16, 1.55e-07, 4.2e-08, 2.27, 0, 1e-08, 0
244382401, 11.86, 1.18e-07, 4.5e-08, 2.27, 0, 1e-08, 0
244641601, 21.48, 1.5e-07, 4.75e-08, 2.27, 0, 1e-08, 0
244900801, 35.82, 1.67e-07, 5e-08, 2.27, 0, 1e-08, 0
245160001, 20.7, 1.8e-07, 5.7e-08, 2.27, 0, 1e-08, 0
245419201, 26.66, 1.78e-07, 5.6e-08, 2.27, 0, 1e-08, 0
245678401, 34.03, 2.1e-07, 6e-08, 2.27, 0, 1e-08, 0
245937601, 25.46, 1.82e-07, 5.8e-08, 2.27, 0, 1e-08, 0
246196801, 36.51, 1.65e-07, 5.2e-08, 2.27, 0, 1e-08, 0
246456001, 54.29, 2.46e-07, 5.5e-08, 2.27, 0, 1e-08, 0
246715201, 59.72, 2.3e-07, 5.4e-08, 2.27, 0, 1e-08, 0
246974401, 35.95, 1.98e-07, 5e-08, 2.27, 0, 1e-08, 0
247233601, 76.49, 2.62e-07, 5e-08, 2.27, 0, 1e-08, 0
247492801, 60.64, 2.29e-07, 4.7e-08, 2.27, 0, 1e-08, 0
247752001, 32.96, 1.68e-07, 4.4e-08, 2.27, 0, 1e-08, 0
248011201, 36.43, 1.55e-07, 4e-08, 2.27, 0, 1e-08, 0
248270401, 37.44, 1.33e-07, 3.79e-08, 2.27, 0, 1e-08, 0
248529601, 21.08, 1.11e-07, 3.99e-08, 2.27, 0, 1e-08, 0
248788801, 33.29, 1.42e-07, 4.2e-08, 2.27, 0, 1e-08, 0
249048001, 40.97, 2.18e-07, 5.2e-08, 2.27, 0, 1e-08, 0
249307201, 85.57, 2.98e-07, 5.5e-08, 2.27, 0, 1e-08, 0
249566401, 23.77, 1.5e-07, 4.7e-08, 2.27, 0, 1e-08, 0
249825601, 63.84, 2.77e-07, 6.2e-08, 2.27, 0, 1e-08, 0
250084801, 55.49, 2.44e-07, 5.85e-08, 2.27, 0, 1e-08, 0
250344001, 38.05, 2.23e-07, 6.2e-08, 2.27, 0, 1e-08, 0
250603201, 88.92, 3.69e-07, 7.1e-08, 2.27, 0, 1e-08, 0
250862401, 28.65, 1.98e-07, 5.7e-08, 2.27, 0, 1e-08, 0
251121601, 6.05, 7.49e-08, 4.02e-08, 2.27, 0, 1e-08, 0
251380801, 25.9, 1.47e-07, 4.72e-08, 2.27, 0, 1e-08, 0
251640001, 7.23, 7.01e-08, 3.51e-08, 2.27, 0, 1e-08, 0
251899201, 51.55, 1.85e-07, 4.4e-08, 2.27, 0, 1e-08, 0
252158401, 27.57, 1.33e-07, 4e-08, 2.27, 0, 1e-08, 0
252676801, 3.82, 2.61e-08, 2.31e-08, 2.27, 0, 1e-08, 0
252936001, 3.33, 4.52e-08, 3.21e-08, 2.27, 0, 1e-08, 0
253195201, 27.9, 1.61e-07, 4.5e-08, 2.27, 0, 1e-08, 0
253454401, 1.02, 3.34e-08, 3.76e-08, 2.27, 0, 1e-08, 0
253713601, 10.81, 8.04e-08, 3.56e-08, 2.27, 0, 1e-08, 0
253972801, 14.59, 1.02e-07, 4.32e-08, 2.27, 0, 1e-08, 0
255787201, 26.56, 1.38e-07, 4.4e-08, 2.27, 0, 1e-08, 0
256046401, 5.46, 7.35e-08, 3.96e-08, 2.27, 0, 1e-08, 0
256305601, 3.17, 4.8e-08, 3.28e-08, 2.27, 0, 1e-08, 0
256564801, 4.17, 5.07e-08, 3.26e-08, 2.27, 0, 1e-08, 0
256824001, 7.2, 4.39e-08, 2.67e-08, 2.27, 0, 1e-08, 0
257083201, 6.65, 4.68e-08, 3.05e-08, 2.27, 0, 1e-08, 0
257342401, 1.02, 3.11e-08, 3.59e-08, 2.27, 0, 1e-08, 0
257601601, 20.92, 1.11e-07, 3.61e-08, 2.27, 0, 1e-08, 0
257860801, 23.63, 1.28e-07, 3.89e-08, 2.27, 0, 1e-08, 0
258120001, 3.14, 5.45e-08, 3.74e-08, 2.27, 0, 1e-08, 0
258379201, 17.14, 8.6e-08, 4.01e-08, 2.27, 0, 1e-08, 0
258897601, 35.67, 2.14e-07, 6.5e-08, 2.27, 0, 1e-08, 0
259156801, 42.44, 2.24e-07, 5.7e-08, 2.27, 0, 1e-08, 0
259416001, 74.99, 2.84e-07, 6.1e-08, 2.27, 0, 1e-08, 0
259675201, 11.36, 1.02e-07, 4.5e-08, 2.27, 0, 1e-08, 0
259934401, 29.52, 1.8e-07, 5.5e-08, 2.27, 0, 1e-08, 0
260193601, 21.23, 1.19e-07, 4.52e-08, 2.27, 0, 1e-08, 0
260452801, 32.07, 1.62e-07, 5.1e-08, 2.27, 0, 1e-08, 0
260712001, 64.02, 2.42e-07, 5e-08, 2.27, 0, 1e-08, 0
260971201, 61.1, 2.2e-07, 4.9e-08, 2.27, 0, 1e-08, 0
261230401, 16.93, 1.23e-07, 4.22e-08, 2.27, 0, 1e-08, 0
261489601, 41.71, 1.74e-07, 4.2e-08, 2.27, 0, 1e-08, 0
261748801, 17.81, 1.1e-07, 3.88e-08, 2.27, 0, 1e-08, 0
262008001, 3.65, 4.33e-08, 2.87e-08, 2.27, 0, 1e-08, 0
263304001, 12.17, 1.1e-07, 4.61e-08, 2.27, 0, 1e-08, 0
263563201, 32.03, 2.02e-07, 5.4e-08, 2.27, 0, 1e-08, 0
263822401, 70.52, 3.09e-07, 6.5e-08, 2.27, 0, 1e-08, 0
264340801, 47.22, 2.48e-07, 6.2e-08, 2.27, 0, 1e-08, 0
264600001, 1.13, 3.82e-08, 4.22e-08, 2.27, 0, 1e-08, 0
264859201, 15.95, 1.33e-07, 4.92e-08, 2.27, 0, 1e-08, 0
265118401, 4.34, 4.07e-08, 2.94e-08, 2.27, 0, 1e-08, 0
265377601, 7.53, 6.74e-08, 3.55e-08, 2.27, 0, 1e-08, 0
265636801, 4.31, 4.86e-08, 3.11e-08, 2.27, 0, 1e-08, 0
265896001, 3.18, 4.35e-08, 3.08e-08, 2.27, 0, 1e-08, 0
266155201, 7.59, 5.73e-08, 3.11e-08, 2.27, 0, 1e-08, 0
266414401, 9.08, 6.09e-08, 3.18e-08, 2.27, 0, 1e-08, 0
267192001, 13.21, 7.65e-08, 3.46e-08, 2.27, 0, 1e-08, 0
267451201, 6.3, 5.54e-08, 3.65e-08, 2.27, 0, 1e-08, 0
268228801, 94.91, 4.17e-07, 7.3e-08, 2.27, 0, 1e-08, 0
268488001, 65.36, 3.33e-07, 7.2e-08, 2.27, 0, 1e-08, 0
268747201, 10.3, 1.4e-07, 5.87e-08, 2.27, 0, 1e-08, 0
269006401, 5.33, 9.01e-08, 5.28e-08, 2.27, 0, 1e-08, 0
270043201, 3.3, 3.11e-08, 2.86e-08, 2.27, 0, 1e-08, 0
270561601, 19.21, 8.86e-08, 3.34e-08, 2.27, 0, 1e-08, 0
270820801, 61.6, 2.33e-07, 5.1e-08, 2.27, 0, 1e-08, 0
271080001, 36.76, 1.92e-07, 5e-08, 2.27, 0, 1e-08, 0
271339201, 20.38, 1.26e-07, 4.49e-08, 2.27, 0, 1e-08, 0
271598401, 34.99, 1.68e-07, 4.5e-08, 2.27, 0, 1e-08, 0
271857601, 19.9, 1.46e-07, 4.7e-08, 2.27, 0, 1e-08, 0
272116801, 26.53, 1.38e-07, 4.28e-08, 2.27, 0, 1e-08, 0
272376001, 33.45, 2.04e-07, 5.5e-08, 2.27, 0, 1e-08, 0
272635201, 8.44, 7.39e-08, 3.83e-08, 2.27, 0, 1e-08, 0
272894401, 51.88, 2.58e-07, 6.1e-08, 2.27, 0, 1e-08, 0
273153601, 7.62, 7.15e-08, 3.96e-08, 2.27, 0, 1e-08, 0
274190401, 3.1, 4.52e-08, 3.67e-08, 2.27, 0, 1e-08, 0
274708801, 2.98, 6.49e-08, 4.61e-08, 2.27, 0, 1e-08, 0
275227201, 8.58, 1.11e-07, 5.51e-08, 2.27, 0, 1e-08, 0
275486401, 184.21, 6.14e-07, 8.7e-08, 2.27, 0, 1e-08, 0
275745601, 24.25, 1.5e-07, 5.2e-08, 2.27, 0, 1e-08, 0
276004801, 10.92, 1.36e-07, 5.78e-08, 2.27, 0, 1e-08, 0
276523201, 2.25, 4.65e-08, 4.25e-08, 2.27, 0, 1e-08, 0
277300801, 5.06, 6.53e-08, 3.95e-08, 2.27, 0, 1e-08, 0
277560001, 10.98, 9.65e-08, 4.36e-08, 2.27, 0, 1e-08, 0
277819201, 5.45, 7.34e-08, 4.05e-08, 2.27, 0, 1e-08, 0
278337601, 1.49, 2.79e-08, 2.92e-08, 2.27, 0, 1e-08, 0
278596801, 11.57, 1.06e-07, 4.41e-08, 2.27, 0, 1e-08, 0
280152001, 3.81, 3.25e-08, 2.87e-08, 2.27, 0, 1e-08, 0
280670401, 3.37, 5.87e-08, 4.14e-08, 2.27, 0, 1e-08, 0
281966401, 5.42, 9.14e-08, 5.05e-08, 2.27, 0, 1e-08, 0
286632001, 2.73, 3.79e-08, 3.07e-08, 2.27, 0, 1e-08, 0
287150401, 10.97, 1.41e-07, 5.58e-08, 2.27, 0, 1e-08, 0
287928001, 2.91, 5.17e-08, 3.93e-08, 2.27, 0, 1e-08, 0
288446401, 2.8, 6.18e-08, 4.51e-08, 2.27, 0, 1e-08, 0
290001601, 10.89, 1.16e-07, 4.93e-08, 2.27, 0, 1e-08, 0
291556801, 1.76, 4.53e-08, 3.97e-08, 2.27, 0, 1e-08, 0
291816001, 4.2, 7.29e-08, 4.52e-08, 2.27, 0, 1e-08, 0
292075201, 39.13, 2.31e-07, 5.8e-08, 2.27, 0, 1e-08, 0
293889601, 9.71, 9.17e-08, 4.45e-08, 2.27, 0, 1e-08, 0
294148801, 2.29, 4.89e-08, 3.88e-08, 2.27, 0, 1e-08, 0
294408001, 1.35, 3.1e-08, 3.11e-08, 2.27, 0, 1e-08, 0
294667201, 6.23, 8.41e-08, 4.28e-08, 2.27, 0, 1e-08, 0
294926401, 9.81, 8.45e-08, 3.96e-08, 2.27, 0, 1e-08, 0
295185601, 1.62, 1.58e-08, 1.89e-08, 2.27, 0, 1e-08, 0
297000001, 3.86, 6.01e-08, 4.07e-08, 2.27, 0, 1e-08, 0
297518401, 8.39, 1.12e-07, 5.01e-08, 2.27, 0, 1e-08, 0
298814401, 1.65, 5.68e-08, 5.13e-08, 2.27, 0, 1e-08, 0
299332801, 3.51, 4.89e-08, 3.63e-08, 2.27, 0, 1e-08, 0
300369601, 7.21, 1.08e-07, 6.2e-08, 2.27, 0, 1e-08, 0
301147201, 1.83, 3.19e-08, 2.95e-08, 2.27, 0, 1e-08, 0
301406401, 4.33, 6.9e-08, 4.21e-08, 2.27, 0, 1e-08, 0
301665601, 12.49, 1.24e-07, 5.28e-08, 2.27, 0, 1e-08, 0
302443201, 2.27, 3.64e-08, 3.46e-08, 2.27, 0, 1e-08, 0
302702401, 2.83, 7.63e-08, 5.3e-08, 2.27, 0, 1e-08, 0
303998401, 5.85, 7.1e-08, 4.62e-08, 2.27, 0, 1e-08, 0
305553601, 2.26, 3.54e-08, 3.37e-08, 2.27, 0, 1e-08, 0
307108801, 16.17, 6.19e-08, 2.22e-08, 2.27, 0, 1e-08, 0
307368001, 11.32, 7.88e-08, 3.4e-08, 2.27, 0, 1e-08, 0
307627201, 38.16, 2.24e-07, 6.1e-08, 2.27, 0, 1e-08, 0
307886401, 3.42, 6.88e-08, 4.83e-08, 2.27, 0, 1e-08, 0
308923201, 4.76, 4.79e-08, 3.82e-08, 2.27, 0, 1e-08, 0
309960001, 3.02, 5.15e-08, 3.89e-08, 2.27, 0, 1e-08, 0
310737601, 4.93, 6.19e-08, 3.89e-08, 2.27, 0, 1e-08, 0
310996801, 6.38, 7.53e-08, 3.88e-08, 2.27, 0, 1e-08, 0
312292801, 1.97, 6.57e-08, 5.63e-08, 2.27, 0, 1e-08, 0
312552001, 3.2, 3.59e-08, 2.9e-08, 2.27, 0, 1e-08, 0
313070401, 2.77, 6.51e-08, 4.88e-08, 2.27, 0, 1e-08, 0
314107201, 3.34, 5.72e-08, 4.03e-08, 2.27, 0, 1e-08, 0
314625601, 3.01, 6.36e-08, 4.73e-08, 2.27, 0, 1e-08, 0
315662401, 2.82, 4.02e-08, 3.48e-08, 2.27, 0, 1e-08, 0
316180801, 1.66, 4.58e-08, 4.29e-08, 2.27, 0, 1e-08, 0
316440001, 1.71, 5.1e-08, 4.64e-08, 2.27, 0, 1e-08, 0
316699201, 6.59, 5.23e-08, 3.43e-08, 2.27, 0, 1e-08, 0
317217601, 12.21, 1.63e-07, 6.3e-08, 2.27, 0, 1e-08, 0
317476801, 3.99, 8.76e-08, 5.35e-08, 2.27, 0, 1e-08, 0
317736001, 3.44, 5.03e-08, 3.85e-08, 2.27, 0, 1e-08, 0
318254401, 1.03, 3.54e-08, 3.99e-08, 2.27, 0, 1e-08, 0
318772801, 1.71, 3.51e-08, 3.25e-08, 2.27, 0, 1e-08, 0
319809601, 3.82, 6.59e-08, 4.31e-08, 2.27, 0, 1e-08, 0
320068801, 5.2, 6.15e-08, 3.8e-08, 2.27, 0, 1e-08, 0
320846401, 2.22, 4.71e-08, 3.98e-08, 2.27, 0, 1e-08, 0
321105601, 9.02, 8.39e-08, 4.22e-08, 2.27, 0, 1e-08, 0
321364801, 5.44, 7.66e-08, 4.44e-08, 2.27, 0, 1e-08, 0
321624001, 1.76, 3.68e-08, 3.4e-08, 2.27, 0, 1e-08, 0
321883201, 2.0, 5.39e-08, 4.47e-08, 2.27, 0, 1e-08, 0
322920001, 2.52, 6.14e-08, 5.16e-08, 2.27, 0, 1e-08, 0
323438401, 4.51, 6.09e-08, 3.9e-08, 2.27, 0, 1e-08, 0
323956801, 4.56, 8.47e-08, 4.86e-08, 2.27, 0, 1e-08, 0
324475201, 5.43, 4.02e-08, 2.26e-08, 2.27, 0, 1e-08, 0
324734401, 5.01, 3.28e-08, 1.95e-08, 2.27, 0, 1e-08, 0
324993601, 6.24, 5.7e-08, 3.03e-08, 2.27, 0, 1e-08, 0
325771201, 4.19, 8.56e-08, 5.36e-08, 2.27, 0, 1e-08, 0
326548801, 4.2, 9.13e-08, 5.88e-08, 2.27, 0, 1e-08, 0
327326401, 1.22, 4.31e-08, 4.54e-08, 2.27, 0, 1e-08, 0
327585601, 1.22, 1.93e-08, 2.35e-08, 2.27, 0, 1e-08, 0
328622401, 2.09, 4.74e-08, 4.03e-08, 2.27, 0, 1e-08, 0
329918401, 6.64, 8.21e-08, 4.31e-08, 2.27, 0, 1e-08, 0
330177601, 1.01, 2.87e-08, 3.64e-08, 2.27, 0, 1e-08, 0
331214401, 3.38, 9.07e-08, 6.02e-08, 2.27, 0, 1e-08, 0
331473601, 3.18, 3.82e-08, 3.45e-08, 2.27, 0, 1e-08, 0
331992001, 11.72, 2.09e-07, 8e-08, 2.27, 0, 1e-08, 0
333806401, 2.89, 4.82e-08, 3.59e-08, 2.27, 0, 1e-08, 0
336916801, 1.74, 3.03e-08, 2.85e-08, 2.27, 0, 1e-08, 0
338212801, 2.8, 5.17e-08, 3.92e-08, 2.27, 0, 1e-08, 0
339508801, 3.5, 3.34e-08, 2.96e-08, 2.27, 0, 1e-08, 0
340804801, 1.27, 5.58e-08, 5.71e-08, 2.27, 0, 1e-08, 0
341582401, 1.77, 4.68e-08, 4.1e-08, 2.27, 0, 1e-08, 0
341841601, 1.75, 3.43e-08, 3.22e-08, 2.27, 0, 1e-08, 0
342878401, 3.67, 7.06e-08, 4.75e-08, 2.27, 0, 1e-08, 0
343137601, 12.3, 1.41e-07, 5.71e-08, 2.27, 0, 1e-08, 0
343656001, 4.64, 7.61e-08, 4.68e-08, 2.27, 0, 1e-08, 0
345729601, 2.81, 6.91e-08, 4.96e-08, 2.27, 0, 1e-08, 0
345988801, 9.9, 8.28e-08, 4.29e-08, 2.27, 0, 1e-08, 0
347544001, 2.99, 4.75e-08, 3.53e-08, 2.27, 0, 1e-08, 0
348321601, 1.02, 3.9e-08, 4.45e-08, 2.27, 0, 1e-08, 0
348580801, 2.27, 3.19e-08, 3.22e-08, 2.27, 0, 1e-08, 0
348840001, 1.84, 2.99e-08, 3.24e-08, 2.27, 0, 1e-08, 0
354801601, 1.94, 5.2e-08, 4.73e-08, 2.27, 0, 1e-08, 0
356875201, 1.85, 1.95e-08, 2.21e-08, 2.27, 0, 1e-08, 0
357134401, 2.15, 5.08e-08, 4.17e-08, 2.27, 0, 1e-08, 0
357912001, 3.84, 6.97e-08, 4.52e-08, 2.27, 0, 1e-08, 0
358948801, 3.18, 2.88e-08, 2.65e-08, 2.27, 0, 1e-08, 0
359208001, 1.09, 3.89e-08, 4.31e-08, 2.27, 0, 1e-08, 0
360763201, 1.67, 2.44e-08, 2.79e-08, 2.27, 0, 1e-08, 0
362059201, 7.15, 1.25e-07, 5.92e-08, 2.27, 0, 1e-08, 0
362577601, 3.11, 3.34e-08, 3.07e-08, 2.27, 0, 1e-08, 0
363096001, 1.46, 2.29e-08, 2.43e-08, 2.27, 0, 1e-08, 0
363355201, 2.02, 2.91e-08, 2.41e-08, 2.27, 0, 1e-08, 0
363614401, 1.12, 4.69e-08, 5.14e-08, 2.27, 0, 1e-08, 0
364132801, 2.14, 4.05e-08, 3.98e-08, 2.27, 0, 1e-08, 0
364910401, 1.53, 2.86e-08, 3.17e-08, 2.27, 0, 1e-08, 0
365169601, 2.89, 5.31e-08, 4.12e-08, 2.27, 0, 1e-08, 0
365428801, 5.86, 9.16e-08, 4.86e-08, 2.27, 0, 1e-08, 0
366206401, 1.55, 4.48e-08, 4.23e-08, 2.27, 0, 1e-08, 0
366465601, 1.1, 3.71e-08, 4.12e-08, 2.27, 0, 1e-08, 0
366724801, 3.55, 8.43e-08, 5.39e-08, 2.27, 0, 1e-08, 0
368020801, 14.71, 1.23e-07, 4.6e-08, 2.27, 0, 1e-08, 0
368798401, 4.23, 7.5e-08, 4.5e-08, 2.27, 0, 1e-08, 0
369316801, 5.69, 8.03e-08, 4.25e-08, 2.27, 0, 1e-08, 0
369576001, 17.15, 1.24e-07, 4.51e-08, 2.27, 0, 1e-08, 0
369835201, 2.15, 1.59e-08, 1.76e-08, 2.27, 0, 1e-08, 0
370094401, 11.26, 1.05e-07, 4.42e-08, 2.27, 0, 1e-08, 0
370353601, 9.21, 6.85e-08, 3.56e-08, 2.27, 0, 1e-08, 0
370872001, 3.27, 3.79e-08, 2.92e-08, 2.27, 0, 1e-08, 0
371131201, 1.22, 3.3e-08, 3.53e-08, 2.27, 0, 1e-08, 0
371390401, 11.78, 1.35e-07, 5.57e-08, 2.27, 0, 1e-08, 0
371649601, 11.57, 1.11e-07, 4.7e-08, 2.27, 0, 1e-08, 0
371908801, 8.56, 7.38e-08, 3.72e-08, 2.27, 0, 1e-08, 0
372168001, 24.38, 1.66e-07, 5.1e-08, 2.27, 0, 1e-08, 0
372427201, 6.19, 8.11e-08, 4.19e-08, 2.27, 0, 1e-08, 0
372686401, 3.99, 6.24e-08, 4.07e-08, 2.27, 0, 1e-08, 0
372945601, 7.73, 6.17e-08, 3.7e-08, 2.27, 0, 1e-08, 0
373204801, 1.85, 4.14e-08, 3.71e-08, 2.27, 0, 1e-08, 0
373464001, 3.3, 7.2e-08, 4.72e-08, 2.27, 0, 1e-08, 0
373723201, 1.31, 5.79e-08, 5.81e-08, 2.27, 0, 1e-08, 0
373982401, 2.36, 2.45e-08, 2.54e-08, 2.27, 0, 1e-08, 0
374241601, 8.64, 8.45e-08, 4.26e-08, 2.27, 0, 1e-08, 0
374500801, 1.58, 4.15e-08, 3.91e-08, 2.27, 0, 1e-08, 0
375019201, 3.24, 3.91e-08, 3.4e-08, 2.27, 0, 1e-08, 0
375278401, 7.23, 7.79e-08, 4.09e-08, 2.27, 0, 1e-08, 0
375537601, 7.53, 6.9e-08, 3.58e-08, 2.27, 0, 1e-08, 0
376056001, 3.67, 7.97e-08, 5.02e-08, 2.27, 0, 1e-08, 0
376833601, 4.12, 5.95e-08, 4.14e-08, 2.27, 0, 1e-08, 0
377092801, 1.11, 4.03e-08, 4.44e-08, 2.27, 0, 1e-08, 0
378648001, 6.44, 7.77e-08, 4.04e-08, 2.27, 0, 1e-08, 0
379425601, 5.0, 4.1e-08, 2.9e-08, 2.27, 0, 1e-08, 0
380721601, 2.34, 8.05e-08, 6.28e-08, 2.27, 0, 1e-08, 0
381758401, 2.16, 5.03e-08, 4.2e-08, 2.27, 0, 1e-08, 0
383572801, 1.73, 4.12e-08, 3.75e-08, 2.27, 0, 1e-08, 0
383832001, 4.87, 6.88e-08, 4.04e-08, 2.27, 0, 1e-08, 0
384868801, 9.12, 1.02e-07, 4.99e-08, 2.27, 0, 1e-08, 0
385128001, 6.08, 5.69e-08, 3.8e-08, 2.27, 0, 1e-08, 0
385387201, 14.79, 1.35e-07, 5.57e-08, 2.27, 0, 1e-08, 0
385646401, 19.67, 1.68e-07, 5.8e-08, 2.27, 0, 1e-08, 0
385905601, 22.21, 1.7e-07, 5.8e-08, 2.27, 0, 1e-08, 0
386424001, 1.79, 4.67e-08, 4.31e-08, 2.27, 0, 1e-08, 0
386942401, 16.73, 1.29e-07, 5.31e-08, 2.27, 0, 1e-08, 0
387201601, 1.55, 4.99e-08, 4.73e-08, 2.27, 0, 1e-08, 0
387979201, 1.87, 5.48e-08, 4.81e-08, 2.27, 0, 1e-08, 0
388238401, 6.67, 6.27e-08, 3.92e-08, 2.27, 0, 1e-08, 0
388756801, 17.99, 1.05e-07, 4.58e-08, 2.27, 0, 1e-08, 0
389016001, 2.03, 3.89e-08, 3.33e-08, 2.27, 0, 1e-08, 0
389275201, 2.81, 4.02e-08, 3.53e-08, 2.27, 0, 1e-08, 0
389534401, 21.61, 1.24e-07, 4.5e-08, 2.27, 0, 1e-08, 0
390312001, 3.01, 5.64e-08, 4.68e-08, 2.27, 0, 1e-08, 0
390571201, 1.19, 3.56e-08, 3.97e-08, 2.27, 0, 1e-08, 0
390830401, 7.43, 6.94e-08, 4.35e-08, 2.27, 0, 1e-08, 0
391089601, 3.44, 6.42e-08, 4.37e-08, 2.27, 0, 1e-08, 0
391608001, 6.32, 8.46e-08, 4.83e-08, 2.27, 0, 1e-08, 0
392126401, 1.37, 6.22e-08, 5.99e-08, 2.27, 0, 1e-08, 0
393681601, 3.3, 2.39e-08, 2.35e-08, 2.27, 0, 1e-08, 0
394200001, 2.04, 4.23e-08, 3.91e-08, 2.27, 0, 1e-08, 0
394459201, 1.47, 4.2e-08, 4.29e-08, 2.27, 0, 1e-08, 0
395236801, 1.78, 6.54e-08, 5.85e-08, 2.27, 0, 1e-08, 0
396792001, 1.2, 2.47e-08, 2.84e-08, 2.27, 0, 1e-08, 0
397051201, 2.6, 4.82e-08, 4.02e-08, 2.27, 0, 1e-08, 0
399124801, 15.46, 1.47e-07, 5.39e-08, 2.27, 0, 1e-08, 0
399902401, 1.22, 4.16e-08, 4.5e-08, 2.27, 0, 1e-08, 0
400420801, 1.64, 3.35e-08, 3.1e-08, 2.27, 0, 1e-08, 0
400680001, 2.26, 4.23e-08, 3.48e-08, 2.27, 0, 1e-08, 0
400939201, 3.4, 5.71e-08, 3.93e-08, 2.27, 0, 1e-08, 0
402494401, 2.85, 5.39e-08, 4.12e-08, 2.27, 0, 1e-08, 0
403272001, 5.97, 5.97e-08, 3.62e-08, 2.27, 0, 1e-08, 0
403531201, 2.42, 4.92e-08, 3.81e-08, 2.27, 0, 1e-08, 0
403790401, 6.69, 3.64e-08, 2.23e-08, 2.27, 0, 1e-08, 0
405345601, 4.76, 6.09e-08, 3.77e-08, 2.27, 0, 1e-08, 0
405604801, 5.21, 5.64e-08, 3.41e-08, 2.27, 0, 1e-08, 0
406900801, 4.74, 6.25e-08, 3.85e-08, 2.27, 0, 1e-08, 0
407419201, 1.11, 3.82e-08, 4.15e-08, 2.27, 0, 1e-08, 0
408974401, 1.49, 3.87e-08, 3.84e-08, 2.27, 0, 1e-08, 0
409233601, 2.68, 7.48e-08, 5.32e-08, 2.27, 0, 1e-08, 0
411825601, 2.93, 5.36e-08, 3.94e-08, 2.27, 0, 1e-08, 0
413121601, 1.66, 4.21e-08, 3.84e-08, 2.27, 0, 1e-08, 0
413899201, 2.58, 6.98e-08, 5.13e-08, 2.27, 0, 1e-08, 0
415713601, 2.21, 1.94e-08, 2.01e-08, 2.27, 0, 1e-08, 0
416232001, 1.02, 1.17e-08, 1.6e-08, 2.27, 0, 1e-08, 0
419601601, 1.19, 3.38e-08, 3.68e-08, 2.27, 0, 1e-08, 0
420638401, 1.41, 3.64e-08, 3.69e-08, 2.27, 0, 1e-08, 0
420897601, 1.02, 3.18e-08, 3.67e-08, 2.27, 0, 1e-08, 0
421934401, 9.26, 7.9e-08, 4.48e-08, 2.27, 0, 1e-08, 0
423230401, 4.94, 8.84e-08, 5.16e-08, 2.27, 0, 1e-08, 0
423489601, 2.56, 8.41e-08, 6.29e-08, 2.27, 0, 1e-08, 0
424267201, 1.83, 4e-08, 3.77e-08, 2.27, 0, 1e-08, 0
424526401, 5.02, 9.25e-08, 5.43e-08, 2.27, 0, 1e-08, 0
425044801, 1.11, 2.95e-08, 3.47e-08, 2.27, 0, 1e-08, 0
426600001, 6.57, 1.3e-07, 6.32e-08, 2.27, 0, 1e-08, 0
427896001, 3.73, 1.21e-07, 7.78e-08, 2.27, 0, 1e-08, 0
428414401, 3.71, 3.87e-08, 3.15e-08, 2.27, 0, 1e-08, 0
429710401, 2.62, 4.6e-08, 4.01e-08, 2.27, 0, 1e-08, 0
433339201, 1.69, 4.29e-08, 4.12e-08, 2.27, 0, 1e-08, 0
435153601, 4.13, 5.39e-08, 3.9e-08, 2.27, 0, 1e-08, 0
435931201, 2.74, 5.64e-08, 4.35e-08, 2.27, 0, 1e-08, 0
436968001, 1.57, 4.24e-08, 3.99e-08, 2.27, 0, 1e-08, 0
437486401, 5.91, 7.21e-08, 4.58e-08, 2.27, 0, 1e-08, 0
440337601, 2.09, 5.85e-08, 4.84e-08, 2.27, 0, 1e-08, 0
440856001, 7.13, 6.48e-08, 4.21e-08, 2.27, 0, 1e-08, 0
442929601, 5.82, 7.46e-08, 4.32e-08, 2.27, 0, 1e-08, 0
443188801, 1.11, 2.77e-08, 3.26e-08, 2.27, 0, 1e-08, 0
444484801, 3.78, 9.87e-08, 6.41e-08, 2.27, 0, 1e-08, 0
445003201, 1.58, 3.06e-08, 3.45e-08, 2.27, 0, 1e-08, 0
445521601, 1.26, 3.95e-08, 4.23e-08, 2.27, 0, 1e-08, 0
446299201, 1.79, 4.73e-08, 4.26e-08, 2.27, 0, 1e-08, 0
447595201, 4.87, 8.25e-08, 4.66e-08, 2.27, 0, 1e-08, 0
448891201, 2.28, 4.78e-08, 3.85e-08, 2.27, 0, 1e-08, 0
451483201, 2.41, 6.45e-08, 5.05e-08, 2.27, 0, 1e-08, 0
452001601, 2.36, 2.71e-08, 2.78e-08, 2.27, 0, 1e-08, 0
452520001, 2.96, 3.06e-08, 2.76e-08, 2.27, 0, 1e-08, 0
453816001, 1.53, 5.77e-08, 5.42e-08, 2.27, 0, 1e-08, 0
455371201, 2.4, 2.04e-08, 2.23e-08, 2.27, 0, 1e-08, 0
455889601, 3.22, 6.67e-08, 4.81e-08, 2.27, 0, 1e-08, 0
458222401, 7.68, 8.17e-08, 4.41e-08, 2.27, 0, 1e-08, 0
459518401, 2.96, 6.35e-08, 4.73e-08, 2.27, 0, 1e-08, 0
463147201, 2.01, 5.37e-08, 4.44e-08, 2.27, 0, 1e-08, 0
463406401, 5.78, 5.94e-08, 4.01e-08, 2.27, 0, 1e-08, 0
464184001, 2.16, 3.8e-08, 3.31e-08, 2.27, 0, 1e-08, 0
466257601, 2.94, 3.03e-08, 2.62e-08, 2.27, 0, 1e-08, 0
467553601, 1.5, 3.59e-08, 3.52e-08, 2.27, 0, 1e-08, 0
468331201, 1.47, 2.96e-08, 3.15e-08, 2.27, 0, 1e-08, 0
468849601, 5.23, 7.14e-08, 4.14e-08, 2.27, 0, 1e-08, 0
469368001, 4.46, 7.4e-08, 4.32e-08, 2.27, 0, 1e-08, 0
469627201, 7.55, 8.51e-08, 4.48e-08, 2.27, 0, 1e-08, 0
469886401, 11.25, 4.68e-08, 2.92e-08, 2.27, 0, 1e-08, 0
470145601, 5.2, 3.8e-08, 3.09e-08, 2.27, 0, 1e-08, 0
470404801, 14.25, 9.58e-08, 4.51e-08, 2.27, 0, 1e-08, 0
470923201, 3.82, 2.07e-08, 2.08e-08, 2.27, 0, 1e-08, 0
471441601, 2.19, 3.37e-08, 3.14e-08, 2.27, 0, 1e-08, 0
472219201, 5.72, 4.78e-08, 3.54e-08, 2.27, 0, 1e-08, 0
474033601, 1.0, 1.84e-08, 2.08e-08, 2.27, 0, 1e-08, 0
474811201, 1.12, 4.89e-08, 5.19e-08, 2.27, 0, 1e-08, 0
475070401, 6.97, 1.15e-07, 5.51e-08, 2.27, 0, 1e-08, 0
477662401, 1.12, 5.07e-08, 5.52e-08, 2.27, 0, 1e-08, 0
478958401, 2.85, 5.47e-08, 4.09e-08, 2.27, 0, 1e-08, 0
479476801, 7.75, 7.18e-08, 4.22e-08, 2.27, 0, 1e-08, 0
480513601, 5.0, 4.69e-08, 3.44e-08, 2.27, 0, 1e-08, 0
481032001, 8.47, 5.09e-08, 2.95e-08, 2.27, 0, 1e-08, 0
481809601, 4.47, 8.18e-08, 4.91e-08, 2.27, 0, 1e-08, 0
482068801, 1.0, 3.99e-08, 4.6e-08, 2.27, 0, 1e-08, 0
482328001, 1.13, 4.1e-08, 4.47e-08, 2.27, 0, 1e-08, 0
482587201, 1.78, 5.12e-08, 4.58e-08, 2.27, 0, 1e-08, 0
483364801, 1.15, 5.29e-08, 5.63e-08, 2.27, 0, 1e-08, 0
484401601, 9.1, 8.82e-08, 4.37e-08, 2.27, 0, 1e-08, 0
484660801, 9.93, 1.32e-07, 5.72e-08, 2.27, 0, 1e-08, 0
485438401, 4.61, 7.14e-08, 4.47e-08, 2.27, 0, 1e-08, 0
486216001, 5.71, 7.57e-08, 4.35e-08, 2.27, 0, 1e-08, 0
486993601, 10.23, 1.2e-07, 5.98e-08, 2.27, 0, 1e-08, 0
487252801, 1.37, 5.01e-08, 5.07e-08, 2.27, 0, 1e-08, 0
487771201, 1.41, 4.06e-08, 4.08e-08, 2.27, 0, 1e-08, 0
488030401, 3.13, 6.13e-08, 4.59e-08, 2.27, 0, 1e-08, 0
489067201, 2.74, 6.36e-08, 4.84e-08, 2.27, 0, 1e-08, 0
489326401, 8.69, 1.21e-07, 5.52e-08, 2.27, 0, 1e-08, 0
489844801, 2.52, 3.65e-08, 3.31e-08, 2.27, 0, 1e-08, 0
490104001, 2.49, 5.56e-08, 4.39e-08, 2.27, 0, 1e-08, 0
490881601, 1.68, 3.81e-08, 3.58e-08, 2.27, 0, 1e-08, 0
491140801, 3.09, 7.93e-08, 5.46e-08, 2.27, 0, 1e-08, 0
491659201, 7.2, 7.19e-08, 4.12e-08, 2.27, 0, 1e-08, 0
493214401, 2.73, 2.68e-08, 2.55e-08, 2.27, 0, 1e-08, 0
493992001, 7.37, 7.33e-08, 3.95e-08, 2.27, 0, 1e-08, 0
495028801, 1.61, 4.78e-08, 4.39e-08, 2.27, 0, 1e-08, 0
496584001, 1.73, 4.75e-08, 4.3e-08, 2.27, 0, 1e-08, 0
497620801, 7.52, 7.17e-08, 3.34e-08, 2.27, 0, 1e-08, 0
498657601, 5.16, 6.29e-08, 3.41e-08, 2.27, 0, 1e-08, 0
498916801, 3.18, 2.54e-08, 2.19e-08, 2.27, 0, 1e-08, 0
499176001, 1.25, 2.59e-08, 2.94e-08, 2.27, 0, 1e-08, 0
502286401, 3.34, 6.41e-08, 4.36e-08, 2.27, 0, 1e-08, 0
503582401, 13.25, 1.61e-07, 6.51e-08, 2.27, 0, 1e-08, 0
504619201, 1.71, 3.78e-08, 3.62e-08, 2.27, 0, 1e-08, 0
506174401, 4.84, 4.64e-08, 3.61e-08, 2.27, 0, 1e-08, 0
506433601, 1.96, 4.9e-08, 4.46e-08, 2.27, 0, 1e-08, 0
506952001, 1.55, 3.97e-08, 3.79e-08, 2.27, 0, 1e-08, 0
507729601, 3.95, 5.99e-08, 3.95e-08, 2.27, 0, 1e-08, 0
508248001, 9.76, 1.43e-07, 6.01e-08, 2.27, 0, 1e-08, 0
508766401, 9.61, 7.14e-08, 3.94e-08, 2.27, 0, 1e-08, 0
509025601, 2.11, 4.2e-08, 3.9e-08, 2.27, 0, 1e-08, 0
509284801, 5.09, 4.83e-08, 3.41e-08, 2.27, 0, 1e-08, 0
510580801, 2.67, 5.54e-08, 4.46e-08, 2.27, 0, 1e-08, 0
511617601, 6.24, 6.94e-08, 3.76e-08, 2.27, 0, 1e-08, 0
511876801, 1.95, 3.65e-08, 3.39e-08, 2.27, 0, 1e-08, 0
512913601, 4.09, 7.39e-08, 4.98e-08, 2.27, 0, 1e-08, 0
513432001, 2.64, 6.7e-08, 5.3e-08, 2.27, 0, 1e-08, 0
514987201, 1.87, 3.45e-08, 3.21e-08, 2.27, 0, 1e-08, 0
515246401, 17.56, 2.09e-07, 6.8e-08, 2.27, 0, 1e-08, 0
516542401, 4.67, 7.21e-08, 4.59e-08, 2.27, 0, 1e-08, 0
516801601, 1.97, 6.09e-08, 4.94e-08, 2.27, 0, 1e-08, 0
517060801, 1.3, 3.14e-08, 3.49e-08, 2.27, 0, 1e-08, 0
517838401, 6.06, 6.8e-08, 3.98e-08, 2.27, 0, 1e-08, 0
519393601, 1.77, 2.42e-08, 2.73e-08, 2.27, 0, 1e-08, 0
520171201, 4.64, 7.22e-08, 4.49e-08, 2.27, 0, 1e-08, 0
521467201, 1.07, 3.61e-08, 4.12e-08, 2.27, 0, 1e-08, 0
522504001, 3.36, 6.34e-08, 4.55e-08, 2.27, 0, 1e-08, 0
522763201, 2.45, 6.09e-08, 4.93e-08, 2.27, 0, 1e-08, 0
523540801, 1.38, 4.45e-08, 4.41e-08, 2.27, 0, 1e-08, 0
523800001, 7.14, 9.73e-08, 4.78e-08, 2.27, 0, 1e-08, 0
524318401, 1.85, 3.54e-08, 3.48e-08, 2.27, 0, 1e-08, 0
524836801, 5.39, 7e-08, 4.21e-08, 2.27, 0, 1e-08, 0
525873601, 1.4, 2.6e-08, 2.88e-08, 2.27, 0, 1e-08, 0
526132801, 2.52, 2.15e-08, 2.28e-08, 2.27, 0, 1e-08, 0
527169601, 10.44, 1.12e-07, 5.39e-08, 2.27, 0, 1e-08, 0
527428801, 6.73, 9.4e-08, 4.71e-08, 2.27, 0, 1e-08, 0
527688001, 2.59, 4.47e-08, 3.64e-08, 2.27, 0, 1e-08, 0
527947201, 4.06, 4.73e-08, 3.1e-08, 2.27, 0, 1e-08, 0
528465601, 2.69, 5.36e-08, 4.06e-08, 2.27, 0, 1e-08, 0
529761601, 9.01, 8.5e-08, 4.22e-08, 2.27, 0, 1e-08, 0
532094401, 3.21, 2.66e-08, 2.43e-08, 2.27, 0, 1e-08, 0
532612801, 1.75, 3.6e-08, 3.34e-08, 2.27, 0, 1e-08, 0
532872001, 10.26, 7.23e-08, 3.47e-08, 2.27, 0, 1e-08, 0
533131201, 2.38, 4.13e-08, 3.38e-08, 2.27, 0, 1e-08, 0
533908801, 3.02, 5.16e-08, 3.89e-08, 2.27, 0, 1e-08, 0
534427201, 1.04, 4.12e-08, 4.68e-08, 2.27, 0, 1e-08, 0
534686401, 3.28, 3.4e-08, 2.67e-08, 2.27, 0, 1e-08, 0
535204801, 3.35, 3.72e-08, 2.92e-08, 2.27, 0, 1e-08, 0
535982401, 1.02, 3.43e-08, 3.93e-08, 2.27, 0, 1e-08, 0
536500801, 1.81, 6.59e-08, 5.6e-08, 2.27, 0, 1e-08, 0
537019201, 4.78, 6.27e-08, 4.26e-08, 2.27, 0, 1e-08, 0
539870401, 3.55, 6.4e-08, 4.19e-08, 2.27, 0, 1e-08, 0
541425601, 16.88, 1.86e-07, 6e-08, 2.27, 0, 1e-08, 0
541944001, 3.25, 6.46e-08, 4.46e-08, 2.27, 0, 1e-08, 0
542203201, 7.54, 7.68e-08, 4.11e-08, 2.27, 0, 1e-08, 0
542462401, 8.24, 6.94e-08, 3.85e-08, 2.27, 0, 1e-08, 0
542721601, 4.58, 2.96e-08, 1.76e-08, 2.27, 0, 1e-08, 0
547646401, 1.61, 2.56e-08, 2.55e-08, 2.27, 0, 1e-08, 0
549460801, 5.14, 5.46e-08, 3.62e-08, 2.27, 0, 1e-08, 0
549720001, 1.05, 3.39e-08, 4.09e-08, 2.27, 0, 1e-08, 0
549979201, 2.96, 4.85e-08, 3.81e-08, 2.27, 0, 1e-08, 0
550497601, 12.54, 1.6e-07, 6.42e-08, 2.27, 0, 1e-08, 0
551275201, 5.22, 1.2e-07, 7.61e-08, 2.27, 0, 1e-08, 0
553089601, 3.59, 3.5e-05, 0, 2.27, 0, 1e-08, 0
553348801, 12.1, 3.5e-05, 0, 2.27, 0, 1e-08, 0
553608001, 10.66, 3.5e-05, 0, 2.27, 0, 1e-08, 0
554644801, 3.68, 2.07e-07, 1.43e-07, 2.27, 0, 1e-08, 0
555163201, 2.22, 5.33e-08, 4.56e-08, 2.27, 0, 1e-08, 0
555422401, 14.31, 1.32e-07, 6.01e-08, 2.27, 0, 1e-08, 0
557236801, 11.03, 1.09e-07, 4.68e-08, 2.27, 0, 1e-08, 0
557496001, 4.14, 7.95e-08, 4.86e-08, 2.27, 0, 1e-08, 0
557755201, 9.82, 1.5e-07, 6.21e-08, 2.27, 0, 1e-08, 0
559051201, 2.19, 3.63e-08, 2.93e-08, 2.27, 0, 1e-08, 0
559569601, 21.36, 1.53e-07, 4.9e-08, 2.27, 0, 1e-08, 0
560088001, 4.15, 1.26e-07, 7.49e-08, 2.27, 0, 1e-08, 0
562161601, 1.85, 2.93e-08, 2.72e-08, 2.27, 0, 1e-08, 0
562680001, 1.19, 1.61e-08, 1.91e-08, 2.27, 0, 1e-08, 0
563716801, 4.5, 4.67e-08, 3.35e-08, 2.27, 0, 1e-08, 0
563976001, 5.94, 5.65e-08, 3.63e-08, 2.27, 0, 1e-08, 0
564494401, 2.32, 7.67e-08, 6.2e-08, 2.27, 0, 1e-08, 0
564753601, 2.56, 7.24e-08, 5.84e-08, 2.27, 0, 1e-08, 0
565012801, 1.29, 4.64e-08, 4.78e-08, 2.27, 0, 1e-08, 0
566308801, 2.43, 2.26e-08, 2.05e-08, 2.27, 0, 1e-08, 0
567086401, 1.02, 2.6e-07, 4e-09, 2.27, 0, 1e-08, 101
568382401, 6.94, 5.49e-08, 3.04e-08, 2.27, 0, 1e-08, 0
568641601, 2.58, 6.99e-08, 5.32e-08, 2.27, 0, 1e-08, 0
568900801, 35.29, 1.95e-07, 5.9e-08, 2.27, 0, 1e-08, 0
569160001, 7.4, 1.05e-07, 5.1e-08, 2.27, 0, 1e-08, 0
569678401, 5.81, 9.88e-08, 5.3e-08, 2.27, 0, 1e-08, 0
569937601, 26.63, 1.55e-07, 5.3e-08, 2.27, 0, 1e-08, 0
570196801, 4.41, 6.66e-08, 4.01e-08, 2.27, 0, 1e-08, 0
570456001, 15.53, 1.05e-07, 4e-08, 2.27, 0, 1e-08, 0
570715201, 1.24, 1.09e-07, 1.24e-07, 2.27, 0, 1e-08, 0
571233601, 1.85, 6.32e-08, 7.46e-08, 2.27, 0, 1e-08, 0
571492801, 1.23, 1.42e-07, 1.61e-07, 2.27, 0, 1e-08, 0
572529601, 1.04, 2.56e-08, 3.03e-08, 2.27, 0, 1e-08, 0
573048001, 4.16, 7.1e-08, 4.99e-08, 2.27, 0, 1e-08, 0
573307201, 3.3, 4.65e-08, 4.06e-08, 2.27, 0, 1e-08, 0
573566401, 4.5, 8.28e-08, 5.3e-08, 2.27, 0, 1e-08, 0
574344001, 4.67, 8.18e-08, 5.21e-08, 2.27, 0, 1e-08, 0
574603201, 6.49, 4.89e-08, 3.5e-08, 2.27, 0, 1e-08, 0
574862401, 1.05, 3.96e-08, 4.53e-08, 2.27, 0, 1e-08, 0
575121601, 1.07, 3.06e-08, 3.58e-08, 2.27, 0, 1e-08, 0
576158401, 1.84, 4.28e-08, 3.98e-08, 2.27, 0, 1e-08, 0
576417601, 3.04, 3.8e-08, 3.44e-08, 2.27, 0, 1e-08, 0
576676801, 6.26, 7.56e-08, 4.52e-08, 2.27, 0, 1e-08, 0
576936001, 20.4, 1.12e-07, 3.78e-08, 2.27, 0, 1e-08, 0
577195201, 11.0, 6.79e-08, 3.11e-08, 2.27, 0, 1e-08, 0
577454401, 14.98, 7.75e-08, 3.34e-08, 2.27, 0, 1e-08, 0
577713601, 14.84, 9.99e-08, 4.11e-08, 2.27, 0, 1e-08, 0
577972801, 11.56, 9.54e-08, 3.95e-08, 2.27, 0, 1e-08, 0
578232001, 2.52, 2.33e-08, 2.5e-08, 2.27, 0, 1e-08, 0
578491201, 5.18, 4.56e-08, 3.58e-08, 2.27, 0, 1e-08, 0
578750401, 15.03, 1.14e-07, 4.62e-08, 2.27, 0, 1e-08, 0
579009601, 48.66, 2.61e-07, 6.4e-08, 2.27, 0, 1e-08, 0
579528001, 1.51, 4.04e-08, 4.29e-08, 2.27, 0, 1e-08, 0
579787201, 3.96, 7.43e-08, 5.4e-08, 2.27, 0, 1e-08, 0
580046401, 23.03, 1.56e-07, 5e-08, 2.27, 0, 1e-08, 0
580305601, 1.69, 1.89e-08, 2.05e-08, 2.27, 0, 1e-08, 0
580564801, 4.88, 9.87e-08, 5.84e-08, 2.27, 0, 1e-08, 0
580824001, 1.99, 3.84e-08, 3.63e-08, 2.27, 0, 1e-08, 0
581342401, 2.16, 4.13e-08, 3.72e-08, 2.27, 0, 1e-08, 0
582120001, 1.58, 2.85e-08, 3.29e-08, 2.27, 0, 1e-08, 0
582638401, 1.18, 2.61e-08, 3.08e-08, 2.27, 0, 1e-08, 0
582897601, 11.47, 1.24e-07, 5.59e-08, 2.27, 0, 1e-08, 0
583416001, 1.65, 3.35e-08, 3.35e-08, 2.27, 0, 1e-08, 0
583675201, 4.18, 6.63e-08, 4.68e-08, 2.27, 0, 1e-08, 0
583934401, 3.41, 7.44e-08, 5.38e-08, 2.27, 0, 1e-08, 0
584193601, 6.52, 6.88e-08, 4.43e-08, 2.27, 0, 1e-08, 0
584452801, 1.07, 8.85e-08, 1.01e-07, 2.27, 0, 1e-08, 0
584971201, 2.71, 3.5e-05, 0, 2.27, 0, 1e-08, 0
585748801, 1.55, 3.6e-07, 3.93e-07, 2.27, 0, 1e-08, 0
586785601, 2.05, 6.07e-08, 5.03e-08, 2.27, 0, 1e-08, 0
587563201, 5.98, 5.23e-08, 3.54e-08, 2.27, 0, 1e-08, 0
587822401, 4.58, 7.98e-08, 4.62e-08, 2.27, 0, 1e-08, 0
588081601, 12.39, 1.19e-07, 4.8e-08, 2.27, 0, 1e-08, 0
588340801, 3.89, 7.37e-08, 4.75e-08, 2.27, 0, 1e-08, 0
588859201, 7.91, 7.97e-08, 4.24e-08, 2.27, 0, 1e-08, 0
589118401, 1.09, 3.14e-08, 3.62e-08, 2.27, 0, 1e-08, 0
589377601, 33.89, 1.84e-07, 5.1e-08, 2.27, 0, 1e-08, 0
589636801, 17.75, 1.49e-07, 5.21e-08, 2.27, 0, 1e-08, 0
589896001, 1.11, 3.46e-08, 3.79e-08, 2.27, 0, 1e-08, 0
590155201, 16.69, 1.32e-07, 4.9e-08, 2.27, 0, 1e-08, 0
590414401, 5.95, 4.46e-08, 3.03e-08, 2.27, 0, 1e-08, 0
590673601, 9.09, 7.11e-08, 3.91e-08, 2.27, 0, 1e-08, 0
590932801, 3.55, 6.46e-08, 4.43e-08, 2.27, 0, 1e-08, 0
591192001, 1.83, 3.57e-08, 3.19e-08, 2.27, 0, 1e-08, 0
591451201, 6.51, 6.27e-08, 3.32e-08, 2.27, 0, 1e-08, 0
591969601, 16.55, 1.65e-07, 5.8e-08, 2.27, 0, 1e-08, 0
592228801, 37.78, 2.13e-07, 5.5e-08, 2.27, 0, 1e-08, 0
592488001, 7.15, 7.92e-08, 4.26e-08, 2.27, 0, 1e-08, 0
593006401, 9.44, 7.79e-08, 3.82e-08, 2.27, 0, 1e-08, 0
593524801, 1.93, 5.63e-08, 4.68e-08, 2.27, 0, 1e-08, 0
594043201, 5.31, 5.7e-08, 3.56e-08, 2.27, 0, 1e-08, 0
595339201, 1.58, 3.16e-08, 3.2e-08, 2.27, 0, 1e-08, 0
595598401, 3.8, 6.49e-08, 4.22e-08, 2.27, 0, 1e-08, 0
596635201, 1.28, 2.81e-08, 3.35e-08, 2.27, 0, 1e-08, 0
598968001, 1.95, 4.1e-07, 4e-09, 2.27, 0, 1e-08, 101
602337601, 3.9, 5.94e-08, 4.07e-08, 2.27, 0, 1e-08, 0
603115201, 3.98, 1.45e-07, 9.63e-08, 2.27, 0, 1e-08, 0
603374401, 3.41, 1.58e-07, 1.11e-07, 2.27, 0, 1e-08, 0
603633601, 7.15, 2.2e-07, 1.19e-07, 2.27, 0, 1e-08, 0
603892801, 5.59, 7.17e-08, 4.82e-08, 2.27, 0, 1e-08, 0
604152001, 4.31, 5.08e-08, 3.62e-08, 2.27, 0, 1e-08, 0
604929601, 3.67, 4.78e-08, 3.53e-08, 2.27, 0, 1e-08, 0
605188801, 5.3, 4.91e-08, 4.15e-08, 2.27, 0, 1e-08, 0
605448001, 2.43, 7.81e-08, 6.06e-08, 2.27, 0, 1e-08, 0
610891201, 3.6, 5.66e-08, 4.2e-08, 2.27, 0, 1e-08, 0
611150401, 1.69, 5.6e-08, 4.98e-08, 2.27, 0, 1e-08, 0
611668801, 16.83, 1.44e-07, 5.21e-08, 2.27, 0, 1e-08, 0
611928001, 1.39, 4.17e-08, 4.15e-08, 2.27, 0, 1e-08, 0
612964801, 8.62, 1.59e-07, 7.7e-08, 2.27, 0, 1e-08, 0
613224001, 8.94, 1.45e-07, 7.09e-08, 2.27, 0, 1e-08, 0
613483201, 1.89, 9.63e-08, 8.45e-08, 2.27, 0, 1e-08, 0
613742401, 1.72, 4.2e-08, 4.7e-08, 2.27, 0, 1e-08, 0
614520001, 1.78, 7.15e-08, 6.15e-08, 2.27, 0, 1e-08, 0
615038401, 1.03, 3.86e-08, 4.54e-08, 2.27, 0, 1e-08, 0
615297601, 2.88, 6.14e-08, 4.46e-08, 2.27, 0, 1e-08, 0
615816001, 3.09, 8.7e-08, 5.98e-08, 2.27, 0, 1e-08, 0
616334401, 12.63, 2.12e-07, 9.05e-08, 2.27, 0, 1e-08, 0
616593601, 6.36, 3.43e-07, 2.12e-07, 2.27, 0, 1e-08, 0
619963201, 12.48, 5.1e-08, 3.19e-08, 2.27, 0, 1e-08, 0
621518401, 23.02, 1.32e-07, 4.52e-08, 2.27, 0, 1e-08, 0
622036801, 1.99, 5.23e-08, 4.51e-08, 2.27, 0, 1e-08, 0
622296001, 1.67, 4.16e-08, 3.82e-08, 2.27, 0, 1e-08, 0
624888001, 1.03, 2.89e-08, 3.31e-08, 2.27, 0, 1e-08, 0
625147201, 1.12, 2.63e-08, 3e-08, 2.27, 0, 1e-08, 0
625924801, 1.82, 3.01e-08, 2.92e-08, 2.27, 0, 1e-08, 0
626443201, 1.35, 3.37e-08, 3.59e-08, 2.27, 0, 1e-08, 0
626702401, 11.07, 1.39e-07, 6e-08, 2.27, 0, 1e-08, 0
626961601, 8.36, 1.31e-07, 5.81e-08, 2.27, 0, 1e-08, 0
629035201, 3.82, 6.36e-08, 4.24e-08, 2.27, 0, 1e-08, 0
629294401, 5.01, 6e-08, 3.91e-08, 2.27, 0, 1e-08, 0
629553601, 9.95, 8.07e-08, 3.9e-08, 2.27, 0, 1e-08, 0
629812801, 1.13, 2.98e-08, 3.7e-08, 2.27, 0, 1e-08, 0
630331201, 1.66, 8.29e-08, 8.52e-08, 2.27, 0, 1e-08, 0
631886401, 4.33, 1.55e-06, 0, 2.27, 0, 1e-08, 101
632145601, 3.61, 6.52e-08, 4.87e-08, 2.27, 0, 1e-08, 0
632404801, 1.19, 5.08e-08, 5.4e-08, 2.27, 0, 1e-08, 0
632664001, 3.15, 6.64e-08, 4.74e-08, 2.27, 0, 1e-08, 0
633182401, 1.42, 3.95e-08, 3.87e-08, 2.27, 0, 1e-08, 0
634219201, 1.25, 4.37e-08, 4.58e-08, 2.27, 0, 1e-08, 0
634478401, 2.39, 8.17e-08, 6.72e-08, 2.27, 0, 1e-08, 0
634737601, 2.68, 1.24e-07, 9.91e-08, 2.27, 0, 1e-08, 0
635256001, 6.32, 1.42e-07, 9.01e-08, 2.27, 0, 1e-08, 0
637070401, 4.65, 5.64e-08, 3.87e-08, 2.27, 0, 1e-08, 0
637588801, 3.67, 8.81e-08, 5.78e-08, 2.27, 0, 1e-08, 0
639403201, 6.53, 8.95e-08, 4.57e-08, 2.27, 0, 1e-08, 0
639662401, 2.49, 4.91e-08, 4e-08, 2.27, 0, 1e-08, 0
640180801, 2.86, 5.51e-08, 4.14e-08, 2.27, 0, 1e-08, 0
640958401, 11.44, 9.36e-08, 3.94e-08, 2.27, 0, 1e-08, 0
641995201, 6.27, 8.21e-08, 4.51e-08, 2.27, 0, 1e-08, 0
642254401, 4.02, 8.62e-08, 5.19e-08, 2.27, 0, 1e-08, 0
642513601, 2.04, 4.75e-08, 3.99e-08, 2.27, 0, 1e-08, 0
646660801, 4.65, 6.73e-08, 4.45e-08, 2.27, 0, 1e-08, 0
647438401, 6.5, 1.36e-07, 6.58e-08, 2.27, 0, 1e-08, 0
647697601, 8.23, 1.6e-07, 7.02e-08, 2.27, 0, 1e-08, 0
648475201, 1.73, 1.36e-07, 1.23e-07, 2.27, 0, 1e-08, 0
649252801, 1.95, 1.77e-07, 1.58e-07, 2.27, 0, 1e-08, 0
650289601, 5.17, 7.39e-08, 4.29e-08, 2.27, 0, 1e-08, 0
651326401, 2.81, 7.04e-08, 4.98e-08, 2.27, 0, 1e-08, 0
653140801, 6.62, 4.36e-08, 2.8e-08, 2.27, 0, 1e-08, 0
653400001, 1.65, 2.81e-08, 2.88e-08, 2.27, 0, 1e-08, 0
654177601, 2.39, 2.44e-08, 2.5e-08, 2.27, 0, 1e-08, 0
654436801, 14.34, 1.33e-07, 4.9e-08, 2.27, 0, 1e-08, 0
656251201, 13.52, 1.1e-07, 4.42e-08, 2.27, 0, 1e-08, 0
658065601, 2.39, 4.19e-08, 3.59e-08, 2.27, 0, 1e-08, 0
660398401, 6.44, 6.96e-08, 3.97e-08, 2.27, 0, 1e-08, 0
664027201, 2.63, 6.3e-08, 5.09e-08, 2.27, 0, 1e-08, 0
664286401, 10.52, 1.08e-07, 4.91e-08, 2.27, 0, 1e-08, 0
664804801, 1.16, 4.52e-08, 4.81e-08, 2.27, 0, 1e-08, 0
665064001, 2.85, 4.35e-08, 3.6e-08, 2.27, 0, 1e-08, 0
665323201, 15.13, 8.42e-08, 3.89e-08, 2.27, 0, 1e-08, 0
665582401, 5.27, 4.84e-08, 3.21e-08, 2.27, 0, 1e-08, 0
666100801, 14.13, 1.13e-07, 5e-08, 2.27, 0, 1e-08, 0
666878401, 2.64, 1.28e-07, 9.61e-08, 2.27, 0, 1e-08, 0
667137601, 4.27, 1.06e-07, 7.09e-08, 2.27, 0, 1e-08, 0
667396801, 13.43, 1.74e-07, 7.82e-08, 2.27, 0, 1e-08, 0
668692801, 12.72, 1.16e-07, 5.08e-08, 2.27, 0, 1e-08, 0
669470401, 4.03, 6.11e-08, 4.79e-08, 2.27, 0, 1e-08, 0
669988801, 10.97, 1.06e-07, 4.8e-08, 2.27, 0, 1e-08, 0
670248001, 1.46, 4.27e-08, 4.35e-08, 2.27, 0, 1e-08, 0
670507201, 2.19, 5.98e-08, 4.94e-08, 2.27, 0, 1e-08, 0
671025601, 5.09, 9.14e-08, 5.14e-08, 2.27, 0, 1e-08, 0
671803201, 2.81, 4.55e-08, 3.43e-08, 2.27, 0, 1e-08, 0
673358401, 3.2, 6.5e-08, 4.28e-08, 2.27, 0, 1e-08, 0
674136001, 3.93, 3.5e-08, 2.94e-08, 2.27, 0, 1e-08, 0
674395201, 2.2, 6.32e-08, 5.06e-08, 2.27, 0, 1e-08, 0
674913601, 1.2, 3.35e-08, 3.75e-08, 2.27, 0, 1e-08, 0
675691201, 5.17, 4.22e-08, 3.6e-08, 2.27, 0, 1e-08, 0
676468801, 2.54, 1.55e-07, 1.22e-07, 2.27, 0, 1e-08, 0
676728001, 4.71, 1.8e-07, 1.81e-07, 2.27, 0, 1e-08, 102
676987201, 12.79, 2.31e-07, 1.18e-07, 2.27, 0, 1e-08, 0
678024001, 5.48, 1.16e-07, 6.61e-08, 2.27, 0, 1e-08, 0
678801601, 5.09, 5.87e-08, 4.21e-08, 2.27, 0, 1e-08, 0
679060801, 5.8, 1.08e-07, 5.82e-08, 2.27, 0, 1e-08, 0
679320001, 7.45, 1.35e-07, 6.38e-08, 2.27, 0, 1e-08, 0
679838401, 2.07, 5.19e-08, 4.43e-08, 2.27, 0, 1e-08, 0
680097601, 1.33, 5.09e-08, 5.34e-08, 2.27, 0, 1e-08, 0
680356801, 6.23, 1.82e-07, 1.04e-07, 2.27, 0, 1e-08, 0
680616001, 1.91, 1.51e-07, 1.37e-07, 2.27, 0, 1e-08, 0
680875201, 9.55, 3.12e-07, 1.57e-07, 2.27, 0, 1e-08, 0
681652801, 12.6, 3.48e-07, 1.53e-07, 2.27, 0, 1e-08, 0
682689601, 2.72, 5.28e-08, 4.07e-08, 2.27, 0, 1e-08, 0
683985601, 3.75, 7.42e-08, 4.58e-08, 2.27, 0, 1e-08, 0
684244801, 3.14, 5.4e-08, 3.93e-08, 2.27, 0, 1e-08, 0
684504001, 17.78, 1.26e-07, 4.68e-08, 2.27, 0, 1e-08, 0
684763201, 20.4, 1.19e-07, 4.19e-08, 2.27, 0, 1e-08, 0
685022401, 38.94, 1.83e-07, 4.8e-08, 2.27, 0, 1e-08, 0
685281601, 55.26, 2.36e-07, 5.2e-08, 2.27, 0, 1e-08, 0
685540801, 90.32, 3.22e-07, 6.2e-08, 2.27, 0, 1e-08, 0
685800001, 108.45, 3.13e-07, 6.1e-08, 2.27, 0, 1e-08, 0
686059201, 16.71, 1.22e-07, 4.69e-08, 2.27, 0, 1e-08, 0
686318401, 5.9, 6.18e-08, 3.66e-08, 2.27, 0, 1e-08, 0
686577601, 31.46, 1.56e-07, 4.5e-08, 2.27, 0, 1e-08, 0
686836801, 53.19, 2.03e-07, 4.4e-08, 2.27, 0, 1e-08, 0
687096001, 24.1, 1.17e-07, 3.88e-08, 2.27, 0, 1e-08, 0
687355201, 4.17, 4.58e-08, 3.1e-08, 2.27, 0, 1e-08, 0
687614401, 2.91, 4.07e-08, 3.03e-08, 2.27, 0, 1e-08, 0
687873601, 18.93, 1.2e-07, 4.89e-08, 2.27, 0, 1e-08, 0
688132801, 20.1, 1.23e-07, 4.41e-08, 2.27, 0, 1e-08, 0
688392001, 12.25, 1.23e-07, 5e-08, 2.27, 0, 1e-08, 0
688651201, 8.45, 8.27e-08, 3.85e-08, 2.27, 0, 1e-08, 0
688910401, 19.95, 1.35e-07, 4.81e-08, 2.27, 0, 1e-08, 0
689428801, 7.44, 9.18e-08, 4.52e-08, 2.27, 0, 1e-08, 0
689688001, 26.15, 1.6e-07, 4.8e-08, 2.27, 0, 1e-08, 0
689947201, 8.61, 1.07e-07, 4.8e-08, 2.27, 0, 1e-08, 0
690206401, 12.44, 1.01e-07, 4.91e-08, 2.27, 0, 1e-08, 0
690984001, 1.55, 5.47e-08, 5.74e-08, 2.27, 0, 1e-08, 0
692280001, 2.13, 5.53e-08, 4.55e-08, 2.27, 0, 1e-08, 0
692539201, 1.23, 4.26e-08, 4.43e-08, 2.27, 0, 1e-08, 0
692798401, 11.42, 1.06e-07, 4.82e-08, 2.27, 0, 1e-08, 0
693057601, 4.73, 7.71e-08, 4.67e-08, 2.27, 0, 1e-08, 0
693316801, 3.17, 6.77e-08, 4.92e-08, 2.27, 0, 1e-08, 0
693576001, 69.48, 3.27e-07, 6.9e-08, 2.27, 0, 1e-08, 0
693835201, 52.17, 2.41e-07, 6.3e-08, 2.27, 0, 1e-08, 0
694094401, 10.44, 1.2e-07, 7.09e-08, 2.27, 0, 1e-08, 0
695908801, 12.49, 1.13e-07, 5.08e-08, 2.27, 0, 1e-08, 0
696168001, 5.14, 8.89e-08, 5.02e-08, 2.27, 0, 1e-08, 0
696427201, 2.32, 3.91e-08, 3.39e-08, 2.27, 0, 1e-08, 0
696686401, 2.45, 5.38e-08, 4.32e-08, 2.27, 0, 1e-08, 0
696945601, 10.45, 8.44e-08, 4.05e-08, 2.27, 0, 1e-08, 0
697204801, 23.81, 1.43e-07, 4.92e-08, 2.27, 0, 1e-08, 0
697464001, 1.37, 5.06e-08, 5.04e-08, 2.27, 0, 1e-08, 0
697723201, 1.03, 2.99e-08, 3.73e-08, 2.27, 0, 1e-08, 0
697982401, 23.11, 1.87e-07, 6.3e-08, 2.27, 0, 1e-08, 0
698241601, 5.26, 8.85e-08, 5.53e-08, 2.27, 0, 1e-08, 0
698500801, 11.84, 2.04e-07, 8.6e-08, 2.27, 0, 1e-08, 0
698760001, 12.2, 1.49e-07, 6.91e-08, 2.27, 0, 1e-08, 0
699019201, 1.62, 5.07e-08, 5.55e-08, 2.27, 0, 1e-08, 0
699278401, 5.17, 1.29e-07, 7.78e-08, 2.27, 0, 1e-08, 0
700574401, 1.2, 5.13e-08, 5.37e-08, 2.27, 0, 1e-08, 0
704721601, 3.49, 5.11e-08, 3.35e-08, 2.27, 0, 1e-08, 0
705758401, 2.04, 5.08e-08, 4.25e-08, 2.27, 0, 1e-08, 0
706017601, 2.29, 3.29e-08, 3.4e-08, 2.27, 0, 1e-08, 0
706276801, 1.34, 4.23e-08, 4.3e-08, 2.27, 0, 1e-08, 0
707313601, 5.04, 9.64e-08, 5.18e-08, 2.27, 0, 1e-08, 0
707572801, 9.32, 5.76e-08, 3.58e-08, 2.27, 0, 1e-08, 0
707832001, 21.01, 1.15e-07, 4.72e-08, 2.27, 0, 1e-08, 0
708091201, 1.34, 8.04e-08, 8.14e-08, 2.27, 0, 1e-08, 0
709905601, 1.7, 6.37e-08, 5.93e-08, 2.27, 0, 1e-08, 0
710164801, 5.8, 6.49e-08, 4.52e-08, 2.27, 0, 1e-08, 0
710424001, 2.83, 5.58e-08, 4.24e-08, 2.27, 0, 1e-08, 0
710683201, 16.86, 1.45e-07, 5.68e-08, 2.27, 0, 1e-08, 0
711460801, 4.09, 5.39e-08, 4.44e-08, 2.27, 0, 1e-08, 0
712497601, 1.27, 1.22e-07, 1.38e-07, 2.27, 0, 1e-08, 0
714052801, 2.84, 3.45e-08, 3.18e-08, 2.27, 0, 1e-08, 0
714312001, 1.2, 3.33e-08, 3.78e-08, 2.27, 0, 1e-08, 0
714571201, 1.07, 3.1e-08, 3.69e-08, 2.27, 0, 1e-08, 0
714830401, 9.55, 7.11e-08, 4.17e-08, 2.27, 0, 1e-08, 0
715089601, 9.67, 1.17e-07, 5.78e-08, 2.27, 0, 1e-08, 0
715608001, 15.09, 1.48e-07, 5.67e-08, 2.27, 0, 1e-08, 0
716644801, 4.99, 6.22e-08, 3.62e-08, 2.27, 0, 1e-08, 0
716904001, 9.01, 9.27e-08, 4.13e-08, 2.27, 0, 1e-08, 0
717422401, 3.39, 3.29e-08, 2.94e-08, 2.27, 0, 1e-08, 0
718459201, 2.43, 2.5e-08, 2.32e-08, 2.27, 0, 1e-08, 0
719236801, 1.78, 1.81e-08, 2e-08, 2.27, 0, 1e-08, 0
719496001, 1.45, 1.86e-08, 2.18e-08, 2.27, 0, 1e-08, 0
720014401, 13.01, 1.26e-07, 4.88e-08, 2.27, 0, 1e-08, 0
720532801, 4.66, 3.97e-08, 3.03e-08, 2.27, 0, 1e-08, 0
720792001, 12.98, 1.2e-07, 4.7e-08, 2.27, 0, 1e-08, 0
721051201, 6.06, 7.09e-08, 4.22e-08, 2.27, 0, 1e-08, 0
721828801, 5.65, 4.3e-08, 3e-08, 2.27, 0, 1e-08, 0
725198401, 5.46, 7.86e-08, 4.46e-08, 2.27, 0, 1e-08, 0
728308801, 2.62, 5.29e-08, 4.07e-08, 2.27, 0, 1e-08, 0
729345601, 1.41, 1.99e-08, 2.25e-08, 2.27, 0, 1e-08, 0
729864001, 3.32, 4.07e-08, 3.74e-08, 2.27, 0, 1e-08, 0
732715201, 2.98, 3.46e-08, 2.61e-08, 2.27, 0, 1e-08, 0
732974401, 3.12, 3.41e-08, 2.58e-08, 2.27, 0, 1e-08, 0
733492801, 4.88, 9.18e-08, 5.34e-08, 2.27, 0, 1e-08, 0
733752001, 8.11, 7.54e-08, 4.15e-08, 2.27, 0, 1e-08, 0
734270401, 14.01, 1.67e-07, 6e-08, 2.27, 0, 1e-08, 0
734529601, 17.97, 1.33e-07, 5.32e-08, 2.27, 0, 1e-08, 0
734788801, 1.87, 3.74e-08, 3.73e-08, 2.27, 0, 1e-08, 0
735307201, 1.97, 3.6e-08, 3.24e-08, 2.27, 0, 1e-08, 0
736862401, 1.36, 3.17e-08, 3.31e-08, 2.27, 0, 1e-08, 0
738158401, 1.66, 4.11e-08, 3.9e-08, 2.27, 0, 1e-08, 0
738417601, 2.07, 5.12e-08, 4.22e-08, 2.27, 0, 1e-08, 0
738676801, 1.03, 2.93e-08, 3.73e-08, 2.27, 0, 1e-08, 0
738936001, 3.61, 6.69e-08, 4.8e-08, 2.27, 0, 1e-08, 0
739454401, 3.05, 5.37e-08, 3.98e-08, 2.27, 0, 1e-08, 0
739713601, 1.89, 4.87e-08, 4.82e-08, 2.27, 0, 1e-08, 0
741268801, 1.58, 2.27e-07, 2.58e-07, 2.27, 0, 1e-08, 0
