timestamp, ts, flux, flux_error, photon_index, photon_index_interval, fit_tolerance, fit_convergence
239716801, 1.09, 4.09e-08, 5.13e-08, 2.6, 0.87, 1e-08, 0
240494401, 1.0, 5.16e-09, 7.85e-09, 1.27, 0.95, 1e-08, 0
242308801, 2.36, 7.82e-08, 6.67e-08, 2.89, 0.8, 1e-08, 0
242827201, 3.66, 3.39e-08, 3.68e-08, 2.02, 0.71, 1e-08, 0
243345601, 1.7, 3.53e-08, 3.81e-08, 2.16, 0.68, 1e-08, 0
243604801, 6.33, 5.39e-09, 4.59e-09, 0.32, 0.58, 1e-08, 0
244123201, 3.0, 1.32e-07, 8.99e-08, 3.71, 0.96, 1e-08, 0
244382401, 13.52, 1.44e-08, 1.84e-08, 1.14, 0.78, 1e-08, 0
244641601, 11.58, 1.42e-07, 7.91e-08, 2.39, 0.42, 1e-08, 0
245160001, 1.12, 8.36e-09, 1.24e-08, 1.48, 0.89, 1e-08, 0
245678401, 2.01, 4.74e-08, 4.86e-08, 2.29, 0.63, 1e-08, 0
247492801, 1.72, 1.85e-08, 2.97e-08, 1.81, 0.91, 1e-08, 0
247752001, 2.0, 3.78e-08, 4.76e-08, 2.49, 0.89, 1e-08, 0
248011201, 4.07, 2.95e-09, 3.62e-09, 0.0, 0, 1e-08, 0
248270401, 25.48, 1e-07, 5.08e-08, 1.98, 0.35, 1e-08, 0
249825601, 5.08, 1.56e-07, 9.3e-08, 3.24, 0.77, 1e-08, 0
250084801, 3.22, 1.57e-07, 1.02e-07, 3.88, 1.18, 1e-08, 0
250344001, 1.2, 1e-07, 5.85e-07, 4.69, 8.59, 1e-08, 1
250603201, 2.13, 1.25e-07, 1.06e-07, 5.0, 0, 1e-08, 0
252158401, 1.48, 1.49e-08, 1.98e-08, 1.92, 0.76, 1e-08, 0
252676801, 4.11, 4.65e-08, 7.37e-08, 2.34, 1.06, 1e-08, 0
252936001, 6.29, 9.23e-08, 6.38e-08, 2.46, 0.53, 1e-08, 0
254750401, 1.05, 8.98e-09, 1.35e-08, 1.38, 0.86, 1e-08, 0
256564801, 5.94, 3.55e-08, 3.51e-08, 1.84, 0.6, 1e-08, 0
256824001, 1.11, 7.13e-08, 8.37e-08, 3.63, 1.93, 1e-08, 0
258379201, 1.35, 4.45e-08, 5.98e-08, 2.3, 1.02, 1e-08, 0
259156801, 2.07, 3.22e-08, 4.05e-08, 2.24, 0.75, 1e-08, 0
262008001, 2.1, 4.94e-08, 4.56e-08, 2.37, 0.61, 1e-08, 0
263044801, 3.49, 1.01e-08, 1.86e-08, 1.56, 1.12, 1e-08, 0
264600001, 3.14, 1.08e-07, 7.9e-08, 2.69, 0.54, 1e-08, 0
264859201, 8.82, 9.17e-08, 6.32e-08, 2.43, 0.55, 1e-08, 0
265118401, 2.35, 9.3e-08, 1.24e-07, 3.09, 3.42, 1e-08, 0
265377601, 1.7, 9.63e-09, 1.51e-08, 1.74, 0.98, 1e-08, 0
265636801, 1.58, 5.46e-09, 1.04e-08, 1.35, 1.15, 1e-08, 0
266155201, 17.83, 1.06e-07, 5.81e-08, 2.33, 0.41, 1e-08, 0
266414401, 5.86, 8.59e-08, 7.49e-08, 2.6, 0.72, 1e-08, 0
266932801, 20.13, 1.9e-07, 9.22e-08, 2.5, 0.43, 1e-08, 0
267192001, 2.93, 7.73e-09, 1.04e-08, 1.17, 0.77, 1e-08, 0
267451201, 8.61, 2.56e-07, 1.06e-07, 4.2, 2.76, 1e-08, 102
267969601, 6.25, 7.72e-08, 5.86e-08, 2.25, 0.61, 1e-08, 0
268228801, 5.31, 1.62e-07, 9.92e-08, 3.1, 0.66, 1e-08, 0
268747201, 6.77, 1.33e-07, 1.05e-07, 2.5, 0.71, 1e-08, 0
269006401, 1.56, 1.59e-08, 2.09e-08, 1.56, 0.78, 1e-08, 0
269265601, 2.27, 9.45e-08, 7.87e-08, 3.1, 0.7, 1e-08, 0
269524801, 29.55, 1.3e-07, 5.43e-08, 1.92, 0.29, 1e-08, 0
269784001, 2.73, 2.19e-08, 2.84e-08, 1.65, 0.78, 1e-08, 0
270043201, 9.38, 1.21e-07, 9.49e-08, 2.55, 0.6, 1e-08, 0
270302401, 6.46, 1.64e-07, 8.9e-08, 3.44, 0.87, 1e-08, 0
270820801, 6.78, 1.61e-07, 7.79e-08, 3.55, 0.7, 1e-08, 0
271339201, 5.32, 7.33e-08, 4.77e-08, 2.21, 0.46, 1e-08, 0
271598401, 11.06, 4.9e-08, 3.21e-08, 1.82, 0.42, 1e-08, 0
271857601, 1.02, 6.81e-08, 8.51e-08, 3.37, 2.24, 1e-08, 0
272116801, 1.18, 8.49e-08, 8.8e-08, 3.15, 1.85, 1e-08, 0
272376001, 10.02, 1.56e-08, 1.49e-08, 0.99, 0.63, 1e-08, 0
273412801, 8.4, 1.51e-08, 1.68e-08, 1.38, 0.71, 1e-08, 0
273672001, 6.3, 7.94e-08, 5.38e-08, 2.11, 0.49, 1e-08, 0
273931201, 4.34, 4.22e-09, 4.46e-09, 0.38, 0.73, 1e-08, 0
274190401, 14.7, 4.62e-08, 3.32e-08, 1.61, 0.44, 1e-08, 0
274708801, 1.11, 2.19e-08, 3.05e-08, 2.05, 0.91, 1e-08, 0
274968001, 3.34, 6.95e-09, 8.56e-09, 1.38, 0.78, 1e-08, 0
275745601, 4.87, 2.47e-08, 2e-08, 1.77, 0.49, 1e-08, 0
278078401, 2.85, 1.44e-08, 2.48e-08, 1.54, 1.05, 1e-08, 0
278337601, 1.88, 1.31e-08, 1.74e-08, 1.32, 0.86, 1e-08, 0
278596801, 3.18, 3.6e-08, 4.2e-08, 1.96, 0.74, 1e-08, 0
278856001, 8.15, 2.44e-08, 2.04e-08, 1.5, 0.52, 1e-08, 0
279115201, 12.33, 1.53e-07, 7.11e-08, 2.6, 0.4, 1e-08, 0
279633601, 1.97, 7.38e-08, 1.55e-07, 3.18, 6.92, 1e-08, 102
280411201, 2.28, 1.9e-08, 2.12e-08, 1.71, 0.75, 1e-08, 0
280670401, 2.62, 1.03e-08, 1.06e-08, 1.32, 0.65, 1e-08, 0
282225601, 2.68, 6.42e-09, 8.78e-09, 0.91, 0.95, 1e-08, 0
283262401, 1.3, 6.3e-08, 7.28e-08, 2.67, 0.83, 1e-08, 0
284040001, 3.87, 8.77e-08, 6.24e-08, 2.72, 0.56, 1e-08, 0
284299201, 2.43, 1.21e-08, 2.02e-08, 1.72, 1, 1e-08, 0
284558401, 5.08, 9.51e-09, 9.31e-09, 1.12, 0.61, 1e-08, 0
285076801, 1.49, 2.76e-08, 3.49e-08, 2.2, 0.72, 1e-08, 0
285336001, 1.77, 4.84e-08, 5.07e-08, 2.29, 0.8, 1e-08, 0
286113601, 6.66, 2.2e-07, 1.2e-07, 3.12, 0.55, 1e-08, 0
286372801, 2.67, 1.57e-08, 2.36e-08, 1.64, 0.88, 1e-08, 0
286891201, 6.03, 2.49e-08, 3.52e-08, 1.43, 0.89, 1e-08, 0
287150401, 5.28, 2.22e-07, 1.29e-07, 3.48, 0.69, 1e-08, 0
287928001, 17.29, 4e-09, 5.2e-09, 0.0, 0, 1e-08, 0
288446401, 2.8, 3.9e-08, 3.57e-08, 2.15, 0.57, 1e-08, 0
288705601, 23.24, 2.8e-08, 2.03e-08, 1.32, 0.46, 1e-08, 0
288964801, 1.79, 5.83e-08, 1.15e-07, 3.02, 6.91, 1e-08, 0
289224001, 3.7, 8.39e-08, 5.81e-08, 2.98, 0.73, 1e-08, 0
289483201, 3.18, 7.33e-09, 1.12e-08, 1.24, 0.89, 1e-08, 0
289742401, 18.84, 3.37e-08, 3.74e-08, 1.51, 0.64, 1e-08, 0
290001601, 15.69, 3.86e-08, 2.9e-08, 1.45, 0.46, 1e-08, 0
290260801, 5.32, 2.43e-08, 2.61e-08, 1.74, 0.74, 1e-08, 0
290520001, 8.14, 1.29e-07, 7.92e-08, 2.58, 0.52, 1e-08, 0
291297601, 5.82, 1.49e-07, 1e-07, 2.59, 0.48, 1e-08, 0
291556801, 41.95, 8.19e-08, 3.7e-08, 1.38, 0.29, 1e-08, 0
291816001, 8.99, 1.15e-07, 1.12e-07, 2.51, 0.74, 1e-08, 0
292593601, 3.46, 8.59e-08, 6.21e-08, 2.63, 0.62, 1e-08, 0
293112001, 4.57, 8.36e-08, 7.56e-08, 2.74, 0.76, 1e-08, 0
293371201, 1.86, 7.58e-08, 1.83e-07, 3.68, 0.63, 1e-08, 0
294148801, 1.47, 5.04e-08, 5.15e-08, 2.64, 0.73, 1e-08, 0
294667201, 3.74, 8.16e-08, 6.35e-08, 2.76, 0.68, 1e-08, 0
294926401, 4.44, 9.57e-08, 7.41e-08, 2.62, 0.83, 1e-08, 0
297259201, 7.38, 4.66e-08, 3.93e-08, 1.68, 0.57, 1e-08, 0
297518401, 7.12, 7.28e-08, 5.93e-08, 2.39, 0.55, 1e-08, 0
298036801, 3.69, 2.47e-08, 2.72e-08, 1.79, 0.64, 1e-08, 0
298555201, 6.04, 1.54e-07, 8.5e-08, 5.0, 0, 1e-08, 0
298814401, 6.95, 1.36e-08, 1.41e-08, 1.27, 0.59, 1e-08, 0
299073601, 1.91, 4.28e-08, 9.84e-08, 2.43, 1.61, 1e-08, 0
299592001, 5.01, 3.92e-08, 3.72e-08, 1.89, 0.67, 1e-08, 0
299851201, 1.79, 2.72e-08, 3.03e-08, 1.77, 0.65, 1e-08, 0
301147201, 6.63, 1e-07, 1e-07, 2.19, 0.67, 1e-08, 0
301665601, 8.76, 1.47e-07, 1.37e-07, 2.7, 0.96, 1e-08, 0
301924801, 2.41, 6.4e-08, 5.82e-08, 2.67, 0.65, 1e-08, 0
302702401, 7.5, 4.59e-08, 3.57e-08, 1.97, 0.55, 1e-08, 0
302961601, 21.23, 8.13e-08, 3.68e-08, 1.84, 0.32, 1e-08, 0
303480001, 7.5, 1.57e-07, 7.41e-08, 3.25, 0.56, 1e-08, 0
303739201, 8.9, 8.05e-08, 5.38e-08, 2.15, 0.5, 1e-08, 0
304257601, 4.14, 4.37e-08, 5.08e-08, 2.16, 0.74, 1e-08, 0
304776001, 3.22, 1.57e-07, 1.27e-07, 2.92, 0.87, 1e-08, 0
305035201, 2.79, 2.28e-07, 9.2e-07, 4.68, 5.86, 1e-08, 1
305294401, 1.38, 8.01e-08, 9.99e-08, 2.87, 0.94, 1e-08, 0
305553601, 13.51, 7.57e-09, 8.71e-09, 0.0, 0, 1e-08, 0
305812801, 2.45, 1.09e-07, 9.69e-08, 2.71, 0.77, 1e-08, 0
306072001, 12.96, 2.37e-07, 1.06e-07, 2.72, 0.42, 1e-08, 0
306331201, 1.35, 8.25e-08, 1.12e-07, 3.08, 3.48, 1e-08, 0
306590401, 1.26, 3.62e-08, 4.52e-08, 2.45, 0.93, 1e-08, 0
306849601, 2.79, 1.4e-07, 1.08e-07, 5.0, 0, 1e-08, 0
307108801, 6.43, 5.17e-07, 2.56e-07, 4.22, 0.98, 1e-08, 0
307368001, 11.52, 5.75e-08, 4.23e-08, 1.79, 0.45, 1e-08, 0
308145601, 17.64, 2.39e-08, 2.16e-08, 1.42, 0.55, 1e-08, 0
308404801, 8.36, 1.3e-07, 9.29e-08, 2.71, 0.79, 1e-08, 0
309182401, 6.67, 4.14e-08, 4.12e-08, 1.71, 0.6, 1e-08, 0
309441601, 1.08, 4.52e-08, 5.88e-08, 2.25, 0.75, 1e-08, 0
310737601, 1.51, 7.97e-08, 8.45e-08, 2.96, 1.52, 1e-08, 0
310996801, 3.75, 5.63e-09, 7.46e-09, 0.97, 0.91, 1e-08, 0
311256001, 2.24, 3.43e-08, 3.76e-08, 1.87, 0.75, 1e-08, 0
311774401, 6.22, 1.7e-07, 9.17e-08, 5.0, 0, 1e-08, 0
313070401, 3.29, 9.12e-08, 6.79e-08, 2.97, 0.86, 1e-08, 0
313588801, 2.32, 1.19e-07, 9.82e-08, 3.29, 1, 1e-08, 0
315662401, 1.56, 4.09e-08, 6.7e-08, 2.53, 1.07, 1e-08, 0
317736001, 7.03, 6.68e-08, 5.32e-08, 2.32, 0.59, 1e-08, 0
319809601, 4.51, 1.89e-08, 2.34e-08, 1.54, 0.71, 1e-08, 0
320068801, 1.81, 1.16e-07, 1e-07, 3.65, 1.13, 1e-08, 0
321364801, 4.63, 1.34e-07, 7.81e-08, 3.65, 1.28, 1e-08, 0
322401601, 9.54, 1.99e-07, 7.9e-08, 4.45, 1.09, 1e-08, 0
323697601, 2.02, 3.47e-08, 3.77e-08, 1.67, 0.62, 1e-08, 0
323956801, 3.97, 1.44e-07, 1.07e-07, 2.75, 0.58, 1e-08, 0
324734401, 3.08, 2.55e-07, 1.89e-07, 3.26, 0.64, 1e-08, 0
324993601, 1.12, 8.84e-08, 9.75e-08, 5.0, 0, 1e-08, 0
325771201, 1.88, 8.36e-08, 7.45e-08, 5.0, 0, 1e-08, 0
326030401, 8.74, 1.8e-07, 7.5e-08, 3.8, 0.67, 1e-08, 0
326548801, 1.12, 2.7e-08, 3.49e-08, 2.5, 0.83, 1e-08, 0
327585601, 4.05, 5.14e-08, 4.97e-08, 2.08, 0.59, 1e-08, 0
328622401, 4.11, 1.53e-07, 1.16e-07, 2.81, 0.61, 1e-08, 0
329140801, 1.29, 1.87e-08, 3.57e-08, 2.11, 1.15, 1e-08, 0
330436801, 1.41, 2.69e-08, 3.63e-08, 2.44, 1.04, 1e-08, 0
330696001, 1.36, 2.25e-08, 3.66e-08, 2.24, 1.1, 1e-08, 0
331732801, 1.77, 9.47e-08, 8.15e-08, 4.03, 1.68, 1e-08, 0
332251201, 2.64, 5.57e-08, 6.35e-08, 2.42, 0.79, 1e-08, 0
333547201, 2.33, 1.29e-07, 1.19e-07, 2.96, 1.04, 1e-08, 0
334065601, 1.66, 6.43e-08, 1.13e-07, 2.81, 1.68, 1e-08, 0
334584001, 4.74, 1.45e-07, 8.11e-08, 3.38, 0.65, 1e-08, 0
335880001, 7.8, 2.44e-08, 1.86e-08, 1.38, 0.49, 1e-08, 0
336139201, 5.59, 1.03e-07, 6.59e-08, 2.86, 0.56, 1e-08, 0
336657601, 1.35, 2.27e-08, 3.26e-08, 1.88, 0.86, 1e-08, 0
337176001, 8.93, 2.26e-07, 1.23e-07, 3.0, 0.55, 1e-08, 0
337953601, 1.24, 4.99e-09, 6.69e-09, 0.76, 0.74, 1e-08, 0
338472001, 3.84, 1.36e-07, 9.58e-08, 3.2, 0.69, 1e-08, 0
338731201, 5.4, 1.82e-07, 9.52e-08, 3.77, 0.81, 1e-08, 0
339508801, 1.64, 6.74e-08, 6.37e-08, 3.17, 0.92, 1e-08, 0
339768001, 3.17, 3.05e-09, 3.65e-09, 0.63, 0.82, 1e-08, 0
340804801, 3.2, 6.01e-08, 5.9e-08, 2.53, 0.81, 1e-08, 0
341064001, 7.39, 1.91e-07, 9e-08, 3.58, 0.73, 1e-08, 0
341323201, 1.12, 2.17e-08, 3.67e-08, 2.01, 0.9, 1e-08, 0
341582401, 2.84, 1.01e-07, 8.22e-08, 2.77, 0.68, 1e-08, 0
343656001, 7.12, 1.16e-07, 8.78e-08, 2.7, 0.66, 1e-08, 0
344692801, 3.02, 2.29e-08, 3.15e-08, 2.05, 0.78, 1e-08, 0
344952001, 1.63, 3.44e-08, 5.33e-08, 2.55, 1.2, 1e-08, 0
345729601, 7.04, 2.07e-07, 1.06e-07, 3.17, 0.73, 1e-08, 0
345988801, 2.6, 1.05e-07, 8.1e-08, 3.29, 0.81, 1e-08, 0
346507201, 1.52, 6.26e-08, 7.34e-08, 2.48, 0.9, 1e-08, 0
347284801, 1.26, 2.51e-08, 4.18e-08, 1.91, 0.97, 1e-08, 0
347544001, 1.7, 1.22e-07, 1.08e-07, 4.6, 3.49, 1e-08, 0
348062401, 5.64, 6.79e-09, 6.31e-09, 0.75, 0.57, 1e-08, 0
349099201, 1.53, 5.26e-08, 5.23e-08, 2.94, 0.78, 1e-08, 0
351432001, 6.9, 3.27e-07, 1.74e-07, 5.0, 0, 1e-08, 0
352728001, 2.8, 7.46e-09, 9.43e-09, 1.31, 0.74, 1e-08, 0
354283201, 1.6, 6.15e-08, 6.74e-08, 3.11, 1.18, 1e-08, 0
354801601, 1.19, 5.23e-09, 7.89e-09, 1.08, 0.84, 1e-08, 0
355579201, 1.04, 6.24e-08, 7.95e-08, 2.75, 0.86, 1e-08, 0
356097601, 2.7, 8.76e-08, 1.26e-07, 2.12, 1.06, 1e-08, 0
357393601, 1.66, 9.29e-08, 8.33e-08, 3.8, 1.1, 1e-08, 0
357912001, 1.02, 6.16e-08, 6.96e-08, 3.64, 1.16, 1e-08, 0
359208001, 1.42, 2.23e-08, 2.73e-08, 1.84, 0.7, 1e-08, 0
359985601, 3.32, 5.33e-08, 6.38e-08, 2.1, 0.7, 1e-08, 0
361022401, 1.81, 1.49e-08, 1.83e-08, 0.98, 0.77, 1e-08, 0
361540801, 3.06, 8.22e-08, 7.38e-08, 2.5, 0.68, 1e-08, 0
361800001, 2.8, 5.69e-09, 6.91e-09, 0.96, 0.77, 1e-08, 0
362318401, 2.73, 6.28e-08, 6.01e-08, 2.86, 0.81, 1e-08, 0
364651201, 3.04, 6.96e-08, 6.75e-08, 2.39, 0.66, 1e-08, 0
365169601, 1.16, 1.37e-08, 2.58e-08, 1.81, 1.17, 1e-08, 0
365688001, 3.98, 7.78e-08, 1.07e-07, 2.13, 1.03, 1e-08, 0
366724801, 2.5, 1.25e-07, 9.1e-08, 4.21, 1.21, 1e-08, 0
368280001, 1.32, 9.22e-09, 1.44e-08, 1.66, 0.89, 1e-08, 0
368798401, 2.68, 1.16e-08, 1.72e-08, 1.52, 0.91, 1e-08, 0
369835201, 2.56, 1.44e-07, 1.07e-07, 3.69, 1.17, 1e-08, 0
371908801, 9.19, 1.88e-08, 1.87e-08, 1.39, 0.64, 1e-08, 0
372168001, 6.59, 1.73e-07, 9.11e-08, 5.0, 0, 1e-08, 0
373723201, 3.74, 1.16e-08, 1.88e-08, 1.6, 0.97, 1e-08, 0
373982401, 3.93, 1.68e-08, 2.04e-08, 1.46, 0.76, 1e-08, 0
374500801, 6.08, 6.97e-09, 8.51e-09, 1.0, 0.82, 1e-08, 0
374760001, 13.25, 4.31e-09, 5.1e-09, 0.0, 0, 1e-08, 0
375278401, 1.24, 1.11e-07, 1.26e-07, 5.0, 0, 1e-08, 0
375796801, 4.23, 1.59e-07, 9.1e-08, 3.34, 0.64, 1e-08, 0
376315201, 3.8, 5.79e-08, 6.33e-08, 2.14, 0.88, 1e-08, 0
377092801, 5.57, 1.58e-08, 1.49e-08, 1.47, 0.59, 1e-08, 0
378388801, 1.82, 6.42e-08, 6.48e-08, 2.55, 0.7, 1e-08, 0
380721601, 3.75, 7.48e-08, 5.41e-08, 2.61, 0.67, 1e-08, 0
382795201, 10.51, 2.02e-08, 1.69e-08, 1.31, 0.55, 1e-08, 0
384350401, 6.05, 4.82e-07, 2.48e-07, 4.29, 0.8, 1e-08, 0
385905601, 4.43, 1.19e-08, 1.75e-08, 1.61, 0.81, 1e-08, 0
386164801, 6.0, 1.14e-07, 7.97e-08, 3.03, 0.76, 1e-08, 0
389534401, 3.23, 1.02e-08, 1.07e-08, 1.31, 0.65, 1e-08, 0
389793601, 5.5, 8.35e-09, 7.45e-09, 1.21, 0.61, 1e-08, 0
392126401, 1.22, 6.01e-08, 6.59e-08, 2.53, 0.66, 1e-08, 0
392385601, 1.61, 3.16e-08, 3.82e-08, 1.83, 0.77, 1e-08, 0
393940801, 1.48, 6.38e-09, 8.01e-09, 0.95, 0.77, 1e-08, 0
394718401, 3.66, 3.76e-08, 3.79e-08, 1.94, 0.64, 1e-08, 0
395236801, 2.34, 3.51e-08, 4.03e-08, 2.28, 0.78, 1e-08, 0
395755201, 3.02, 1.11e-07, 7.39e-08, 4.54, 1.9, 1e-08, 0
396014401, 4.87, 1.3e-07, 7.3e-08, 3.31, 0.58, 1e-08, 0
396532801, 2.14, 1.17e-07, 9.62e-08, 3.34, 1.05, 1e-08, 0
396792001, 3.12, 1.15e-07, 1.01e-07, 2.99, 0.77, 1e-08, 0
397051201, 2.83, 8.06e-08, 8.25e-08, 2.34, 0.73, 1e-08, 0
399643201, 10.82, 1.21e-07, 6.3e-08, 2.58, 0.45, 1e-08, 0
400161601, 1.06, 2.16e-08, 3.58e-08, 2.39, 1.06, 1e-08, 0
401198401, 2.73, 5.04e-08, 5.38e-08, 2.32, 0.77, 1e-08, 0
402753601, 2.01, 5.1e-08, 6.49e-08, 2.4, 0.86, 1e-08, 0
403012801, 1.17, 1.27e-08, 3.53e-08, 1.74, 1.55, 1e-08, 0
403272001, 5.15, 2.22e-08, 2.28e-08, 1.67, 0.68, 1e-08, 0
403531201, 1.78, 4.42e-08, 4.63e-08, 2.18, 0.66, 1e-08, 0
403790401, 8.21, 1.2e-07, 7.81e-08, 2.43, 0.46, 1e-08, 0
405604801, 2.14, 1.09e-07, 9.19e-08, 3.14, 0.81, 1e-08, 0
406123201, 1.46, 7.66e-08, 7.76e-08, 3.0, 1.31, 1e-08, 0
406382401, 4.54, 2.11e-07, 1.18e-07, 3.73, 0.75, 1e-08, 0
407678401, 2.96, 8.43e-08, 1.12e-07, 3.03, 1.32, 1e-08, 0
408196801, 1.05, 4.78e-08, 8.83e-08, 3.85, 2.92, 1e-08, 102
408715201, 1.43, 1.75e-08, 2.08e-08, 2.25, 0.64, 1e-08, 0
411825601, 2.65, 2.44e-08, 2.9e-08, 1.73, 0.76, 1e-08, 0
413899201, 2.02, 5.36e-08, 5.36e-08, 2.49, 0.8, 1e-08, 0
417009601, 3.81, 2.68e-08, 3.75e-08, 2.04, 0.84, 1e-08, 0
418305601, 1.31, 1.8e-08, 4.47e-08, 2.23, 1.53, 1e-08, 0
420897601, 1.9, 2.12e-08, 3.22e-08, 1.5, 0.85, 1e-08, 0
421934401, 1.53, 2.17e-08, 2.37e-08, 1.89, 0.62, 1e-08, 0
424785601, 3.92, 5.32e-09, 7.38e-09, 1.14, 0.9, 1e-08, 0
426859201, 2.2, 9.29e-08, 7.99e-08, 5.0, 0, 1e-08, 0
427118401, 1.3, 1.73e-08, 2.17e-08, 1.92, 0.74, 1e-08, 0
428155201, 2.57, 1.29e-07, 9.11e-08, 4.16, 1.38, 1e-08, 0
430747201, 3.25, 7.32e-08, 5.99e-08, 2.31, 0.57, 1e-08, 0
436190401, 1.58, 9.21e-09, 1.58e-08, 1.6, 1.02, 1e-08, 0
436708801, 1.94, 8.67e-08, 7.01e-08, 4.5, 2.94, 1e-08, 0
437227201, 1.25, 5.86e-09, 9.11e-09, 1.09, 0.9, 1e-08, 0
437745601, 1.32, 1.8e-08, 3.12e-08, 1.72, 1.02, 1e-08, 0
438264001, 1.77, 1.42e-07, 1.3e-07, 3.39, 1.79, 1e-08, 0
440337601, 1.06, 3.62e-08, 4.73e-08, 2.37, 1.01, 1e-08, 0
440596801, 1.53, 1.38e-08, 1.82e-08, 1.71, 0.71, 1e-08, 0
441115201, 2.79, 1.54e-08, 2.37e-08, 1.73, 1.06, 1e-08, 0
441374401, 6.22, 6.35e-08, 5.16e-08, 2.39, 0.61, 1e-08, 0
444225601, 6.48, 1.71e-08, 1.91e-08, 1.26, 0.61, 1e-08, 0
445521601, 1.66, 7.17e-09, 1.02e-08, 1.52, 0.85, 1e-08, 0
446299201, 2.42, 4.96e-08, 4.52e-08, 2.32, 0.79, 1e-08, 0
448372801, 1.14, 5.01e-08, 6.71e-08, 2.33, 0.94, 1e-08, 0
449409601, 5.93, 2.59e-08, 2.26e-08, 1.72, 0.56, 1e-08, 0
449668801, 5.74, 7.1e-08, 5.58e-08, 2.6, 0.58, 1e-08, 0
449928001, 3.1, 6.68e-08, 5.29e-08, 2.8, 0.64, 1e-08, 0
450446401, 2.49, 9.67e-08, 6.94e-08, 4.43, 2.1, 1e-08, 0
454334401, 7.98, 8.65e-08, 5.94e-08, 2.54, 0.56, 1e-08, 0
455112001, 2.29, 2.66e-08, 3.29e-08, 2.01, 0.9, 1e-08, 0
456926401, 2.0, 1.08e-07, 1.06e-07, 3.06, 0.86, 1e-08, 0
457185601, 4.52, 3.06e-07, 1.71e-07, 4.38, 1.28, 1e-08, 0
457963201, 7.47, 2.56e-08, 2.46e-08, 1.38, 0.6, 1e-08, 0
458222401, 6.29, 4.45e-08, 3.65e-08, 1.83, 0.53, 1e-08, 0
459259201, 2.26, 6.76e-09, 1.02e-08, 1.52, 0.97, 1e-08, 0
460036801, 1.15, 2.99e-08, 3.99e-08, 2.44, 0.9, 1e-08, 0
460555201, 3.66, 1.06e-08, 1.38e-08, 1.19, 0.72, 1e-08, 0
460814401, 3.94, 2.43e-08, 2.92e-08, 1.89, 0.72, 1e-08, 0
461073601, 4.22, 2.39e-07, 1.6e-07, 5.0, 0, 1e-08, 0
461332801, 1.18, 1.32e-08, 2.77e-08, 1.65, 1.21, 1e-08, 0
462110401, 2.76, 2.35e-08, 4.07e-08, 1.92, 1.08, 1e-08, 0
463147201, 3.35, 1.18e-07, 7.51e-08, 3.54, 0.76, 1e-08, 0
463924801, 1.54, 5.13e-08, 6.99e-08, 2.89, 1.27, 1e-08, 0
464961601, 2.92, 8.57e-09, 9.21e-09, 1.25, 0.7, 1e-08, 0
466516801, 1.04, 7.91e-08, 2.17e-07, 3.35, 9.27, 1e-08, 102
467035201, 2.09, 1.2e-07, 2.66e-06, 3.78, 5.44, 1e-08, 102
467294401, 6.53, 1.76e-07, 8.73e-08, 3.42, 0.56, 1e-08, 0
467812801, 8.21, 2.16e-07, 1.02e-07, 3.95, 2.85, 1e-08, 102
468072001, 1.04, 1.86e-08, 3.23e-08, 1.92, 1.12, 1e-08, 0
468331201, 1.21, 3.56e-08, 4.64e-08, 2.7, 1.06, 1e-08, 0
468590401, 8.17, 5.91e-08, 3.58e-08, 2.01, 0.38, 1e-08, 0
468849601, 1.5, 6.63e-08, 6.49e-08, 3.22, 0.95, 1e-08, 0
469368001, 8.17, 2.08e-07, 1.02e-07, 5.0, 0, 1e-08, 0
469886401, 1.22, 1.17e-08, 2.43e-08, 1.5, 1.43, 1e-08, 0
470145601, 1.99, 1.18e-07, 1.01e-07, 3.85, 3.47, 1e-08, 0
471182401, 2.7, 4.18e-08, 6.51e-08, 2.09, 0.87, 1e-08, 0
471700801, 3.09, 7.5e-08, 9.22e-08, 2.59, 0.83, 1e-08, 0
472219201, 11.47, 1.69e-07, 7.69e-08, 2.88, 0.47, 1e-08, 0
472478401, 1.2, 8.81e-09, 1.44e-08, 1.45, 0.92, 1e-08, 0
473515201, 2.07, 2.2e-08, 6.13e-08, 2.31, 1.96, 1e-08, 0
474033601, 2.68, 1.42e-07, 2.1e-07, 3.58, 5.63, 1e-08, 102
475848001, 7.35, 7.85e-08, 8.66e-08, 2.06, 0.78, 1e-08, 0
476884801, 1.86, 6.68e-09, 1.09e-08, 1.39, 0.94, 1e-08, 0
477921601, 7.23, 1.05e-07, 5.5e-08, 2.8, 0.56, 1e-08, 0
478180801, 3.27, 9.91e-08, 6.72e-08, 3.46, 0.92, 1e-08, 0
478440001, 2.98, 1.65e-08, 1.82e-08, 1.73, 0.68, 1e-08, 0
478699201, 3.64, 3.45e-08, 3.05e-08, 1.91, 0.53, 1e-08, 0
479476801, 2.01, 1.18e-07, 1.21e-07, 3.02, 1, 1e-08, 0
479736001, 1.54, 2.3e-08, 3.68e-08, 1.83, 0.93, 1e-08, 0
479995201, 3.36, 1.24e-08, 1.46e-08, 1.25, 0.71, 1e-08, 0
481291201, 9.94, 2.09e-08, 1.9e-08, 1.19, 0.54, 1e-08, 0
482068801, 1.19, 3.19e-08, 3.78e-08, 2.6, 0.82, 1e-08, 0
482328001, 2.53, 9.51e-08, 7.2e-08, 3.65, 5.05, 1e-08, 102
482846401, 5.14, 3.33e-09, 3.7e-09, 0.77, 0.76, 1e-08, 0
483364801, 4.64, 1.28e-08, 1.78e-08, 1.45, 0.9, 1e-08, 0
483883201, 2.03, 1.5e-07, 1.42e-07, 5.0, 0, 1e-08, 0
484660801, 1.61, 5.8e-08, 8.72e-08, 2.04, 0.96, 1e-08, 0
485438401, 4.07, 2.12e-07, 1.25e-07, 4.83, 1.79, 1e-08, 0
485697601, 7.12, 4.17e-09, 4.35e-09, 0.52, 0.73, 1e-08, 0
485956801, 2.14, 9.1e-08, 7.71e-08, 3.49, 1.13, 1e-08, 0
486475201, 2.02, 7.82e-08, 8.36e-08, 3.57, 5.98, 1e-08, 102
486734401, 16.34, 1.85e-08, 1.64e-08, 1.24, 0.53, 1e-08, 0
486993601, 2.5, 1.46e-08, 1.65e-08, 1.62, 0.66, 1e-08, 0
489844801, 5.81, 1.51e-07, 1.06e-07, 2.76, 0.55, 1e-08, 0
491140801, 3.34, 1.61e-08, 1.54e-08, 1.51, 0.58, 1e-08, 0
491659201, 4.15, 3.75e-09, 4.55e-09, 0.8, 0.81, 1e-08, 0
491918401, 1.94, 3.51e-08, 4.39e-08, 2.73, 1.07, 1e-08, 0
493992001, 2.92, 1.36e-07, 1.04e-07, 2.93, 0.62, 1e-08, 0
494510401, 2.05, 8.55e-08, 8.15e-08, 2.75, 0.77, 1e-08, 0
495288001, 2.78, 1.16e-07, 8.3e-08, 4.05, 1.76, 1e-08, 0
495547201, 3.39, 1.18e-07, 6.72e-08, 4.71, 4, 1e-08, 102
496065601, 1.07, 4.5e-08, 5.29e-08, 2.92, 0.82, 1e-08, 0
496324801, 5.42, 8.87e-08, 6.43e-08, 2.61, 0.58, 1e-08, 0
496584001, 1.72, 7.6e-08, 6.53e-08, 3.54, 0.9, 1e-08, 0
499435201, 7.36, 2.61e-08, 2.65e-08, 1.44, 0.65, 1e-08, 0
499694401, 3.61, 1.27e-07, 8.79e-08, 5.0, 0, 1e-08, 0
500990401, 8.25, 2.13e-07, 1.05e-07, 5.0, 0, 1e-08, 0
501508801, 2.31, 8.77e-08, 7.71e-08, 3.19, 1.24, 1e-08, 0
504619201, 2.25, 6.9e-08, 5.78e-08, 2.64, 0.59, 1e-08, 0
505396801, 2.13, 5.92e-09, 8.9e-09, 1.25, 0.89, 1e-08, 0
505656001, 3.64, 1.17e-07, 2.49e-07, 4.53, 0.52, 1e-08, 0
505915201, 1.22, 7.82e-08, 7.99e-08, 4.11, 2.05, 1e-08, 0
507729601, 3.22, 1.77e-07, 1.32e-07, 3.5, 0.98, 1e-08, 0
508507201, 1.65, 1.11e-07, 9.9e-08, 4.17, 1.57, 1e-08, 0
508766401, 6.05, 1.61e-07, 8.52e-08, 3.21, 1.47, 1e-08, 0
510321601, 5.42, 1.32e-07, 7.3e-08, 3.25, 0.61, 1e-08, 0
510840001, 5.02, 1.73e-07, 1.07e-07, 5.0, 0, 1e-08, 0
511099201, 3.53, 1.47e-07, 1.01e-07, 3.34, 0.8, 1e-08, 0
511358401, 3.81, 2.02e-07, 1.34e-07, 5.0, 0, 1e-08, 0
513172801, 4.12, 2.16e-08, 2.37e-08, 1.29, 0.62, 1e-08, 0
514987201, 2.4, 3.22e-08, 3.35e-08, 2.02, 0.64, 1e-08, 0
516801601, 1.58, 9.41e-08, 9.91e-08, 3.09, 1.67, 1e-08, 0
518356801, 4.85, 1.16e-08, 1.27e-08, 1.4, 0.68, 1e-08, 0
518875201, 3.11, 9.06e-08, 6.23e-08, 3.35, 0.81, 1e-08, 0
519134401, 2.15, 4.42e-08, 3.95e-08, 2.3, 0.73, 1e-08, 0
519393601, 1.63, 4.56e-08, 4.67e-08, 2.68, 0.89, 1e-08, 0
519652801, 1.26, 1.64e-08, 2.27e-08, 1.75, 0.87, 1e-08, 0
521467201, 11.84, 1.8e-07, 1.4e-07, 2.21, 0.52, 1e-08, 0
521726401, 1.08, 2.84e-08, 4.24e-08, 2.05, 0.94, 1e-08, 0
522244801, 1.31, 3.94e-08, 6.14e-08, 2.48, 1.12, 1e-08, 0
523022401, 1.08, 6.82e-08, 8.1e-08, 5.0, 0, 1e-08, 0
523281601, 2.61, 1.51e-08, 2.16e-08, 1.69, 0.86, 1e-08, 0
524577601, 1.81, 3.35e-08, 3.92e-08, 2.1, 0.72, 1e-08, 0
525614401, 3.42, 1.41e-07, 1.06e-07, 2.97, 0.6, 1e-08, 0
526132801, 1.33, 9.48e-08, 1.07e-07, 3.41, 1.51, 1e-08, 0
526651201, 2.49, 1.33e-08, 1.5e-08, 1.37, 0.75, 1e-08, 0
527947201, 1.81, 8.05e-08, 1.1e-07, 3.62, 6.27, 1e-08, 102
528206401, 5.92, 1.51e-07, 7.39e-08, 4.19, 1.19, 1e-08, 0
530280001, 2.04, 9.31e-08, 1.03e-07, 3.04, 0.94, 1e-08, 0
530798401, 8.48, 2.5e-08, 2.02e-08, 1.46, 0.52, 1e-08, 0
531316801, 2.87, 7.52e-09, 1.19e-08, 1.4, 0.98, 1e-08, 0
534168001, 1.66, 8.69e-09, 1.14e-08, 0.93, 1.12, 1e-08, 0
535723201, 3.74, 1.64e-07, 1.19e-07, 5.0, 0, 1e-08, 0
536241601, 3.78, 8.58e-09, 1.09e-08, 1.34, 0.74, 1e-08, 0
537019201, 1.34, 1.1e-08, 1.47e-08, 1.75, 0.81, 1e-08, 0
539611201, 1.02, 7.86e-08, 9.37e-08, 2.96, 0.98, 1e-08, 0
539870401, 1.37, 1.29e-07, 1.39e-07, 3.38, 2.3, 1e-08, 0
542203201, 3.76, 2.73e-09, 2.92e-09, 0.26, 0.72, 1e-08, 0
542980801, 2.52, 2.57e-06, 3.27e-06, 2.08, 0.97, 1e-08, 0
544536001, 1.85, 1.56e-07, 1.48e-07, 3.37, 6.34, 1e-08, 102
544795201, 1.53, 8.81e-08, 8.17e-08, 3.67, 1.16, 1e-08, 0
545572801, 4.44, 1.73e-08, 1.72e-08, 1.79, 0.59, 1e-08, 0
546091201, 1.67, 3.1e-09, 4.02e-09, 1.13, 0.81, 1e-08, 0
546350401, 1.26, 3.89e-08, 3.95e-08, 3.17, 0.92, 1e-08, 0
546609601, 5.17, 7.03e-08, 4.28e-08, 2.9, 0.57, 1e-08, 0
547905601, 2.09, 7.41e-08, 8.49e-08, 2.37, 0.76, 1e-08, 0
548424001, 11.53, 1.37e-08, 1.13e-08, 1.08, 0.54, 1e-08, 0
548683201, 3.81, 4.05e-08, 4.39e-08, 1.89, 0.66, 1e-08, 0
549201601, 2.12, 4.51e-09, 8.98e-09, 1.0, 1.3, 1e-08, 0
549460801, 5.94, 2.13e-08, 2.02e-08, 1.58, 0.59, 1e-08, 0
551016001, 4.31, 6.59e-09, 9.82e-09, 1.55, 0.84, 1e-08, 0
551793601, 4.66, 2.7e-09, 3.08e-09, 0.85, 0.7, 1e-08, 0
552052801, 1.71, 5.49e-09, 1.12e-08, 1.45, 1.16, 1e-08, 0
552571201, 1.82, 3.15e-08, 3.58e-08, 2.33, 0.68, 1e-08, 0
553089601, 1.13, 1.26e-08, 1.98e-08, 1.98, 0.9, 1e-08, 0
553608001, 7.81, 3.43e-08, 2.55e-08, 1.7, 0.47, 1e-08, 0
554126401, 3.87, 1.22e-07, 7.19e-08, 4.36, 1.41, 1e-08, 0
554385601, 7.88, 1.87e-08, 1.91e-08, 1.64, 0.57, 1e-08, 0
554644801, 2.01, 8.61e-09, 1.27e-08, 1.84, 0.74, 1e-08, 0
555940801, 3.28, 2.67e-07, 1.9e-07, 3.71, 1.1, 1e-08, 0
556977601, 1.02, 3.65e-09, 5.98e-09, 1.35, 0.99, 1e-08, 0
557236801, 7.49, 2.99e-09, 4.01e-09, 0.0, 0, 1e-08, 0
560606401, 2.87, 3.18e-08, 7.02e-08, 2.43, 1.45, 1e-08, 0
561384001, 2.63, 9.26e-09, 1.24e-08, 1.51, 0.79, 1e-08, 0
561902401, 1.18, 8.71e-08, 9.27e-08, 5.0, 0, 1e-08, 0
566827201, 2.51, 6.48e-08, 5.31e-08, 2.57, 0.66, 1e-08, 0
568123201, 3.28, 1.8e-08, 2.28e-08, 1.84, 0.74, 1e-08, 0
569160001, 8.97, 1.01e-07, 5.79e-08, 2.73, 0.54, 1e-08, 0
571492801, 1.0, 9.89e-08, 1.15e-07, 5.0, 0, 1e-08, 0
571752001, 5.45, 1.3e-07, 9.31e-08, 2.93, 0.67, 1e-08, 0
572529601, 2.46, 4.18e-08, 4.85e-08, 2.05, 0.72, 1e-08, 0
573307201, 3.23, 1.94e-08, 1.86e-08, 1.72, 0.56, 1e-08, 0
573825601, 8.45, 2.55e-09, 2.59e-09, 0.42, 0.69, 1e-08, 0
574344001, 3.06, 9.88e-09, 1.22e-08, 1.41, 0.79, 1e-08, 0
575380801, 1.73, 2.08e-08, 3.26e-08, 1.79, 0.89, 1e-08, 0
575899201, 1.15, 2.09e-08, 3.26e-08, 1.92, 14, 1e-08, 102
576936001, 5.52, 4.92e-09, 5.08e-09, 0.55, 0.69, 1e-08, 0
577713601, 3.84, 1.49e-07, 1.01e-07, 3.77, 4.15, 1e-08, 102
577972801, 4.11, 8.81e-09, 1.38e-08, 1.31, 0.88, 1e-08, 0
578232001, 5.0, 1.35e-07, 7.92e-08, 5.0, 0, 1e-08, 0
578491201, 3.48, 1.06e-07, 6.62e-08, 3.64, 0.84, 1e-08, 0
578750401, 4.35, 8.24e-08, 6.17e-08, 2.89, 0.61, 1e-08, 0
579268801, 2.34, 1.08e-07, 8.73e-08, 3.75, 5.3, 1e-08, 102
580824001, 4.53, 5.27e-08, 4.33e-08, 2.12, 0.5, 1e-08, 0
581601601, 12.24, 1.52e-07, 6.32e-08, 2.98, 0.41, 1e-08, 0
583675201, 3.17, 9.51e-08, 6.88e-08, 3.24, 0.83, 1e-08, 0
586267201, 19.59, 1.03e-07, 5.41e-08, 1.88, 0.36, 1e-08, 0
587304001, 7.75, 1.53e-07, 6.88e-08, 3.3, 0.62, 1e-08, 0
587822401, 7.33, 3.76e-08, 3.9e-08, 1.96, 0.61, 1e-08, 0
588081601, 2.63, 9.03e-08, 6.79e-08, 3.15, 0.8, 1e-08, 0
588340801, 1.14, 7.74e-08, 8.86e-08, 5.0, 0, 1e-08, 0
588600001, 2.52, 8.81e-08, 7.81e-08, 2.61, 0.72, 1e-08, 0
589377601, 1.65, 8.78e-08, 7.74e-08, 3.42, 6.34, 1e-08, 102
589896001, 3.04, 1.34e-07, 9.92e-08, 2.82, 0.82, 1e-08, 0
591192001, 1.15, 8.4e-08, 9.18e-08, 3.23, 0.83, 1e-08, 0
592228801, 3.28, 1.26e-07, 9.03e-08, 5.0, 0, 1e-08, 0
592488001, 5.5, 8.26e-08, 5.06e-08, 2.53, 0.49, 1e-08, 0
593006401, 1.65, 4.86e-08, 6.35e-08, 2.72, 1.1, 1e-08, 0
593265601, 7.33, 7.69e-08, 7.4e-08, 2.37, 0.59, 1e-08, 0
593524801, 11.7, 7.78e-09, 1.34e-08, 0.76, 1.08, 1e-08, 0
594043201, 13.2, 2.16e-07, 9.7e-08, 2.81, 0.41, 1e-08, 0
594561601, 9.68, 1.19e-07, 6.61e-08, 2.17, 0.38, 1e-08, 0
595080001, 2.34, 8.58e-08, 8.93e-08, 2.99, 1.17, 1e-08, 0
595339201, 5.88, 1.87e-07, 1.02e-07, 5.0, 0, 1e-08, 0
595598401, 9.32, 3.06e-08, 2.75e-08, 1.6, 0.53, 1e-08, 0
595857601, 7.93, 1.4e-08, 1.27e-08, 1.58, 0.56, 1e-08, 0
596116801, 5.23, 1.1e-07, 5.92e-08, 3.34, 0.72, 1e-08, 0
596376001, 9.56, 8.66e-08, 5.56e-08, 2.37, 0.49, 1e-08, 0
596635201, 9.64, 2.54e-08, 2.71e-08, 1.56, 0.6, 1e-08, 0
597153601, 6.49, 1.8e-08, 2.63e-08, 1.67, 0.85, 1e-08, 0
597672001, 1.48, 8.88e-08, 8.23e-08, 4.23, 1.97, 1e-08, 0
597931201, 7.46, 1.77e-07, 9.31e-08, 3.04, 0.52, 1e-08, 0
598449601, 5.22, 7.08e-08, 6.53e-08, 2.27, 0.63, 1e-08, 0
598708801, 1.63, 8.95e-09, 1.1e-08, 1.19, 0.67, 1e-08, 0
599227201, 3.58, 5.65e-08, 4.86e-08, 2.23, 0.6, 1e-08, 0
599486401, 4.45, 1.62e-07, 1.02e-07, 5.0, 0, 1e-08, 0
599745601, 2.31, 7.05e-09, 1.01e-08, 1.37, 0.82, 1e-08, 0
600523201, 9.22, 5.95e-08, 4.94e-08, 2.09, 0.6, 1e-08, 0
601041601, 8.25, 2.12e-08, 1.51e-08, 1.47, 0.46, 1e-08, 0
601300801, 8.6, 5.46e-08, 4.1e-08, 2.02, 0.49, 1e-08, 0
601560001, 1.79, 3.31e-08, 4.88e-08, 2.39, 1.03, 1e-08, 0
601819201, 9.47, 3.15e-08, 2.73e-08, 1.61, 0.54, 1e-08, 0
602078401, 4.31, 2.55e-08, 4e-08, 1.98, 0.93, 1e-08, 0
602337601, 1.96, 4.57e-08, 5.44e-08, 2.14, 0.81, 1e-08, 0
602596801, 2.54, 9.37e-08, 7.63e-08, 3.59, 1.85, 1e-08, 0
602856001, 4.46, 1.39e-07, 9.12e-08, 3.35, 0.7, 1e-08, 0
603633601, 10.86, 7.71e-08, 5.71e-08, 2.08, 0.51, 1e-08, 0
604152001, 2.25, 1.67e-08, 3.17e-08, 1.53, 1.11, 1e-08, 0
604670401, 1.26, 1.18e-08, 1.44e-08, 1.29, 0.63, 1e-08, 0
605188801, 3.12, 1.1e-07, 1.03e-07, 3.52, 4.82, 1e-08, 102
605707201, 1.16, 1.47e-08, 2.16e-08, 2.01, 0.82, 1e-08, 0
605966401, 4.65, 8.03e-08, 6.47e-08, 2.86, 0.74, 1e-08, 0
606225601, 16.11, 5.23e-08, 3.7e-08, 1.78, 0.45, 1e-08, 0
607262401, 2.07, 1.01e-07, 1.02e-07, 2.85, 0.93, 1e-08, 0
607780801, 4.63, 2.52e-07, 1.65e-07, 3.5, 0.81, 1e-08, 0
608558401, 1.6, 6.87e-08, 8.31e-08, 2.57, 0.85, 1e-08, 0
608817601, 3.67, 7.77e-08, 6.72e-08, 2.22, 0.57, 1e-08, 0
609076801, 1.01, 8.49e-09, 1.57e-08, 1.55, 1.07, 1e-08, 0
609336001, 9.36, 8.08e-08, 5.73e-08, 2.22, 0.48, 1e-08, 0
609595201, 3.17, 3.64e-08, 3.71e-08, 2.24, 0.62, 1e-08, 0
609854401, 5.01, 1.65e-07, 9.61e-08, 5.0, 0, 1e-08, 0
610113601, 1.4, 5.32e-08, 6.1e-08, 2.88, 1.1, 1e-08, 0
610632001, 6.69, 2.91e-09, 3e-09, 0.47, 0.7, 1e-08, 0
610891201, 1.66, 1.3e-08, 1.84e-08, 1.94, 0.86, 1e-08, 0
612187201, 2.16, 9.5e-08, 8.81e-08, 2.52, 0.61, 1e-08, 0
612705601, 3.65, 1.46e-08, 1.51e-08, 1.72, 1.55, 1e-08, 0
613224001, 6.17, 1.78e-07, 1.04e-06, 4.78, 1.35, 1e-08, 0
614260801, 1.01, 3.18e-08, 5.14e-08, 2.7, 1.16, 1e-08, 0
615038401, 1.33, 3.94e-08, 4.33e-08, 2.66, 0.74, 1e-08, 0
615297601, 4.66, 5.6e-08, 4.31e-08, 2.43, 0.56, 1e-08, 0
615556801, 6.44, 2.46e-08, 3.49e-08, 1.64, 0.78, 1e-08, 0
616075201, 3.1, 7.11e-09, 1e-08, 1.17, 0.89, 1e-08, 0
616334401, 7.84, 3.19e-09, 3.27e-09, 0.0, 0, 1e-08, 0
618148801, 4.76, 4.87e-08, 6.14e-08, 2.12, 0.76, 1e-08, 0
618667201, 6.14, 7.99e-08, 5.78e-08, 2.65, 0.58, 1e-08, 0
619185601, 2.62, 8.02e-08, 7.25e-08, 3.02, 1.74, 1e-08, 0
619444801, 9.69, 1.99e-08, 3.72e-08, 1.62, 1.05, 1e-08, 0
620222401, 10.54, 4.1e-08, 3.38e-08, 1.67, 0.52, 1e-08, 0
620481601, 2.05, 8.11e-08, 6.88e-08, 3.02, 0.77, 1e-08, 0
620740801, 5.48, 1.27e-08, 1.16e-08, 1.19, 0.55, 1e-08, 0
621000001, 16.8, 4.14e-08, 4.03e-08, 1.77, 0.6, 1e-08, 0
621259201, 4.51, 1.63e-07, 1.04e-07, 5.0, 0, 1e-08, 0
621518401, 6.87, 2.18e-07, 1.01e-07, 3.83, 0.7, 1e-08, 0
621777601, 3.44, 2.21e-07, 1.71e-07, 5.0, 0, 1e-08, 0
622036801, 2.41, 1.38e-07, 1.16e-07, 3.09, 0.79, 1e-08, 0
622814401, 1.07, 6.49e-08, 8.4e-08, 3.23, 1.43, 1e-08, 0
623073601, 5.2, 1.98e-07, 1.08e-07, 3.54, 0.91, 1e-08, 0
624110401, 5.16, 7.47e-08, 5.1e-08, 2.41, 0.54, 1e-08, 0
624369601, 3.38, 1.71e-08, 2.34e-08, 1.87, 0.75, 1e-08, 0
624888001, 1.68, 9.78e-09, 1.79e-08, 1.76, 1.08, 1e-08, 0
625147201, 4.81, 4.77e-08, 4.41e-08, 2.08, 0.56, 1e-08, 0
626702401, 1.03, 7.97e-08, 8.73e-08, 4.02, 1.74, 1e-08, 0
626961601, 6.6, 1.12e-08, 1.61e-08, 1.34, 0.84, 1e-08, 0
627220801, 1.01, 2.56e-08, 4.76e-08, 2.4, 1.32, 1e-08, 0
627480001, 2.54, 8.12e-08, 6.59e-08, 3.14, 0.91, 1e-08, 0
627998401, 6.9, 3.93e-08, 2.9e-08, 2.09, 0.46, 1e-08, 0
628257601, 5.44, 4.25e-08, 3.17e-08, 2.06, 0.5, 1e-08, 0
629035201, 8.34, 5.18e-08, 5.81e-08, 2.23, 0.77, 1e-08, 0
629553601, 1.54, 9.07e-08, 9.22e-08, 5.0, 0, 1e-08, 0
630072001, 1.16, 5.44e-08, 1.36e-07, 2.32, 2.04, 1e-08, 0
630331201, 2.29, 8.66e-08, 8.62e-08, 2.9, 0.96, 1e-08, 0
630849601, 2.21, 2.24e-08, 3.94e-08, 2.0, 1.03, 1e-08, 0
631108801, 1.15, 9.39e-09, 1.65e-08, 1.66, 1.01, 1e-08, 0
631627201, 2.05, 7.74e-08, 6.46e-08, 3.41, 0.92, 1e-08, 0
631886401, 4.6, 3.56e-08, 2.9e-08, 2.15, 0.52, 1e-08, 0
632145601, 3.39, 1.31e-07, 9.11e-08, 5.0, 0, 1e-08, 0
632664001, 15.14, 1.6e-08, 1.26e-08, 1.15, 0.52, 1e-08, 0
632923201, 3.18, 8.32e-09, 9.6e-09, 1.35, 0.68, 1e-08, 0
633182401, 6.2, 1.5e-07, 7.41e-08, 3.71, 0.99, 1e-08, 0
633441601, 4.81, 1.01e-07, 6.6e-08, 3.11, 0.65, 1e-08, 0
634219201, 1.76, 3.86e-08, 5.39e-08, 2.47, 0.95, 1e-08, 0
634478401, 3.53, 3.95e-08, 4.99e-08, 2.18, 0.75, 1e-08, 0
634996801, 7.79, 8.04e-08, 7.04e-08, 2.29, 0.61, 1e-08, 0
635256001, 8.88, 5.29e-08, 5.23e-08, 1.93, 0.58, 1e-08, 0
636033601, 2.67, 2.58e-08, 4.44e-08, 2.01, 1, 1e-08, 0
636552001, 6.31, 1.02e-07, 7.21e-08, 2.56, 0.5, 1e-08, 0
636811201, 39.71, 1.78e-07, 6.5e-08, 2.21, 0.29, 1e-08, 0
637070401, 55.58, 1.41e-07, 4.89e-08, 1.85, 0.24, 1e-08, 0
637329601, 74.83, 1.86e-07, 5e-08, 1.86, 0.19, 1e-08, 0
637588801, 25.84, 5.84e-08, 2.77e-08, 1.72, 0.31, 1e-08, 0
637848001, 15.04, 1e-07, 5.23e-08, 2.3, 0.4, 1e-08, 0
638107201, 7.24, 2.56e-08, 2.38e-08, 1.5, 0.57, 1e-08, 0
638366401, 7.38, 8.41e-08, 6.29e-08, 2.48, 0.54, 1e-08, 0
638625601, 2.27, 7.14e-08, 6.14e-08, 2.76, 0.68, 1e-08, 0
639662401, 3.01, 4.54e-08, 5.76e-08, 1.92, 0.74, 1e-08, 0
640440001, 5.65, 2.78e-07, 1.74e-07, 5.0, 0, 1e-08, 0
640699201, 2.35, 9.75e-08, 8.84e-08, 3.03, 1.19, 1e-08, 0
640958401, 6.35, 1.05e-07, 7.09e-08, 2.51, 0.48, 1e-08, 0
642254401, 9.03, 4.89e-08, 4.2e-08, 2.03, 0.63, 1e-08, 0
642513601, 2.37, 1.95e-08, 2.1e-08, 1.73, 0.64, 1e-08, 0
642772801, 8.65, 4.16e-08, 3.93e-08, 2.06, 0.58, 1e-08, 0
643032001, 1.09, 6.71e-08, 7.61e-08, 3.6, 1.62, 1e-08, 0
644328001, 2.87, 1.03e-07, 8.29e-08, 2.84, 0.65, 1e-08, 0
645105601, 1.02, 6.11e-08, 9.5e-08, 3.89, 3.54, 1e-08, 102
645364801, 6.1, 4.86e-08, 4.06e-08, 2.18, 0.55, 1e-08, 0
646142401, 4.77, 8.76e-09, 7.96e-09, 1.2, 0.52, 1e-08, 0
646660801, 4.74, 2.28e-08, 2.37e-08, 1.83, 0.64, 1e-08, 0
646920001, 5.99, 9.99e-08, 6.2e-08, 2.77, 0.58, 1e-08, 0
647438401, 6.19, 1.17e-07, 7.81e-08, 2.9, 0.68, 1e-08, 0
648216001, 5.6, 1.22e-07, 7.11e-08, 2.66, 0.45, 1e-08, 0
648475201, 5.0, 1.37e-08, 1.89e-08, 1.47, 0.82, 1e-08, 0
651067201, 4.53, 2.09e-08, 2.6e-08, 1.72, 0.74, 1e-08, 0
652363201, 1.7, 2.89e-08, 4.61e-08, 2.03, 1.06, 1e-08, 0
652881601, 8.34, 6.43e-09, 5.48e-09, 0.8, 0.53, 1e-08, 0
653140801, 5.62, 1.34e-07, 1.18e-07, 3.34, 3.65, 1e-08, 0
654177601, 2.73, 1.44e-07, 1.18e-07, 3.59, 5.07, 1e-08, 102
654436801, 4.05, 5.88e-09, 7.51e-09, 0.74, 0.83, 1e-08, 0
656510401, 1.76, 8.48e-08, 8.22e-08, 5.0, 0, 1e-08, 0
656769601, 3.06, 1.17e-07, 7.9e-08, 4.33, 1.84, 1e-08, 0
659361601, 1.64, 6.71e-08, 6.19e-08, 3.37, 0.95, 1e-08, 0
660657601, 7.41, 5.22e-08, 4.28e-08, 2.2, 0.56, 1e-08, 0
660916801, 3.05, 1.08e-07, 7.21e-08, 3.26, 0.66, 1e-08, 0
661176001, 1.31, 6.93e-08, 7.56e-08, 3.59, 3.08, 1e-08, 0
661435201, 3.16, 9.4e-09, 1.38e-08, 1.54, 0.86, 1e-08, 0
662472001, 1.95, 8.36e-08, 7.93e-08, 3.18, 1.08, 1e-08, 0
665064001, 1.75, 8.98e-09, 1.02e-08, 1.35, 0.63, 1e-08, 0
666100801, 11.89, 6.35e-08, 4.73e-08, 1.88, 0.52, 1e-08, 0
666360001, 2.8, 9.52e-08, 7.46e-08, 3.12, 0.73, 1e-08, 0
667137601, 5.41, 1.91e-07, 1.05e-07, 3.23, 0.56, 1e-08, 0
667656001, 2.24, 1.35e-07, 1.11e-07, 3.43, 0.84, 1e-08, 0
667915201, 6.84, 1.14e-07, 9.68e-08, 2.52, 0.68, 1e-08, 0
669470401, 1.88, 8.46e-08, 2.1e-07, 4.14, 0.62, 1e-08, 0
669729601, 2.51, 8.87e-08, 6.44e-08, 3.73, 0.97, 1e-08, 0
672840001, 2.95, 7.91e-09, 1.2e-08, 1.49, 0.97, 1e-08, 0
673099201, 2.6, 1.08e-07, 2.56e-07, 4.08, 0.6, 1e-08, 0
673358401, 4.12, 1.18e-08, 1.58e-08, 1.47, 0.82, 1e-08, 0
673617601, 6.56, 1.43e-07, 6.78e-08, 3.88, 0.66, 1e-08, 0
673876801, 4.12, 3.03e-08, 4.15e-08, 2.15, 0.83, 1e-08, 0
674395201, 7.83, 3.42e-08, 3.18e-08, 1.84, 0.56, 1e-08, 0
674654401, 1.16, 2.2e-08, 3.01e-08, 2.34, 0.82, 1e-08, 0
675432001, 3.1, 8.7e-08, 7.42e-08, 2.74, 0.75, 1e-08, 0
675950401, 8.18, 2.87e-08, 2.24e-08, 1.36, 0.5, 1e-08, 0
676987201, 3.69, 3.23e-08, 3.32e-08, 2.1, 0.71, 1e-08, 0
677505601, 5.33, 5.41e-09, 5.39e-09, 0.81, 0.58, 1e-08, 0
678024001, 6.63, 1.55e-07, 7.69e-08, 3.44, 0.87, 1e-08, 0
679320001, 3.6, 5.02e-08, 4.55e-08, 2.26, 0.61, 1e-08, 0
680356801, 2.31, 1.21e-08, 1.85e-08, 1.75, 0.85, 1e-08, 0
681134401, 17.94, 2.87e-07, 1.05e-07, 3.18, 0.54, 1e-08, 0
681652801, 2.07, 4.42e-08, 4.11e-08, 2.53, 0.57, 1e-08, 0
681912001, 5.16, 9.64e-08, 7.27e-08, 2.58, 0.68, 1e-08, 0
682430401, 2.47, 5.19e-08, 4.8e-08, 2.66, 0.66, 1e-08, 0
682689601, 4.08, 3.39e-08, 3.2e-08, 2.06, 0.59, 1e-08, 0
682948801, 2.08, 3.99e-08, 4.21e-08, 2.59, 0.74, 1e-08, 0
684504001, 3.49, 1.4e-07, 8.71e-08, 4.51, 1.78, 1e-08, 0
685022401, 1.77, 6.05e-09, 8.35e-09, 1.22, 0.79, 1e-08, 0
685281601, 4.35, 1.02e-07, 8.32e-08, 2.72, 0.67, 1e-08, 0
686059201, 2.08, 1.38e-07, 1.31e-07, 5.0, 0, 1e-08, 0
686577601, 6.78, 1.11e-07, 7.1e-08, 2.44, 0.48, 1e-08, 0
687614401, 4.97, 7.99e-08, 5.61e-08, 2.93, 0.65, 1e-08, 0
687873601, 2.51, 9.63e-08, 7.16e-08, 3.57, 1.44, 1e-08, 0
688651201, 1.29, 8.55e-08, 8.56e-08, 4.5, 1.94, 1e-08, 0
688910401, 7.24, 4.52e-08, 6.65e-08, 2.04, 1.18, 1e-08, 0
689169601, 7.63, 1.19e-07, 8.31e-08, 2.39, 0.57, 1e-08, 0
689947201, 2.99, 4.9e-08, 5.41e-08, 2.12, 0.8, 1e-08, 0
690206401, 2.07, 1.43e-08, 2.14e-08, 1.4, 1.04, 1e-08, 0
691502401, 2.2, 3.16e-08, 4.57e-08, 2.56, 0.9, 1e-08, 0
692020801, 12.09, 4.07e-09, 4.03e-09, 0.49, 0.65, 1e-08, 0
692280001, 2.79, 1.06e-07, 7.29e-08, 4.75, 1.77, 1e-08, 0
692798401, 8.14, 5.45e-08, 4.03e-08, 1.95, 0.5, 1e-08, 0
693057601, 4.0, 3.35e-09, 3.72e-09, 0.65, 0.74, 1e-08, 0
693316801, 14.66, 5.68e-09, 4.32e-09, 0.2, 0.57, 1e-08, 0
693835201, 1.18, 4.59e-09, 6.74e-09, 1.06, 0.9, 1e-08, 0
694094401, 3.47, 5.78e-08, 6.24e-08, 2.25, 0.7, 1e-08, 0
694353601, 6.18, 1.34e-07, 7.2e-08, 2.68, 0.45, 1e-08, 0
694612801, 2.84, 1.21e-07, 8.92e-08, 3.24, 0.75, 1e-08, 0
695131201, 6.29, 2.57e-08, 2.58e-08, 1.83, 0.6, 1e-08, 0
695649601, 19.56, 5.81e-09, 4.82e-09, 0.52, 0.58, 1e-08, 0
695908801, 3.71, 5.78e-08, 5.5e-08, 2.4, 0.67, 1e-08, 0
696168001, 5.38, 5.67e-09, 8.81e-09, 0.91, 0.95, 1e-08, 0
696686401, 6.18, 5.61e-08, 4.88e-08, 2.13, 0.59, 1e-08, 0
696945601, 2.55, 2.25e-08, 2.62e-08, 1.94, 0.74, 1e-08, 0
697723201, 2.04, 3.51e-08, 3.49e-08, 2.42, 0.66, 1e-08, 0
698241601, 6.83, 9.57e-08, 7.31e-08, 2.48, 0.58, 1e-08, 0
698500801, 16.74, 5.37e-08, 3.42e-08, 1.8, 0.41, 1e-08, 0
699278401, 1.39, 3.42e-08, 6.06e-08, 2.21, 1.17, 1e-08, 0
699537601, 1.14, 1.2e-07, 1.37e-07, 3.89, 2.02, 1e-08, 0
700833601, 2.5, 6.58e-08, 6.01e-08, 2.35, 0.62, 1e-08, 0
701092801, 1.08, 7.75e-09, 1.29e-08, 1.43, 1, 1e-08, 0
701352001, 8.35, 1.31e-07, 7.02e-08, 3.19, 1.24, 1e-08, 0
701611201, 2.48, 5.53e-08, 4.36e-08, 2.66, 0.53, 1e-08, 0
702129601, 3.28, 1.08e-07, 6.89e-08, 4.0, 1.3, 1e-08, 0
702907201, 2.46, 1.45e-08, 2.09e-08, 1.49, 0.86, 1e-08, 0
703166401, 1.4, 1.17e-07, 1.18e-07, 5.0, 0, 1e-08, 0
703684801, 15.03, 1.26e-08, 9.98e-09, 0.63, 0.54, 1e-08, 0
704980801, 1.23, 7.4e-08, 7.91e-08, 5.0, 0, 1e-08, 0
705240001, 15.58, 1.68e-08, 1.33e-08, 1.03, 0.48, 1e-08, 0
705758401, 9.78, 2.32e-09, 2.68e-09, 0.03, 0.49, 1e-08, 0
706017601, 9.19, 1.26e-08, 9.92e-09, 1.24, 0.51, 1e-08, 0
706276801, 4.8, 1.31e-07, 7.02e-08, 3.61, 1, 1e-08, 0
706536001, 1.83, 3.68e-08, 4.63e-08, 2.5, 0.95, 1e-08, 0
707054401, 1.19, 8.13e-08, 9.26e-08, 5.0, 0, 1e-08, 0
707313601, 4.6, 1.27e-07, 8.28e-08, 3.09, 0.61, 1e-08, 0
707572801, 10.22, 1.53e-07, 8.29e-08, 2.47, 0.45, 1e-08, 0
707832001, 7.88, 5.29e-09, 5.42e-09, 0.56, 0.72, 1e-08, 0
708868801, 1.81, 3.39e-08, 4.84e-08, 2.5, 0.99, 1e-08, 0
709128001, 6.07, 1.14e-07, 6.32e-08, 2.85, 0.5, 1e-08, 0
709646401, 3.76, 3.27e-08, 3.34e-08, 2.02, 0.6, 1e-08, 0
709905601, 5.14, 4.51e-08, 3.23e-08, 1.98, 0.49, 1e-08, 0
710164801, 11.91, 1.49e-08, 1.54e-08, 1.3, 0.59, 1e-08, 0
710683201, 4.39, 1.29e-07, 7.09e-08, 4.39, 1.14, 1e-08, 0
711201601, 2.06, 1.73e-08, 1.97e-08, 1.76, 0.67, 1e-08, 0
712497601, 1.12, 2.19e-08, 2.83e-08, 2.02, 0.69, 1e-08, 0
713016001, 2.29, 2.52e-08, 3.66e-08, 1.98, 0.88, 1e-08, 0
713275201, 7.27, 1.54e-07, 8.18e-08, 2.99, 0.47, 1e-08, 0
714312001, 3.3, 4.67e-08, 5.73e-08, 2.38, 0.81, 1e-08, 0
715089601, 5.26, 1.21e-07, 6.81e-08, 3.26, 0.57, 1e-08, 0
715348801, 8.25, 8.45e-08, 6.33e-08, 2.45, 0.59, 1e-08, 0
715608001, 1.83, 3.99e-09, 5.48e-09, 1.14, 0.87, 1e-08, 0
716126401, 2.66, 2.53e-08, 2.6e-08, 1.63, 0.66, 1e-08, 0
716644801, 1.29, 3.59e-09, 5.59e-09, 1.38, 0.97, 1e-08, 0
717163201, 5.82, 8.39e-08, 6.3e-08, 2.26, 0.5, 1e-08, 0
717422401, 5.18, 2.78e-07, 1.63e-07, 5.0, 0, 1e-08, 0
717681601, 2.48, 3.18e-08, 3.76e-08, 1.82, 0.7, 1e-08, 0
718718401, 1.69, 6.54e-08, 7.14e-08, 2.95, 1.13, 1e-08, 0
719755201, 3.4, 3.86e-08, 3.27e-08, 2.14, 0.57, 1e-08, 0
720014401, 3.91, 1.58e-08, 4.33e-08, 1.8, 1.6, 1e-08, 0
720532801, 1.15, 4.88e-08, 5.64e-08, 2.97, 0.91, 1e-08, 0
721310401, 3.04, 7.15e-09, 1.11e-08, 1.33, 1, 1e-08, 0
721569601, 4.14, 2.05e-07, 1.2e-07, 4.18, 1.05, 1e-08, 0
722347201, 3.62, 1.61e-07, 9.91e-08, 4.28, 1.5, 1e-08, 0
722865601, 2.32, 6.46e-09, 7.15e-09, 0.92, 0.68, 1e-08, 0
723384001, 1.42, 6.89e-09, 1.03e-08, 1.7, 0.92, 1e-08, 0
724420801, 7.13, 3.19e-09, 3.47e-09, 0.7, 0.74, 1e-08, 0
725716801, 3.57, 1.19e-07, 8.12e-08, 2.82, 0.53, 1e-08, 0
726753601, 1.38, 8.13e-09, 1.49e-08, 1.58, 1.05, 1e-08, 0
727272001, 1.22, 8.16e-08, 9.02e-08, 5.0, 0, 1e-08, 0
727531201, 4.94, 2.8e-09, 3.1e-09, 0.84, 0.77, 1e-08, 0
727790401, 2.65, 1.63e-08, 2.66e-08, 1.79, 0.97, 1e-08, 0
728568001, 2.03, 8.53e-08, 6.69e-08, 4.23, 1.25, 1e-08, 0
728827201, 1.64, 2.19e-08, 3.48e-08, 1.98, 0.96, 1e-08, 0
729604801, 1.51, 3.95e-08, 4.45e-08, 2.56, 0.82, 1e-08, 0
729864001, 5.05, 1.78e-08, 4.09e-08, 1.61, 1.25, 1e-08, 0
730123201, 1.38, 2.67e-08, 3.77e-08, 2.1, 0.81, 1e-08, 0
730641601, 2.26, 1.02e-07, 8.99e-08, 3.19, 0.81, 1e-08, 0
730900801, 5.11, 1.4e-08, 2.38e-08, 1.54, 0.99, 1e-08, 0
731160001, 5.3, 1.01e-07, 6.8e-08, 2.44, 0.47, 1e-08, 0
731678401, 3.02, 4.24e-08, 4.48e-08, 1.88, 0.64, 1e-08, 0
731937601, 1.05, 1.41e-08, 1.88e-08, 1.59, 0.75, 1e-08, 0
732974401, 4.56, 5.72e-08, 4.5e-08, 2.14, 0.51, 1e-08, 0
733492801, 2.44, 3.95e-09, 4.51e-09, 0.67, 0.82, 1e-08, 0
733752001, 1.03, 6.39e-08, 7.6e-08, 5.0, 0, 1e-08, 0
734011201, 1.11, 2.5e-08, 3.76e-08, 2.46, 1.04, 1e-08, 0
734270401, 1.53, 4.05e-08, 4.64e-08, 2.31, 0.8, 1e-08, 0
735307201, 4.69, 3.69e-08, 5.01e-08, 1.8, 0.78, 1e-08, 0
736344001, 1.39, 9.76e-08, 1.02e-07, 5.0, 0, 1e-08, 0
736603201, 2.69, 1.1e-07, 7.71e-08, 4.5, 1.88, 1e-08, 0
738158401, 3.82, 1.12e-08, 1.08e-08, 1.2, 0.58, 1e-08, 0
739454401, 1.67, 1.32e-07, 1.2e-07, 3.72, 1.75, 1e-08, 0
741528001, 2.86, 8.02e-08, 5.75e-08, 3.36, 0.83, 1e-08, 0
