timestamp, ts, flux, flux_error, photon_index, photon_index_interval, fit_tolerance, fit_convergence
240883201, 27.41, 1.13e-08, 4.11e-09, 1.66, 0, 1e-08, 0
243475201, 49.46, 2.16e-08, 5.7e-09, 1.66, 0, 1e-08, 0
246067201, 9.96, 7.76e-09, 4.12e-09, 1.66, 0, 1e-08, 0
248659201, 25.16, 9.9e-09, 3.89e-09, 1.66, 0, 1e-08, 0
251251201, 10.07, 6.68e-09, 3.8e-09, 1.66, 0, 1e-08, 0
253843201, 2.67, 4.46e-09, 3.54e-09, 1.66, 0, 1e-08, 0
256435201, 19.31, 1.24e-08, 5.1e-09, 1.66, 0, 1e-08, 0
259027201, 15.6, 1.17e-08, 5.18e-09, 1.66, 0, 1e-08, 0
261619201, 18.44, 6.36e-09, 3.34e-09, 1.66, 0, 1e-08, 0
264211201, 25.59, 1.19e-08, 4.69e-09, 1.66, 0, 1e-08, 0
266803201, 26.29, 1.12e-08, 4.22e-09, 1.66, 0, 1e-08, 0
271987201, 23.43, 8.8e-09, 3.9e-09, 1.66, 0, 1e-08, 0
274579201, 15.64, 6.31e-09, 3.27e-09, 1.66, 0, 1e-08, 0
279763201, 24.39, 9.78e-09, 3.82e-09, 1.66, 0, 1e-08, 0
282355201, 11.4, 5.83e-09, 3.15e-09, 1.66, 0, 1e-08, 0
284947201, 28.68, 1.18e-08, 4.32e-09, 1.66, 0, 1e-08, 0
287539201, 1.74, 2.13e-09, 2.37e-09, 1.66, 0, 1e-08, 0
290131201, 3.74, 2.75e-09, 2.36e-09, 1.66, 0, 1e-08, 0
292723201, 7.26, 5.04e-09, 2.99e-09, 1.66, 0, 1e-08, 0
295315201, 14.77, 9.66e-09, 4.24e-09, 1.66, 0, 1e-08, 0
297907201, 1.0, NaN, NaN, 1.66, 0, 1e-08, 0
300499201, 11.39, 6.03e-09, 3.26e-09, 1.66, 0, 1e-08, 0
303091201, 15.95, 8.32e-09, 3.68e-09, 1.66, 0, 1e-08, 0
305683201, 5.31, 6.54e-09, 4.08e-09, 1.66, 0, 1e-08, 0
308275201, 14.47, 7.61e-09, 4.07e-09, 1.66, 0, 1e-08, 0
313459201, 16.41, 4.42e-09, 2.5e-09, 1.66, 0, 1e-08, 0
316051201, 40.67, 1.42e-08, 4.71e-09, 1.66, 0, 1e-08, 0
318643201, 44.72, 1.64e-08, 4.7e-09, 1.66, 0, 1e-08, 0
321235201, 36.76, 1.74e-08, 5.2e-09, 1.66, 0, 1e-08, 0
323827201, 10.92, 6.11e-09, 3.58e-09, 1.66, 0, 1e-08, 0
326419201, 19.2, 1.25e-08, 4.7e-09, 1.66, 0, 1e-08, 0
329011201, 36.97, 1.82e-08, 5.4e-09, 1.66, 0, 1e-08, 0
331603201, 41.49, 1.66e-08, 4.9e-09, 1.66, 0, 1e-08, 0
334195201, 16.4, 8.48e-09, 4.12e-09, 1.66, 0, 1e-08, 0
336787201, 24.91, 1.06e-08, 4.28e-09, 1.66, 0, 1e-08, 0
339379201, 7.49, 4.43e-09, 3.38e-09, 1.66, 0, 1e-08, 0
341971201, 28.77, 9.28e-09, 3.63e-09, 1.66, 0, 1e-08, 0
344563201, 51.94, 2.24e-08, 5.5e-09, 1.66, 0, 1e-08, 0
347155201, 16.3, 9.24e-09, 3.99e-09, 1.66, 0, 1e-08, 0
349747201, 19.06, 8.24e-09, 3.68e-09, 1.66, 0, 1e-08, 0
352339201, 9.71, 8.01e-09, 4.1e-09, 1.66, 0, 1e-08, 0
354931201, 14.48, 6.26e-09, 3.27e-09, 1.66, 0, 1e-08, 0
360115201, 4.22, 3.62e-09, 3.01e-09, 1.66, 0, 1e-08, 0
362707201, 32.51, 1.59e-08, 5.4e-09, 1.66, 0, 1e-08, 0
365299201, 19.81, 7.94e-09, 3.45e-09, 1.66, 0, 1e-08, 0
367891201, 15.59, 7.6e-09, 3.68e-09, 1.66, 0, 1e-08, 0
370483201, 17.4, 1.12e-08, 4.08e-09, 1.66, 0, 1e-08, 0
373075201, 97.28, 2.53e-08, 5.3e-09, 1.66, 0, 1e-08, 0
375667201, 63.24, 1.68e-08, 4.7e-09, 1.66, 0, 1e-08, 0
378259201, 28.38, 9e-09, 3.43e-09, 1.66, 0, 1e-08, 0
380851201, 24.26, 1.15e-08, 4.59e-09, 1.66, 0, 1e-08, 0
383443201, 40.04, 1.25e-08, 4.32e-09, 1.66, 0, 1e-08, 0
386035201, 9.11, 5.63e-09, 3.33e-09, 1.66, 0, 1e-08, 0
388627201, 38.79, 1.48e-08, 4.7e-09, 1.66, 0, 1e-08, 0
391219201, 63.08, 1.67e-08, 4.45e-09, 1.66, 0, 1e-08, 0
393811201, 24.43, 8.98e-09, 4.22e-09, 1.66, 0, 1e-08, 0
396403201, 58.42, 1.35e-08, 4.18e-09, 1.66, 0, 1e-08, 0
398995201, 32.54, 1.82e-08, 5.7e-09, 1.66, 0, 1e-08, 0
401587201, 87.62, 2.27e-08, 5.1e-09, 1.66, 0, 1e-08, 0
404179201, 26.51, 1.55e-08, 5.2e-09, 1.66, 0, 1e-08, 0
406771201, 60.46, 1.62e-08, 4.4e-09, 1.66, 0, 1e-08, 0
409363201, 27.27, 1.87e-08, 6.7e-09, 1.66, 0, 1e-08, 0
411955201, 61.02, 1.6e-08, 4.65e-09, 1.66, 0, 1e-08, 0
414547201, 28.03, 2.09e-08, 7e-09, 1.66, 0, 1e-08, 0
417139201, 2.69, 2.42e-09, 2.66e-09, 1.66, 0, 1e-08, 0
419731201, 69.37, 2e-08, 5.1e-09, 1.66, 0, 1e-08, 0
422323201, 144.89, 3.47e-08, 6.2e-09, 1.66, 0, 1e-08, 0
424915201, 105.75, 2.94e-08, 5.8e-09, 1.66, 0, 1e-08, 0
427507201, 137.11, 3.4e-08, 6.3e-09, 1.66, 0, 1e-08, 0
430099201, 44.4, 2.81e-08, 8.2e-09, 1.66, 0, 1e-08, 0
432691201, 21.06, 1.4e-08, 5.12e-09, 1.66, 0, 1e-08, 0
435283201, 13.02, 1.35e-08, 6.42e-09, 1.66, 0, 1e-08, 0
437875201, 111.25, 3.12e-08, 7.1e-09, 1.66, 0, 1e-08, 0
440467201, 77.92, 3.01e-08, 6.3e-09, 1.66, 0, 1e-08, 0
443059201, 51.65, 1.9e-08, 5.1e-09, 1.66, 0, 1e-08, 0
445651201, 46.32, 2.01e-08, 5.5e-09, 1.66, 0, 1e-08, 0
448243201, 9.69, 1.43e-08, 6.72e-09, 1.66, 0, 1e-08, 0
450835201, 63.39, 1.82e-08, 4.7e-09, 1.66, 0, 1e-08, 0
453427201, 83.85, 2.22e-08, 5.3e-09, 1.66, 0, 1e-08, 0
456019201, 67.9, 2.03e-08, 4.9e-09, 1.66, 0, 1e-08, 0
458611201, 35.06, 1.67e-08, 5.2e-09, 1.66, 0, 1e-08, 0
461203201, 66.44, 2.29e-08, 5.4e-09, 1.66, 0, 1e-08, 0
463795201, 46.44, 1.6e-08, 4.8e-09, 1.66, 0, 1e-08, 0
466387201, 24.25, 1.1e-08, 3.99e-09, 1.66, 0, 1e-08, 0
468979201, 40.13, 1.73e-08, 5.2e-09, 1.66, 0, 1e-08, 0
471571201, 59.77, 1.78e-08, 4.7e-09, 1.66, 0, 1e-08, 0
474163201, 41.68, 1.87e-08, 5.05e-09, 1.66, 0, 1e-08, 0
476755201, 26.21, 1.75e-08, 5.4e-09, 1.66, 0, 1e-08, 0
479347201, 54.92, 2e-08, 5e-09, 1.66, 0, 1e-08, 0
481939201, 57.33, 1.86e-08, 5.1e-09, 1.66, 0, 1e-08, 0
484531201, 81.71, 2.35e-08, 5.2e-09, 1.66, 0, 1e-08, 0
487123201, 22.11, 1.15e-08, 4.41e-09, 1.66, 0, 1e-08, 0
489715201, 17.31, 6e-09, 3.19e-09, 1.66, 0, 1e-08, 0
492307201, 17.72, 1.15e-08, 4.78e-09, 1.66, 0, 1e-08, 0
494899201, 8.27, 5.43e-09, 3.34e-09, 1.66, 0, 1e-08, 0
497491201, 40.99, 1.24e-08, 4.12e-09, 1.66, 0, 1e-08, 0
500083201, 48.21, 1.65e-08, 5.3e-09, 1.66, 0, 1e-08, 0
502675201, 22.87, 9.37e-09, 3.85e-09, 1.66, 0, 1e-08, 0
505267201, 38.67, 7.71e-09, 3.17e-09, 1.66, 0, 1e-08, 0
507859201, 1.12, 3.53e-09, 3.82e-09, 1.66, 0, 1e-08, 0
510451201, 9.53, 5.5e-09, 3.64e-09, 1.66, 0, 1e-08, 0
513043201, 8.19, 5.73e-09, 3.51e-09, 1.66, 0, 1e-08, 0
523411201, 23.15, 9.92e-09, 4e-09, 1.66, 0, 1e-08, 0
526003201, 34.99, 1.67e-08, 5.1e-09, 1.66, 0, 1e-08, 0
531187201, 15.75, 8.8e-09, 4.1e-09, 1.66, 0, 1e-08, 0
536371201, 9.61, 6.76e-09, 3.63e-09, 1.66, 0, 1e-08, 0
538963201, 10.84, 5.71e-09, 3.25e-09, 1.66, 0, 1e-08, 0
541555201, 25.36, 1.05e-08, 4.2e-09, 1.66, 0, 1e-08, 0
546739201, 23.22, 1.04e-08, 4.18e-09, 1.66, 0, 1e-08, 0
549331201, 16.24, 8.97e-09, 4.24e-09, 1.66, 0, 1e-08, 0
551923201, 26.69, 1.34e-08, 4.99e-09, 1.66, 0, 1e-08, 0
554515201, 21.31, 4.19e-09, 1.99e-09, 1.66, 0, 1e-08, 0
557107201, 1.1, 4.39e-09, 4.68e-09, 1.66, 0, 1e-08, 0
559699201, 27.43, 6.32e-09, 2.59e-09, 1.66, 0, 1e-08, 0
562291201, 12.34, 7.42e-09, 4.46e-09, 1.66, 0, 1e-08, 0
564883201, 5.94, 4.96e-09, 3.34e-09, 1.66, 0, 1e-08, 0
567475201, 18.37, 8.13e-09, 3.36e-09, 1.66, 0, 1e-08, 0
570067201, 60.68, 1.29e-08, 3.6e-09, 1.66, 0, 1e-08, 0
572659201, 58.65, 1.23e-08, 4.02e-09, 1.66, 0, 1e-08, 0
575251201, 13.49, 7.55e-09, 3.46e-09, 1.66, 0, 1e-08, 0
577843201, 8.92, 6.14e-09, 4.04e-09, 1.66, 0, 1e-08, 0
580435201, 24.64, 1.19e-08, 4.28e-09, 1.66, 0, 1e-08, 0
583027201, 34.57, 1.52e-08, 4.5e-09, 1.66, 0, 1e-08, 0
585619201, 22.18, 8.51e-09, 3.37e-09, 1.66, 0, 1e-08, 0
588211201, 16.56, 6.9e-09, 3.1e-09, 1.66, 0, 1e-08, 0
590803201, 7.34, 5.67e-09, 3.25e-09, 1.66, 0, 1e-08, 0
593395201, 18.97, 1.16e-08, 4.31e-09, 1.66, 0, 1e-08, 0
595987201, 12.71, 1.41e-08, 5.9e-09, 1.66, 0, 1e-08, 0
598579201, 2.15, 2.87e-09, 2.48e-09, 1.66, 0, 1e-08, 0
601171201, 23.2, 7.48e-09, 3.32e-09, 1.66, 0, 1e-08, 0
603763201, 30.8, 7.25e-09, 2.77e-09, 1.66, 0, 1e-08, 0
606355201, 4.86, 3.76e-09, 2.82e-09, 1.66, 0, 1e-08, 0
614131201, 16.14, 7.78e-09, 3.8e-09, 1.66, 0, 1e-08, 0
616723201, 34.45, 9.51e-09, 3.08e-09, 1.66, 0, 1e-08, 0
619315201, 5.31, 4.43e-09, 3.4e-09, 1.66, 0, 1e-08, 0
621907201, 70.41, 1.71e-08, 4.3e-09, 1.66, 0, 1e-08, 0
624499201, 20.01, 1.59e-08, 5.75e-09, 1.66, 0, 1e-08, 0
627091201, 10.48, 6.52e-09, 4.07e-09, 1.66, 0, 1e-08, 0
629683201, 70.94, 1.58e-08, 4.3e-09, 1.66, 0, 1e-08, 0
634867201, 2.89, 3.35e-09, 2.67e-09, 1.66, 0, 1e-08, 0
637459201, 8.63, 6.53e-09, 3.43e-09, 1.66, 0, 1e-08, 0
640051201, 6.77, 6.77e-09, 4.01e-09, 1.66, 0, 1e-08, 0
642643201, 6.01, 1.54e-09, 1.53e-09, 1.66, 0, 1e-08, 0
647827201, 25.75, 8.76e-09, 3.24e-09, 1.66, 0, 1e-08, 0
653011201, 8.22, 5.2e-09, 2.84e-09, 1.66, 0, 1e-08, 0
658195201, 2.52, 1.85e-09, 2.04e-09, 1.66, 0, 1e-08, 0
660787201, 12.42, 6.42e-09, 3.37e-09, 1.66, 0, 1e-08, 0
663379201, 5.75, 3.63e-09, 2.51e-09, 1.66, 0, 1e-08, 0
665971201, 5.74, 4.69e-09, 3.27e-09, 1.66, 0, 1e-08, 0
668563201, 4.24, 5.32e-09, 3.64e-09, 1.66, 0, 1e-08, 0
671155201, 7.17, 5.31e-09, 3.15e-09, 1.66, 0, 1e-08, 0
673747201, 12.36, 5.07e-09, 3.24e-09, 1.66, 0, 1e-08, 0
676339201, 2.58, 3.3e-09, 2.67e-09, 1.66, 0, 1e-08, 0
678931201, 4.42, 2.52e-09, 2.21e-09, 1.66, 0, 1e-08, 0
681523201, 15.72, 5.43e-09, 2.59e-09, 1.66, 0, 1e-08, 0
684115201, 6.98, 4.76e-09, 2.8e-09, 1.66, 0, 1e-08, 0
689299201, 7.39, 6.01e-09, 3.5e-09, 1.66, 0, 1e-08, 0
691891201, 2.58, 3.73e-09, 3.12e-09, 1.66, 0, 1e-08, 0
694483201, 9.46, 4.85e-09, 2.51e-09, 1.66, 0, 1e-08, 0
697075201, 12.44, 6.51e-09, 3.32e-09, 1.66, 0, 1e-08, 0
699667201, 26.0, 1e-08, 3.51e-09, 1.66, 0, 1e-08, 0
702259201, 18.81, 1.18e-08, 4.22e-09, 1.66, 0, 1e-08, 0
707443201, 20.2, 5.55e-09, 2.85e-09, 1.66, 0, 1e-08, 0
710035201, 17.41, 5.89e-09, 2.51e-09, 1.66, 0, 1e-08, 0
712627201, 23.8, 5.62e-09, 2.62e-09, 1.66, 0, 1e-08, 0
715219201, 20.43, 1.16e-08, 4.49e-09, 1.66, 0, 1e-08, 0
717811201, 17.57, 6.86e-09, 3.64e-09, 1.66, 0, 1e-08, 0
720403201, 11.26, 8.13e-09, 4.05e-09, 1.66, 0, 1e-08, 0
722995201, 6.4, 5.25e-09, 3.49e-09, 1.66, 0, 1e-08, 0
725587201, 31.83, 1.71e-08, 4.8e-09, 1.66, 0, 1e-08, 0
728179201, 35.33, 1.19e-08, 3.81e-09, 1.66, 0, 1e-08, 0
730771201, 10.75, 4.01e-09, 2.56e-09, 1.66, 0, 1e-08, 0
733363201, 2.78, 5.01e-09, 4.02e-09, 1.66, 0, 1e-08, 0
735955201, 14.52, 7.69e-09, 3.72e-09, 1.66, 0, 1e-08, 0
738547201, 4.53, 4.75e-09, 3.28e-09, 1.66, 0, 1e-08, 0
